290
137 64 18
 -8.765 -10.7051
 -9.4148 -9.87675
 -10.0381 -8.96745
 -10.0168 -8.78095
 -10.0173 -8.6718
 -10.1621 -8.65955
 -10.3863 -8.55345
 -10.3083 -8.5413
 -10.3135 -8.33775
 -10.2318 -8.19865
 -10.2369 -7.923
 -10.2671 -7.59455
 -10.3258 -7.4226
 -10.4154 -7.3309
 -10.4529 -7.3093
 -10.5485 -7.35175
 -10.6357 -7.3872
 -10.6587 -7.3835
137 19 14
 -8.765 -10.7051
 -7.8316 -10.5897
 -6.7746 -10.1346
 -6.32315 -9.6907
 -5.75415 -9.62355
 -5.409 -9.72715
 -5.19825 -9.8349
 -4.5008 -9.95905
 -3.54515 -9.881
 -2.9307 -9.84285
 -2.64655 -9.9246
 -2.41215 -9.8138
 -2.165 -9.69915
 -2.0769 -9.6614
138 62 6
 -29.0576 -26.7304
 -29.7103 -26.1412
 -29.9149 -25.6495
 -29.9947 -24.9012
 -29.9515 -24.3774
 -29.9729 -24.3499
138 96 4
 -29.0576 -26.7304
 -28.4107 -27.2617
 -28.3097 -27.5075
 -28.2632 -27.5717
139 125 4
 -40.2526 -26.9611
 -39.3673 -25.9895
 -39.1171 -25.8384
 -39.1126 -25.8017
139 22 5
 -40.2526 -26.9611
 -40.7605 -27.9842
 -40.6121 -28.1541
 -40.5415 -28.1644
 -40.4876 -28.1708
140 99 8
 -37.1127 -31.9832
 -36.8406 -32.4186
 -36.8106 -32.6237
 -36.8414 -32.7586
 -36.7315 -32.8947
 -36.5568 -32.9623
 -36.4815 -32.9477
 -36.4712 -32.9496
140 125 29
 -37.1127 -31.9832
 -37.4226 -31.6051
 -37.536 -31.4389
 -37.4809 -31.0825
 -37.2699 -30.7057
 -36.7481 -30.5535
 -36.2519 -30.3337
 -35.959 -30.1133
 -35.7506 -30.0908
 -35.5505 -29.8647
 -35.2141 -29.5392
 -35.083 -29.3878
 -34.9776 -29.0979
 -34.8764 -28.7732
 -34.9246 -28.6404
 -35.4016 -28.2291
 -35.7252 -27.7772
 -35.7214 -27.7344
 -35.882 -27.4891
 -36.2762 -26.9322
 -36.7817 -26.6677
 -37.2152 -26.6372
 -37.334 -26.4643
 -37.7688 -26.1913
 -38.3858 -25.9954
 -38.6879 -25.9932
 -38.8959 -25.9044
 -39.0665 -25.8268
 -39.1126 -25.8017
141 0 20
 -15.5676 -1.8116
 -14.4014 -3.1058
 -14.152 -3.7753
 -14.3417 -4.07395
 -14.9355 -4.09825
 -15.1779 -4.30825
 -15.2399 -4.5224
 -15.6674 -4.93955
 -16.261 -5.6213
 -16.5342 -6.18365
 -16.7183 -6.3854
 -16.9912 -6.52695
 -17.1668 -6.594
 -17.2211 -6.7093
 -17.2589 -6.8529
 -17.1856 -6.9813
 -17.0893 -7.08375
 -16.9959 -7.15395
 -16.8942 -7.2434
 -16.8795 -7.267
141 3 4
 -15.5676 -1.8116
 -16.7365 -0.67165
 -16.824 -0.49655
 -16.8294 -0.394
142 0 7
 -18.4841 -7.03005
 -17.7414 -7.0135
 -17.4196 -7.22015
 -17.1436 -7.20955
 -16.9959 -7.15395
 -16.8942 -7.2434
 -16.8795 -7.267
142 20 3
 -18.4841 -7.03005
 -19.1805 -6.9599
 -19.2408 -6.7774
143 82 12
 21.7863 6.13785
 23.3367 6.16645
 24.0347 5.6909
 24.7642 5.55205
 24.9259 5.508
 25.1644 5.32695
 25.4799 5.22075
 25.7395 5.1885
 25.8815 5.3415
 26.1675 5.53455
 26.5423 5.57385
 26.6832 5.6603
143 117 13
 21.7863 6.13785
 20.1283 5.6836
 19.9269 5.38085
 20.0781 4.95895
 20.0467 4.68485
 19.6562 4.5026
 18.9841 4.23425
 18.4485 4.01515
 18.7212 3.5951
 18.9699 2.8001
 18.9546 2.3093
 18.931 2.10785
 18.8838 1.9794
144 122 24
 28.961 5.80045
 29.6464 5.92515
 30.3499 5.5135
 31.0047 5.19245
 31.4643 5.2118
 31.8093 4.96055
 32.3807 4.72135
 32.9632 4.58295
 33.0925 4.306
 33.1799 4.1783
 33.2513 4.12065
 33.3103 4.1082
 33.4127 4.1671
 33.4614 4.32845
 33.5326 4.3509
 33.7059 4.40535
 33.6856 4.6415
 33.6041 4.80855
 33.6966 4.97205
 33.844 5.20335
 33.9677 5.41485
 34.0307 5.5718
 34.0316 5.7079
 34.0369 5.7664
144 82 6
 28.961 5.80045
 28.23 5.1471
 27.8268 4.80585
 27.0453 5.1822
 26.5423 5.57385
 26.6832 5.6603
145 46 9
 45.6771 -5.16265
 47.3516 -4.8665
 48.3502 -4.4755
 49.0516 -4.12755
 49.2557 -4.682
 49.8703 -4.84895
 50.4272 -4.8968
 50.8085 -5.0104
 50.8576 -5.0233
145 106 3
 45.6771 -5.16265
 44.4452 -5.0848
 44.4049 -5.0885
146 134 30
 36.9925 -23.9881
 36.5141 -23.3643
 36.1206 -22.5022
 36.0859 -22.197
 35.8792 -21.9825
 35.4567 -21.606
 34.7304 -21.32
 34.1274 -21.8367
 34.104 -22.6829
 34.0271 -22.9004
 33.8856 -22.8291
 33.7935 -22.6628
 33.5783 -22.5516
 33.0261 -22.4627
 32.3041 -22.1269
 31.9369 -21.9422
 31.4714 -22.411
 31.007 -22.9031
 30.9216 -23.0088
 30.5698 -22.9092
 30.8628 -23.45
 30.5375 -23.7971
 30.0327 -23.9157
 29.4023 -24.1791
 28.9664 -24.2668
 28.7194 -24.2405
 28.3434 -24.2002
 28.1978 -24.1762
 28.1917 -24.1512
 28.1871 -24.1398
146 5 5
 36.9925 -23.9881
 37.5771 -24.559
 38.2463 -24.9121
 38.5042 -24.711
 38.5372 -24.7019
147 126 7
 44.7895 -23.7899
 43.691 -23.7453
 43.2429 -24.04
 43.1499 -23.9834
 43.0658 -23.9786
 43.0162 -24.0365
 43.004 -24.043
147 101 4
 44.7895 -23.7899
 45.8756 -24.1676
 46.2985 -24.2206
 46.3319 -24.2356
148 66 10
 34.9326 -39.5856
 35.3262 -38.9177
 35.4355 -37.9084
 35.8573 -37.0393
 35.0649 -36.9406
 34.2048 -36.785
 33.7447 -36.9299
 33.2642 -36.9977
 33.0215 -37.2029
 33.0557 -37.2812
148 21 7
 34.9326 -39.5856
 34.4517 -40.8193
 34.4024 -42.079
 34.248 -42.4086
 34.188 -42.4782
 34.1874 -42.5429
 34.178 -42.5742
149 105 7
 22.3699 -71.3295
 22.8432 -72.174
 22.9742 -72.877
 23.1068 -73.1283
 23.2127 -73.8775
 23.0958 -74.4671
 23.0797 -74.4949
149 13 4
 22.3699 -71.3295
 21.3801 -70.6633
 20.6194 -70.1942
 20.5801 -70.1862
150 27 19
 41.2458 -74.7043
 42.64 -75.7677
 43.1593 -76.3745
 44.2631 -76.482
 45.6969 -76.2618
 46.5686 -76.0231
 46.8997 -76.1114
 46.7861 -75.7485
 46.8214 -75.0817
 46.9762 -74.534
 47.0902 -74.383
 47.4265 -74.1664
 47.6583 -73.9107
 47.7006 -73.2804
 48.5331 -72.6651
 49.8993 -72.4541
 50.4154 -71.972
 50.3391 -71.6343
 50.332 -71.5659
150 23 19
 41.2458 -74.7043
 40.144 -74.1653
 40.0618 -74.156
 39.3399 -74.2659
 38.5877 -74.3242
 38.2111 -74.188
 37.8481 -74.1512
 37.3611 -74.0994
 36.8273 -74.1538
 36.7064 -74.2177
 36.4044 -73.9748
 35.9929 -73.5033
 35.7652 -73.0011
 35.5512 -72.7346
 35.5823 -72.5754
 35.8587 -72.3895
 36.1751 -72.2983
 36.347 -72.3103
 36.3735 -72.2983
151 95 10
 35.7717 -27.2973
 35.0697 -27.7646
 34.8681 -27.6947
 34.6431 -27.7124
 34.2887 -27.7615
 33.831 -27.8165
 33.4914 -28.1084
 33.067 -29.1063
 32.6442 -29.8441
 32.6256 -29.8542
151 5 10
 35.7717 -27.2973
 36.9505 -26.5221
 37.6223 -26.1424
 37.9911 -26.1416
 38.7285 -25.9825
 38.9899 -25.5052
 38.855 -25.089
 38.7064 -24.7816
 38.5602 -24.7085
 38.5372 -24.7019
152 2 14
 30.1965 -50.8513
 30.3044 -51.7198
 30.591 -52.1558
 30.4039 -52.4709
 30.1307 -52.7638
 29.8586 -53.0967
 29.562 -53.369
 29.0949 -53.2413
 28.6976 -52.9799
 28.6818 -52.977
 28.4582 -53.4123
 28.1499 -53.6245
 28.0487 -53.5388
 28.0406 -53.5379
152 25 7
 30.1965 -50.8513
 30.1292 -50.1724
 29.7015 -49.4502
 29.5327 -48.6708
 29.5726 -48.3359
 29.6028 -48.2084
 29.6391 -48.1876
153 125 15
 -33.3148 -27.4054
 -34.5029 -27.6982
 -35.5384 -27.7607
 -35.7214 -27.7344
 -35.882 -27.4891
 -36.2762 -26.9322
 -36.7817 -26.6677
 -37.2152 -26.6372
 -37.334 -26.4643
 -37.7688 -26.1913
 -38.3858 -25.9954
 -38.6879 -25.9932
 -38.8959 -25.9044
 -39.0665 -25.8268
 -39.1126 -25.8017
153 62 11
 -33.3148 -27.4054
 -32.7579 -26.9717
 -32.1598 -26.722
 -31.6223 -26.3666
 -31.3601 -25.953
 -30.7419 -25.842
 -29.9583 -25.829
 -29.9149 -25.6495
 -29.9947 -24.9012
 -29.9515 -24.3774
 -29.9729 -24.3499
154 15 29
 -34.6301 -8.14965
 -35.2059 -8.69795
 -35.435 -8.8208
 -35.6612 -8.7732
 -35.8222 -8.7854
 -35.8959 -8.8234
 -35.9861 -8.86925
 -36.0589 -8.95485
 -36.1904 -8.9843
 -36.2381 -9.0194
 -36.1632 -9.0864
 -36.2126 -9.16975
 -36.332 -9.217
 -36.4406 -9.24385
 -36.5192 -9.28325
 -36.5377 -9.3264
 -36.5706 -9.3699
 -36.6631 -9.38345
 -36.7351 -9.38505
 -36.7737 -9.4214
 -36.816 -9.45075
 -36.8577 -9.4451
 -36.9203 -9.44985
 -36.9883 -9.4849
 -37.0219 -9.5259
 -37.0148 -9.5883
 -36.949 -9.677
 -36.8729 -9.70865
 -36.854 -9.7066
154 136 23
 -34.6301 -8.14965
 -34.0413 -7.61645
 -33.8825 -7.3957
 -33.7142 -7.2801
 -33.4751 -7.29665
 -33.4329 -6.9454
 -33.4448 -6.48915
 -33.4995 -6.1727
 -33.776 -5.86095
 -34.1084 -5.6019
 -34.2986 -5.28515
 -33.9727 -5.3831
 -33.5895 -5.2317
 -33.3146 -5.08425
 -33.1068 -5.11025
 -33.0163 -4.9569
 -32.9568 -4.63845
 -32.9519 -4.49145
 -32.9598 -4.4257
 -33.0079 -4.28525
 -33.1012 -4.1405
 -33.1642 -4.09825
 -33.1852 -4.0914
155 124 23
 -36.6579 8.5304
 -36.691 9.50955
 -36.213 9.6175
 -36.2629 9.69915
 -36.8939 10.4244
 -37.2771 11.1638
 -36.9386 11.6574
 -35.8526 11.7281
 -35.1234 11.3899
 -34.7232 11.0331
 -33.7904 10.4011
 -32.6686 9.86405
 -32.2451 9.00835
 -31.974 9.8141
 -31.7414 10.1358
 -31.4869 10.9389
 -31.2058 11.7467
 -31.3027 12.146
 -31.5676 12.5087
 -31.6386 12.6409
 -31.6346 12.7844
 -31.6789 12.9377
 -31.7147 12.9796
155 88 10
 -36.6579 8.5304
 -36.0582 7.57835
 -35.6835 7.4565
 -35.9285 7.08235
 -36.3913 6.63525
 -37.5714 6.2106
 -38.636 6.31515
 -38.7623 6.83715
 -38.7494 6.94975
 -38.7122 6.9671
156 102 21
 -14.4445 -16.347
 -13.236 -16.0205
 -13.3095 -15.4531
 -13.3777 -14.7667
 -13.3526 -14.5563
 -12.5646 -14.1454
 -11.9221 -13.3271
 -12.7247 -12.955
 -11.2238 -12.7197
 -10.2817 -12.6126
 -9.49865 -12.6711
 -8.8244 -12.6456
 -8.5645 -12.8386
 -7.815 -13.2302
 -7.3269 -13.5347
 -7.2613 -13.5878
 -7.079 -13.5598
 -6.9175 -13.6378
 -7.1004 -12.9611
 -7.33865 -12.2663
 -7.4481 -12.191
156 49 3
 -14.4445 -16.347
 -15.6875 -16.611
 -15.7231 -16.6348
157 51 20
 39.3243 -8.0959
 39.2175 -7.01225
 38.9187 -6.8807
 38.3585 -6.9263
 37.8912 -7.07225
 37.4679 -7.08205
 36.8456 -7.0006
 36.2225 -7.1091
 35.9585 -7.43015
 35.6929 -7.6772
 35.5065 -7.6454
 35.4394 -7.575
 35.4316 -7.63625
 35.4109 -7.75685
 35.3484 -7.8107
 35.2347 -7.81975
 35.1582 -7.8877
 35.0526 -8.06925
 34.9765 -8.21815
 34.9931 -8.2358
157 120 4
 39.3243 -8.0959
 40.0883 -9.0922
 40.6907 -9.13335
 40.736 -9.1404
158 27 10
 51.7243 -70.2582
 50.2659 -70.3168
 50.0529 -70.2928
 49.9258 -70.5135
 49.7578 -70.6805
 49.9117 -71.0094
 50.1611 -71.2616
 50.2734 -71.4139
 50.3233 -71.561
 50.332 -71.5659
158 75 10
 51.7243 -70.2582
 53.0168 -69.9912
 53.0792 -69.201
 53.0228 -67.714
 52.9277 -66.5314
 52.8302 -66.0012
 52.7989 -65.8473
 52.8525 -65.48
 52.9272 -65.0739
 52.9744 -64.9693
159 115 14
 -41.2057 -64.8527
 -42.1174 -64.4408
 -42.1461 -64.3712
 -42.1964 -64.0468
 -42.2808 -63.5954
 -42.3631 -63.1558
 -42.3216 -62.7599
 -42.2481 -62.5632
 -42.3539 -62.2143
 -42.486 -61.8731
 -42.6045 -61.327
 -42.7251 -60.7857
 -42.7515 -60.6581
 -42.7285 -60.6225
159 8 4
 -41.2057 -64.8527
 -40.0588 -65.2659
 -39.6734 -65.3839
 -39.5568 -65.4395
160 17 11
 3.3236 -73.8529
 2.54035 -75.0367
 3.12745 -76.5251
 2.5587 -77.5474
 2.01345 -78.5865
 2.0593 -79.3015
 2.5285 -80.3409
 2.3097 -81.4062
 1.83055 -81.9509
 1.7149 -82.0004
 1.696 -82.0086
160 4 4
 3.3236 -73.8529
 5.3525 -74.362
 5.80445 -74.8149
 5.8811 -74.8428
161 94 9
 -8.9838 -54.3994
 -9.7052 -54.7016
 -10.771 -54.9188
 -11.318 -54.8266
 -11.7269 -54.7963
 -12.0889 -53.828
 -11.39 -51.9621
 -10.5566 -51.0532
 -10.504 -51.0377
161 45 10
 -8.9838 -54.3994
 -7.989 -54.5598
 -6.79645 -54.5187
 -6.18935 -54.2733
 -5.4879 -53.9098
 -4.9549 -53.556
 -3.8753 -53.9811
 -2.93645 -54.4212
 -2.88975 -54.4434
 -2.8696 -54.4573
162 112 16
 0.25805 -42.689
 1.53885 -41.2905
 2.55905 -41.3013
 3.4048 -41.3625
 4.71785 -42.2248
 6.38135 -43.4811
 6.59355 -44.0828
 6.33135 -44.5466
 6.39285 -44.8874
 6.12715 -45.4569
 5.57095 -47.1031
 4.6494 -47.8333
 3.6007 -47.4325
 2.42995 -47.6594
 1.6079 -47.8848
 1.5402 -47.8319
162 104 3
 0.25805 -42.689
 -0.95075 -43.7225
 -1.2374 -43.3262
163 86 6
 13.4606 -30.5837
 13.7846 -29.6745
 13.6337 -29.4949
 12.4286 -29.1713
 11.3111 -28.9856
 11.2791 -28.9839
163 77 8
 13.4606 -30.5837
 13.3963 -31.606
 13.8983 -32.2313
 14.2344 -33.1385
 15.3277 -33.9277
 16.529 -34.4305
 16.8722 -34.6015
 16.9823 -34.6241
164 86 11
 10.4763 -25.1204
 9.3508 -26.5494
 8.06775 -27.5584
 8.07205 -27.5768
 9.52805 -27.0649
 11.4969 -27.7585
 12.7817 -28.9402
 13.6337 -29.4949
 12.4286 -29.1713
 11.3111 -28.9856
 11.2791 -28.9839
164 65 8
 10.4763 -25.1204
 10.303 -24.2323
 9.1902 -24.412
 8.12755 -24.3645
 8.1514 -24.0657
 7.66825 -23.3546
 7.1442 -22.6441
 7.128 -22.5843
165 12 27
 -37.1432 -45.4526
 -36.3822 -45.9704
 -36.3247 -46.0546
 -36.3118 -46.4841
 -36.0748 -47.1412
 -35.8767 -47.4595
 -35.725 -47.7241
 -35.4003 -47.9248
 -35.2327 -48.0464
 -35.0837 -48.2361
 -34.9321 -48.4229
 -34.8638 -48.5161
 -34.6399 -48.549
 -34.3714 -48.5569
 -34.2649 -48.5077
 -34.2435 -48.7876
 -34.299 -49.1076
 -34.2853 -49.2794
 -34.3358 -49.5578
 -34.5333 -49.7702
 -34.5846 -49.93
 -34.5862 -50.0672
 -34.6222 -50.0256
 -34.6986 -49.9995
 -34.757 -49.9841
 -34.7877 -49.9661
 -34.804 -49.9515
165 73 6
 -37.1432 -45.4526
 -37.8569 -44.9926
 -38.2259 -45.2058
 -38.9798 -45.8025
 -39.3781 -46.1989
 -39.3746 -46.228
166 124 31
 -22.9806 -0.0253
 -24.3527 0.6345
 -25.5543 1.4039
 -25.9053 2.17085
 -25.7406 3.07035
 -25.2626 3.77995
 -25.0135 4.6481
 -25.1407 5.34235
 -25.1716 5.5503
 -25.4162 6.06195
 -25.6174 6.5072
 -24.9956 6.76655
 -24.1684 7.15185
 -23.9159 8.1899
 -23.8186 9.12045
 -23.9477 9.4008
 -24.6504 9.6519
 -25.5151 9.65505
 -26.0934 9.40125
 -25.8447 10.2206
 -25.8617 10.8582
 -25.6769 11.2509
 -25.6416 11.8069
 -26.3862 12.2718
 -27.605 12.0553
 -29.3057 12.098
 -30.779 12.8927
 -31.3239 13.2011
 -31.5117 13.1327
 -31.6382 13
 -31.7147 12.9796
166 3 11
 -22.9806 -0.0253
 -21.7196 -0.1709
 -20.6562 0.3627
 -20.2487 0.2217
 -19.0112 -0.42395
 -17.7238 -0.3714
 -17.6874 -0.4759
 -17.4123 -0.6401
 -16.9762 -0.6069
 -16.824 -0.49655
 -16.8294 -0.394
167 14 10
 -8.01915 0.65845
 -7.1767 1.212
 -6.8406 1.47385
 -5.96535 1.4552
 -4.8659 0.87495
 -5.17325 2.01305
 -4.90985 2.9007
 -4.9219 3.06325
 -4.9212 3.15165
 -4.8699 3.1617
167 87 4
 -8.01915 0.65845
 -9.7339 -0.655
 -10.7071 -1.418
 -10.78 -1.3862
168 124 22
 -20.1614 9.6472
 -21.4843 8.34415
 -21.5519 7.3849
 -21.792 7.5141
 -22.479 8.00125
 -23.425 8.8244
 -23.9477 9.4008
 -24.6504 9.6519
 -25.5151 9.65505
 -26.0934 9.40125
 -25.8447 10.2206
 -25.8617 10.8582
 -25.6769 11.2509
 -25.6416 11.8069
 -26.3862 12.2718
 -27.605 12.0553
 -29.3057 12.098
 -30.779 12.8927
 -31.3239 13.2011
 -31.5117 13.1327
 -31.6382 13
 -31.7147 12.9796
168 47 6
 -20.1614 9.6472
 -18.9881 10.1215
 -18.4391 11.0732
 -17.5944 12.059
 -17.2062 12.122
 -17.1696 12.1157
169 14 11
 -5.1916 4.91105
 -5.12355 4.1668
 -4.9736 3.9227
 -4.95325 3.8205
 -4.94915 3.75505
 -4.92545 3.6486
 -4.8791 3.5091
 -4.8533 3.41635
 -4.8539 3.29905
 -4.8635 3.19075
 -4.8699 3.1617
169 57 5
 -5.1916 4.91105
 -5.53985 5.67095
 -5.86005 6.7469
 -5.6986 7.6075
 -5.6303 7.5935
170 0 17
 -14.593 -6.133
 -14.9937 -5.4034
 -15.1878 -4.94225
 -15.2399 -4.5224
 -15.6674 -4.93955
 -16.261 -5.6213
 -16.5342 -6.18365
 -16.7183 -6.3854
 -16.9912 -6.52695
 -17.1668 -6.594
 -17.2211 -6.7093
 -17.2589 -6.8529
 -17.1856 -6.9813
 -17.0893 -7.08375
 -16.9959 -7.15395
 -16.8942 -7.2434
 -16.8795 -7.267
170 64 17
 -14.593 -6.133
 -14.1994 -6.6263
 -13.941 -6.65755
 -13.698 -7.1514
 -13.2997 -7.51395
 -12.8563 -7.23345
 -12.4242 -6.9141
 -12.2062 -7.12985
 -12.0835 -7.56595
 -11.6162 -7.6208
 -11.3059 -7.6097
 -11.1147 -7.6044
 -10.9128 -7.5606
 -10.8135 -7.4496
 -10.7419 -7.3661
 -10.6744 -7.3883
 -10.6587 -7.3835
171 66 17
 29.8043 -34.8713
 30.5793 -35.0479
 31.0317 -35.2499
 31.0715 -35.3279
 31.1034 -35.4773
 31.0672 -35.667
 30.9006 -35.9032
 30.8572 -36.6852
 31.0016 -37.3087
 31.2861 -37.3399
 31.8256 -37.355
 32.2641 -37.2637
 32.5616 -37.1471
 32.8008 -37.1216
 32.8934 -37.1213
 32.9914 -37.2145
 33.0557 -37.2812
171 28 4
 29.8043 -34.8713
 29.1347 -34.6143
 28.778 -34.4356
 28.7518 -34.4562
172 95 13
 31.1934 -33.3139
 30.6947 -32.4707
 30.833 -31.7659
 31.2853 -31.2635
 31.6661 -30.882
 31.8272 -30.7995
 31.9996 -30.8941
 31.9517 -30.7275
 31.9608 -30.4467
 32.0177 -30.1795
 32.2177 -29.9993
 32.5068 -29.8705
 32.6256 -29.8542
172 66 18
 31.1934 -33.3139
 31.4181 -34.2793
 31.0555 -35.0304
 31.0317 -35.2499
 31.0715 -35.3279
 31.1034 -35.4773
 31.0672 -35.667
 30.9006 -35.9032
 30.8572 -36.6852
 31.0016 -37.3087
 31.2861 -37.3399
 31.8256 -37.355
 32.2641 -37.2637
 32.5616 -37.1471
 32.8008 -37.1216
 32.8934 -37.1213
 32.9914 -37.2145
 33.0557 -37.2812
173 11 8
 27.1633 -14.9748
 26.7 -14.9497
 26.4943 -14.7569
 26.5186 -14.2601
 26.7114 -13.6107
 27.0075 -13.1196
 27.1224 -12.9496
 27.1348 -12.9688
173 121 7
 27.1633 -14.9748
 27.9132 -14.9319
 28.4156 -15.3156
 28.4571 -15.8876
 28.4011 -16.2155
 28.2901 -16.4193
 28.2913 -16.4594
174 122 40
 39.4387 -1.2715
 39.3221 -0.23625
 39.0872 -0.16565
 38.3526 -0.6321
 37.7805 -1.12335
 37.2004 -1.3706
 36.6338 -1.6029
 36.2944 -1.2002
 35.1942 -0.70625
 34.3457 -0.7982
 33.6492 -1.00995
 33.3289 -0.2896
 33.4746 0.5941
 33.3838 1.3677
 33.4297 1.9973
 33.5139 2.37515
 33.6543 2.7861
 33.7054 2.9393
 33.6245 3.1805
 33.4622 3.367
 33.4119 3.4958
 33.3841 3.6735
 33.3076 3.78535
 33.2385 3.8838
 33.1736 4.0252
 33.182 4.10855
 33.2513 4.12065
 33.3103 4.1082
 33.4127 4.1671
 33.4614 4.32845
 33.5326 4.3509
 33.7059 4.40535
 33.6856 4.6415
 33.6041 4.80855
 33.6966 4.97205
 33.844 5.20335
 33.9677 5.41485
 34.0307 5.5718
 34.0316 5.7079
 34.0369 5.7664
174 76 7
 39.4387 -1.2715
 40.0357 -2.54035
 40.5978 -2.882
 41.4067 -2.98585
 42.3512 -2.91405
 42.5196 -2.7162
 42.531 -2.6752
175 122 18
 38.2325 8.7036
 37.1021 9.39605
 36.3815 9.25625
 36.0218 9.03115
 35.9568 8.55635
 35.8462 8.0302
 35.7188 7.73545
 35.2771 7.53915
 34.6935 6.9457
 34.4139 6.55375
 34.2013 6.42445
 34.1413 6.2599
 34.1135 6.1895
 34.013 6.04055
 33.9688 5.8837
 34.0093 5.79675
 34.0319 5.7703
 34.0369 5.7664
175 113 4
 38.2325 8.7036
 39.4017 7.70565
 39.9133 7.55695
 39.9343 7.5718
176 42 9
 31.1426 15.199
 47.5051 15.0378
 47.4215 14.9602
 47.2956 14.9289
 47.1372 14.7516
 47.0522 14.5531
 46.9698 14.5281
 46.8717 14.4214
 46.8332 14.2974
176 135 14
 31.1426 15.199
 14.7451 14.6333
 14.8159 13.8481
 14.6903 13.3338
 14.563 12.6556
 14.8456 12.1509
 15.1328 11.8838
 15.3957 11.8836
 15.6956 11.9564
 15.7645 11.8808
 15.8322 11.7263
 15.9266 11.6149
 15.9275 11.5508
 15.9247 11.5403
177 50 10
 48.7964 -21.647
 49.3916 -22.2013
 49.6167 -22.2678
 49.9193 -22.0267
 50.1053 -22.0102
 50.0974 -22.1049
 50.1134 -22.175
 50.1912 -22.1602
 50.2557 -22.1447
 50.2773 -22.1409
177 26 8
 48.7964 -21.647
 48.0929 -21.4045
 47.9755 -21.0987
 48.2064 -20.4681
 48.1913 -19.8592
 48.0173 -19.1996
 47.9927 -18.8427
 47.9843 -18.8195
178 108 15
 50.5956 -14.8879
 49.8098 -14.6714
 50.5331 -14.4658
 51.0873 -13.8589
 51.3522 -13.361
 51.5702 -13.3699
 51.8035 -13.5675
 52.3999 -13.6271
 53.1524 -13.5543
 53.5358 -13.6536
 53.5739 -13.6586
 53.8608 -13.4718
 53.9577 -12.5696
 53.743 -11.8013
 53.7342 -11.757
178 55 7
 50.5956 -14.8879
 51.0532 -15.7179
 51.0137 -16.1417
 51.1971 -15.9262
 51.8219 -15.999
 52.3275 -16.2276
 52.347 -16.215
179 130 6
 39.7403 -23.6159
 39.9265 -23.3018
 39.984 -23.0462
 40.0417 -22.7474
 40.1533 -22.5555
 40.1594 -22.5149
179 5 8
 39.7403 -23.6159
 39.5469 -23.895
 39.2294 -24.077
 38.9824 -24.2653
 38.8415 -24.5154
 38.6629 -24.7006
 38.5602 -24.7085
 38.5372 -24.7019
180 60 34
 48.5312 -28.9729
 47.5147 -28.8293
 47.1085 -28.9577
 47.1834 -29.5803
 46.7858 -30.3327
 46.2227 -30.6065
 46.6065 -31.198
 46.7265 -32.3282
 45.9019 -32.6488
 45.2776 -32.3786
 45.8897 -32.6692
 46.1233 -33.6086
 45.8414 -34.4521
 45.7298 -34.9347
 45.7144 -35.8324
 45.7348 -36.627
 45.6736 -36.8747
 45.717 -36.9275
 45.704 -37.009
 45.6948 -37.1527
 45.732 -37.2952
 45.7801 -37.3906
 45.8059 -37.7327
 45.6913 -38.2409
 45.69 -38.6334
 45.7608 -38.9748
 45.7511 -39.2383
 45.8554 -39.4538
 45.9557 -39.6245
 46.0089 -39.7199
 45.9656 -39.7765
 45.9169 -39.9211
 45.9413 -40.0329
 45.9515 -40.0419
180 71 15
 48.5312 -28.9729
 49.3182 -29.98
 49.3975 -30.9804
 49.5637 -30.8661
 50.1053 -30.0944
 50.5219 -29.5554
 50.7944 -29.0743
 50.9258 -28.2962
 50.8303 -27.5932
 51.2369 -27.153
 51.9059 -27.0521
 52.2145 -26.888
 52.282 -26.6931
 52.2861 -26.6161
 52.2829 -26.5988
181 60 23
 51.184 -35.4363
 49.329 -34.9489
 49.0375 -35.2299
 47.7154 -35.9682
 46.2738 -36.4791
 46.0363 -36.7714
 45.7997 -36.9171
 45.704 -37.009
 45.6948 -37.1527
 45.732 -37.2952
 45.7801 -37.3906
 45.8059 -37.7327
 45.6913 -38.2409
 45.69 -38.6334
 45.7608 -38.9748
 45.7511 -39.2383
 45.8554 -39.4538
 45.9557 -39.6245
 46.0089 -39.7199
 45.9656 -39.7765
 45.9169 -39.9211
 45.9413 -40.0329
 45.9515 -40.0419
181 18 3
 51.184 -35.4363
 52.7858 -35.8317
 52.8667 -35.8506
182 60 35
 60.7803 -41.0561
 60.5703 -53.2167
 60.2729 -51.3506
 59.3988 -49.6545
 58.2273 -49.171
 58.5546 -47.7718
 58.7011 -46.4277
 58.8181 -45.966
 58.8572 -41.6911
 59.0379 -37.6314
 58.976 -37.6584
 57.4877 -38.509
 55.8186 -39.3717
 55.0273 -39.8718
 54.1131 -40.4706
 53.5747 -40.7589
 52.667 -40.7421
 51.543 -40.6981
 51.1301 -40.8115
 50.8795 -40.8657
 51.0906 -40.7104
 51.1955 -40.3515
 50.7393 -39.6524
 50.0964 -39.2093
 49.9781 -39.3069
 49.6575 -39.4799
 48.7838 -39.9959
 47.9014 -40.8848
 47.569 -41.3391
 47.0467 -40.8845
 46.5393 -40.3895
 46.3549 -40.2614
 46.1527 -40.0998
 46.0178 -40.0368
 45.9515 -40.0419
182 29 7
 60.7803 -41.0561
 60.1963 -27.8955
 59.4605 -27.3477
 58.4647 -25.9725
 57.5707 -25.0559
 57.595 -24.9672
 57.6042 -24.911
183 30 10
 36.9187 -60.2332
 37.7611 -60.2802
 38.2448 -60.2414
 38.5792 -59.9358
 39.044 -59.8989
 39.2831 -60.4538
 39.508 -60.8844
 39.765 -61.1387
 39.9127 -61.2743
 39.9554 -61.2695
183 41 4
 36.9187 -60.2332
 35.9141 -60.2384
 35.2004 -60.3575
 35.0966 -60.4162
184 60 25
 38.527 -40.6096
 39.1992 -39.7714
 39.3625 -39.1618
 39.5142 -38.9163
 39.635 -38.8171
 39.8774 -38.8097
 40.5102 -39.1478
 40.8667 -39.9886
 40.8262 -40.5033
 40.8593 -40.5274
 41.4905 -40.3001
 42.1605 -40.0513
 42.2953 -39.9799
 42.374 -39.9267
 42.6322 -39.9411
 43.1685 -39.9511
 43.5182 -39.9963
 43.6 -40.0707
 43.7221 -40.0789
 43.8967 -40.249
 44.2798 -40.3557
 44.6019 -40.3132
 45.1908 -40.1431
 45.8578 -39.9971
 45.9515 -40.0419
184 69 3
 38.527 -40.6096
 37.8709 -40.9468
 37.7633 -40.9276
185 70 29
 23.1714 -48.2271
 22.5343 -48.6305
 22.5011 -48.6631
 22.4716 -49.0821
 22.5237 -49.5437
 22.9147 -49.9738
 23.2794 -50.3899
 23.3174 -50.4559
 23.3242 -50.6297
 23.4658 -50.7634
 23.5981 -50.7477
 23.5454 -50.807
 23.4635 -50.8478
 23.4023 -50.9562
 23.3739 -51.0941
 23.3774 -51.1248
 23.3094 -51.1113
 23.1991 -51.1328
 23.1572 -51.2444
 23.1276 -51.3354
 23.0573 -51.3748
 23.0004 -51.408
 22.9039 -51.4325
 22.8209 -51.4473
 22.7158 -51.4564
 22.5818 -51.5277
 22.4612 -51.5627
 22.3626 -51.5436
 22.3505 -51.5462
185 36 17
 23.1714 -48.2271
 24.2556 -47.4843
 24.8783 -46.8939
 24.8941 -46.5983
 24.1 -45.7621
 22.9792 -45.2512
 22.365 -45.5677
 21.9258 -45.491
 21.7641 -44.7999
 21.7224 -43.9242
 21.4575 -43.5225
 21.2463 -43.4154
 20.438 -43.2419
 19.268 -43.4093
 18.4149 -43.7562
 18.0323 -43.7733
 18.0204 -43.777
186 58 12
 18.9047 -38.7923
 19.8035 -38.4735
 20.6912 -38.2572
 20.9935 -37.8769
 21.0754 -37.7603
 21.3118 -37.6161
 22.0783 -37.4356
 22.6529 -37.3564
 22.6828 -37.2878
 22.7093 -36.8879
 22.7827 -36.5294
 22.8406 -36.5
186 97 10
 18.9047 -38.7923
 18.2873 -39.6458
 17.9087 -40.1115
 17.7962 -40.1337
 17.6071 -40.1031
 17.4285 -40.0693
 16.9685 -39.834
 16.1528 -40.3239
 15.7216 -41.2511
 15.7298 -41.4578
187 119 12
 23.5424 -60.3792
 22.5853 -59.912
 22.2646 -59.1623
 21.7544 -57.9933
 21.4141 -57.1014
 21.2312 -57.0232
 21.4146 -56.9394
 21.444 -56.236
 21.3569 -55.2903
 21.5518 -54.9681
 21.6563 -54.922
 21.6369 -54.9182
187 24 12
 23.5424 -60.3792
 24.6915 -60.143
 24.8708 -60.0645
 24.9263 -60.5335
 25.4928 -61.1692
 25.8041 -61.8201
 25.7034 -62.1981
 26.3958 -62.3837
 27.1932 -62.5114
 27.667 -62.245
 28.0024 -61.9651
 28.0834 -61.9717
188 131 14
 27.2663 -56.2325
 27.2688 -56.7632
 27.1192 -57.0376
 26.8857 -57.5456
 27.132 -58.0247
 27.4946 -58.3742
 27.6121 -58.6389
 27.7085 -58.7626
 27.9459 -58.796
 28.3047 -58.8907
 28.4493 -58.9156
 28.5394 -58.8451
 28.6546 -58.8213
 28.7025 -58.8165
188 2 10
 27.2663 -56.2325
 27.2707 -55.2955
 27.2868 -54.6568
 27.2691 -54.4604
 27.3035 -54.372
 27.5863 -54.051
 27.8845 -53.6826
 27.9618 -53.5488
 28.007 -53.5364
 28.0406 -53.5379
189 16 8
 18.7562 -77.8455
 18.9366 -77.3434
 19.3354 -76.6798
 19.6591 -76.4339
 19.7962 -76.4107
 20.0248 -76.3141
 20.1938 -76.2512
 20.2101 -76.2356
189 7 13
 18.7562 -77.8455
 18.9032 -78.6828
 18.7446 -79.4518
 18.6311 -80.1191
 18.8121 -80.8022
 18.2702 -80.9689
 17.7373 -81.0345
 17.4836 -80.8415
 16.989 -80.6803
 16.4293 -80.9026
 15.9701 -81.141
 15.7817 -81.1386
 15.7798 -81.1314
190 40 18
 32.5963 -79.8779
 33.1392 -80.7328
 33.8705 -81.0927
 33.863 -81.1026
 34.3961 -81.2869
 34.9268 -81.879
 36.1114 -82.5016
 37.0085 -82.6959
 37.2459 -82.6431
 37.4008 -82.5645
 37.3482 -82.6783
 37.4498 -82.8697
 37.5635 -82.9086
 37.4762 -82.9608
 37.4916 -83.0499
 37.5171 -83.168
 37.4911 -83.2263
 37.4896 -83.2368
190 132 11
 32.5963 -79.8779
 32.3601 -79.2988
 32.4575 -78.9961
 32.7716 -78.6545
 33.059 -78.4924
 33.0015 -78.2089
 32.9262 -77.7565
 33.0967 -77.3435
 33.4005 -77.223
 33.5751 -77.2304
 33.5972 -77.215
191 91 4
 51.4757 -75.306
 51.9722 -76.1136
 52.0747 -76.3631
 52.0566 -76.3691
191 100 4
 51.4757 -75.306
 51.1326 -74.6503
 51.2262 -74.5185
 51.2871 -74.478
192 33 7
 46.2048 -82.4225
 45.1329 -82.2603
 45.0125 -81.9102
 44.4603 -81.0259
 43.9212 -80.4513
 43.838 -80.4621
 43.8305 -80.4657
192 53 5
 46.2048 -82.4225
 47.2634 -82.5691
 47.324 -82.8546
 47.3214 -83.1523
 47.2764 -83.1964
193 48 33
 30.8328 -52.3473
 31.4892 -52.552
 31.9576 -52.6782
 32.0778 -53.05
 32.2057 -53.6677
 32.1676 -53.9795
 32.3182 -53.9514
 32.5034 -54.0003
 32.6392 -54.2206
 32.5601 -54.5009
 32.3741 -54.7232
 32.2451 -54.7911
 32.1126 -54.862
 32.1794 -55.0791
 32.3644 -55.1605
 32.4914 -55.168
 32.6945 -55.2219
 32.9749 -55.3383
 33.173 -55.403
 33.2847 -55.5175
 33.317 -55.7128
 33.2696 -55.9267
 33.2508 -56.1477
 33.2242 -56.2513
 33.1736 -56.2908
 33.1086 -56.282
 33.0157 -56.2206
 32.9299 -56.1274
 32.9224 -56.0136
 32.8747 -56.0202
 32.7475 -55.9249
 32.6342 -55.9215
 32.6124 -55.9463
193 2 13
 30.8328 -52.3473
 30.591 -52.1558
 30.4039 -52.4709
 30.1307 -52.7638
 29.8586 -53.0967
 29.562 -53.369
 29.0949 -53.2413
 28.6976 -52.9799
 28.6818 -52.977
 28.4582 -53.4123
 28.1499 -53.6245
 28.0487 -53.5388
 28.0406 -53.5379
194 80 19
 -19.0139 -48.2245
 -20.0195 -47.2138
 -19.8472 -46.0852
 -20.4659 -46.0835
 -21.2552 -45.7632
 -20.9365 -46.2953
 -21.3619 -47.1059
 -22.4371 -47.5551
 -23.1304 -47.6587
 -23.1809 -49.1608
 -23.1745 -50.7164
 -22.9921 -51.3258
 -23.5149 -50.7846
 -24.2822 -50.778
 -24.794 -50.979
 -25.2248 -50.8985
 -26.1216 -50.9031
 -26.6439 -51.0385
 -26.6641 -51.06
194 118 18
 -19.0139 -48.2245
 -17.6635 -47.8796
 -17.1329 -47.6383
 -16.4732 -48.1502
 -15.5616 -48.6884
 -14.787 -48.4579
 -14.4149 -48.0532
 -14.2566 -47.921
 -13.958 -47.6644
 -13.8426 -46.9214
 -13.6908 -45.9293
 -13.4009 -45.3794
 -13.2954 -45.1779
 -12.9749 -45.3289
 -11.2667 -46.2864
 -9.78845 -47.401
 -9.89205 -47.8913
 -9.9722 -47.9445
195 97 18
 11.1231 -38.854
 12.032 -38.5003
 12.8111 -37.9633
 13.1564 -37.6897
 13.5661 -37.7291
 13.9523 -37.7782
 13.6274 -37.8611
 13.726 -38.4692
 14.0221 -39.319
 13.9688 -39.7281
 14.0323 -39.8936
 14.1075 -40.0431
 14.2602 -40.2522
 14.4213 -40.895
 14.8518 -41.1319
 15.4531 -41.1605
 15.6872 -41.454
 15.7298 -41.4578
195 56 4
 11.1231 -38.854
 10.3888 -38.9335
 9.986 -38.9521
 9.9393 -38.9764
196 19 6
 -2.49575 -11.0994
 -2.78775 -10.1362
 -2.64655 -9.9246
 -2.41215 -9.8138
 -2.165 -9.69915
 -2.0769 -9.6614
196 93 8
 -2.49575 -11.0994
 -2.04255 -12.3072
 -1.86935 -12.4218
 -1.43985 -12.181
 -0.8956 -12.7911
 -0.77045 -13.5219
 -0.82965 -13.7325
 -0.8214 -13.7554
197 72 36
 6.22325 -6.66405
 7.05805 -5.34425
 7.88385 -4.4855
 7.9509 -3.9944
 8.72765 -3.51095
 9.46165 -3.2453
 9.48955 -3.9206
 9.69595 -4.81275
 9.8493 -5.363
 10.5084 -5.4619
 11.6154 -5.18925
 12.1306 -5.53615
 12.3872 -6.22085
 12.7503 -6.1984
 13.5278 -6.0209
 14.015 -5.96395
 14.1528 -5.82215
 14.3103 -5.5339
 14.6516 -5.0286
 15.0087 -4.6139
 15.1231 -4.5531
 15.2878 -4.41765
 15.3719 -4.31275
 15.403 -4.31275
 15.5231 -4.35245
 15.6365 -4.4352
 15.9865 -4.57185
 16.3831 -4.63055
 16.9609 -4.15715
 17.675 -4.016
 18.3335 -4.74
 18.7836 -5.1876
 18.8232 -5.2128
 18.9298 -5.2244
 19.0198 -5.2844
 19.0394 -5.3317
197 127 8
 6.22325 -6.66405
 6.37315 -7.9849
 6.0855 -8.24185
 5.17975 -8.072
 4.0506 -7.8897
 3.2132 -7.72395
 2.9602 -7.62205
 2.9447 -7.5764
198 72 16
 20.5761 -2.18585
 20.0876 -3.36955
 19.3236 -3.7426
 19.3447 -3.75405
 19.4004 -3.7753
 19.5415 -3.92535
 19.6339 -4.06275
 19.5545 -4.25215
 19.4767 -4.5478
 19.5055 -4.7727
 19.3917 -4.9336
 19.3793 -5.0527
 19.1435 -5.00385
 19.0266 -5.1316
 19.0198 -5.2844
 19.0394 -5.3317
198 117 11
 20.5761 -2.18585
 20.2836 -1.3335
 19.4781 -1.15335
 18.699 -0.34695
 18.7453 0.35845
 18.8056 0.6261
 18.7726 1.14785
 18.8055 1.6043
 18.8811 1.8661
 18.877 1.9755
 18.8838 1.9794
199 114 9
 -1.8487 -56.7077
 -2.3156 -57.3102
 -2.2695 -57.6291
 -2.53105 -57.7644
 -3.29265 -57.8751
 -4.12015 -57.7607
 -4.5093 -57.7192
 -4.5654 -57.8012
 -4.5805 -57.7911
199 45 6
 -1.8487 -56.7077
 -2.0612 -55.8068
 -2.82135 -55.2934
 -2.80425 -54.8635
 -2.85605 -54.4756
 -2.8696 -54.4573
200 84 9
 7.26145 5.50705
 6.4263 5.7309
 6.22225 6.1723
 6.15065 6.31605
 5.7929 6.4539
 5.2577 6.5995
 5.0047 6.83365
 5.02605 7.05215
 5.0553 7.0591
200 83 11
 7.26145 5.50705
 8.40945 5.5124
 8.97545 5.4211
 8.8583 5.76055
 9.3034 6.22695
 10.1776 6.279
 10.7527 6.189
 11.4191 6.18675
 11.9805 6.2204
 12.211 6.256
 12.2301 6.2788
201 19 11
 -5.27325 -10.8906
 -5.3313 -10.08
 -5.409 -9.72715
 -5.19825 -9.8349
 -4.5008 -9.95905
 -3.54515 -9.881
 -2.9307 -9.84285
 -2.64655 -9.9246
 -2.41215 -9.8138
 -2.165 -9.69915
 -2.0769 -9.6614
201 102 8
 -5.27325 -10.8906
 -5.16995 -11.6976
 -4.84115 -12.1064
 -5.5591 -12.0306
 -6.4364 -12.1321
 -7.1311 -12.1707
 -7.4227 -12.1709
 -7.4481 -12.191
202 31 8
 3.08145 -9.0491
 3.57605 -9.73255
 3.9918 -10.2208
 3.9673 -10.7032
 4.2814 -11.2266
 4.6942 -11.5086
 4.8101 -11.6891
 4.8179 -11.6987
202 127 5
 3.08145 -9.0491
 3.0024 -8.31085
 2.94145 -7.744
 2.92965 -7.61325
 2.9447 -7.5764
203 122 30
 32.5112 -1.2818
 33.3289 -0.2896
 33.4746 0.5941
 33.3838 1.3677
 33.4297 1.9973
 33.5139 2.37515
 33.6543 2.7861
 33.7054 2.9393
 33.6245 3.1805
 33.4622 3.367
 33.4119 3.4958
 33.3841 3.6735
 33.3076 3.78535
 33.2385 3.8838
 33.1736 4.0252
 33.182 4.10855
 33.2513 4.12065
 33.3103 4.1082
 33.4127 4.1671
 33.4614 4.32845
 33.5326 4.3509
 33.7059 4.40535
 33.6856 4.6415
 33.6041 4.80855
 33.6966 4.97205
 33.844 5.20335
 33.9677 5.41485
 34.0307 5.5718
 34.0316 5.7079
 34.0369 5.7664
203 72 36
 32.5112 -1.2818
 31.6073 -1.6438
 30.7851 -2.1268
 29.9162 -2.1746
 29.1028 -1.6082
 28.5634 -1.4855
 28.0031 -1.78105
 27.4851 -2.0434
 26.955 -2.6223
 26.3786 -3.23965
 26.048 -3.381
 25.6083 -3.45445
 25.1889 -3.5469
 25.0004 -3.58095
 24.7627 -3.69865
 24.5001 -4.0964
 24.3245 -4.56195
 23.901 -4.6865
 23.4569 -4.57095
 23.216 -4.56415
 22.9755 -4.5813
 22.3339 -4.7956
 21.772 -4.9294
 21.6698 -4.84355
 21.3987 -5.2985
 21.1409 -5.7812
 21.0315 -5.7797
 20.9208 -5.73435
 20.714 -5.75325
 20.0336 -5.4497
 19.5275 -5.11895
 19.3793 -5.0527
 19.1435 -5.00385
 19.0266 -5.1316
 19.0198 -5.2844
 19.0394 -5.3317
204 103 13
 49.4373 -7.05325
 49.2448 -7.9662
 49.1574 -8.26645
 48.8408 -8.5355
 48.6224 -8.63685
 48.4454 -8.6241
 48.1524 -8.79175
 47.9827 -9.02165
 47.9631 -8.9094
 47.769 -8.1521
 47.3221 -7.344
 46.9969 -7.1769
 46.9056 -7.1833
204 46 6
 49.4373 -7.05325
 49.9558 -5.9134
 50.5648 -5.3795
 50.8784 -5.1463
 50.8703 -5.07495
 50.8576 -5.0233
205 55 29
 53.1451 -24.7231
 53.0166 -23.9403
 52.5812 -23.7959
 52.6407 -23.7402
 53.1793 -23.4034
 53.285 -22.5247
 53.0266 -21.5275
 53.5761 -20.8067
 54.1199 -20.4413
 54.1265 -20.0082
 53.8904 -19.3617
 53.7265 -18.9903
 53.6624 -18.8986
 53.6338 -18.8535
 53.5567 -18.8098
 53.352 -18.7901
 52.8436 -18.8626
 52.2687 -18.8822
 51.6101 -19.1251
 51.1452 -18.9023
 50.9362 -18.2362
 50.7464 -17.9773
 50.8315 -17.1114
 50.9414 -16.2664
 51.0137 -16.1417
 51.1971 -15.9262
 51.8219 -15.999
 52.3275 -16.2276
 52.347 -16.215
205 71 7
 53.1451 -24.7231
 52.9403 -25.8595
 52.7766 -25.9928
 52.3437 -25.8522
 52.2559 -26.289
 52.2986 -26.5783
 52.2829 -26.5988
206 25 11
 30.7242 -45.9819
 29.4883 -45.8513
 29.2364 -46.1091
 29.1618 -46.3201
 29.3188 -46.97
 29.3316 -47.6004
 29.1483 -47.9001
 29.2015 -47.9648
 29.4848 -48.0462
 29.6313 -48.1763
 29.6391 -48.1876
206 34 3
 30.7242 -45.9819
 31.8727 -46.3666
 31.9104 -46.3567
207 70 25
 26.6357 -51.9393
 26.264 -51.3529
 25.638 -51.4542
 25.1753 -51.5473
 24.7146 -51.0668
 24.1739 -50.7766
 24.0212 -51.0051
 23.8702 -51.1254
 23.7358 -51.1338
 23.6072 -51.1143
 23.4321 -51.1159
 23.3774 -51.1248
 23.3094 -51.1113
 23.1991 -51.1328
 23.1572 -51.2444
 23.1276 -51.3354
 23.0573 -51.3748
 23.0004 -51.408
 22.9039 -51.4325
 22.8209 -51.4473
 22.7158 -51.4564
 22.5818 -51.5277
 22.4612 -51.5627
 22.3626 -51.5436
 22.3505 -51.5462
207 2 9
 26.6357 -51.9393
 26.9077 -52.913
 27.0265 -53.5211
 27.0823 -53.6764
 27.4203 -53.6479
 27.8291 -53.5949
 27.9618 -53.5488
 28.007 -53.5364
 28.0406 -53.5379
208 105 14
 25.761 -79.2126
 24.9425 -78.5648
 24.7626 -78.3564
 24.6417 -78.0836
 24.2108 -77.6402
 24.008 -77.226
 24.2376 -77.0593
 24.0912 -76.7183
 23.9762 -76.1948
 23.8435 -75.714
 23.5594 -75.2664
 23.2812 -74.7785
 23.0809 -74.5007
 23.0797 -74.4949
208 9 5
 25.761 -79.2126
 26.6603 -79.8571
 27.019 -79.9615
 27.2001 -79.9998
 27.2017 -79.9949
209 12 38
 -36.9313 -56.8881
 -36.4412 -55.9807
 -35.8479 -55.2687
 -35.069 -54.7832
 -34.3672 -54.4114
 -34.0779 -54.6595
 -34.246 -54.2702
 -34.4457 -53.8633
 -34.5669 -53.3146
 -34.83 -52.723
 -35.0409 -52.3597
 -34.8709 -52.0368
 -34.811 -51.703
 -34.8716 -51.6531
 -34.9729 -51.5219
 -35.1404 -51.3153
 -35.1956 -51.1069
 -35.0644 -50.9116
 -34.9412 -50.7966
 -34.7994 -50.7617
 -34.7309 -50.7232
 -34.7471 -50.6343
 -34.7676 -50.5541
 -34.7744 -50.4882
 -34.7796 -50.4101
 -34.8075 -50.321
 -34.8342 -50.2935
 -34.7906 -50.2747
 -34.7221 -50.2571
 -34.6768 -50.2491
 -34.6552 -50.2146
 -34.6152 -50.1446
 -34.5862 -50.0672
 -34.6222 -50.0256
 -34.6986 -49.9995
 -34.757 -49.9841
 -34.7877 -49.9661
 -34.804 -49.9515
209 115 17
 -36.9313 -56.8881
 -36.9317 -57.9701
 -35.9874 -58.9132
 -36.9267 -58.7718
 -37.5938 -58.9967
 -38.1638 -59.2963
 -38.2405 -59.5391
 -38.791 -60.1111
 -39.463 -60.5958
 -39.6574 -60.7034
 -40.3335 -60.5191
 -41.024 -60.2336
 -41.2252 -60.7377
 -41.8346 -61.1956
 -42.4647 -60.9066
 -42.7164 -60.6244
 -42.7285 -60.6225
210 115 19
 -40.6119 -56.2752
 -40.007 -57.3346
 -39.4949 -58.4198
 -39.4631 -58.5305
 -39.4816 -58.9623
 -39.5267 -59.3638
 -38.8243 -59.2368
 -38.1638 -59.2963
 -38.2405 -59.5391
 -38.791 -60.1111
 -39.463 -60.5958
 -39.6574 -60.7034
 -40.3335 -60.5191
 -41.024 -60.2336
 -41.2252 -60.7377
 -41.8346 -61.1956
 -42.4647 -60.9066
 -42.7164 -60.6244
 -42.7285 -60.6225
210 61 5
 -40.6119 -56.2752
 -41.6225 -56.8697
 -42.6198 -57.5886
 -42.7593 -57.7665
 -42.7795 -57.7997
211 12 30
 -30.1615 -50.4207
 -31.2815 -50.9303
 -32.0616 -50.5158
 -32.8121 -50.1751
 -33.4607 -50.4155
 -33.9676 -50.5367
 -34.2803 -50.4738
 -34.3988 -50.5008
 -34.4423 -50.52
 -34.5094 -50.5361
 -34.5481 -50.5312
 -34.625 -50.4625
 -34.7181 -50.4276
 -34.7555 -50.4741
 -34.7726 -50.4997
 -34.7744 -50.4882
 -34.7796 -50.4101
 -34.8075 -50.321
 -34.8342 -50.2935
 -34.7906 -50.2747
 -34.7221 -50.2571
 -34.6768 -50.2491
 -34.6552 -50.2146
 -34.6152 -50.1446
 -34.5862 -50.0672
 -34.6222 -50.0256
 -34.6986 -49.9995
 -34.757 -49.9841
 -34.7877 -49.9661
 -34.804 -49.9515
211 80 9
 -30.1615 -50.4207
 -29.3957 -49.8926
 -29.0724 -50.2599
 -28.5123 -50.7291
 -27.7594 -50.9699
 -27.2084 -51.1056
 -26.9691 -51.1745
 -26.724 -51.1459
 -26.6641 -51.06
212 115 19
 -32.9844 -60.983
 -34.8057 -60.3801
 -34.9975 -59.5917
 -35.0034 -59.0875
 -35.9874 -58.9132
 -36.9267 -58.7718
 -37.5938 -58.9967
 -38.1638 -59.2963
 -38.2405 -59.5391
 -38.791 -60.1111
 -39.463 -60.5958
 -39.6574 -60.7034
 -40.3335 -60.5191
 -41.024 -60.2336
 -41.2252 -60.7377
 -41.8346 -61.1956
 -42.4647 -60.9066
 -42.7164 -60.6244
 -42.7285 -60.6225
212 109 17
 -32.9844 -60.983
 -32.0529 -61.7773
 -32.5892 -62.3261
 -32.0041 -61.8556
 -31.3376 -61.1804
 -30.3069 -61.0087
 -29.6181 -60.4438
 -29.2521 -60.9585
 -28.6065 -60.797
 -27.6667 -61.1393
 -27.1298 -61.8335
 -26.9597 -62.0601
 -26.9012 -62.0926
 -26.9331 -62.427
 -26.8419 -62.9418
 -26.6667 -63.1522
 -26.6216 -63.1803
213 12 38
 -33.3251 -56.6515
 -33.9834 -56.5767
 -33.9369 -56.0719
 -33.9398 -55.3959
 -33.9487 -55.0651
 -34.0779 -54.6595
 -34.246 -54.2702
 -34.4457 -53.8633
 -34.5669 -53.3146
 -34.83 -52.723
 -35.0409 -52.3597
 -34.8709 -52.0368
 -34.811 -51.703
 -34.8716 -51.6531
 -34.9729 -51.5219
 -35.1404 -51.3153
 -35.1956 -51.1069
 -35.0644 -50.9116
 -34.9412 -50.7966
 -34.7994 -50.7617
 -34.7309 -50.7232
 -34.7471 -50.6343
 -34.7676 -50.5541
 -34.7744 -50.4882
 -34.7796 -50.4101
 -34.8075 -50.321
 -34.8342 -50.2935
 -34.7906 -50.2747
 -34.7221 -50.2571
 -34.6768 -50.2491
 -34.6552 -50.2146
 -34.6152 -50.1446
 -34.5862 -50.0672
 -34.6222 -50.0256
 -34.6986 -49.9995
 -34.757 -49.9841
 -34.7877 -49.9661
 -34.804 -49.9515
213 90 7
 -33.3251 -56.6515
 -31.9841 -56.4753
 -31.0201 -56.2137
 -30.6534 -56.2299
 -30.514 -56.272
 -30.3579 -56.2113
 -30.2397 -56.125
214 128 19
 -28.5991 -64.8844
 -28.347 -65.3735
 -28.7776 -65.9755
 -29.2321 -66.5885
 -29.4657 -66.7901
 -29.4492 -67.4306
 -29.6859 -68.3192
 -30.5562 -68.743
 -31.1666 -68.8734
 -31.5271 -69.0181
 -31.5484 -69.736
 -31.4329 -70.4622
 -31.4965 -70.6407
 -31.724 -70.8699
 -31.8959 -70.9673
 -31.7464 -71.1698
 -31.5707 -71.3707
 -31.4787 -71.3997
 -31.418 -71.4014
214 109 4
 -28.5991 -64.8844
 -27.7777 -63.7645
 -26.6667 -63.1522
 -26.6216 -63.1803
215 44 15
 -4.30245 -75.196
 -6.2006 -75.4342
 -6.4461 -74.5823
 -6.27135 -75.4711
 -6.21325 -76.6255
 -7.102 -78.4299
 -7.90225 -80.0529
 -8.01025 -80.5793
 -9.19965 -80.4756
 -10.6877 -79.7451
 -12.1103 -79.0876
 -13.1115 -79.3123
 -12.6034 -78.3416
 -12.1708 -77.4881
 -12.1593 -77.4246
215 17 16
 -4.30245 -75.196
 -2.1526 -74.7553
 -2.00755 -74.3233
 -1.679 -74.9118
 -1.1322 -75.4086
 -0.41255 -76.3548
 0.1228 -76.9211
 0.70195 -77.2512
 1.64915 -77.9191
 2.01345 -78.5865
 2.0593 -79.3015
 2.5285 -80.3409
 2.3097 -81.4062
 1.83055 -81.9509
 1.7149 -82.0004
 1.696 -82.0086
216 79 12
 -3.37885 -68.923
 -3.8519 -67.1517
 -3.70165 -66.4967
 -3.60935 -65.9261
 -2.8938 -65.1498
 -1.84635 -63.8778
 -1.39305 -63.7883
 -1.45645 -63.3977
 -1.3276 -63.1282
 -1.32385 -62.7724
 -1.4435 -62.6817
 -1.4864 -62.6526
216 17 19
 -3.37885 -68.923
 -2.84585 -71.4305
 -2.60785 -72.4822
 -2.35685 -72.8437
 -2.29055 -73.3714
 -2.00755 -74.3233
 -1.679 -74.9118
 -1.1322 -75.4086
 -0.41255 -76.3548
 0.1228 -76.9211
 0.70195 -77.2512
 1.64915 -77.9191
 2.01345 -78.5865
 2.0593 -79.3015
 2.5285 -80.3409
 2.3097 -81.4062
 1.83055 -81.9509
 1.7149 -82.0004
 1.696 -82.0086
217 67 7
 8.52535 -79.496
 9.3877 -79.7471
 9.5867 -79.4475
 9.74155 -79.3125
 9.8539 -79.349
 9.9156 -79.3996
 9.9551 -79.4432
217 17 14
 8.52535 -79.496
 7.65565 -79.1614
 7.28225 -79.2547
 6.4908 -78.8065
 5.6477 -78.6765
 4.7912 -79.4635
 4.2014 -79.9076
 4.1249 -80.0006
 3.60975 -80.3604
 2.92325 -80.7736
 2.3097 -81.4062
 1.83055 -81.9509
 1.7149 -82.0004
 1.696 -82.0086
218 59 27
 10.4598 -78.5834
 10.8846 -78.3322
 11.2415 -78.2188
 11.6164 -78.5125
 11.8633 -78.9046
 12.0911 -79.1208
 12.6162 -79.1414
 13.1868 -79.2122
 13.5089 -79.2113
 13.5866 -79.2521
 13.7456 -79.4583
 13.9881 -79.507
 14.0345 -79.3769
 14.045 -79.2622
 14.104 -79.1834
 14.1572 -79.1616
 14.1836 -79.2135
 14.2152 -79.2771
 14.3093 -79.3443
 14.3867 -79.4481
 14.3622 -79.5463
 14.3781 -79.559
 14.4059 -79.5313
 14.4442 -79.442
 14.4849 -79.2755
 14.4753 -79.1465
 14.4661 -79.1127
218 67 8
 10.4598 -78.5834
 10.1672 -78.6757
 10.0913 -78.8483
 10.0352 -79.0444
 10.0008 -79.155
 9.9253 -79.2731
 9.9156 -79.3996
 9.9551 -79.4432
219 114 9
 -1.6319 -59.8587
 -2.1448 -58.7768
 -2.29045 -58.047
 -2.53105 -57.7644
 -3.29265 -57.8751
 -4.12015 -57.7607
 -4.5093 -57.7192
 -4.5654 -57.8012
 -4.5805 -57.7911
219 79 5
 -1.6319 -59.8587
 -1.46095 -61.0926
 -1.5081 -62.1555
 -1.4435 -62.6817
 -1.4864 -62.6526
220 45 16
 6.45365 -54.0237
 5.18975 -53.9302
 4.29685 -53.5812
 4.0945 -53.8524
 3.94545 -54.0926
 3.74985 -54.2489
 3.1859 -54.4436
 2.12825 -54.6214
 1.4067 -54.7043
 0.0756 -55.5246
 -1.2798 -56.3638
 -2.0612 -55.8068
 -2.82135 -55.2934
 -2.80425 -54.8635
 -2.85605 -54.4756
 -2.8696 -54.4573
220 63 8
 6.45365 -54.0237
 7.32365 -53.1421
 7.86685 -52.5667
 8.272 -51.9378
 8.3309 -50.6791
 8.1021 -49.9022
 8.0695 -49.7821
 8.037 -49.7745
221 94 4
 -11.2978 -49.5452
 -11.0475 -50.3842
 -10.5754 -50.9261
 -10.504 -51.0377
221 118 6
 -11.2978 -49.5452
 -11.0334 -48.6648
 -10.5219 -48.05
 -10.062 -47.9298
 -9.98575 -47.9485
 -9.9722 -47.9445
222 109 9
 -24.3823 -62.0814
 -25.6329 -61.3258
 -25.9352 -60.7925
 -26.4434 -61.4955
 -26.9012 -62.0926
 -26.9331 -62.427
 -26.8419 -62.9418
 -26.6667 -63.1522
 -26.6216 -63.1803
222 92 6
 -24.3823 -62.0814
 -23.0584 -62.7587
 -22.5186 -63.5205
 -22.1903 -64.0706
 -22.063 -64.4695
 -22.0423 -64.521
223 109 14
 -22.8665 -59.0648
 -24.5938 -58.8447
 -25.167 -58.7467
 -25.3093 -59.0414
 -25.4081 -59.1609
 -25.7122 -59.6763
 -25.9158 -60.4333
 -25.9352 -60.7925
 -26.4434 -61.4955
 -26.9012 -62.0926
 -26.9331 -62.427
 -26.8419 -62.9418
 -26.6667 -63.1522
 -26.6216 -63.1803
223 37 3
 -22.8665 -59.0648
 -21.6023 -58.9862
 -21.5983 -58.9745
224 133 10
 9.35415 -49.2831
 10.1172 -49.5337
 10.3351 -49.8099
 11.5268 -49.6379
 12.7758 -49.4125
 12.9492 -49.3312
 13.1023 -49.1574
 13.173 -49.0054
 13.21 -48.9944
 13.2196 -48.9932
224 63 6
 9.35415 -49.2831
 8.52275 -49.3158
 8.19105 -49.3829
 8.07895 -49.5926
 8.0279 -49.7604
 8.037 -49.7745
225 112 12
 7.6226 -42.6358
 7.256 -43.7447
 6.59355 -44.0828
 6.33135 -44.5466
 6.39285 -44.8874
 6.12715 -45.4569
 5.57095 -47.1031
 4.6494 -47.8333
 3.6007 -47.4325
 2.42995 -47.6594
 1.6079 -47.8848
 1.5402 -47.8319
225 56 7
 7.6226 -42.6358
 7.64825 -40.6813
 7.8128 -39.4916
 8.8501 -39.3539
 9.81715 -39.2197
 9.92585 -39.0339
 9.9393 -38.9764
226 65 15
 2.56595 -18.0186
 3.18485 -18.5705
 3.77315 -18.7076
 4.3502 -18.7424
 4.42325 -18.9836
 4.28 -19.4834
 4.46095 -19.7739
 4.75195 -20.0596
 5.39235 -20.6665
 5.93225 -21.2007
 5.8145 -21.6809
 5.86135 -22.0031
 6.3462 -22.4379
 6.91645 -22.7202
 7.128 -22.5843
226 93 10
 2.56595 -18.0186
 1.4121 -17.5495
 0.7036 -17.4877
 0.4154 -17.633
 -0.1811 -17.6419
 -0.79285 -16.9068
 -1.2665 -16.4032
 -1.00555 -15.1031
 -0.8651 -13.8021
 -0.8214 -13.7554
227 62 14
 -31.2931 -31.7084
 -31.238 -29.7766
 -31.245 -28.6272
 -31.8647 -27.9216
 -32.4603 -26.9626
 -32.1598 -26.722
 -31.6223 -26.3666
 -31.3601 -25.953
 -30.7419 -25.842
 -29.9583 -25.829
 -29.9149 -25.6495
 -29.9947 -24.9012
 -29.9515 -24.3774
 -29.9729 -24.3499
227 89 13
 -31.2931 -31.7084
 -31.1246 -32.9268
 -30.5106 -33.2683
 -30.351 -33.4991
 -29.5643 -34.0988
 -29.0118 -34.8875
 -28.6602 -35.3142
 -27.7179 -35.0312
 -26.8703 -34.3466
 -27.4282 -35.5758
 -27.9427 -36.608
 -27.805 -36.7498
 -27.7835 -36.7692
228 12 18
 -34.5808 -48.1032
 -34.8969 -48.4334
 -34.8638 -48.5161
 -34.6399 -48.549
 -34.3714 -48.5569
 -34.2649 -48.5077
 -34.2435 -48.7876
 -34.299 -49.1076
 -34.2853 -49.2794
 -34.3358 -49.5578
 -34.5333 -49.7702
 -34.5846 -49.93
 -34.5862 -50.0672
 -34.6222 -50.0256
 -34.6986 -49.9995
 -34.757 -49.9841
 -34.7877 -49.9661
 -34.804 -49.9515
228 52 7
 -34.5808 -48.1032
 -34.1821 -47.8176
 -34.0611 -47.7573
 -34.1352 -47.764
 -34.1923 -47.7271
 -34.1983 -47.6874
 -34.2014 -47.6778
229 12 33
 -34.6171 -43.0884
 -34.4184 -44.3511
 -34.9345 -44.7729
 -35.1831 -45.4911
 -35.4198 -45.6477
 -35.8738 -45.6337
 -36.1673 -45.8797
 -36.2713 -46.026
 -36.3247 -46.0546
 -36.3118 -46.4841
 -36.0748 -47.1412
 -35.8767 -47.4595
 -35.725 -47.7241
 -35.4003 -47.9248
 -35.2327 -48.0464
 -35.0837 -48.2361
 -34.9321 -48.4229
 -34.8638 -48.5161
 -34.6399 -48.549
 -34.3714 -48.5569
 -34.2649 -48.5077
 -34.2435 -48.7876
 -34.299 -49.1076
 -34.2853 -49.2794
 -34.3358 -49.5578
 -34.5333 -49.7702
 -34.5846 -49.93
 -34.5862 -50.0672
 -34.6222 -50.0256
 -34.6986 -49.9995
 -34.757 -49.9841
 -34.7877 -49.9661
 -34.804 -49.9515
229 99 20
 -34.6171 -43.0884
 -35.3071 -41.6031
 -35.4332 -40.8709
 -35.4982 -39.7938
 -35.7439 -39.2064
 -35.8579 -39.0665
 -36.0216 -38.5723
 -35.9112 -37.6129
 -35.587 -36.7192
 -35.5625 -36.2936
 -35.8002 -35.9892
 -36.1154 -35.8041
 -36.3021 -36.0014
 -36.1763 -35.4593
 -36.0908 -35.0622
 -35.9871 -34.225
 -36.0616 -33.3783
 -36.3933 -33.2131
 -36.5247 -33.0247
 -36.4712 -32.9496
230 123 5
 -40.5611 -46.1047
 -41.8883 -46.0154
 -42.1483 -46.1317
 -42.2365 -46.1458
 -42.3101 -46.1522
230 73 3
 -40.5611 -46.1047
 -39.4269 -46.2653
 -39.3746 -46.228
231 81 4
 -41.487 -29.5289
 -41.7833 -30.7215
 -41.9419 -30.8291
 -41.9548 -30.8435
231 22 5
 -41.487 -29.5289
 -41.0583 -28.3494
 -40.6878 -28.2136
 -40.5415 -28.1644
 -40.4876 -28.1708
232 110 9
 -38.0681 -18.7966
 -38.655 -18.4593
 -38.8328 -18.3041
 -38.1253 -17.64
 -37.5295 -17.0919
 -37.4849 -17.0299
 -37.6063 -16.8102
 -37.6568 -16.5975
 -37.6529 -16.5585
232 125 26
 -38.0681 -18.7966
 -37.7031 -19.2794
 -37.5139 -19.4546
 -37.4088 -19.6451
 -37.3533 -20.0503
 -37.4108 -20.272
 -37.5082 -20.5604
 -37.5539 -21.254
 -37.4748 -22.0996
 -37.1058 -22.7503
 -36.758 -23.5915
 -36.6814 -24.3474
 -36.5569 -24.4014
 -36.3749 -24.5873
 -36.1841 -25.2082
 -36.2072 -25.8514
 -36.3709 -26.3497
 -36.7817 -26.6677
 -37.2152 -26.6372
 -37.334 -26.4643
 -37.7688 -26.1913
 -38.3858 -25.9954
 -38.6879 -25.9932
 -38.8959 -25.9044
 -39.0665 -25.8268
 -39.1126 -25.8017
233 15 49
 -38.3974 -15.0675
 -38.4985 -14.442
 -38.8797 -13.8042
 -39.0469 -13.2056
 -39.1274 -13.0469
 -39.2964 -12.9392
 -39.4586 -12.7906
 -39.5611 -12.6731
 -39.7048 -12.6363
 -39.8766 -12.4177
 -40.013 -12.1542
 -40.2636 -11.9077
 -40.5351 -11.7007
 -40.5571 -11.6677
 -40.4878 -11.5015
 -40.4248 -11.3511
 -40.2846 -11.3135
 -40.2133 -11.4053
 -40.0991 -11.5913
 -39.8615 -11.6012
 -39.6953 -11.4569
 -39.6026 -11.3054
 -39.5079 -11.1676
 -39.3969 -10.9037
 -39.3373 -10.6532
 -39.2342 -10.6631
 -39.0504 -10.74
 -38.8739 -10.7526
 -38.7227 -10.6751
 -38.5896 -10.7133
 -38.4117 -10.8275
 -38.2289 -10.6628
 -38.2327 -10.3841
 -38.1392 -10.2708
 -37.8371 -10.2212
 -37.6431 -10.1995
 -37.5929 -10.1072
 -37.6059 -9.9479
 -37.5056 -9.8629
 -37.3966 -9.83275
 -37.3009 -9.88725
 -37.2206 -9.94265
 -37.143 -9.9785
 -37.0283 -9.99885
 -36.9604 -9.945
 -36.9134 -9.86915
 -36.8762 -9.8208
 -36.8531 -9.7468
 -36.854 -9.7066
233 110 5
 -38.3974 -15.0675
 -38.234 -15.7037
 -37.8438 -16.1455
 -37.6988 -16.4884
 -37.6529 -16.5585
234 78 10
 -30.8896 -4.1652
 -30.8726 -3.71755
 -30.5906 -3.6795
 -30.2655 -3.64965
 -30.2503 -3.395
 -30.2969 -3.12285
 -30.2037 -3.05335
 -30.0933 -3.03465
 -30.0481 -3.02825
 -30.0377 -3.0249
234 136 17
 -30.8896 -4.1652
 -31.2057 -4.66725
 -31.5594 -4.82155
 -31.7059 -4.85155
 -31.8503 -4.73995
 -31.8158 -4.6262
 -31.8162 -4.38555
 -31.8722 -4.16465
 -31.9795 -4.1758
 -32.1583 -4.1022
 -32.3725 -4.06655
 -32.5403 -4.17105
 -32.687 -4.1381
 -32.9098 -4.0205
 -33.088 -4.0287
 -33.1726 -4.08265
 -33.1852 -4.0914
235 98 38
 -30.5154 -4.57895
 -29.829 -4.60095
 -29.3592 -4.64565
 -28.9442 -4.6056
 -28.3609 -4.2658
 -27.9534 -3.85905
 -27.6658 -3.67955
 -27.584 -3.66165
 -27.3221 -3.93715
 -26.9886 -4.1945
 -26.7208 -4.41225
 -26.5124 -4.64715
 -26.4003 -4.82415
 -26.2841 -5.14855
 -26.2132 -5.3462
 -26.1284 -5.42645
 -26.089 -5.4941
 -26.1964 -5.472
 -26.3481 -5.495
 -26.4203 -5.55715
 -26.4973 -5.4903
 -26.778 -5.3381
 -27.1231 -5.3538
 -27.3721 -5.57165
 -27.5788 -5.82485
 -27.607 -6.00625
 -27.5659 -6.0831
 -27.6003 -6.2265
 -27.6164 -6.42545
 -27.7376 -6.61965
 -27.8787 -6.7632
 -27.9701 -6.7981
 -28.1593 -6.8546
 -28.2874 -6.92715
 -28.3213 -6.95505
 -28.3208 -6.8691
 -28.2981 -6.7652
 -28.298 -6.7433
235 136 18
 -30.5154 -4.57895
 -30.9609 -4.748
 -31.3459 -4.83855
 -31.5594 -4.82155
 -31.7059 -4.85155
 -31.8503 -4.73995
 -31.8158 -4.6262
 -31.8162 -4.38555
 -31.8722 -4.16465
 -31.9795 -4.1758
 -32.1583 -4.1022
 -32.3725 -4.06655
 -32.5403 -4.17105
 -32.687 -4.1381
 -32.9098 -4.0205
 -33.088 -4.0287
 -33.1726 -4.08265
 -33.1852 -4.0914
236 64 7
 -10.2622 -4.75285
 -10.5958 -6.25955
 -10.7619 -6.8228
 -10.7049 -7.022
 -10.6789 -7.2419
 -10.6745 -7.3735
 -10.6587 -7.3835
236 87 9
 -10.2622 -4.75285
 -9.93435 -3.21035
 -9.79775 -2.62965
 -10.5347 -2.4813
 -11.3247 -2.4119
 -11.4169 -2.0413
 -11.2006 -1.5544
 -10.8842 -1.41035
 -10.78 -1.3862
237 39 10
 -10.5471 12.5472
 -9.65685 12.9501
 -9.87515 12.5047
 -8.67695 11.5167
 -7.4326 10.6371
 -7.3067 9.9684
 -7.0611 10.4156
 -6.52255 10.7081
 -6.1092 10.9298
 -5.988 10.8661
237 54 4
 -10.5471 12.5472
 -11.6257 11.8212
 -12.1414 11.4223
 -12.1714 11.455
238 39 10
 -6.87605 7.5082
 -7.14445 8.16735
 -7.46135 8.8292
 -7.583 8.91495
 -7.47235 9.25405
 -7.3067 9.9684
 -7.0611 10.4156
 -6.52255 10.7081
 -6.1092 10.9298
 -5.988 10.8661
238 57 5
 -6.87605 7.5082
 -6.36195 7.62505
 -5.75685 7.787
 -5.6394 7.70375
 -5.6303 7.5935
239 84 8
 4.3965 5.58515
 4.61155 6.0888
 4.92735 6.2357
 4.93495 6.37755
 4.9751 6.56855
 5.0047 6.83365
 5.02605 7.05215
 5.0553 7.0591
239 68 6
 4.3965 5.58515
 4.17905 5.2692
 3.7966 5.3044
 3.4032 5.3044
 3.0101 5.3098
 2.9412 5.3052
240 84 8
 3.44005 8.3845
 3.9745 7.08245
 4.50185 6.30085
 4.83005 6.4007
 4.9751 6.56855
 5.0047 6.83365
 5.02605 7.05215
 5.0553 7.0591
240 10 8
 3.44005 8.3845
 3.19075 9.7154
 3.17635 10.5082
 3.63255 10.3519
 4.2293 10.3158
 4.54335 10.4849
 4.74005 10.553
 4.7704 10.5692
241 127 17
 -1.15355 -8.1806
 -1.6288 -7.11855
 -1.48165 -6.531
 -0.5456 -6.40225
 -0.009 -5.5109
 0.35415 -4.80725
 0.1022 -5.5498
 0.46205 -6.1993
 0.9667 -6.4507
 1.2263 -6.8702
 1.70815 -6.66915
 2.1184 -6.2543
 2.3011 -6.7632
 2.55405 -7.34945
 2.82225 -7.44765
 2.9009 -7.5257
 2.9447 -7.5764
241 19 6
 -1.15355 -8.1806
 -1.335 -8.7512
 -1.66485 -9.13645
 -1.9403 -9.4381
 -2.06805 -9.6516
 -2.0769 -9.6614
242 98 43
 -23.2516 -5.5818
 -23.6579 -5.35205
 -23.8064 -5.5048
 -23.924 -5.5191
 -24.0614 -5.46525
 -24.1541 -5.3905
 -24.2498 -5.38515
 -24.671 -5.519
 -25.0455 -5.5251
 -25.1226 -5.55515
 -25.3454 -5.65455
 -25.584 -5.6583
 -25.6401 -5.6147
 -25.6913 -5.5509
 -25.7751 -5.49935
 -25.8384 -5.47445
 -25.8867 -5.43975
 -25.9268 -5.4436
 -25.9732 -5.52715
 -26.0108 -5.58865
 -26.048 -5.53785
 -26.089 -5.4941
 -26.1964 -5.472
 -26.3481 -5.495
 -26.4203 -5.55715
 -26.4973 -5.4903
 -26.778 -5.3381
 -27.1231 -5.3538
 -27.3721 -5.57165
 -27.5788 -5.82485
 -27.607 -6.00625
 -27.5659 -6.0831
 -27.6003 -6.2265
 -27.6164 -6.42545
 -27.7376 -6.61965
 -27.8787 -6.7632
 -27.9701 -6.7981
 -28.1593 -6.8546
 -28.2874 -6.92715
 -28.3213 -6.95505
 -28.3208 -6.8691
 -28.2981 -6.7652
 -28.298 -6.7433
242 20 17
 -23.2516 -5.5818
 -22.7839 -5.97565
 -22.6171 -6.061
 -22.1097 -6.2296
 -21.611 -6.6022
 -21.5332 -6.7511
 -21.4468 -6.5968
 -21.4067 -6.4916
 -21.3358 -6.5527
 -21.229 -6.6402
 -21.0838 -6.627
 -20.9121 -6.49625
 -20.692 -6.3693
 -20.0597 -6.5115
 -19.4109 -6.7427
 -19.2487 -6.7809
 -19.2408 -6.7774
243 64 17
 -14.4035 -8.5505
 -14.2919 -7.89675
 -13.9766 -7.767
 -13.6949 -7.63565
 -13.2997 -7.51395
 -12.8563 -7.23345
 -12.4242 -6.9141
 -12.2062 -7.12985
 -12.0835 -7.56595
 -11.6162 -7.6208
 -11.3059 -7.6097
 -11.1147 -7.6044
 -10.9128 -7.5606
 -10.8135 -7.4496
 -10.7419 -7.3661
 -10.6744 -7.3883
 -10.6587 -7.3835
243 35 6
 -14.4035 -8.5505
 -14.5724 -9.5565
 -14.7287 -10.0979
 -15.2434 -11.1183
 -15.8155 -11.9852
 -15.8757 -11.9783
244 58 11
 25.2946 -36.2316
 24.3785 -36.1708
 24.394 -35.9626
 24.1312 -36.2058
 23.7805 -36.5522
 23.185 -37.1338
 22.721 -37.3772
 22.6828 -37.2878
 22.7093 -36.8879
 22.7827 -36.5294
 22.8406 -36.5
244 28 7
 25.2946 -36.2316
 26.701 -36.0017
 27.2683 -35.6562
 27.8753 -35.0548
 28.5679 -34.4742
 28.7025 -34.452
 28.7518 -34.4562
245 134 18
 29.0963 -19.844
 29.1143 -20.8004
 29.236 -21.7297
 29.8336 -22.1605
 29.9339 -22.3303
 29.8636 -22.5443
 30.0314 -22.7155
 30.5698 -22.9092
 30.8628 -23.45
 30.5375 -23.7971
 30.0327 -23.9157
 29.4023 -24.1791
 28.9664 -24.2668
 28.7194 -24.2405
 28.3434 -24.2002
 28.1978 -24.1762
 28.1917 -24.1512
 28.1871 -24.1398
245 121 9
 29.0963 -19.844
 28.3286 -19.0289
 27.8575 -18.6068
 27.6152 -18.4962
 27.2224 -17.7583
 27.0576 -17.0817
 27.5606 -16.895
 28.1475 -16.6089
 28.2913 -16.4594
246 51 30
 32.3381 -6.8897
 32.8638 -6.59275
 33.3834 -6.585
 33.5821 -6.612
 33.7684 -6.5847
 34.0212 -6.52785
 34.2935 -6.4085
 34.2896 -6.45545
 34.2183 -6.6642
 34.2161 -6.76295
 34.0749 -6.88925
 33.9571 -7.17435
 34.2195 -7.46675
 34.5141 -7.61085
 34.7062 -7.7015
 34.9286 -7.65135
 34.9847 -7.48595
 35.0857 -7.42545
 35.2662 -7.4371
 35.3597 -7.497
 35.4116 -7.5418
 35.4394 -7.575
 35.4316 -7.63625
 35.4109 -7.75685
 35.3484 -7.8107
 35.2347 -7.81975
 35.1582 -7.8877
 35.0526 -8.06925
 34.9765 -8.21815
 34.9931 -8.2358
246 38 9
 32.3381 -6.8897
 32.3406 -7.47695
 32.4938 -7.8711
 32.5212 -7.9496
 32.3111 -8.20065
 32.061 -8.47865
 31.5878 -8.50115
 31.1177 -8.52395
 31.0419 -8.5955
247 38 13
 27.62 -11.9461
 28.5009 -11.9284
 29.0206 -12.1903
 29.3731 -12.3811
 29.4598 -12.2388
 29.7707 -11.7117
 30.0571 -11.3358
 30.7136 -11.327
 30.3939 -10.5422
 30.7567 -9.509
 30.9138 -8.9452
 31.0148 -8.59475
 31.0419 -8.5955
247 11 8
 27.62 -11.9461
 26.9271 -12.1719
 26.9473 -12.3465
 26.9622 -12.4102
 26.9712 -12.4799
 27.0401 -12.7181
 27.1224 -12.9496
 27.1348 -12.9688
248 135 16
 13.529 8.59875
 14.4209 8.8875
 14.9793 8.8097
 14.8196 9.1614
 14.7843 9.5851
 14.7777 9.86405
 15.3108 10.034
 16.0807 10.2264
 15.9719 10.5814
 15.5599 11.0049
 15.6168 11.1557
 15.7446 11.1724
 15.8588 11.2269
 15.9575 11.3568
 15.9349 11.4851
 15.9247 11.5403
248 83 15
 13.529 8.59875
 12.7521 8.383
 12.346 8.361
 12.2654 8.31705
 12.3537 8.3153
 12.6418 8.1083
 12.9113 7.78115
 12.8869 7.765
 12.6588 7.49955
 12.4703 6.93945
 12.1779 6.6396
 11.8895 6.44995
 12.0212 6.2836
 12.211 6.256
 12.2301 6.2788
249 135 25
 19.6529 6.2932
 19.3876 7.1882
 19.4209 7.42175
 18.6685 7.653
 17.5683 7.83585
 17.0679 7.73205
 16.4762 7.9202
 15.8236 7.95185
 15.5632 7.88705
 15.4201 8.32585
 15.2323 8.6241
 14.9793 8.8097
 14.8196 9.1614
 14.7843 9.5851
 14.7777 9.86405
 15.3108 10.034
 16.0807 10.2264
 15.9719 10.5814
 15.5599 11.0049
 15.6168 11.1557
 15.7446 11.1724
 15.8588 11.2269
 15.9575 11.3568
 15.9349 11.4851
 15.9247 11.5403
249 117 12
 19.6529 6.2932
 19.9269 5.38085
 20.0781 4.95895
 20.0467 4.68485
 19.6562 4.5026
 18.9841 4.23425
 18.4485 4.01515
 18.7212 3.5951
 18.9699 2.8001
 18.9546 2.3093
 18.931 2.10785
 18.8838 1.9794
250 51 30
 32.8145 -4.2383
 33.1586 -5.3397
 33.1161 -5.5423
 33.4063 -6.1538
 33.7684 -6.5847
 34.0212 -6.52785
 34.2935 -6.4085
 34.2896 -6.45545
 34.2183 -6.6642
 34.2161 -6.76295
 34.0749 -6.88925
 33.9571 -7.17435
 34.2195 -7.46675
 34.5141 -7.61085
 34.7062 -7.7015
 34.9286 -7.65135
 34.9847 -7.48595
 35.0857 -7.42545
 35.2662 -7.4371
 35.3597 -7.497
 35.4116 -7.5418
 35.4394 -7.575
 35.4316 -7.63625
 35.4109 -7.75685
 35.3484 -7.8107
 35.2347 -7.81975
 35.1582 -7.8877
 35.0526 -8.06925
 34.9765 -8.21815
 34.9931 -8.2358
250 72 37
 32.8145 -4.2383
 31.9781 -2.9936
 30.9831 -2.7877
 30.3914 -2.62955
 29.9162 -2.1746
 29.1028 -1.6082
 28.5634 -1.4855
 28.0031 -1.78105
 27.4851 -2.0434
 26.955 -2.6223
 26.3786 -3.23965
 26.048 -3.381
 25.6083 -3.45445
 25.1889 -3.5469
 25.0004 -3.58095
 24.7627 -3.69865
 24.5001 -4.0964
 24.3245 -4.56195
 23.901 -4.6865
 23.4569 -4.57095
 23.216 -4.56415
 22.9755 -4.5813
 22.3339 -4.7956
 21.772 -4.9294
 21.6698 -4.84355
 21.3987 -5.2985
 21.1409 -5.7812
 21.0315 -5.7797
 20.9208 -5.73435
 20.714 -5.75325
 20.0336 -5.4497
 19.5275 -5.11895
 19.3793 -5.0527
 19.1435 -5.00385
 19.0266 -5.1316
 19.0198 -5.2844
 19.0394 -5.3317
251 122 18
 37.7101 9.8466
 37.1021 9.39605
 36.3815 9.25625
 36.0218 9.03115
 35.9568 8.55635
 35.8462 8.0302
 35.7188 7.73545
 35.2771 7.53915
 34.6935 6.9457
 34.4139 6.55375
 34.2013 6.42445
 34.1413 6.2599
 34.1135 6.1895
 34.013 6.04055
 33.9688 5.8837
 34.0093 5.79675
 34.0319 5.7703
 34.0369 5.7664
251 107 17
 37.7101 9.8466
 37.9228 10.1705
 38.0529 10.4523
 38.0437 10.7742
 37.9165 11.1724
 37.6488 11.6804
 37.2872 12.1448
 36.9005 12.533
 36.6656 12.6391
 36.5265 12.5632
 35.6855 12.3613
 34.5886 12.4865
 34.1271 12.9299
 34.0098 13.0707
 33.7273 13.3748
 33.4653 13.7456
 33.4483 13.7782
252 107 17
 41.9102 13.2886
 40.6479 13.9812
 39.6928 14.541
 38.7407 14.2467
 37.7144 13.6199
 37.2343 13.2153
 37.1131 13.0838
 36.861 12.8071
 36.6656 12.6391
 36.5265 12.5632
 35.6855 12.3613
 34.5886 12.4865
 34.1271 12.9299
 34.0098 13.0707
 33.7273 13.3748
 33.4653 13.7456
 33.4483 13.7782
252 111 5
 41.9102 13.2886
 42.6297 13.136
 42.768 13.0224
 42.8803 13.0392
 42.9117 13.0835
253 111 19
 43.6072 4.8701
 42.7389 5.5503
 42.741 5.7506
 42.8827 6.34285
 43.0156 6.83045
 43.0096 6.87675
 42.9308 7.7886
 43.072 9.47535
 43.241 10.4191
 43.1518 10.6142
 43.1253 10.6791
 43.1785 11.1605
 43.3741 11.8902
 43.5507 12.2078
 43.5747 12.3028
 43.5554 12.3829
 43.2633 12.7267
 42.9498 13.0639
 42.9117 13.0835
253 74 6
 43.6072 4.8701
 44.4784 4.24085
 44.497 4.10605
 45.3327 3.7692
 46.2009 3.52715
 46.2529 3.4961
254 42 7
 44.2714 13.6053
 44.9688 13.9072
 45.1384 13.8321
 45.2897 13.8485
 46.0286 14.0781
 46.7936 14.2945
 46.8332 14.2974
254 111 7
 44.2714 13.6053
 43.5723 13.1962
 43.3616 13.1187
 43.1138 13.0982
 42.9815 13.1248
 42.9157 13.1048
 42.9117 13.0835
255 106 4
 43.6683 -3.6828
 44.3116 -4.63605
 44.3939 -5.0377
 44.4049 -5.0885
255 76 4
 43.6683 -3.6828
 42.8623 -2.89905
 42.5797 -2.69645
 42.531 -2.6752
256 46 11
 55.4398 -7.58545
 55.6759 -6.85095
 55.3181 -6.3538
 54.5652 -5.9599
 54.2869 -5.68435
 53.6838 -5.29375
 53.2668 -5.05745
 52.2781 -4.95615
 51.2741 -4.95885
 51.0266 -5.00425
 50.8576 -5.0233
256 108 6
 55.4398 -7.58545
 55.1128 -9.3263
 54.6823 -10.6406
 54.2554 -11.2053
 53.7679 -11.683
 53.7342 -11.757
257 108 10
 54.7616 -14.7869
 54.5472 -13.9762
 54.4152 -13.7388
 54.374 -13.5221
 53.9627 -13.6142
 53.5739 -13.6586
 53.8608 -13.4718
 53.9577 -12.5696
 53.743 -11.8013
 53.7342 -11.757
257 85 10
 54.7616 -14.7869
 55.4333 -15.4248
 56.0361 -15.1929
 56.356 -15.1756
 56.8967 -14.9553
 57.3209 -14.4926
 57.4419 -14.3343
 57.5196 -14.263
 57.6236 -14.1729
 57.6606 -14.1362
258 55 12
 49.0495 -19.049
 49.7353 -19.0043
 49.7645 -18.8988
 50.2538 -18.4459
 50.7464 -17.9773
 50.8315 -17.1114
 50.9414 -16.2664
 51.0137 -16.1417
 51.1971 -15.9262
 51.8219 -15.999
 52.3275 -16.2276
 52.347 -16.215
258 26 3
 49.0495 -19.049
 48.1889 -18.9454
 47.9843 -18.8195
259 126 7
 42.0033 -22.8669
 42.7063 -23.4505
 43.0497 -23.6951
 43.0856 -23.8752
 43.0658 -23.9786
 43.0162 -24.0365
 43.004 -24.043
259 130 8
 42.0033 -22.8669
 41.4736 -22.129
 41.18 -22.1158
 40.8001 -22.3424
 40.4702 -22.4267
 40.343 -22.5635
 40.2336 -22.5498
 40.1594 -22.5149
260 26 11
 46.4759 -23.1597
 46.6981 -22.6108
 46.9931 -22.2302
 47.441 -21.6226
 47.8329 -21.4462
 47.9755 -21.0987
 48.2064 -20.4681
 48.1913 -19.8592
 48.0173 -19.1996
 47.9927 -18.8427
 47.9843 -18.8195
260 101 3
 46.4759 -23.1597
 46.3852 -23.9972
 46.3319 -24.2356
261 71 8
 54.5644 -25.4367
 53.6021 -25.8018
 53.0952 -26.3189
 52.7766 -25.9928
 52.3437 -25.8522
 52.2559 -26.289
 52.2986 -26.5783
 52.2829 -26.5988
261 29 5
 54.5644 -25.4367
 56.0638 -25.4131
 57.174 -25.1399
 57.4381 -24.9853
 57.6042 -24.911
262 60 13
 46.1263 -46.7085
 45.948 -45.4037
 46.1531 -44.7687
 46.3829 -43.6577
 46.4207 -43.1428
 46.9026 -42.2395
 47.4484 -41.3552
 47.0467 -40.8845
 46.5393 -40.3895
 46.3549 -40.2614
 46.1527 -40.0998
 46.0178 -40.0368
 45.9515 -40.0419
262 116 5
 46.1263 -46.7085
 46.3125 -48.1054
 46.2331 -48.3797
 46.0552 -48.5523
 45.9426 -48.5523
263 48 19
 34.3366 -58.9679
 34.3571 -58.3633
 33.9911 -57.9268
 33.9447 -57.6845
 34.0194 -57.4924
 34.1297 -57.2124
 33.9515 -57.0982
 33.5152 -56.8689
 33.3259 -56.5003
 33.2649 -56.3373
 33.1736 -56.2908
 33.1086 -56.282
 33.0157 -56.2206
 32.9299 -56.1274
 32.9224 -56.0136
 32.8747 -56.0202
 32.7475 -55.9249
 32.6342 -55.9215
 32.6124 -55.9463
263 41 10
 34.3366 -58.9679
 33.8062 -59.6055
 33.4727 -60.0645
 33.4991 -60.3557
 33.8798 -60.5312
 34.1656 -60.5759
 34.5851 -60.6651
 35.0441 -60.6216
 35.1068 -60.4412
 35.0966 -60.4162
264 34 7
 34.5153 -45.2477
 34.2589 -45.7847
 33.311 -46.094
 32.233 -46.5327
 31.9771 -46.476
 31.926 -46.3722
 31.9104 -46.3567
264 21 7
 34.5153 -45.2477
 34.4796 -44.205
 34.465 -43.4989
 34.6604 -43.1597
 34.4396 -42.8505
 34.1944 -42.5782
 34.178 -42.5742
265 48 27
 33.2301 -53.9655
 32.7849 -54.1528
 32.6392 -54.2206
 32.5601 -54.5009
 32.3741 -54.7232
 32.2451 -54.7911
 32.1126 -54.862
 32.1794 -55.0791
 32.3644 -55.1605
 32.4914 -55.168
 32.6945 -55.2219
 32.9749 -55.3383
 33.173 -55.403
 33.2847 -55.5175
 33.317 -55.7128
 33.2696 -55.9267
 33.2508 -56.1477
 33.2242 -56.2513
 33.1736 -56.2908
 33.1086 -56.282
 33.0157 -56.2206
 32.9299 -56.1274
 32.9224 -56.0136
 32.8747 -56.0202
 32.7475 -55.9249
 32.6342 -55.9215
 32.6124 -55.9463
265 1 9
 33.2301 -53.9655
 33.5639 -53.6404
 33.5172 -53.3072
 33.3405 -53.0013
 33.0952 -52.6922
 32.8722 -52.3187
 32.8479 -52.1032
 32.8651 -51.9419
 32.8677 -51.9253
266 58 13
 18.7297 -37.7363
 19.0767 -38.4008
 19.8035 -38.4735
 20.6912 -38.2572
 20.9935 -37.8769
 21.0754 -37.7603
 21.3118 -37.6161
 22.0783 -37.4356
 22.6529 -37.3564
 22.6828 -37.2878
 22.7093 -36.8879
 22.7827 -36.5294
 22.8406 -36.5
266 77 9
 18.7297 -37.7363
 18.41 -36.6457
 18.1486 -36.0658
 17.7409 -35.7837
 17.4741 -35.5206
 17.2961 -35.2665
 17.1232 -35.0156
 17.0238 -34.744
 16.9823 -34.6241
267 97 13
 17.2766 -43.5436
 17.1222 -43.2516
 16.9761 -43.0615
 17.0766 -43.0611
 17.5224 -41.66
 17.9577 -40.2771
 17.7962 -40.1337
 17.6071 -40.1031
 17.4285 -40.0693
 16.9685 -39.834
 16.1528 -40.3239
 15.7216 -41.2511
 15.7298 -41.4578
267 36 4
 17.2766 -43.5436
 17.6308 -43.7613
 17.92 -43.7471
 18.0204 -43.777
268 97 15
 15.109 -43.8885
 16.3438 -43.3802
 16.5047 -43.1592
 16.6824 -42.9809
 16.9761 -43.0615
 17.0766 -43.0611
 17.5224 -41.66
 17.9577 -40.2771
 17.7962 -40.1337
 17.6071 -40.1031
 17.4285 -40.0693
 16.9685 -39.834
 16.1528 -40.3239
 15.7216 -41.2511
 15.7298 -41.4578
268 133 17
 15.109 -43.8885
 13.9783 -44.2784
 13.9021 -44.2994
 13.5093 -44.458
 13.1632 -44.8041
 12.7714 -45.428
 12.1877 -46.1624
 11.7186 -46.8278
 11.5539 -47.3964
 11.9151 -47.8715
 12.5744 -48.208
 12.9987 -48.3364
 13.0382 -48.4182
 13.0587 -48.7142
 13.1339 -48.9863
 13.21 -48.9944
 13.2196 -48.9932
269 129 8
 21.4134 -51.4371
 20.9311 -51.1938
 20.6456 -50.9015
 20.4727 -50.7896
 20.3118 -50.8305
 20.1904 -50.7583
 20.1628 -50.6527
 20.1788 -50.6414
269 70 5
 21.4134 -51.4371
 21.9728 -51.4959
 22.2975 -51.4673
 22.35 -51.5037
 22.3505 -51.5462
270 131 7
 28.1576 -60.2381
 28.243 -59.3453
 28.3949 -58.9972
 28.4493 -58.9156
 28.5394 -58.8451
 28.6546 -58.8213
 28.7025 -58.8165
270 24 6
 28.1576 -60.2381
 28.2308 -60.9406
 28.383 -61.1456
 28.3167 -61.5058
 28.11 -61.8801
 28.0834 -61.9717
271 105 6
 21.3889 -75.5959
 22.7155 -75.3357
 23.3945 -75.2059
 23.2812 -74.7785
 23.0809 -74.5007
 23.0797 -74.4949
271 16 4
 21.3889 -75.5959
 20.4725 -76.0658
 20.2499 -76.2428
 20.2101 -76.2356
272 59 18
 15.0168 -81.0241
 14.9637 -80.4086
 14.8894 -80.0641
 14.8453 -79.9601
 14.7161 -79.952
 14.6286 -79.9103
 14.5628 -79.8344
 14.4368 -79.8186
 14.384 -79.813
 14.3733 -79.795
 14.3728 -79.7305
 14.3647 -79.6263
 14.3781 -79.559
 14.4059 -79.5313
 14.4442 -79.442
 14.4849 -79.2755
 14.4753 -79.1465
 14.4661 -79.1127
272 7 6
 15.0168 -81.0241
 14.927 -81.4049
 15.0819 -81.4274
 15.3191 -81.3766
 15.6302 -81.1986
 15.7798 -81.1314
273 43 6
 28.4193 -79.8703
 29.3097 -79.4523
 29.6814 -79.0019
 29.9943 -78.4859
 30.0672 -78.3453
 30.1019 -78.3386
273 9 4
 28.4193 -79.8703
 27.4456 -80.1061
 27.2335 -79.9936
 27.2017 -79.9949
274 43 7
 28.785 -78.0555
 29.5817 -78.2157
 29.7479 -78.2896
 29.9236 -78.3298
 30.0147 -78.3492
 30.0672 -78.3453
 30.1019 -78.3386
274 6 3
 28.785 -78.0555
 28.0378 -77.9588
 28.0238 -77.9719
275 43 6
 31.6137 -78.5513
 30.6895 -78.5544
 30.5704 -78.5735
 30.3722 -78.3902
 30.1607 -78.3075
 30.1019 -78.3386
275 132 10
 31.6137 -78.5513
 32.4928 -78.6763
 32.7716 -78.6545
 33.059 -78.4924
 33.0015 -78.2089
 32.9262 -77.7565
 33.0967 -77.3435
 33.4005 -77.223
 33.5751 -77.2304
 33.5972 -77.215
276 40 22
 37.8421 -78.2449
 38.1135 -78.8955
 38.2104 -79.3367
 38.2584 -79.5632
 38.2143 -79.884
 38.0961 -80.5103
 37.9258 -81.0098
 37.811 -81.2126
 37.6835 -81.6102
 37.662 -82.0043
 37.689 -82.1507
 37.5796 -82.3698
 37.4987 -82.5359
 37.4008 -82.5645
 37.3482 -82.6783
 37.4498 -82.8697
 37.5635 -82.9086
 37.4762 -82.9608
 37.4916 -83.0499
 37.5171 -83.168
 37.4911 -83.2263
 37.4896 -83.2368
276 32 3
 37.8421 -78.2449
 37.5701 -77.6224
 37.5479 -77.3814
277 23 22
 35.8498 -64.1519
 36.0743 -64.8475
 35.9966 -65.769
 35.8634 -66.3607
 35.9624 -66.5656
 35.8026 -67.3954
 35.4529 -68.33
 35.4091 -68.6465
 35.8465 -69.0491
 36.3537 -69.5434
 36.8507 -69.5972
 36.4139 -69.9834
 36.2287 -70.5318
 36.2764 -71.2288
 36.302 -71.7079
 36.2 -71.8097
 36.2337 -71.8839
 36.405 -72.0002
 36.4727 -72.0837
 36.4397 -72.1963
 36.3918 -72.279
 36.3735 -72.2983
277 41 10
 35.8498 -64.1519
 35.463 -63.3602
 35.056 -62.5293
 34.8757 -62.2479
 34.7074 -62.1353
 34.729 -61.9667
 34.8919 -61.3454
 35.0441 -60.6216
 35.1068 -60.4412
 35.0966 -60.4162
278 32 8
 37.8012 -74.8736
 37.4783 -75.3602
 37.2049 -75.5705
 37.2691 -75.7489
 37.3194 -76.1631
 37.4424 -76.9263
 37.569 -77.3684
 37.5479 -77.3814
278 23 15
 37.8012 -74.8736
 37.9026 -74.2984
 37.8481 -74.1512
 37.3611 -74.0994
 36.8273 -74.1538
 36.7064 -74.2177
 36.4044 -73.9748
 35.9929 -73.5033
 35.7652 -73.0011
 35.5512 -72.7346
 35.5823 -72.5754
 35.8587 -72.3895
 36.1751 -72.2983
 36.347 -72.3103
 36.3735 -72.2983
279 27 8
 52.2339 -73.3705
 52.0468 -72.5448
 51.7267 -72.1608
 51.1455 -72.1815
 50.5331 -72.2643
 50.4154 -71.972
 50.3391 -71.6343
 50.332 -71.5659
279 100 4
 52.2339 -73.3705
 51.7336 -74.1284
 51.3178 -74.4189
 51.2871 -74.478
280 27 17
 45.6904 -77.9117
 46.8284 -76.9804
 47.2794 -76.5668
 47.0429 -76.3551
 46.8997 -76.1114
 46.7861 -75.7485
 46.8214 -75.0817
 46.9762 -74.534
 47.0902 -74.383
 47.4265 -74.1664
 47.6583 -73.9107
 47.7006 -73.2804
 48.5331 -72.6651
 49.8993 -72.4541
 50.4154 -71.972
 50.3391 -71.6343
 50.332 -71.5659
280 33 7
 45.6904 -77.9117
 44.8622 -78.4639
 44.8063 -78.5285
 44.4628 -79.2836
 43.993 -80.2509
 43.838 -80.4621
 43.8305 -80.4657
289 128 30
 -47.3262 -84.7069
 -45.2068 -84.7866
 -42.8735 -84.7884
 -41.3512 -84.5681
 -40.1413 -84.1344
 -40.1527 -83.5406
 -39.2912 -82.8611
 -37.8183 -82.8332
 -37.2219 -82.8888
 -37.1688 -82.3832
 -37.0116 -82.1637
 -36.8774 -81.5993
 -36.6015 -80.2677
 -36.788 -79.4407
 -36.0657 -79.3013
 -35.173 -78.039
 -33.7426 -76.9811
 -33.0141 -76.6978
 -32.6905 -75.4868
 -32.8176 -74.2959
 -33.439 -73.9079
 -32.3388 -73.6712
 -30.8517 -73.3546
 -30.6482 -72.6414
 -30.9054 -71.97
 -31.1035 -71.8022
 -31.3368 -71.6746
 -31.4296 -71.512
 -31.431 -71.4304
 -31.418 -71.4014
290 135 14
 14.7263 15.2929
 14.7451 14.6333
 14.8159 13.8481
 14.6903 13.3338
 14.563 12.6556
 14.8456 12.1509
 15.1328 11.8838
 15.3957 11.8836
 15.6956 11.9564
 15.7645 11.8808
 15.8322 11.7263
 15.9266 11.6149
 15.9275 11.5508
 15.9247 11.5403
