   2.2353313718332815     
   3.7090093615164581     
   1.7015371013029790     
  0.99565565391184818     
   1.3883935684239583     
   1.2678589322768703     
  0.86007299723969532     
   5.4470149065941147     
   4.3943103134252510     
   1.8381159773015479     
   1.1823323602874216     
  0.89212817126334776     
   3.5299618679314855     
   4.3495604921888100     
   3.7634135177501706     
   2.1784353268492969     
   3.5689503332280288     
   1.2748269115210660     
   6.4661710814402147     
   1.1783886655118849     
   1.2983382317266918     
   1.2231275303691247     
   3.2715054270972588     
   1.7854706707652188     
   1.8854281541496289     
   1.2733282585683987     
   7.5448037181494625     
   4.4858699332234542     
   2.6567277062500465     
   2.7131353376179934     
   2.5624679896968634     
   1.6525619914321874     
   3.5808162417126614     
   2.7234108172411338     
   1.9657958691495232     
   3.3186619066467049     
   7.2446120034200119     
   3.4457472071978721     
   7.3146148277250953     
   1.3135490614198804     
   3.6617438887699292     
   1.3472023454703548     
   2.2865809327864404     
   3.9476521409439873     
   2.9911453681450437     
   1.4774184169805349     
   4.5397255861198502     
   2.2549373989499202     
   3.6585951648765831     
   3.3880490675467012     
   8.5302909574016148     
   2.0794866756958523     
   2.2770864584636645     
   3.5188479738399154     
   6.1068836224962624     
   2.9521801464320148     
   3.7506757773812498     
   1.8691832134640758     
   12.167789206203869     
   3.6001184379062190     
   3.3299030186773293     
   2.3190490361008216     
   9.2262897123268424     
   2.6380159046307687     
   1.1953600914160016     
   1.7812316380146005     
   3.0728515974487327     
   2.9110570076225750     
   3.0613131589806972     
  0.78388335005518739     
   2.7195833086662442     
   3.4309438077545340     
   1.5805437972936911     
   1.5968152884346136     
   7.8269454895261088     
   2.5201882711640882     
   3.7158513088933152     
   1.5886235715297845     
   16.983742307233200     
   18.048041758190376     
   1.4183267945700972     
   2.1471785742602627     
   4.0358026556139972     
   1.8088567505305451     
  0.75157427912090380     
  0.95529289489617608     
   8.0720797625470357     
   3.9936594886304997     
   5.4853567291767815     
   1.7329585135675596     
   28.593646669307674     
   15.020346378827256     
   2.3484238892424778     
   1.2431098311406752     
   5.3717152121667393     
  0.84697909186695963     
   2.8838473173512247     
   5.9787203589272648     
   2.8270679957597045     
   2.7150702707355814     
   3.6595585778179105     
   3.7898471012305128     
   2.3320134636819736     
   1.7838021105389350     
   1.2333289865328516     
   3.2108100549870535     
   3.3723085552491199     
   2.0272507651755838     
  0.98615083927918368     
  0.88631514339728190     
   2.2188702862206489     
   1.4294205093482621     
   3.5517899430497679     
   2.2173350194897021     
   7.7436614755280031     
   7.0147701037883419     
   4.3513058369968940     
  0.84387884664605206     
   1.4574505351435132     
   2.5725447281369247     
   9.1292108409370822     
   3.2009321059657019     
   2.3379299575928729     
   2.8717344102853084     
   2.0095987847193415     
   1.4014033427320858     
   1.8294807346052266     
   3.3122371239542159     
   2.6721760164870236     
   2.2960782624114238     
   1.8513309514609886     
  0.91355640096517410     
   4.4016359616565230     
   8.2784448794401460     
   3.0506329404790464     
   1.7494183048621124     
   6.8893108943248142     
   1.9281225887921480     
   2.3905339148395579     
   1.2501950829990658     
   2.7813140876766047     
   1.6687228307786754     
   3.2467680244479165     
   1.2966601556768695     
   5.1049177204231917     
   5.5917326345173883     
   5.3182159414628671     
   1.4374287495279146     
   3.3675050225212440     
   2.5798434654533904     
   6.9324618279245946     
   5.5978362027375912     
   4.5389085846695441     
   2.0334224762919426     
   4.7776899845184451     
   1.4951145638108434     
   9.0728166029766690     
   7.3913581415917697     
   4.9143716943650144     
   8.6241737152046500     
   1.2422261483179158     
   4.6928993733325690     
   2.8489741944929206     
  0.76861436339971423     
   2.5213586534158172     
   1.8276747474816493     
   5.9275354014589965     
   2.8633451676770454     
   1.1405123035082805     
   1.4228495773009318     
   2.9914443668748310     
   2.2387197268656736     
   4.4081674134530875     
   1.2790059395077080     
   2.3856963353248410     
   1.1033883559654567     
   4.8692872166657013     
   3.2753813117082724     
   4.3079060357367958     
   3.9786153344540729     
   5.3522831005689548     
   5.0339493188622413     
   1.7354600852697695     
  0.61507884802659740     
   5.5021817070711627     
   6.6099199414405643     
   1.4933985281950999     
   1.2097523204922360     
   1.2675228263777407     
   1.4636215625766813     
   1.9814570989376163     
   5.8663194047513292     
   4.9627619349288281     
   1.1129363452916949     
   1.1843760032770614     
   1.8482131920559703     
   4.7496240987199032     
   1.7982689517442734     
   1.9007563953284434     
   3.1651970129777025     
   4.0973271135973759     
   1.3889279544098601     
   2.4805359924348735     
  0.78179917151338940     
   1.0165697678080989     
  0.91505455740417585     
   2.0773986591511591     
   2.2617683059232512     
   5.5358232592347658     
   1.0336566868303310     
   3.5751608973493911     
   2.6039572694873225     
   2.7036018485889315     
   2.2841297158221332     
   2.6366660483793409     
   2.4654407192664065     
   4.0701671348814790     
   2.9427939803009178     
   2.8407021162742105     
   1.6192317870137931     
   4.0372909498969332     
   1.0878595436708016     
   3.3914837051099855     
   2.4397973484972559     
   5.4904958157499593     
   3.2177309601555915     
   3.8671719739381927     
   9.2473308352744077     
   3.1469652776860326     
   3.7682139208165437     
   5.3750765774384321     
  0.90335390793045067     
   5.0992154645848506     
   2.0968474789472120     
   1.7468515237089981     
   1.1490934614964528     
   1.2539634978345033     
   1.2305016745642654     
   3.7553432770939730     
   2.6418252401104567     
   2.4482000640430845     
   2.0841109295014353     
   3.0436636701119539     
   1.1070464708123899     
   1.1873797158591481     
   1.7014814144465840     
   2.7141434330475569     
   1.0866826114735404     
   1.9823144349219890     
   1.9875692521137753     
   4.5339654286487887     
   1.7697244000292931     
   2.2063160403844790     
   1.9260988950594031     
   1.8966066901493774     
   1.8180768892573997     
   2.4507942040837403     
   1.4332444709789065     
   3.0989798999848484     
   2.3586147943703892     
   3.8182734951486252     
  0.62526879407262104     
   5.0750235382080557     
   4.5935302848285584     
  0.92656753794092717     
  0.66886911163414520     
   1.1607188441952776     
   1.2633224407534924     
   1.8058852098724372     
   1.1107439433406188     
   1.3608259888086109     
  0.96182385024261341     
   1.6577746880353694     
   1.0654980855242424     
   1.0808726365551964     
  0.77260446242239122     
   1.3272081897858969     
   2.0572266813679678     
   3.0088808322932445     
  0.92135106655313015     
   5.0135923123889272     
   2.1789526351274890     
   1.5962043459031714     
   2.7126753530805119     
   1.8808434567836616     
   1.0413329249363705     
   5.5664404103604346     
   2.0952619549593985     
   13.565221618145802     
   2.3006544377063642     
