335
163 78 14
 -30.4894 50.8867
 -29.5007 51.248
 -29.2167 51.5443
 -28.1807 51.7117
 -27.0444 51.7204
 -26.9756 51.3131
 -27.0067 50.7261
 -27.0282 50.3786
 -27.083 50.2169
 -27.142 50.1104
 -27.5213 49.8717
 -28.0536 49.5668
 -28.1824 49.4136
 -28.1086 49.3633
163 26 4
 -30.4894 50.8867
 -31.6783 50.5432
 -32.1392 50.3412
 -32.1391 50.3346
164 157 9
 -30.1267 -37.3132
 -29.4855 -37.9731
 -29.1938 -38.1954
 -29.1405 -38.2176
 -28.7139 -37.8363
 -28.2692 -37.5753
 -28.1415 -37.6021
 -28.0341 -37.5298
 -28.0121 -37.5173
164 57 13
 -30.1267 -37.3132
 -30.9321 -36.4983
 -31.6459 -36.5975
 -32.4001 -37.1439
 -33.0108 -37.5385
 -33.1282 -37.0097
 -33.5288 -36.559
 -33.8813 -36.3119
 -35.1974 -36.3967
 -36.3588 -36.5735
 -36.4934 -36.6021
 -36.6018 -36.59
 -36.6333 -36.5852
165 23 40
 -35.1831 26.1458
 -34.4384 24.844
 -33.8665 23.7978
 -33.0859 23.2265
 -33.0219 23.1352
 -32.7681 23.3236
 -32.3697 23.7987
 -31.4027 24.2501
 -30.8904 24.8513
 -30.3734 25.693
 -29.8387 26.4876
 -29.7209 26.8799
 -29.1011 27.0131
 -28.7544 27.1307
 -28.6375 27.1652
 -28.1863 27.4718
 -27.7578 27.8162
 -27.6768 28.1042
 -27.515 28.8447
 -27.46 29.5112
 -27.5127 29.7989
 -27.3719 29.7302
 -26.8895 29.4233
 -26.1754 29.3451
 -25.7886 29.6282
 -25.1046 30.3825
 -24.3907 31.4632
 -24.3682 32.0398
 -24.3129 32.3332
 -23.6771 32.6185
 -22.611 32.3575
 -21.6964 31.9195
 -20.9073 31.557
 -20.6707 31.2459
 -20.4683 31.4452
 -19.4166 31.9095
 -18.6163 32.752
 -18.797 33.3287
 -18.8403 33.4995
 -18.8775 33.5451
165 126 4
 -35.1831 26.1458
 -36.4433 27.0294
 -36.8239 27.1622
 -36.8839 27.1863
166 23 38
 -35.5 22.3997
 -33.6162 22.7477
 -33.0219 23.1352
 -32.7681 23.3236
 -32.3697 23.7987
 -31.4027 24.2501
 -30.8904 24.8513
 -30.3734 25.693
 -29.8387 26.4876
 -29.7209 26.8799
 -29.1011 27.0131
 -28.7544 27.1307
 -28.6375 27.1652
 -28.1863 27.4718
 -27.7578 27.8162
 -27.6768 28.1042
 -27.515 28.8447
 -27.46 29.5112
 -27.5127 29.7989
 -27.3719 29.7302
 -26.8895 29.4233
 -26.1754 29.3451
 -25.7886 29.6282
 -25.1046 30.3825
 -24.3907 31.4632
 -24.3682 32.0398
 -24.3129 32.3332
 -23.6771 32.6185
 -22.611 32.3575
 -21.6964 31.9195
 -20.9073 31.557
 -20.6707 31.2459
 -20.4683 31.4452
 -19.4166 31.9095
 -18.6163 32.752
 -18.797 33.3287
 -18.8403 33.4995
 -18.8775 33.5451
166 63 3
 -35.5 22.3997
 -36.8816 22.4727
 -36.9237 22.4666
167 123 8
 -64.5972 13.0949
 -65.5459 13.0926
 -66.1592 13.5315
 -66.6264 13.6385
 -66.9982 13.2579
 -67.4006 13.0581
 -67.7546 12.9354
 -67.9566 12.8192
167 118 4
 -64.5972 13.0949
 -63.8524 13.2845
 -63.7351 13.3652
 -63.6814 13.4036
168 12 4
 -19.0525 58.9574
 -18.89 60.1341
 -19.1199 60.3904
 -19.1511 60.3754
168 104 3
 -19.0525 58.9574
 -19.3853 57.9577
 -19.3567 57.8633
169 114 15
 3.42075 32.6148
 2.96745 33.6367
 2.84655 33.937
 2.5768 34.2412
 2.34315 34.3785
 2.25605 34.2702
 1.83465 34.4035
 1.13755 34.5122
 0.9153 34.5998
 1.07635 35.2774
 0.75395 35.7233
 0.35605 35.8474
 0.0785 36.108
 -0.2354 36.1399
 -0.264 36.1442
169 145 3
 3.42075 32.6148
 3.72055 31.5093
 3.7146 31.3895
170 22 11
 -2.0914 33.2169
 -2.609 31.9813
 -3.0806 32.0146
 -3.65805 32.1607
 -4.49375 33.2381
 -5.3297 34.1091
 -5.8022 33.8601
 -6.4947 33.5779
 -7.0225 33.2818
 -7.1543 33.1102
 -7.1606 33.0879
170 114 10
 -2.0914 33.2169
 -0.7669 34.5064
 0.47685 34.5286
 0.9153 34.5998
 1.07635 35.2774
 0.75395 35.7233
 0.35605 35.8474
 0.0785 36.108
 -0.2354 36.1399
 -0.264 36.1442
171 98 11
 10.2708 34.3596
 9.3939 34.6076
 9.18115 34.4508
 8.573 34.218
 7.9965 33.8993
 7.23575 33.8997
 6.8822 34.3798
 6.3749 34.016
 6.0191 33.949
 5.8395 34.0082
 5.7493 33.994
171 147 7
 10.2708 34.3596
 11.1398 33.9795
 11.3699 34.0132
 12.339 34.0793
 13.2591 34.0823
 13.4551 34.1714
 13.477 34.1441
172 10 8
 16.5986 25.1428
 17.4541 23.9954
 17.8356 23.5956
 17.875 23.3799
 17.9086 23.2603
 17.9001 23.1542
 17.9836 23.1469
 18.0472 23.1621
172 160 6
 16.5986 25.1428
 15.6735 26.4399
 15.0847 26.6854
 14.805 26.5249
 14.5651 26.5342
 14.4901 26.5797
173 16 12
 31.0731 16.3001
 30.7359 15.4137
 30.1362 15.4802
 29.5259 15.7792
 29.7094 16.7005
 29.5184 17.9102
 28.185 18.1422
 27.4724 18.8381
 27.8047 19.7382
 28.1684 20.3153
 28.4207 20.9055
 28.505 20.9283
173 86 8
 31.0731 16.3001
 31.5965 17.4371
 31.9477 17.6495
 32.6859 17.0934
 33.3367 16.291
 33.8769 15.745
 34.4253 15.5273
 34.4118 15.477
174 60 20
 28.8518 -1.6036
 28.2417 -1.5678
 27.8227 -1.65825
 27.7933 -1.5727
 27.6282 -1.348
 27.2817 -1.2777
 27.042 -1.3599
 26.9403 -1.3996
 26.8596 -1.41
 26.7929 -1.4204
 26.713 -1.47665
 26.6678 -1.53005
 26.6161 -1.5757
 26.5742 -1.6256
 26.5513 -1.74495
 26.5194 -1.85945
 26.486 -1.915
 26.388 -1.99305
 26.3045 -2.0352
 26.2978 -2.0398
174 30 17
 28.8518 -1.6036
 29.5767 -1.81395
 30.3145 -1.85385
 30.7463 -1.9929
 30.6903 -1.634
 30.7059 -1.3286
 30.5095 -1.0443
 30.5184 -0.8721
 30.6396 -0.6793
 30.6199 -0.3922
 30.5832 -0.22815
 30.7213 -0.14565
 30.8787 -0.05035
 30.9677 -0.00385
 30.8977 0.0751
 30.8704 0.16505
 30.8871 0.1866
175 115 13
 15.4102 -6.2503
 14.868 -7.25885
 14.3994 -7.3208
 13.6436 -7.4493
 13.4247 -7.7744
 13.2925 -8.8616
 12.9423 -9.8551
 12.7346 -9.90935
 12.6152 -9.85345
 12.3733 -10.6923
 12.0352 -11.6866
 11.9483 -11.8785
 11.9474 -11.9101
175 116 3
 15.4102 -6.2503
 15.7969 -5.0601
 15.6926 -4.8188
176 19 5
 3.8031 -1.4939
 3.84245 -2.2024
 4.01245 -2.34275
 4.1504 -2.4809
 4.1647 -2.5337
176 159 8
 3.8031 -1.4939
 3.76985 -0.6284
 3.73555 -0.3858
 3.79595 -0.20705
 3.48815 0.0754
 3.1829 0.37425
 3.251 0.5876
 3.2621 0.6364
177 140 7
 2.67185 -34.9501
 3.556 -34.8281
 4.03005 -34.9397
 4.2063 -34.8471
 4.50675 -34.8
 4.753 -34.67
 4.7838 -34.605
177 9 5
 2.67185 -34.9501
 1.7764 -35.7998
 1.2444 -36.2953
 1.0741 -36.2833
 1.0417 -36.2814
178 102 28
 8.05485 -19.4794
 9.202 -19.7843
 9.27985 -19.9569
 9.3188 -20.4074
 9.382 -20.9626
 9.1525 -21.3534
 8.82765 -21.626
 9.00715 -22.3127
 9.36425 -23.3988
 9.19845 -24.6697
 8.7682 -25.5042
 8.61255 -25.7662
 8.682 -26.0807
 8.97595 -26.7155
 9.34555 -27.2509
 9.53955 -27.2907
 9.8012 -27.4296
 10.1012 -27.8524
 10.0005 -28.4502
 9.87165 -29.0186
 9.9479 -29.5253
 9.91425 -29.7801
 9.23815 -30.2254
 8.55785 -30.6873
 8.6462 -30.9447
 8.676 -31.2506
 8.53255 -31.4418
 8.4876 -31.5328
178 13 28
 8.05485 -19.4794
 6.09935 -18.9326
 4.8895 -18.2947
 4.04125 -18.5122
 3.41005 -19.4403
 2.8239 -20.4285
 1.9888 -21.5022
 1.51655 -22.3456
 0.8855 -23.0103
 -0.24765 -23.2935
 -1.38295 -23.4701
 -2.42845 -22.9657
 -3.1387 -22.2267
 -3.4812 -22.7593
 -4.1001 -23.4855
 -4.2816 -23.9533
 -4.55855 -24.1563
 -5.17035 -24.0811
 -5.48605 -24.2218
 -5.94115 -24.7864
 -6.195 -25.4692
 -6.7155 -25.9663
 -6.8668 -26.8955
 -6.8085 -27.6289
 -7.2655 -27.7696
 -7.4843 -27.8873
 -7.5009 -28.0047
 -7.4877 -28.055
179 141 7
 18.7015 -30.5285
 17.6889 -30.5627
 17.061 -30.7062
 16.2891 -30.6054
 15.4335 -30.5233
 15.3429 -30.5522
 15.3549 -30.5623
179 105 6
 18.7015 -30.5285
 19.323 -29.8759
 20.3432 -29.0153
 20.6745 -28.674
 20.0906 -28.464
 19.9777 -28.4963
180 149 6
 -29.1001 29.9785
 -29.8228 30.682
 -29.883 30.7174
 -30.0269 30.7603
 -30.2248 30.7835
 -30.3183 30.7875
180 23 22
 -29.1001 29.9785
 -27.9454 29.4827
 -27.5127 29.7989
 -27.3719 29.7302
 -26.8895 29.4233
 -26.1754 29.3451
 -25.7886 29.6282
 -25.1046 30.3825
 -24.3907 31.4632
 -24.3682 32.0398
 -24.3129 32.3332
 -23.6771 32.6185
 -22.611 32.3575
 -21.6964 31.9195
 -20.9073 31.557
 -20.6707 31.2459
 -20.4683 31.4452
 -19.4166 31.9095
 -18.6163 32.752
 -18.797 33.3287
 -18.8403 33.4995
 -18.8775 33.5451
181 111 22
 -41.9667 0.2798
 -43.6983 -1.45505
 -44.4714 -2.01315
 -45.2512 -2.95025
 -46.2792 -3.76735
 -47.6233 -3.1731
 -48.7155 -2.19465
 -49.1337 -1.1389
 -49.0217 0.6442
 -48.818 1.7969
 -49.6568 2.18825
 -50.5119 2.7602
 -50.7006 3.17175
 -50.8596 3.4871
 -50.8046 4.09085
 -50.5884 4.61795
 -50.4505 4.68675
 -50.3668 4.90865
 -50.4097 5.4819
 -50.8753 5.9602
 -51.2821 6.0427
 -51.3255 6.0287
181 75 4
 -41.9667 0.2798
 -39.5109 1.88015
 -38.2238 2.2595
 -38.1645 2.3247
182 71 14
 -60.6928 35.2991
 -60.198 35.2247
 -59.7685 34.9941
 -59.6329 34.7718
 -59.5165 34.629
 -59.5474 34.5468
 -59.5914 34.3968
 -59.5429 34.2184
 -59.3573 34.1325
 -59.1742 34.1101
 -59.145 34.1184
 -59.092 34.0755
 -59.043 34.0609
 -59.0238 34.0611
182 151 12
 -60.6928 35.2991
 -61.1244 35.2973
 -61.5503 35.3603
 -61.8254 35.4531
 -62.0417 35.6954
 -61.9713 36.0119
 -61.8394 36.2254
 -61.7988 36.293
 -61.81 36.3219
 -61.8116 36.386
 -61.7789 36.4319
 -61.762 36.4371
183 79 32
 -50.264 39.6973
 -50.5604 39.314
 -50.6613 39.1989
 -50.7159 39.1792
 -50.7569 39.139
 -50.8848 39.0193
 -51.0546 38.813
 -51.2218 38.7801
 -51.3518 39.0097
 -51.3235 39.1886
 -51.4471 38.9797
 -51.5193 38.6712
 -51.6286 38.294
 -51.7525 37.9959
 -51.8358 37.7962
 -51.8695 37.6076
 -51.7736 37.5727
 -51.8128 37.4765
 -51.8399 37.3467
 -51.8956 37.2943
 -51.9065 37.216
 -51.8994 37.1007
 -51.9412 36.9281
 -51.9957 36.7462
 -52.0135 36.5211
 -52.0058 36.2402
 -51.8909 36.0248
 -51.7793 35.8014
 -51.7831 35.6581
 -51.8932 35.6392
 -52.0086 35.6317
 -52.0183 35.6236
183 67 18
 -50.264 39.6973
 -49.8527 40.0606
 -49.7262 40.2022
 -49.7617 40.4146
 -49.6281 40.5289
 -49.5252 40.4968
 -49.6062 40.6435
 -49.5812 40.808
 -49.3485 40.9353
 -49.2329 41.0533
 -49.2197 41.097
 -49.1985 41.149
 -49.1451 41.2043
 -49.0938 41.2357
 -49.0659 41.2683
 -49.0301 41.3015
 -48.9946 41.3045
 -48.9734 41.3015
184 56 9
 6.87395 25.5634
 6.21715 24.8396
 5.4653 24.1885
 5.4461 23.6007
 4.6044 23.2888
 3.62525 22.8116
 3.2678 21.3827
 2.9401 20.4755
 2.8141 20.338
184 106 5
 6.87395 25.5634
 6.795 26.2364
 6.70965 26.845
 6.64535 26.9749
 6.6816 27.0027
185 92 11
 26.304 49.8751
 26.9067 50.6278
 27.0709 50.6655
 27.2843 50.8525
 27.5743 51.1003
 27.9385 51.2624
 27.8078 51.7895
 27.4389 52.3324
 27.2947 52.465
 27.1663 52.5641
 27.1286 52.604
185 91 7
 26.304 49.8751
 25.7541 49.0854
 25.5085 48.8918
 24.8199 48.716
 24.2211 48.9108
 24.04 49.0989
 24.0058 49.0789
186 92 10
 31.4492 53.4853
 30.6009 51.9801
 28.9424 51.4549
 28.2307 51.2748
 27.9385 51.2624
 27.8078 51.7895
 27.4389 52.3324
 27.2947 52.465
 27.1663 52.5641
 27.1286 52.604
186 64 4
 31.4492 53.4853
 30.7683 55.3342
 30.101 56.0125
 29.9087 56.0472
187 89 6
 33.4018 30.3436
 33.6438 29.9808
 33.7676 29.2104
 33.1201 28.1307
 32.6696 27.6207
 32.7077 27.4897
187 103 5
 33.4018 30.3436
 33.3245 31.2495
 33.1617 31.8641
 33.1167 31.8718
 33.1164 31.8779
188 160 17
 12.1347 23.0835
 12.5228 23.1306
 12.7878 23.4384
 13.0483 23.7263
 13.0468 23.7547
 12.9583 24.0887
 12.8843 24.4633
 13.0498 24.8794
 13.2382 25.2478
 13.3067 25.2888
 13.5226 25.7282
 13.8885 26.2175
 14.1707 26.257
 14.4277 26.3348
 14.5421 26.474
 14.4822 26.5397
 14.4901 26.5797
188 156 22
 12.1347 23.0835
 11.5858 23.2388
 11.6385 22.9179
 11.2556 22.5719
 10.8021 22.1298
 10.5858 21.8875
 10.451 21.6377
 10.0991 21.1245
 9.87395 20.8573
 9.91415 20.6403
 9.7617 20.2696
 9.56465 19.9904
 9.30625 19.9717
 8.56775 19.888
 8.0357 19.7072
 7.97845 19.7038
 7.95675 19.4552
 7.97205 19.1159
 7.9071 18.9544
 7.778 18.825
 7.7367 18.7268
 7.7321 18.699
189 48 15
 5.0464 -11.1636
 5.8947 -11.2918
 6.0548 -11.4246
 6.3363 -11.3476
 6.71815 -11.3401
 7.0708 -11.5672
 7.20495 -11.8892
 7.1073 -12.1899
 7.16265 -12.347
 7.36925 -12.4289
 7.4969 -12.4539
 7.6217 -12.4407
 7.70775 -12.4281
 7.74095 -12.4976
 7.7619 -12.563
189 54 5
 5.0464 -11.1636
 3.96075 -11.3834
 3.6692 -11.725
 3.6578 -11.8208
 3.6356 -11.8298
190 9 5
 0.3224 -35.5893
 0.69925 -35.7179
 0.7168 -36.0155
 0.9411 -36.1964
 1.0417 -36.2814
190 143 5
 0.3224 -35.5893
 -0.50305 -35.5591
 -0.90085 -35.3899
 -0.99505 -35.3251
 -1.0339 -35.3262
191 102 11
 14.4138 -30.1619
 13.579 -30.1943
 13.261 -30.1388
 12.9815 -30.2785
 12.4181 -30.5072
 11.7902 -30.6511
 10.8108 -30.9911
 9.5394 -31.5406
 8.77085 -31.685
 8.52935 -31.5746
 8.4876 -31.5328
191 141 4
 14.4138 -30.1619
 15.1569 -30.2861
 15.3355 -30.5562
 15.3549 -30.5623
192 90 7
 35.5423 -41.7695
 31.6419 -40.0295
 29.8902 -38.645
 28.8612 -38.569
 27.9616 -38.8265
 27.852 -38.9149
 27.7921 -39.003
192 46 3
 35.5423 -41.7695
 37.9912 -42.4616
 38.1124 -42.4654
193 110 7
 -54.4365 -2.23285
 -55.3804 -2.07835
 -56.1463 -2.1255
 -56.8175 -2.22005
 -57.5019 -2.14305
 -57.9018 -2.0797
 -57.9267 -2.0799
193 99 5
 -54.4365 -2.23285
 -53.5798 -1.9514
 -53.2136 -1.57735
 -52.9051 -1.59995
 -52.6458 -1.6215
194 135 7
 -52.9779 -38.3889
 -49.7007 -37.9539
 -47.3495 -39.0091
 -45.8684 -40.9157
 -45.4007 -40.8368
 -44.7519 -40.5059
 -44.6772 -40.4579
194 59 4
 -52.9779 -38.3889
 -56.4324 -38.2633
 -57.3896 -38.3771
 -57.4057 -38.404
195 5 6
 -17.8171 -28.0753
 -18.4099 -27.6625
 -19.3612 -27.5868
 -20.6031 -27.1679
 -21.1619 -26.8176
 -21.1703 -26.8048
195 85 5
 -17.8171 -28.0753
 -17.3083 -28.8335
 -17.0948 -29.4743
 -17.021 -29.8205
 -16.985 -29.8656
196 161 11
 -14.0887 -2.7175
 -13.0824 -2.55845
 -12.5124 -2.9006
 -12.0609 -3.1496
 -12.0312 -3.1904
 -11.9792 -3.3434
 -11.8536 -3.6462
 -11.7229 -3.92895
 -11.6881 -4.0886
 -11.7165 -4.17055
 -11.7426 -4.1901
196 80 6
 -14.0887 -2.7175
 -15.1115 -2.90805
 -16.0403 -2.5953
 -17.2711 -2.3192
 -17.7553 -2.2636
 -17.793 -2.2381
197 28 15
 -26.8758 -0.31465
 -24.5861 -0.85
 -23.9936 -0.5937
 -22.5991 -0.12645
 -20.9603 0.7299
 -20.5327 1.4964
 -20.395 1.88505
 -20.9111 2.3215
 -21.2791 4.15295
 -20.8031 6.0166
 -20.4671 6.43785
 -19.6926 6.65795
 -18.7117 6.6756
 -18.4792 6.45785
 -18.4624 6.4699
197 134 7
 -26.8758 -0.31465
 -28.8391 0.9953
 -29.6908 0.70105
 -30.3769 -0.33775
 -30.5178 -0.9239
 -30.618 -1.3134
 -30.6311 -1.3342
198 35 16
 -45.5373 4.7871
 -44.2792 4.52645
 -43.7199 5.5098
 -43.3343 6.5821
 -43.0142 7.47645
 -42.7481 7.94485
 -42.1928 8.07935
 -42.1843 8.4828
 -42.162 9.8328
 -41.6911 11.078
 -41.6641 11.2127
 -40.8326 10.7607
 -39.7184 10.6357
 -39.359 11.0509
 -39.3036 11.1119
 -39.2864 11.1281
198 111 11
 -45.5373 4.7871
 -47.0628 5.42585
 -47.948 5.6315
 -48.7165 6.0468
 -49.2228 6.33315
 -49.4521 6.3282
 -49.9752 6.2633
 -50.7857 6.17465
 -51.2934 6.13655
 -51.3257 6.05935
 -51.3255 6.0287
199 35 13
 -36.9408 21.1056
 -37.5798 19.0692
 -37.598 18.4792
 -37.1749 17.4356
 -36.1285 15.9487
 -34.9723 15.2872
 -34.8462 14.5144
 -35.0594 13.6495
 -35.8318 13.1444
 -36.4102 11.9921
 -37.8185 11.1177
 -39.1907 11.2012
 -39.2864 11.1281
199 63 3
 -36.9408 21.1056
 -36.8816 22.4727
 -36.9237 22.4666
200 74 19
 -57.9994 18.654
 -58.5117 17.8953
 -58.6321 17.6768
 -58.6596 17.214
 -58.623 16.6311
 -58.4169 16.2809
 -58.4018 16.0949
 -58.5243 15.6655
 -58.7852 15.2612
 -59.0033 15.108
 -59.1525 15.0459
 -59.4232 15.0302
 -59.6528 15.0208
 -59.9005 14.8144
 -60.4366 14.4536
 -60.7596 14.2885
 -60.8509 14.2819
 -60.9392 14.3076
 -60.9532 14.334
200 120 7
 -57.9994 18.654
 -56.8767 19.3795
 -56.028 19.8101
 -55.6596 20.0205
 -55.3887 20.3549
 -55.2095 20.5854
 -55.1888 20.6181
201 74 9
 -63.0801 14.0744
 -62.3338 14.3807
 -61.5434 14.0155
 -60.9299 13.9307
 -60.8455 14.0005
 -60.7892 14.177
 -60.8509 14.2819
 -60.9392 14.3076
 -60.9532 14.334
201 118 3
 -63.0801 14.0744
 -63.6449 13.4452
 -63.6814 13.4036
202 123 6
 -69.6523 13.9169
 -68.2671 12.9886
 -68.1254 12.8319
 -68.0339 12.7839
 -67.9575 12.7943
 -67.9566 12.8192
202 68 6
 -69.6523 13.9169
 -71.1882 14.6516
 -71.5489 14.6455
 -71.6619 14.7739
 -71.7134 14.8662
 -71.7361 14.8943
203 71 28
 -56.2661 34.6368
 -56.6472 34.0499
 -57.0184 34.0327
 -57.237 33.8962
 -57.3831 33.7479
 -57.7639 33.773
 -57.9959 33.8849
 -58.0205 33.9754
 -58.1841 34.019
 -58.35 34.0786
 -58.4058 34.1815
 -58.5216 34.2688
 -58.625 34.3113
 -58.6667 34.3199
 -58.7238 34.3559
 -58.7837 34.352
 -58.8467 34.3098
 -58.8892 34.2822
 -58.9108 34.236
 -58.9398 34.2043
 -59.0068 34.1972
 -59.0714 34.1935
 -59.1138 34.1929
 -59.1517 34.1751
 -59.145 34.1184
 -59.092 34.0755
 -59.043 34.0609
 -59.0238 34.0611
203 79 13
 -56.2661 34.6368
 -55.7495 35.5183
 -55.0429 35.5023
 -54.4608 35.3314
 -54.0217 35.3274
 -53.5471 35.2069
 -53.2324 35.371
 -52.713 35.3084
 -52.2478 35.0348
 -52.1794 35.0695
 -52.0026 35.365
 -51.9284 35.588
 -52.0183 35.6236
204 153 4
 -74.8819 40.0058
 -75.8031 38.8843
 -76.4759 38.4041
 -76.5418 38.3944
204 136 3
 -74.8819 40.0058
 -74.5164 40.7645
 -74.4654 40.8722
205 31 22
 -32.7775 46.2733
 -32.2287 45.3856
 -31.9391 44.8055
 -32.3769 44.969
 -33.3524 44.3243
 -34.0522 43.7219
 -34.2277 43.5005
 -34.4155 43.3274
 -34.6823 43.2401
 -34.981 43.2057
 -35.1096 43.1892
 -35.2082 43.1228
 -35.2799 43.2692
 -35.2785 43.4783
 -35.2921 43.6179
 -35.3565 43.69
 -35.4558 43.6935
 -35.5588 43.6871
 -35.6351 43.7178
 -35.6878 43.7157
 -35.8364 43.7627
 -35.8689 43.7676
205 27 6
 -32.7775 46.2733
 -33.218 46.9737
 -32.9847 47.3493
 -32.3891 47.8649
 -32.007 48.0956
 -31.9506 48.0503
206 26 4
 -32.3506 48.8727
 -32.3775 49.8144
 -32.1955 50.2945
 -32.1391 50.3346
206 27 4
 -32.3506 48.8727
 -32.0683 48.3261
 -31.9445 48.1658
 -31.9506 48.0503
207 42 20
 -48.2296 56.6796
 -47.448 57.095
 -47.0508 57.7052
 -46.6127 58.1094
 -45.9961 58.1511
 -45.7525 58.3081
 -45.6409 57.7118
 -45.3024 57.1955
 -45.1372 57.1044
 -44.8603 57.0233
 -44.3065 57.2394
 -43.7931 57.521
 -43.5922 57.4653
 -43.2867 57.7001
 -42.4014 58.2057
 -41.962 58.6337
 -42.0571 58.8101
 -42.2433 59.6779
 -42.5087 60.5233
 -42.5405 60.5381
207 158 15
 -48.2296 56.6796
 -49.0266 57.0864
 -49.6669 57.4247
 -49.5821 57.917
 -49.4058 58.6004
 -48.9466 59.1773
 -48.8626 59.3761
 -49.1143 59.5528
 -49.9955 59.6171
 -51.7231 59.6698
 -53.1243 59.66
 -53.6717 59.8909
 -53.9856 60.2404
 -54.1068 60.2833
 -54.1402 60.3252
208 100 10
 -44.5835 71.2101
 -44.6129 70.1926
 -44.38 69.4634
 -44.1955 69.3433
 -44.2397 69.2186
 -44.1114 68.4458
 -43.9468 67.3971
 -43.6522 66.6425
 -43.3507 66.3135
 -43.3077 66.2854
208 117 4
 -44.5835 71.2101
 -44.4087 71.841
 -44.3487 72.1497
 -44.3419 72.1827
209 78 16
 -25.24 55.2706
 -25.4894 54.6248
 -26.0508 53.5983
 -26.3309 52.8066
 -26.6051 52.2992
 -26.8279 51.9332
 -26.8722 51.6632
 -26.9756 51.3131
 -27.0067 50.7261
 -27.0282 50.3786
 -27.083 50.2169
 -27.142 50.1104
 -27.5213 49.8717
 -28.0536 49.5668
 -28.1824 49.4136
 -28.1086 49.3633
209 72 10
 -25.24 55.2706
 -26.5097 55.8431
 -27.7864 56.5951
 -28.2767 56.8289
 -28.8683 56.8079
 -29.1882 56.7426
 -29.7157 57.7779
 -30.6707 59.4921
 -31.2441 60.1977
 -31.2572 60.2327
210 44 14
 -21.9458 46.697
 -22.8816 47.0075
 -23.3939 47.4464
 -23.6994 46.9166
 -24.6861 46.1733
 -25.6498 46.3455
 -25.759 46.6896
 -26.1919 46.6298
 -26.6819 46.5149
 -26.8088 46.5596
 -26.8937 46.6225
 -26.8884 46.7523
 -26.8088 46.8625
 -26.8016 46.8813
210 36 16
 -21.9458 46.697
 -20.9729 46.5915
 -20.1325 46.5305
 -19.525 47.0577
 -19.1698 47.2523
 -18.9105 46.9307
 -18.1936 47.3812
 -17.0769 48.0028
 -16.2091 48.2556
 -16.9942 48.6416
 -17.5168 49.4748
 -17.8143 49.9915
 -17.9654 50.3032
 -18.0895 50.4725
 -18.1503 50.6254
 -18.1509 50.7244
211 31 16
 -35.1162 38.5056
 -35.9195 38.5204
 -36.3781 39.0466
 -36.7892 39.7052
 -36.9219 39.9709
 -36.9134 40.4206
 -36.8157 40.8722
 -36.7811 41.1891
 -36.5681 41.7247
 -36.2349 42.3736
 -36.2709 42.7718
 -36.3721 43.1639
 -36.2786 43.5227
 -36.0803 43.7062
 -35.9177 43.7718
 -35.8689 43.7676
211 38 6
 -35.1162 38.5056
 -33.9134 38.0508
 -33.3991 37.3337
 -33.4904 36.966
 -33.6304 36.8694
 -33.7356 36.819
212 67 25
 -46.6823 39.0089
 -47.403 38.6319
 -47.75 38.4092
 -47.9496 38.2843
 -48.0967 38.3128
 -48.0334 38.5326
 -47.9929 39.4233
 -48.3119 40.2952
 -48.5902 40.6877
 -48.7422 40.9391
 -48.848 40.8892
 -48.917 40.855
 -48.9955 40.893
 -49.0537 40.9139
 -49.0843 40.9815
 -49.1359 41.0805
 -49.2006 41.0905
 -49.2197 41.097
 -49.1985 41.149
 -49.1451 41.2043
 -49.0938 41.2357
 -49.0659 41.2683
 -49.0301 41.3015
 -48.9946 41.3045
 -48.9734 41.3015
212 39 9
 -46.6823 39.0089
 -45.8509 39.1043
 -45.269 38.637
 -44.963 38.3099
 -44.6616 38.3507
 -44.3155 38.5266
 -44.2514 38.6771
 -44.2247 38.7864
 -44.1896 38.8724
213 150 7
 7.4669 12.9732
 6.5514 12.8773
 6.25015 12.592
 6.1222 12.4151
 5.9469 12.2488
 5.90265 12.1257
 5.9131 12.0828
213 156 25
 7.4669 12.9732
 8.19865 12.8755
 8.53985 13.1405
 9.0621 13.7186
 9.35775 14.0448
 9.70225 14.1784
 10.3446 14.57
 10.3991 15.4348
 10.2522 16.2163
 10.5329 16.5592
 10.7628 16.778
 10.9604 16.7833
 11.0273 16.8347
 11.0583 17.0797
 11.0243 17.7498
 10.1908 18.3073
 9.0412 18.4375
 8.52115 18.6367
 8.3893 18.7632
 8.30265 18.8036
 8.1445 18.912
 7.9071 18.9544
 7.778 18.825
 7.7367 18.7268
 7.7321 18.699
214 94 10
 9.5496 37.6128
 10.2934 37.5536
 10.4508 37.7661
 10.4724 37.9811
 10.418 38.1367
 10.5145 38.1769
 10.6136 38.2848
 10.7411 38.3034
 10.8498 38.2616
 10.8764 38.2534
214 76 4
 9.5496 37.6128
 8.9161 37.6169
 8.85515 37.409
 8.8077 37.3939
215 94 29
 7.03125 40.6923
 7.88695 40.7659
 8.47685 40.4267
 9.0805 40.3475
 9.4042 40.3926
 9.7703 40.5009
 9.99795 40.5641
 9.9977 40.422
 10.1193 40.4359
 10.3566 40.5569
 10.3932 40.2358
 10.5183 39.6345
 10.7641 39.3633
 10.96 39.3855
 11.1867 39.3694
 11.2334 39.2998
 11.2393 39.2381
 11.281 39.1604
 11.2512 39.0525
 11.1688 38.9614
 11.1152 38.8276
 11.0959 38.6784
 11.1099 38.5554
 11.1645 38.436
 11.2463 38.3208
 11.164 38.1989
 10.9879 38.1818
 10.9086 38.2275
 10.8764 38.2534
215 154 4
 7.03125 40.6923
 6.22015 40.4985
 6.08925 40.5445
 6.0881 40.5066
216 62 9
 12.4275 51.7183
 11.7098 51.635
 11.4248 51.6732
 11.2423 51.6583
 11.2094 51.4939
 11.2216 51.265
 11.1142 51.1105
 11.0078 50.941
 11.0008 50.8681
216 139 4
 12.4275 51.7183
 13.1777 51.5347
 13.3677 51.1944
 13.3695 51.1804
217 33 16
 22.3694 43.1543
 22.6838 42.4439
 22.7857 42.2539
 22.8438 42.1894
 23.3313 41.9549
 23.7981 41.6989
 23.9987 41.5222
 24.2345 41.3601
 24.2922 41.3589
 24.755 41.4985
 25.2546 41.5999
 25.3654 41.6049
 25.6911 41.6005
 26.2167 41.7172
 26.4855 41.8861
 26.4917 41.9029
217 130 5
 22.3694 43.1543
 21.9557 43.9275
 21.5368 44.0444
 21.2205 43.908
 21.1479 43.8492
218 33 17
 21.713 41.226
 22.2516 41.3754
 22.4743 41.6852
 22.743 42.0584
 22.8438 42.1894
 23.3313 41.9549
 23.7981 41.6989
 23.9987 41.5222
 24.2345 41.3601
 24.2922 41.3589
 24.755 41.4985
 25.2546 41.5999
 25.3654 41.6049
 25.6911 41.6005
 26.2167 41.7172
 26.4855 41.8861
 26.4917 41.9029
218 45 3
 21.713 41.226
 21.131 41.1533
 21.0647 41.1562
219 113 11
 28.081 42.1154
 28.6514 42.5317
 28.5023 41.8333
 28.4489 40.9286
 27.8612 40.2743
 27.3696 39.5732
 27.593 39.3143
 27.3456 39.2533
 27.2699 38.5683
 27.3323 37.8534
 27.2843 37.7765
219 33 5
 28.081 42.1154
 27.1627 41.7399
 26.6829 41.8586
 26.5361 41.9295
 26.4917 41.9029
220 147 11
 15.3874 30.1493
 15.0528 31.015
 14.948 31.3643
 14.8417 31.5971
 14.657 31.8535
 14.4361 31.9836
 14.3098 32.4407
 14.0959 33.359
 13.7211 33.9911
 13.4949 34.1408
 13.477 34.1441
220 127 4
 15.3874 30.1493
 16.1462 29.9574
 16.6535 30.3522
 16.6953 30.3405
221 127 6
 16.6001 27.9457
 17.1097 29.0443
 17.1576 29.2612
 16.9482 29.801
 16.7323 30.3122
 16.6953 30.3405
221 160 6
 16.6001 27.9457
 15.6842 26.9084
 15.0847 26.6854
 14.805 26.5249
 14.5651 26.5342
 14.4901 26.5797
222 58 28
 21.894 13.4307
 21.2262 12.4104
 22.0992 11.6137
 22.5439 11.208
 22.7033 10.885
 22.0069 9.7105
 20.9782 8.42955
 20.6332 8.41545
 20.7876 8.04235
 20.8808 7.61115
 21.0496 7.22365
 21.2845 6.08355
 21.6989 4.738
 21.8239 4.4636
 21.89 4.37155
 22.0567 4.27935
 22.0757 4.21385
 21.9799 4.11515
 21.9682 4.0141
 21.9816 3.92615
 21.9716 3.91875
 21.7411 3.8469
 21.5684 3.31145
 21.8495 2.8216
 22.0773 2.7251
 21.9725 2.50545
 21.8619 2.3228
 21.8436 2.3359
222 16 13
 21.894 13.4307
 23.076 14.0863
 23.0885 14.7144
 23.4416 15.5906
 23.1786 16.224
 23.1872 17.0951
 24.7027 18.151
 26.2871 19.1249
 27.3354 19.667
 27.8047 19.7382
 28.1684 20.3153
 28.4207 20.9055
 28.505 20.9283
223 146 8
 31.6186 12.4521
 30.9228 11.8724
 30.836 11.5096
 30.7613 10.9066
 30.7325 10.276
 30.6824 9.9451
 30.5435 9.80875
 30.5389 9.8085
223 86 8
 31.6186 12.4521
 32.3867 13.1707
 32.9165 13.8505
 33.2788 14.243
 33.6255 14.7241
 34.1905 15.368
 34.4253 15.5273
 34.4118 15.477
224 43 12
 35.4574 9.9082
 35.8134 8.2093
 36.0426 7.7691
 36.0197 7.65965
 36.1705 7.2977
 36.3325 6.97185
 36.45 6.66625
 36.6283 6.28605
 36.6736 6.0728
 36.6468 5.8689
 36.6745 5.7805
 36.7148 5.7749
224 86 12
 35.4574 9.9082
 35.0925 11.4754
 34.6222 11.9235
 34.3258 12.2208
 34.2469 12.3239
 33.7091 12.9154
 33.2121 13.8508
 33.2788 14.243
 33.6255 14.7241
 34.1905 15.368
 34.4253 15.5273
 34.4118 15.477
225 43 8
 35.7432 3.456
 36.4552 5.08395
 36.748 5.2124
 36.8732 5.28625
 36.8433 5.3746
 36.754 5.57565
 36.7188 5.7608
 36.7148 5.7749
225 129 6
 35.7432 3.456
 35.2146 1.9225
 35.219 1.2805
 35.6138 0.5168
 36.1478 0.1232
 36.3037 -0.1302
226 14 12
 37.6398 -1.2902
 38.0937 -2.8517
 39.2493 -2.9935
 39.8926 -3.8932
 40.4669 -4.44365
 40.7251 -4.66655
 40.8551 -5.0366
 41.1541 -5.56515
 41.4675 -5.83
 41.6526 -5.96545
 41.7226 -6.027
 41.7278 -6.039
226 129 3
 37.6398 -1.2902
 36.3185 -0.1344
 36.3037 -0.1302
227 115 16
 18.0544 -8.50945
 16.6451 -7.94665
 16.0399 -7.57845
 15.9098 -7.6132
 15.315 -7.47935
 14.3994 -7.3208
 13.6436 -7.4493
 13.4247 -7.7744
 13.2925 -8.8616
 12.9423 -9.8551
 12.7346 -9.90935
 12.6152 -9.85345
 12.3733 -10.6923
 12.0352 -11.6866
 11.9483 -11.8785
 11.9474 -11.9101
227 142 4
 18.0544 -8.50945
 19.1884 -9.0009
 19.5317 -9.2775
 19.5785 -9.2495
228 55 9
 -4.60195 7.17255
 -5.7983 6.06295
 -5.7973 5.38205
 -5.85305 6.02465
 -5.96795 6.6366
 -6.35085 6.40375
 -7.01075 6.35855
 -7.36755 6.56295
 -7.4004 6.5809
228 61 6
 -4.60195 7.17255
 -3.2474 7.65295
 -3.0944 7.67565
 -3.03755 7.78875
 -2.99455 7.91825
 -3.0004 7.9351
229 8 12
 -10.0674 5.069
 -10.3848 4.51715
 -10.568 4.2475
 -10.6059 3.9658
 -10.9838 2.99195
 -11.4283 2.1805
 -11.41 2.17535
 -10.2794 2.42445
 -9.12685 2.69755
 -8.9174 2.8937
 -8.80825 3.057
 -8.8076 3.0599
229 108 12
 -10.0674 5.069
 -10.3664 5.92505
 -10.8558 6.38865
 -11.1451 6.99615
 -11.4396 7.6269
 -11.526 7.79595
 -12.3494 8.1314
 -12.7675 9.5588
 -12.125 10.9385
 -11.5616 10.8927
 -11.222 10.8066
 -11.1395 10.9005
230 122 9
 5.6804 -7.24365
 5.6216 -6.5374
 5.6226 -6.08815
 5.7061 -5.8629
 5.69715 -5.722
 5.578 -5.6612
 5.62765 -5.488
 5.69935 -5.35145
 5.6747 -5.2964
230 48 24
 5.6804 -7.24365
 5.77545 -7.8754
 6.32765 -8.2737
 6.7097 -8.7207
 6.58115 -9.21505
 6.55295 -9.34755
 6.25125 -9.5375
 6.00575 -9.95945
 6.26005 -10.3792
 6.459 -10.7913
 6.2025 -11.2044
 6.0548 -11.4246
 6.3363 -11.3476
 6.71815 -11.3401
 7.0708 -11.5672
 7.20495 -11.8892
 7.1073 -12.1899
 7.16265 -12.347
 7.36925 -12.4289
 7.4969 -12.4539
 7.6217 -12.4407
 7.70775 -12.4281
 7.74095 -12.4976
 7.7619 -12.563
231 95 3
 -2.91795 -15.1425
 -3.1143 -15.5446
 -3.1393 -15.5776
231 155 4
 -2.91795 -15.1425
 -2.5602 -14.5248
 -2.3637 -14.2278
 -2.3536 -14.1794
232 13 6
 -5.79635 -27.9138
 -6.948 -27.9218
 -7.31265 -28.0581
 -7.42375 -28.0568
 -7.4699 -28.0605
 -7.4877 -28.055
232 51 4
 -5.79635 -27.9138
 -4.8602 -27.9169
 -4.68265 -27.8135
 -4.5715 -27.846
233 13 18
 -5.15875 -19.0444
 -5.3637 -20.0413
 -5.29605 -20.8297
 -5.1985 -21.3156
 -5.8088 -21.8288
 -6.29545 -22.5051
 -6.02025 -23.2057
 -5.5389 -23.9176
 -5.48605 -24.2218
 -5.94115 -24.7864
 -6.195 -25.4692
 -6.7155 -25.9663
 -6.8668 -26.8955
 -6.8085 -27.6289
 -7.2655 -27.7696
 -7.4843 -27.8873
 -7.5009 -28.0047
 -7.4877 -28.055
233 95 9
 -5.15875 -19.0444
 -4.9765 -18.3183
 -4.4551 -17.6311
 -4.4053 -16.6609
 -4.38475 -16.4426
 -3.32545 -16.1483
 -2.9051 -15.6527
 -3.1156 -15.5811
 -3.1393 -15.5776
234 0 21
 -7.9023 -29.6898
 -7.7017 -30.584
 -7.31095 -30.861
 -7.45255 -31.0228
 -7.95715 -31.4909
 -8.391 -31.9804
 -8.57635 -32.0826
 -8.9702 -32.4259
 -9.3475 -32.8412
 -9.59985 -32.9184
 -9.91615 -32.7221
 -10.0207 -32.5079
 -10.0235 -32.4825
 -10.0774 -32.5032
 -10.2952 -32.6343
 -10.691 -32.6673
 -10.9558 -32.5415
 -11.0843 -32.5564
 -11.1825 -32.6901
 -11.2325 -32.766
 -11.257 -32.7762
234 13 5
 -7.9023 -29.6898
 -7.6169 -28.7173
 -7.4684 -28.2583
 -7.4699 -28.0605
 -7.4877 -28.055
235 0 19
 -7.25175 -34.0013
 -8.1059 -33.9016
 -8.28835 -33.5709
 -8.3182 -33.5948
 -8.32315 -33.426
 -8.7191 -33.2749
 -9.2477 -33.0411
 -9.59985 -32.9184
 -9.91615 -32.7221
 -10.0207 -32.5079
 -10.0235 -32.4825
 -10.0774 -32.5032
 -10.2952 -32.6343
 -10.691 -32.6673
 -10.9558 -32.5415
 -11.0843 -32.5564
 -11.1825 -32.6901
 -11.2325 -32.766
 -11.257 -32.7762
235 21 8
 -7.25175 -34.0013
 -6.2014 -34.4963
 -5.63585 -35.1686
 -5.37625 -35.2691
 -5.2314 -35.2727
 -4.99645 -35.1931
 -4.8291 -35.1248
 -4.8179 -35.0928
236 109 7
 23.6815 -18.4475
 22.4921 -19.2936
 21.4886 -19.4754
 21.5742 -19.7401
 21.7417 -19.8769
 21.6538 -20.103
 21.5435 -20.2942
236 50 7
 23.6815 -18.4475
 24.2194 -17.3492
 24.371 -16.7792
 24.1187 -15.7062
 23.8552 -14.9349
 23.6218 -14.8987
 23.5405 -14.8595
237 141 7
 17.1035 -32.4462
 17.2543 -31.2607
 17.061 -30.7062
 16.2891 -30.6054
 15.4335 -30.5233
 15.3429 -30.5522
 15.3549 -30.5623
237 24 6
 17.1035 -32.4462
 16.9939 -33.76
 17.8574 -34.411
 18.8015 -34.589
 19.1634 -34.8127
 19.229 -34.8265
238 24 16
 24.1502 -40.529
 22.9489 -40.9199
 21.5627 -41.5496
 20.7995 -41.4932
 19.7428 -40.8727
 19.5164 -38.8642
 20.0831 -37.2383
 20.2069 -36.6908
 20.1436 -36.0069
 19.8736 -35.7734
 19.6833 -35.5309
 19.5201 -35.2501
 19.4129 -35.0703
 19.3606 -34.9624
 19.2766 -34.8552
 19.229 -34.8265
238 90 6
 24.1502 -40.529
 24.9551 -39.6917
 25.808 -38.7235
 26.6131 -38.8211
 27.4417 -39.0053
 27.7921 -39.003
239 48 23
 7.8104 -7.9657
 6.86865 -8.34805
 6.7097 -8.7207
 6.58115 -9.21505
 6.55295 -9.34755
 6.25125 -9.5375
 6.00575 -9.95945
 6.26005 -10.3792
 6.459 -10.7913
 6.2025 -11.2044
 6.0548 -11.4246
 6.3363 -11.3476
 6.71815 -11.3401
 7.0708 -11.5672
 7.20495 -11.8892
 7.1073 -12.1899
 7.16265 -12.347
 7.36925 -12.4289
 7.4969 -12.4539
 7.6217 -12.4407
 7.70775 -12.4281
 7.74095 -12.4976
 7.7619 -12.563
239 41 3
 7.8104 -7.9657
 8.7539 -7.60095
 8.7997 -7.6159
240 28 3
 -17.387 5.536
 -18.1949 6.12805
 -18.4624 6.4699
240 4 4
 -17.387 5.536
 -16.353 5.40655
 -15.8597 5.5423
 -15.86 5.5573
241 79 38
 -54.2112 40.7644
 -53.8877 40.2369
 -53.5371 40.1062
 -53.4158 40
 -53.2049 39.8902
 -53.0282 39.8944
 -53.1311 39.8534
 -52.8783 39.4818
 -52.438 39.1828
 -52.0797 39.1607
 -51.8124 39.1657
 -51.7458 39.2444
 -51.605 39.2363
 -51.4249 39.2685
 -51.3377 39.2673
 -51.3235 39.1886
 -51.4471 38.9797
 -51.5193 38.6712
 -51.6286 38.294
 -51.7525 37.9959
 -51.8358 37.7962
 -51.8695 37.6076
 -51.7736 37.5727
 -51.8128 37.4765
 -51.8399 37.3467
 -51.8956 37.2943
 -51.9065 37.216
 -51.8994 37.1007
 -51.9412 36.9281
 -51.9957 36.7462
 -52.0135 36.5211
 -52.0058 36.2402
 -51.8909 36.0248
 -51.7793 35.8014
 -51.7831 35.6581
 -51.8932 35.6392
 -52.0086 35.6317
 -52.0183 35.6236
241 162 19
 -54.2112 40.7644
 -54.3521 41.4037
 -54.5092 41.7762
 -54.653 41.907
 -54.7992 41.8709
 -54.7504 41.9635
 -54.7322 42.0754
 -54.8096 42.1253
 -54.9171 42.1537
 -54.9997 42.3358
 -55.2112 42.447
 -55.4593 42.3996
 -55.5948 42.4104
 -55.6814 42.4108
 -55.8106 42.381
 -55.9422 42.4032
 -55.9957 42.4523
 -56.0576 42.4995
 -56.0869 42.5332
242 104 16
 -17.1952 52.5802
 -17.2535 53.2805
 -17.49 53.4205
 -17.6643 53.4677
 -17.8362 53.3484
 -18.1885 53.2724
 -18.4492 53.8461
 -18.4066 54.9374
 -18.3735 55.4478
 -19.0273 56.3277
 -19.5679 57.1879
 -19.5561 57.3353
 -19.5 57.5013
 -19.4324 57.6857
 -19.3855 57.8554
 -19.3567 57.8633
242 36 4
 -17.1952 52.5802
 -17.6114 51.3573
 -18.0965 50.7701
 -18.1509 50.7244
243 48 25
 10.3167 -10.091
 9.2648 -10.0562
 8.60885 -9.91705
 8.4691 -9.8692
 7.77225 -10.0043
 6.88805 -9.75735
 6.55295 -9.34755
 6.25125 -9.5375
 6.00575 -9.95945
 6.26005 -10.3792
 6.459 -10.7913
 6.2025 -11.2044
 6.0548 -11.4246
 6.3363 -11.3476
 6.71815 -11.3401
 7.0708 -11.5672
 7.20495 -11.8892
 7.1073 -12.1899
 7.16265 -12.347
 7.36925 -12.4289
 7.4969 -12.4539
 7.6217 -12.4407
 7.70775 -12.4281
 7.74095 -12.4976
 7.7619 -12.563
243 115 8
 10.3167 -10.091
 11.17 -9.95995
 12.113 -9.8849
 12.6152 -9.85345
 12.3733 -10.6923
 12.0352 -11.6866
 11.9483 -11.8785
 11.9474 -11.9101
244 84 39
 -5.1353 -40.7795
 -5.49925 -39.5014
 -6.0062 -39.0922
 -5.9883 -39.0345
 -5.9838 -38.7616
 -6.16935 -38.3644
 -6.4889 -38.0302
 -6.76685 -37.6912
 -7.021 -37.3877
 -7.14675 -37.1834
 -7.3741 -37.2411
 -7.71605 -37.318
 -8.0393 -37.7156
 -8.0776 -38.3831
 -8.74015 -37.8341
 -9.4796 -37.7731
 -9.70735 -38.1186
 -9.72835 -38.3335
 -9.85715 -38.1348
 -10.0205 -37.9242
 -10.1608 -37.954
 -10.2824 -38.0488
 -10.3821 -38.1679
 -10.4515 -38.195
 -10.5147 -38.2047
 -10.5438 -38.2309
 -10.5223 -38.3063
 -10.4796 -38.425
 -10.4916 -38.5041
 -10.5436 -38.5416
 -10.6107 -38.5589
 -10.6982 -38.5517
 -10.7577 -38.5317
 -10.8002 -38.499
 -10.8349 -38.4286
 -10.8076 -38.3428
 -10.756 -38.3007
 -10.7261 -38.2789
 -10.7218 -38.2594
244 81 6
 -5.1353 -40.7795
 -4.7282 -42.0026
 -4.0035 -42.3523
 -3.83155 -42.4291
 -3.73955 -42.4201
 -3.6641 -42.3828
245 73 45
 -67.2015 -5.2414
 -65.8607 -6.68975
 -64.158 -7.18805
 -62.8661 -7.3773
 -62.1377 -7.4628
 -61.9732 -7.4988
 -61.9816 -7.2118
 -61.9805 -6.7192
 -61.4618 -6.4438
 -61.0104 -6.2206
 -60.8243 -5.88285
 -60.658 -5.5365
 -60.6297 -5.09995
 -60.5535 -4.6793
 -60.5135 -4.0968
 -60.5327 -3.69225
 -60.6228 -3.55215
 -60.7258 -3.3005
 -60.9908 -2.8487
 -61.1939 -2.47535
 -61.1278 -2.35795
 -61.0299 -2.15285
 -60.8576 -2.0203
 -61.0329 -1.9763
 -61.0249 -1.8065
 -60.9851 -1.6655
 -61.0324 -1.52705
 -60.9172 -1.23615
 -60.7654 -0.99545
 -60.7617 -0.8756
 -60.7597 -0.7945
 -60.6329 -0.73175
 -60.473 -0.695
 -60.413 -0.6524
 -60.4377 -0.51765
 -60.5098 -0.39325
 -60.5871 -0.34675
 -60.685 -0.32435
 -60.7455 -0.32625
 -60.7762 -0.33625
 -60.8099 -0.34605
 -60.8476 -0.34115
 -60.8622 -0.3085
 -60.8558 -0.2691
 -60.8603 -0.2576
245 148 10
 -67.2015 -5.2414
 -68.4573 -3.64655
 -69.7726 -3.68065
 -70.1417 -4.26205
 -70.1656 -4.3509
 -70.3364 -4.30075
 -70.8242 -3.8547
 -71.2742 -3.5349
 -71.4003 -3.6017
 -71.4143 -3.5937
246 73 27
 -59.2261 -2.0537
 -59.87 -2.1465
 -60.422 -2.2404
 -60.724 -2.05815
 -60.8576 -2.0203
 -61.0329 -1.9763
 -61.0249 -1.8065
 -60.9851 -1.6655
 -61.0324 -1.52705
 -60.9172 -1.23615
 -60.7654 -0.99545
 -60.7617 -0.8756
 -60.7597 -0.7945
 -60.6329 -0.73175
 -60.473 -0.695
 -60.413 -0.6524
 -60.4377 -0.51765
 -60.5098 -0.39325
 -60.5871 -0.34675
 -60.685 -0.32435
 -60.7455 -0.32625
 -60.7762 -0.33625
 -60.8099 -0.34605
 -60.8476 -0.34115
 -60.8622 -0.3085
 -60.8558 -0.2691
 -60.8603 -0.2576
246 110 5
 -59.2261 -2.0537
 -58.5776 -2.37475
 -58.1982 -2.5215
 -58.0063 -2.28715
 -57.9267 -2.0799
247 97 23
 -23.4142 -22.8419
 -25.2984 -22.2421
 -26.6866 -21.5128
 -27.3476 -20.4578
 -28.1979 -18.7609
 -28.4403 -17.9434
 -27.9809 -17.084
 -27.8635 -15.3644
 -28.2432 -14.0893
 -28.5016 -13.569
 -29.032 -13.2329
 -29.219 -12.8263
 -29.0644 -12.104
 -29.2075 -11.1993
 -29.4253 -10.7927
 -29.4641 -9.6
 -29.1905 -8.29275
 -28.9263 -8.15965
 -29.2475 -8.2341
 -30.0543 -8.177
 -30.8922 -8.10235
 -31.2587 -8.1451
 -31.2793 -8.1233
247 5 6
 -23.4142 -22.8419
 -22.4468 -24.0042
 -22.0819 -25.3555
 -21.735 -26.1293
 -21.2519 -26.7552
 -21.1703 -26.8048
248 67 22
 -45.1197 45.1663
 -46.0316 46.1566
 -46.4914 46.195
 -46.9761 45.9982
 -46.8564 45.1465
 -46.4848 44.4289
 -46.5442 44.0057
 -47.0432 43.3503
 -47.5819 42.9744
 -47.7476 42.7718
 -47.7878 42.676
 -47.8771 42.6102
 -48.2316 42.3764
 -48.5839 42.159
 -48.5855 42.0387
 -48.4967 41.782
 -48.5574 41.5835
 -48.6734 41.5634
 -48.7784 41.4937
 -48.8947 41.3472
 -48.9585 41.2973
 -48.9734 41.3015
248 96 3
 -45.1197 45.1663
 -44.3896 44.2606
 -44.3854 44.2506
249 23 26
 -31.9235 36.4941
 -30.4348 35.9097
 -29.4128 35.4565
 -29.0628 35.3874
 -28.9692 35.3081
 -28.6796 35.2318
 -28.4008 35.1433
 -28.2037 35.0526
 -27.4353 34.7526
 -26.3575 34.4312
 -25.9016 34.2959
 -25.7551 33.947
 -25.2808 33.22
 -24.6033 32.6997
 -24.3129 32.3332
 -23.6771 32.6185
 -22.611 32.3575
 -21.6964 31.9195
 -20.9073 31.557
 -20.6707 31.2459
 -20.4683 31.4452
 -19.4166 31.9095
 -18.6163 32.752
 -18.797 33.3287
 -18.8403 33.4995
 -18.8775 33.5451
249 38 5
 -31.9235 36.4941
 -33.0165 36.6992
 -33.4241 36.8383
 -33.6304 36.8694
 -33.7356 36.819
250 127 7
 18.7869 30.0901
 17.9749 29.9068
 17.4305 29.5297
 17.1576 29.2612
 16.9482 29.801
 16.7323 30.3122
 16.6953 30.3405
250 25 8
 18.7869 30.0901
 19.6687 29.7684
 20.291 29.2955
 20.3806 29.1744
 19.9137 28.6196
 19.6098 28.1218
 19.6241 28.0358
 19.6367 27.9941
251 11 16
 5.91095 11.0531
 6.24215 10.3322
 6.7109 9.8891
 6.86595 9.8666
 6.60765 9.2542
 6.1467 8.66235
 5.9214 8.6035
 6.02055 8.0477
 5.8506 7.3407
 5.55245 7.08645
 5.5373 6.7706
 5.6624 6.1908
 5.82885 5.5315
 5.38315 4.51255
 4.9498 3.772
 5.0105 3.7013
251 150 5
 5.91095 11.0531
 5.7965 11.6512
 5.72185 12.038
 5.82075 12.0936
 5.9131 12.0828
252 125 12
 1.27465 -0.63325
 -0.11725 -1.21635
 -0.26175 -1.23635
 -0.3842 -1.23475
 -0.8234 -1.31495
 -1.71935 -1.06155
 -2.4323 -0.7077
 -2.6245 -0.5564
 -3.0637 -0.32215
 -3.7822 0.23785
 -4.04255 0.4772
 -4.0277 0.5121
252 159 5
 1.27465 -0.63325
 2.85115 0.0641
 3.1829 0.37425
 3.251 0.5876
 3.2621 0.6364
253 4 9
 -12.4605 3.6234
 -13.1416 4.08725
 -13.4188 4.62785
 -13.7649 4.92175
 -14.3741 5.60905
 -14.6889 6.21595
 -15.1781 5.935
 -15.7554 5.6106
 -15.86 5.5573
253 8 10
 -12.4605 3.6234
 -11.9998 2.8753
 -11.7334 2.2187
 -11.4283 2.1805
 -11.41 2.17535
 -10.2794 2.42445
 -9.12685 2.69755
 -8.9174 2.8937
 -8.80825 3.057
 -8.8076 3.0599
254 84 28
 -10.4709 -36.6505
 -10.7179 -37.0117
 -10.5574 -37.1385
 -10.618 -37.2755
 -10.717 -37.5713
 -10.7003 -37.7713
 -10.6742 -37.811
 -10.6288 -37.8106
 -10.5763 -37.7887
 -10.5257 -37.8405
 -10.5142 -37.9077
 -10.5633 -38.0015
 -10.5825 -38.0849
 -10.5454 -38.1558
 -10.5438 -38.2309
 -10.5223 -38.3063
 -10.4796 -38.425
 -10.4916 -38.5041
 -10.5436 -38.5416
 -10.6107 -38.5589
 -10.6982 -38.5517
 -10.7577 -38.5317
 -10.8002 -38.499
 -10.8349 -38.4286
 -10.8076 -38.3428
 -10.756 -38.3007
 -10.7261 -38.2789
 -10.7218 -38.2594
254 0 28
 -10.4709 -36.6505
 -10.0655 -36.265
 -10.053 -36.094
 -9.83795 -35.6823
 -9.52255 -35.2633
 -9.22965 -34.9248
 -8.88335 -34.5943
 -8.7552 -34.5547
 -8.68025 -34.5266
 -8.61165 -34.3568
 -8.5611 -34.0505
 -8.42935 -33.8036
 -8.3182 -33.5948
 -8.32315 -33.426
 -8.7191 -33.2749
 -9.2477 -33.0411
 -9.59985 -32.9184
 -9.91615 -32.7221
 -10.0207 -32.5079
 -10.0235 -32.4825
 -10.0774 -32.5032
 -10.2952 -32.6343
 -10.691 -32.6673
 -10.9558 -32.5415
 -11.0843 -32.5564
 -11.1825 -32.6901
 -11.2325 -32.766
 -11.257 -32.7762
255 143 8
 -2.61055 -35.1191
 -2.26715 -34.1025
 -2.2036 -32.7395
 -2.2117 -33.2656
 -1.72825 -33.9066
 -1.25735 -34.7832
 -1.11245 -35.1686
 -1.0339 -35.3262
255 21 5
 -2.61055 -35.1191
 -3.2192 -35.4813
 -4.10555 -35.3667
 -4.784 -35.0852
 -4.8179 -35.0928
256 9 20
 8.44865 -44.9841
 6.78235 -44.5748
 5.7555 -43.8988
 5.2616 -43.5049
 4.9007 -43.0539
 4.4385 -42.3466
 4.25795 -41.8811
 3.9725 -41.8274
 3.4963 -41.4356
 3.85055 -40.0463
 4.67955 -39.084
 4.8583 -38.9931
 4.485 -38.6833
 4.1932 -38.1528
 3.7927 -37.6011
 2.7231 -37.2108
 1.7192 -36.6571
 1.2444 -36.2953
 1.0741 -36.2833
 1.0417 -36.2814
256 83 7
 8.44865 -44.9841
 9.2316 -45.446
 9.4726 -46.197
 10.2996 -46.9412
 10.565 -47.5182
 10.5018 -47.6063
 10.4622 -47.6175
257 73 50
 -63.8384 -13.5185
 -64.8503 -11.8278
 -64.3969 -11.2588
 -64.0988 -10.8451
 -63.5218 -10.4154
 -62.8058 -10.162
 -62.8339 -9.7662
 -62.998 -8.9472
 -62.8221 -8.2128
 -62.3242 -7.7392
 -61.9732 -7.4988
 -61.9816 -7.2118
 -61.9805 -6.7192
 -61.4618 -6.4438
 -61.0104 -6.2206
 -60.8243 -5.88285
 -60.658 -5.5365
 -60.6297 -5.09995
 -60.5535 -4.6793
 -60.5135 -4.0968
 -60.5327 -3.69225
 -60.6228 -3.55215
 -60.7258 -3.3005
 -60.9908 -2.8487
 -61.1939 -2.47535
 -61.1278 -2.35795
 -61.0299 -2.15285
 -60.8576 -2.0203
 -61.0329 -1.9763
 -61.0249 -1.8065
 -60.9851 -1.6655
 -61.0324 -1.52705
 -60.9172 -1.23615
 -60.7654 -0.99545
 -60.7617 -0.8756
 -60.7597 -0.7945
 -60.6329 -0.73175
 -60.473 -0.695
 -60.413 -0.6524
 -60.4377 -0.51765
 -60.5098 -0.39325
 -60.5871 -0.34675
 -60.685 -0.32435
 -60.7455 -0.32625
 -60.7762 -0.33625
 -60.8099 -0.34605
 -60.8476 -0.34115
 -60.8622 -0.3085
 -60.8558 -0.2691
 -60.8603 -0.2576
257 82 9
 -63.8384 -13.5185
 -62.5715 -15.0949
 -62.4529 -15.8022
 -62.3203 -16.4932
 -62.0923 -16.6916
 -61.0093 -17.01
 -59.8968 -17.3935
 -59.7574 -17.4909
 -59.7288 -17.5589
258 148 14
 -70.9352 -7.44815
 -70.9398 -7.05265
 -70.9998 -6.61925
 -70.9527 -6.21035
 -70.8605 -6.1033
 -70.9046 -5.89605
 -71.0021 -5.52185
 -70.9749 -4.82
 -70.6914 -4.274
 -70.3364 -4.30075
 -70.8242 -3.8547
 -71.2742 -3.5349
 -71.4003 -3.6017
 -71.4143 -3.5937
258 34 4
 -70.9352 -7.44815
 -70.8495 -7.89845
 -70.7559 -8.08265
 -70.7602 -8.0941
259 20 5
 -56.1197 -8.54835
 -55.2963 -7.59005
 -55.4803 -6.8932
 -55.6398 -6.2578
 -55.6504 -6.2432
259 70 3
 -56.1197 -8.54835
 -57.0387 -9.4255
 -57.0992 -9.4204
260 73 43
 -56.6693 -5.86965
 -57.7134 -5.39595
 -58.065 -4.8693
 -58.1557 -4.9169
 -58.8537 -5.15465
 -59.6109 -5.5704
 -59.8293 -5.87755
 -59.7748 -6.14515
 -60.2747 -5.8482
 -60.658 -5.5365
 -60.6297 -5.09995
 -60.5535 -4.6793
 -60.5135 -4.0968
 -60.5327 -3.69225
 -60.6228 -3.55215
 -60.7258 -3.3005
 -60.9908 -2.8487
 -61.1939 -2.47535
 -61.1278 -2.35795
 -61.0299 -2.15285
 -60.8576 -2.0203
 -61.0329 -1.9763
 -61.0249 -1.8065
 -60.9851 -1.6655
 -61.0324 -1.52705
 -60.9172 -1.23615
 -60.7654 -0.99545
 -60.7617 -0.8756
 -60.7597 -0.7945
 -60.6329 -0.73175
 -60.473 -0.695
 -60.413 -0.6524
 -60.4377 -0.51765
 -60.5098 -0.39325
 -60.5871 -0.34675
 -60.685 -0.32435
 -60.7455 -0.32625
 -60.7762 -0.33625
 -60.8099 -0.34605
 -60.8476 -0.34115
 -60.8622 -0.3085
 -60.8558 -0.2691
 -60.8603 -0.2576
260 20 8
 -56.6693 -5.86965
 -55.8619 -5.65975
 -55.757 -5.4931
 -55.7488 -5.4993
 -55.748 -5.80455
 -55.7055 -6.14405
 -55.6537 -6.21545
 -55.6504 -6.2432
261 82 13
 -50.3808 -17.6425
 -51.3331 -15.5059
 -52.5854 -16.1833
 -54.1425 -16.4037
 -55.5532 -17.0026
 -56.8533 -17.2323
 -58.2619 -17.1228
 -59.3139 -17.0694
 -59.741 -17.2173
 -59.8372 -17.27
 -59.84 -17.35
 -59.7574 -17.4909
 -59.7288 -17.5589
261 128 10
 -50.3808 -17.6425
 -48.5856 -19.2795
 -48.1779 -19.7452
 -48.0248 -19.9788
 -47.7672 -19.9447
 -47.0485 -19.6514
 -46.3294 -19.2355
 -46.1568 -18.4681
 -46.1997 -17.9613
 -46.1952 -17.9246
262 87 4
 -43.7976 -44.0031
 -43.3779 -45.5281
 -42.4978 -45.4763
 -42.4779 -45.519
262 135 4
 -43.7976 -44.0031
 -43.9651 -41.4291
 -44.6251 -40.4663
 -44.6772 -40.4579
263 87 7
 -37.0361 -45.1189
 -38.1105 -45.7407
 -38.917 -45.3069
 -40.1671 -45.3255
 -41.6422 -45.4798
 -42.3248 -45.595
 -42.4779 -45.519
263 57 14
 -37.0361 -45.1189
 -36.0367 -43.6936
 -34.9499 -43.2657
 -33.7227 -42.9285
 -33.6471 -42.1319
 -34.1789 -41.2024
 -34.1301 -40.1783
 -34.7099 -38.7174
 -35.6921 -37.5537
 -36.1536 -36.8605
 -36.3588 -36.5735
 -36.4934 -36.6021
 -36.6018 -36.59
 -36.6333 -36.5852
264 157 9
 -25.6605 -38.0549
 -26.7029 -38.0599
 -26.7937 -38.0024
 -27.0155 -37.7708
 -27.4727 -37.5723
 -27.8718 -37.4794
 -27.9836 -37.5109
 -28.0075 -37.5189
 -28.0121 -37.5173
264 49 16
 -25.6605 -38.0549
 -24.3447 -38.3708
 -24.0313 -38.5972
 -23.9207 -38.6309
 -23.8343 -38.8265
 -23.4325 -39.0856
 -22.9948 -39.2568
 -22.937 -39.3193
 -22.7885 -39.2292
 -22.5488 -39.0882
 -22.2579 -38.9588
 -22.061 -38.8547
 -22.0016 -38.811
 -21.9149 -38.7988
 -21.8242 -38.7979
 -21.7839 -38.7985
265 84 45
 -15.986 -35.5505
 -15.4248 -36.5955
 -15.299 -37.2003
 -15.3024 -37.371
 -15.258 -37.2774
 -14.8484 -37.2093
 -14.3116 -36.8619
 -13.6313 -36.3351
 -13.0772 -36.243
 -13.1611 -36.7346
 -12.9394 -36.4064
 -12.5991 -36.5961
 -12.0783 -36.6571
 -11.7648 -36.5915
 -11.6511 -36.8303
 -11.3264 -37.1412
 -10.9678 -37.3139
 -10.9943 -37.4489
 -11.0519 -37.5559
 -11.0019 -37.7083
 -10.8998 -37.8429
 -10.8288 -37.8559
 -10.743 -37.8572
 -10.6674 -37.8401
 -10.6288 -37.8106
 -10.5763 -37.7887
 -10.5257 -37.8405
 -10.5142 -37.9077
 -10.5633 -38.0015
 -10.5825 -38.0849
 -10.5454 -38.1558
 -10.5438 -38.2309
 -10.5223 -38.3063
 -10.4796 -38.425
 -10.4916 -38.5041
 -10.5436 -38.5416
 -10.6107 -38.5589
 -10.6982 -38.5517
 -10.7577 -38.5317
 -10.8002 -38.499
 -10.8349 -38.4286
 -10.8076 -38.3428
 -10.756 -38.3007
 -10.7261 -38.2789
 -10.7218 -38.2594
265 53 3
 -15.986 -35.5505
 -16.3314 -34.9554
 -16.3298 -34.8779
266 49 14
 -17.325 -36.0104
 -18.2372 -36.888
 -18.1257 -37.139
 -18.5571 -37.2988
 -18.8824 -37.7287
 -19.0749 -37.8992
 -19.4251 -37.7845
 -19.9207 -37.5678
 -20.3514 -38.1663
 -21.2387 -38.6423
 -21.4357 -38.6266
 -21.5964 -38.7374
 -21.7594 -38.806
 -21.7839 -38.7985
266 53 5
 -17.325 -36.0104
 -16.6314 -35.0722
 -16.5661 -34.9614
 -16.3314 -34.9554
 -16.3298 -34.8779
267 0 16
 -16.0454 -31.0737
 -15.0677 -32.0791
 -14.9446 -32.2309
 -14.841 -32.356
 -14.5013 -32.4651
 -14.0009 -32.264
 -13.422 -32.0324
 -13.0217 -32.095
 -12.854 -32.2049
 -12.5626 -32.352
 -12.2125 -32.6173
 -11.9433 -33.1775
 -11.749 -32.8162
 -11.4285 -32.8025
 -11.3064 -32.792
 -11.257 -32.7762
267 85 4
 -16.0454 -31.0737
 -16.9705 -30.0238
 -16.9756 -29.8961
 -16.985 -29.8656
268 8 15
 -14.4433 -2.2735
 -13.7613 -1.2633
 -13.9556 -0.673
 -13.712 -0.2744
 -13.1204 0.08915
 -12.5003 0.7828
 -12.1339 1.54515
 -11.7961 1.94515
 -11.4283 2.1805
 -11.41 2.17535
 -10.2794 2.42445
 -9.12685 2.69755
 -8.9174 2.8937
 -8.80825 3.057
 -8.8076 3.0599
268 80 5
 -14.4433 -2.2735
 -16.0403 -2.5953
 -17.2711 -2.3192
 -17.7553 -2.2636
 -17.793 -2.2381
269 111 6
 -52.9515 8.59775
 -52.9604 6.93455
 -52.7482 6.4451
 -52.6717 6.05545
 -51.9967 6.0415
 -51.3255 6.0287
269 133 3
 -52.9515 8.59775
 -52.7292 10.1775
 -52.6553 10.1949
270 111 13
 -49.4094 0.74895
 -49.6568 2.18825
 -50.5119 2.7602
 -50.7006 3.17175
 -50.8596 3.4871
 -50.8046 4.09085
 -50.5884 4.61795
 -50.4505 4.68675
 -50.3668 4.90865
 -50.4097 5.4819
 -50.8753 5.9602
 -51.2821 6.0427
 -51.3255 6.0287
270 99 8
 -49.4094 0.74895
 -50.3846 -0.96275
 -51.5834 -2.89535
 -52.5658 -3.96595
 -52.811 -2.9507
 -52.8104 -1.9464
 -52.7194 -1.675
 -52.6458 -1.6215
271 144 5
 -24.4444 8.8088
 -25.9932 8.127
 -26.7839 7.9563
 -26.8543 8.0632
 -26.9188 8.1167
271 108 17
 -24.4444 8.8088
 -22.9634 9.5407
 -21.9942 10.2396
 -21.3014 10.7565
 -20.4419 11.1554
 -18.8542 11.2261
 -17.275 10.8672
 -16.4892 10.5076
 -16.0625 10.2513
 -14.7297 10.7464
 -13.9806 11.7702
 -13.6299 11.9822
 -12.267 11.5282
 -11.8029 11.222
 -11.5616 10.8927
 -11.222 10.8066
 -11.1395 10.9005
272 137 27
 -14.2612 18.6432
 -14.5169 19.3643
 -14.1463 20.4318
 -13.6333 21.6575
 -13.6149 22.3017
 -13.7402 23.3004
 -13.8898 24.4237
 -14.3424 24.6436
 -14.8926 24.3394
 -15.666 24.2325
 -16.4725 24.8918
 -16.8083 25.2721
 -17.3041 25.3252
 -17.7875 25.3507
 -17.9146 25.1493
 -18.0273 25.3213
 -17.958 25.529
 -17.8753 25.8428
 -18.0598 26.3941
 -18.3356 26.7499
 -18.1022 27.0536
 -17.7187 27.676
 -17.3247 28.0128
 -16.97 27.7966
 -16.5079 27.3237
 -16.3773 27.0869
 -16.3669 27.0721
272 40 6
 -14.2612 18.6432
 -13.8349 18.1922
 -12.9499 18.0187
 -11.9132 18.0406
 -11.5029 18.186
 -11.4573 18.2307
273 126 5
 -38.344 27.9314
 -37.5093 27.0816
 -37.1759 27.0955
 -36.9128 27.1832
 -36.8839 27.1863
273 121 4
 -38.344 27.9314
 -39.299 28.7067
 -39.5694 28.7135
 -39.6202 28.7239
274 132 14
 -60.277 21.3982
 -60.6082 21.9624
 -60.8492 22.5561
 -60.8396 23.0082
 -60.6571 23.3563
 -60.5912 23.7542
 -60.4361 24.2622
 -60.3064 24.4338
 -60.2139 24.3969
 -59.6032 24.6108
 -58.9626 24.611
 -58.7754 24.1808
 -58.6795 23.9802
 -58.6683 23.9655
274 74 31
 -60.277 21.3982
 -59.9876 21.1735
 -60.0024 21.0375
 -60.562 20.368
 -60.9671 19.6392
 -60.8231 19.3629
 -60.7406 19.1711
 -60.6219 18.8906
 -60.3582 18.2764
 -60.2568 17.9151
 -60.1854 17.488
 -59.8048 17.0006
 -59.1467 17.2243
 -58.7663 17.6842
 -58.6321 17.6768
 -58.6596 17.214
 -58.623 16.6311
 -58.4169 16.2809
 -58.4018 16.0949
 -58.5243 15.6655
 -58.7852 15.2612
 -59.0033 15.108
 -59.1525 15.0459
 -59.4232 15.0302
 -59.6528 15.0208
 -59.9005 14.8144
 -60.4366 14.4536
 -60.7596 14.2885
 -60.8509 14.2819
 -60.9392 14.3076
 -60.9532 14.334
275 73 29
 -65.5278 6.3286
 -65.7076 4.80315
 -65.7045 4.1046
 -65.455 3.719
 -65.4922 3.5452
 -65.4682 3.4112
 -65.2432 2.9447
 -64.9456 2.30445
 -64.8585 1.6653
 -64.8112 1.3138
 -64.7603 1.1923
 -64.6306 1.0064
 -64.3293 0.9715
 -64.1184 1.22945
 -64.0302 1.50565
 -63.3119 1.58535
 -62.4994 1.4677
 -62.2684 1.0949
 -62.0813 0.48035
 -61.9437 0.0995
 -61.6409 0.0412
 -61.3734 -0.01845
 -61.255 0.0392
 -61.1116 0.06725
 -61.0618 -0.02525
 -60.9906 -0.12605
 -60.9143 -0.19245
 -60.8752 -0.2403
 -60.8603 -0.2576
275 123 16
 -65.5278 6.3286
 -65.4173 7.51945
 -65.1431 8.3914
 -65.2859 9.2961
 -65.8618 9.81125
 -66.4416 10.4277
 -67.0143 10.8729
 -67.2444 11.2374
 -67.3981 11.4415
 -67.7341 11.5625
 -67.94 11.7684
 -68.1503 12.251
 -68.1534 12.7176
 -68.0339 12.7839
 -67.9575 12.7943
 -67.9566 12.8192
276 68 16
 -77.0848 17.0293
 -75.6487 14.9942
 -74.8154 14.8196
 -74.4041 14.9728
 -73.8997 15.7066
 -73.646 16.2979
 -73.1758 16.3011
 -72.8118 15.9813
 -72.5334 15.6418
 -72.2209 15.6181
 -72.0971 15.5627
 -72.0203 15.5121
 -71.9638 15.437
 -71.8522 15.1737
 -71.7691 14.9368
 -71.7361 14.8943
276 119 4
 -77.0848 17.0293
 -77.4215 19.4504
 -77.0925 20.0597
 -77.0766 20.0933
277 123 13
 -66.5163 17.2969
 -66.195 15.8376
 -66.228 15.1131
 -66.5228 14.9428
 -66.5331 14.672
 -66.5564 14.4346
 -66.329 14.3933
 -66.3611 14.0875
 -66.6264 13.6385
 -66.9982 13.2579
 -67.4006 13.0581
 -67.7546 12.9354
 -67.9566 12.8192
277 15 3
 -66.5163 17.2969
 -66.7282 18.1871
 -66.7783 18.2083
278 132 16
 -62.9864 20.229
 -62.2581 20.8758
 -61.3309 21.7495
 -60.7637 22.3524
 -60.8492 22.5561
 -60.8396 23.0082
 -60.6571 23.3563
 -60.5912 23.7542
 -60.4361 24.2622
 -60.3064 24.4338
 -60.2139 24.3969
 -59.6032 24.6108
 -58.9626 24.611
 -58.7754 24.1808
 -58.6795 23.9802
 -58.6683 23.9655
278 17 5
 -62.9864 20.229
 -63.9649 19.9489
 -64.7247 20.015
 -64.886 20.0486
 -64.9251 20.0674
279 132 15
 -62.0994 21.5074
 -61.3309 21.7495
 -60.7637 22.3524
 -60.8492 22.5561
 -60.8396 23.0082
 -60.6571 23.3563
 -60.5912 23.7542
 -60.4361 24.2622
 -60.3064 24.4338
 -60.2139 24.3969
 -59.6032 24.6108
 -58.9626 24.611
 -58.7754 24.1808
 -58.6795 23.9802
 -58.6683 23.9655
279 2 7
 -62.0994 21.5074
 -62.6072 21.9041
 -62.9585 22.0229
 -63.0681 22.0689
 -63.1605 21.9755
 -63.2169 21.8734
 -63.2183 21.8725
280 71 46
 -59.4835 30.2167
 -59.8688 30.8814
 -60.2589 30.9989
 -60.6038 31.0281
 -61.0716 31.0227
 -61.6364 31.0609
 -61.8133 31.1943
 -61.8725 31.2886
 -61.9305 31.375
 -62.084 31.572
 -62.1671 31.839
 -62.1299 31.9953
 -62.0029 32.0879
 -61.8243 32.2002
 -61.7635 32.2749
 -61.7191 32.3357
 -61.5856 32.427
 -61.3715 32.5439
 -61.1054 32.6051
 -60.8621 32.6549
 -60.7869 32.6022
 -60.771 32.3689
 -60.5949 32.1887
 -60.4471 32.2903
 -60.2178 32.3303
 -59.9407 32.3065
 -59.7657 32.4294
 -59.5154 32.6133
 -59.3736 32.7613
 -59.402 33.0309
 -59.4177 33.4345
 -59.387 33.616
 -59.3577 33.6728
 -59.4313 33.773
 -59.5215 33.8503
 -59.4378 33.8455
 -59.3543 33.8271
 -59.2988 33.82
 -59.2045 33.8185
 -59.1395 33.8463
 -59.125 33.9776
 -59.1213 34.076
 -59.145 34.1184
 -59.092 34.0755
 -59.043 34.0609
 -59.0238 34.0611
280 132 25
 -59.4835 30.2167
 -59.3577 29.5344
 -59.5921 29.1962
 -59.5664 28.8495
 -59.7669 28.5394
 -60.1544 28.1285
 -60.4369 28.0637
 -60.3489 27.7845
 -60.1691 27.5403
 -60.1122 27.4261
 -60.1127 27.2815
 -60.0015 27.0029
 -60.2612 26.5504
 -60.4771 26.1691
 -60.3381 25.8449
 -60.5308 25.423
 -60.7055 25.0266
 -60.5119 24.6505
 -60.3064 24.4338
 -60.2139 24.3969
 -59.6032 24.6108
 -58.9626 24.611
 -58.7754 24.1808
 -58.6795 23.9802
 -58.6683 23.9655
281 136 4
 -74.2079 41.7981
 -74.3686 41.0309
 -74.3969 40.8841
 -74.4654 40.8722
281 124 3
 -74.2079 41.7981
 -73.9215 42.3791
 -73.8359 42.3278
282 151 15
 -70.8886 40.1386
 -68.1136 39.6296
 -66.748 39.8549
 -65.5726 39.4933
 -64.0761 38.6636
 -62.8992 38.9725
 -62.1581 39.4379
 -62.6898 38.5999
 -63.3847 37.3941
 -62.8102 36.6301
 -62.0293 36.365
 -61.81 36.3219
 -61.8116 36.386
 -61.7789 36.4319
 -61.762 36.4371
282 136 5
 -70.8886 40.1386
 -73.3618 40.719
 -74.2404 40.8111
 -74.3969 40.8841
 -74.4654 40.8722
283 158 14
 -58.9135 57.3744
 -57.8203 56.388
 -56.6114 56.1134
 -55.3832 56.3422
 -54.975 57.5648
 -54.5687 58.3152
 -54.1066 58.5898
 -53.8363 59.285
 -54.0206 59.8685
 -54.1797 59.9527
 -54.0877 60.0094
 -54.077 60.1517
 -54.1068 60.2833
 -54.1402 60.3252
283 112 7
 -58.9135 57.3744
 -59.7668 58.5806
 -59.6395 58.8456
 -59.5984 59.3184
 -59.9106 60.0971
 -60.3754 60.5437
 -60.4389 60.5956
284 162 29
 -59.532 47.4678
 -59.1762 46.7776
 -59.0003 46.4728
 -59.0684 46.2309
 -59.0731 46.0282
 -58.7027 45.7985
 -58.1817 45.6032
 -57.9781 45.6262
 -57.6399 45.1825
 -57.5765 44.5769
 -57.969 44.2289
 -58.1184 43.8501
 -58.1544 43.6377
 -58.1645 43.4969
 -57.9331 43.385
 -57.6541 43.3697
 -57.428 43.2359
 -57.2139 43.0481
 -57.0418 42.8651
 -56.8201 42.8109
 -56.6068 42.9564
 -56.4374 43.0088
 -56.3755 42.9324
 -56.3404 42.8765
 -56.2856 42.7691
 -56.2123 42.6397
 -56.139 42.5684
 -56.0955 42.5339
 -56.0869 42.5332
284 77 4
 -59.532 47.4678
 -59.8188 48.2164
 -60.0343 48.7316
 -60.1209 48.9409
285 162 16
 -53.9902 45.4069
 -54.1813 44.6689
 -54.182 44.4553
 -54.7569 44.578
 -55.5329 44.591
 -56.0552 44.215
 -56.3817 43.8605
 -56.4458 43.4422
 -56.4112 43.05
 -56.3755 42.9324
 -56.3404 42.8765
 -56.2856 42.7691
 -56.2123 42.6397
 -56.139 42.5684
 -56.0955 42.5339
 -56.0869 42.5332
285 152 7
 -53.9902 45.4069
 -53.9516 45.9932
 -54.2837 46.3235
 -54.6868 46.5756
 -54.6922 47.042
 -54.3781 47.6446
 -54.3537 47.7493
286 67 27
 -46.9529 50.3304
 -47.8679 49.3782
 -49.2676 49.0452
 -50.3552 48.3181
 -50.4209 47.602
 -50.7365 46.8433
 -51.2326 46.4292
 -51.326 46.3863
 -51.4621 46.2023
 -51.5573 46.0474
 -51.2778 45.2906
 -50.9488 44.0272
 -50.5733 42.9266
 -50.0888 42.2968
 -49.9523 42.2202
 -49.957 41.9325
 -49.8462 41.632
 -49.6665 41.4779
 -49.4477 41.2884
 -49.2505 41.1964
 -49.1985 41.149
 -49.1451 41.2043
 -49.0938 41.2357
 -49.0659 41.2683
 -49.0301 41.3015
 -48.9946 41.3045
 -48.9734 41.3015
286 42 25
 -46.9529 50.3304
 -46.1678 51.5943
 -45.8136 52.1873
 -45.3939 52.694
 -44.9913 52.9482
 -44.7309 53.4954
 -44.2178 54.1256
 -44.0075 54.6675
 -43.7457 55.5494
 -43.7843 56.081
 -44.4083 56.1229
 -44.9403 56.1621
 -45.1595 56.6501
 -45.1372 57.1044
 -44.8603 57.0233
 -44.3065 57.2394
 -43.7931 57.521
 -43.5922 57.4653
 -43.2867 57.7001
 -42.4014 58.2057
 -41.962 58.6337
 -42.0571 58.8101
 -42.2433 59.6779
 -42.5087 60.5233
 -42.5405 60.5381
287 31 16
 -35.8269 48.0877
 -35.2792 46.9413
 -34.903 45.7277
 -35.39 45.2685
 -35.7318 44.7327
 -35.6657 44.3354
 -35.5849 44.1459
 -35.5849 44.0897
 -35.5928 44.0406
 -35.6217 43.9753
 -35.6621 43.9036
 -35.6947 43.819
 -35.6351 43.7178
 -35.6878 43.7157
 -35.8364 43.7627
 -35.8689 43.7676
287 66 10
 -35.8269 48.0877
 -36.5004 48.0125
 -37.3671 47.8228
 -37.6588 47.9641
 -37.3818 49.4964
 -37.032 50.9735
 -37.0333 51.0919
 -36.3319 51.4186
 -35.6549 51.8528
 -35.6573 51.9708
288 100 10
 -43.5527 61.5456
 -43.3592 62.7453
 -43.0059 64.0518
 -43.2233 64.6705
 -43.2721 64.8328
 -43.3292 65.1297
 -43.34 65.8141
 -43.24 66.2471
 -43.2864 66.2747
 -43.3077 66.2854
288 42 4
 -43.5527 61.5456
 -42.8817 60.9807
 -42.5004 60.666
 -42.5405 60.5381
289 1 3
 -42.747 75.0716
 -41.6612 76.9075
 -41.6572 76.9044
289 117 5
 -42.747 75.0716
 -43.8825 73.1375
 -44.1418 72.689
 -44.3447 72.2592
 -44.3419 72.1827
290 31 29
 -28.0154 45.5563
 -28.77 45.5072
 -29.1855 45.756
 -28.7248 45.7393
 -29.0175 46.1558
 -30.3801 46.2619
 -31.1663 45.4771
 -31.193 44.842
 -31.531 44.6178
 -31.9391 44.8055
 -32.3769 44.969
 -33.3524 44.3243
 -34.0522 43.7219
 -34.2277 43.5005
 -34.4155 43.3274
 -34.6823 43.2401
 -34.981 43.2057
 -35.1096 43.1892
 -35.2082 43.1228
 -35.2799 43.2692
 -35.2785 43.4783
 -35.2921 43.6179
 -35.3565 43.69
 -35.4558 43.6935
 -35.5588 43.6871
 -35.6351 43.7178
 -35.6878 43.7157
 -35.8364 43.7627
 -35.8689 43.7676
290 44 9
 -28.0154 45.5563
 -27.4389 45.9115
 -27.1727 46.1152
 -26.9331 46.3894
 -26.8868 46.5615
 -26.8937 46.6225
 -26.8884 46.7523
 -26.8088 46.8625
 -26.8016 46.8813
291 31 17
 -39.3155 41.728
 -38.4388 41.3237
 -37.9631 40.7806
 -37.7346 40.4185
 -37.3384 40.2656
 -36.9219 39.9709
 -36.9134 40.4206
 -36.8157 40.8722
 -36.7811 41.1891
 -36.5681 41.7247
 -36.2349 42.3736
 -36.2709 42.7718
 -36.3721 43.1639
 -36.2786 43.5227
 -36.0803 43.7062
 -35.9177 43.7718
 -35.8689 43.7676
291 18 7
 -39.3155 41.728
 -40.2191 42.1102
 -40.6945 42.4967
 -40.924 42.6806
 -41.1226 42.7067
 -41.3102 42.7531
 -41.3157 42.7653
292 39 11
 -41.0451 39.2638
 -42.1153 39.715
 -42.477 39.9335
 -42.5103 39.9219
 -42.5786 39.8284
 -43.0376 39.5525
 -43.6894 39.343
 -43.9854 39.1157
 -44.0722 38.9225
 -44.1525 38.9014
 -44.1896 38.8724
292 31 25
 -41.0451 39.2638
 -40.3328 38.9054
 -40.3596 38.7647
 -40.1459 38.4918
 -39.9114 38.202
 -39.9123 38.406
 -39.9176 38.9779
 -39.6402 39.3222
 -39.3479 39.3377
 -39.1911 39.4246
 -38.5401 39.8266
 -37.8837 40.2713
 -37.3384 40.2656
 -36.9219 39.9709
 -36.9134 40.4206
 -36.8157 40.8722
 -36.7811 41.1891
 -36.5681 41.7247
 -36.2349 42.3736
 -36.2709 42.7718
 -36.3721 43.1639
 -36.2786 43.5227
 -36.0803 43.7062
 -35.9177 43.7718
 -35.8689 43.7676
293 137 15
 -20.5745 29.979
 -20.3413 29.1409
 -19.8755 28.4997
 -19.6768 28.3624
 -19.4093 28.043
 -18.9274 27.37
 -18.5753 26.8748
 -18.3356 26.7499
 -18.1022 27.0536
 -17.7187 27.676
 -17.3247 28.0128
 -16.97 27.7966
 -16.5079 27.3237
 -16.3773 27.0869
 -16.3669 27.0721
293 23 9
 -20.5745 29.979
 -20.4782 30.8259
 -20.6707 31.2459
 -20.4683 31.4452
 -19.4166 31.9095
 -18.6163 32.752
 -18.797 33.3287
 -18.8403 33.4995
 -18.8775 33.5451
294 65 10
 -9.15975 17.2888
 -8.17275 17.4675
 -7.2063 17.6819
 -7.11445 17.7801
 -6.8358 17.8057
 -5.84915 17.8811
 -5.03545 17.3523
 -5.0069 16.7555
 -5.0718 16.7725
 -5.0907 16.7753
294 40 6
 -9.15975 17.2888
 -9.7053 16.6833
 -10.7165 17.0089
 -11.2964 17.9614
 -11.3933 18.1215
 -11.4573 18.2307
295 56 15
 -3.43795 21.3262
 -1.8912 22.185
 -0.9057 22.4506
 -0.25715 22.1562
 0.0757 22.047
 0.46225 21.9268
 0.68395 21.5048
 0.9109 21.0601
 1.08715 19.8904
 1.7794 19.0256
 2.73495 19.5205
 2.941 20.0544
 2.93 20.2454
 2.8196 20.3312
 2.8141 20.338
295 65 9
 -3.43795 21.3262
 -4.21805 20.3745
 -4.23335 19.916
 -4.8274 19.3333
 -5.17745 18.3588
 -5.03545 17.3523
 -5.0069 16.7555
 -5.0718 16.7725
 -5.0907 16.7753
296 156 23
 3.2409 19.7442
 3.70645 18.9784
 4.1506 18.5639
 4.47675 18.3151
 4.569 18.0811
 4.6049 18.0433
 4.7357 18.0268
 4.7986 17.9527
 5.089 18.0427
 5.5856 18.0597
 6.1983 17.565
 6.63105 17.1187
 6.7355 16.9847
 6.8104 16.8144
 6.9985 16.9314
 7.35035 17.0443
 7.41135 17.3918
 7.30215 17.6553
 7.30165 17.6738
 7.54935 18.0014
 7.70505 18.444
 7.68255 18.6323
 7.7321 18.699
296 56 4
 3.2409 19.7442
 2.93 20.2454
 2.8196 20.3312
 2.8141 20.338
297 98 6
 4.9683 33.0419
 5.1463 33.8136
 5.52575 34.0945
 5.68265 34.0897
 5.7203 34.0292
 5.7493 33.994
297 145 4
 4.9683 33.0419
 4.37115 31.9314
 3.7177 31.3609
 3.7146 31.3895
298 98 7
 7.7149 35.6788
 7.0719 34.7454
 6.8822 34.3798
 6.3749 34.016
 6.0191 33.949
 5.8395 34.0082
 5.7493 33.994
298 76 4
 7.7149 35.6788
 8.6105 36.9179
 8.8098 37.3798
 8.8077 37.3939
299 88 17
 -9.8897 47.6312
 -9.534 47.4878
 -9.33025 47.5153
 -9.0975 47.5349
 -8.9372 47.6731
 -8.78255 47.8754
 -8.5528 47.8672
 -8.21115 47.8825
 -7.9869 47.9914
 -7.975 48.1222
 -7.8684 48.2374
 -7.73195 48.2462
 -7.4984 48.3839
 -7.2616 48.5236
 -7.20735 48.4641
 -7.1605 48.4163
 -7.1462 48.4196
299 36 20
 -9.8897 47.6312
 -10.5224 47.7872
 -11.0268 48.0653
 -11.4396 48.8868
 -12.2572 49.3371
 -12.7992 49.3411
 -13.1575 49.7747
 -13.8771 49.8307
 -14.3088 49.2518
 -14.5021 48.9226
 -15.165 48.6886
 -15.7329 48.425
 -16.2091 48.2556
 -16.9942 48.6416
 -17.5168 49.4748
 -17.8143 49.9915
 -17.9654 50.3032
 -18.0895 50.4725
 -18.1503 50.6254
 -18.1509 50.7244
300 101 7
 -11.3614 50.3954
 -10.9114 51.1794
 -10.5034 51.5272
 -10.9878 51.8438
 -11.4755 52.2164
 -11.587 52.2408
 -11.6176 52.2332
300 36 18
 -11.3614 50.3954
 -11.5171 49.857
 -12.1641 49.6175
 -12.7992 49.3411
 -13.1575 49.7747
 -13.8771 49.8307
 -14.3088 49.2518
 -14.5021 48.9226
 -15.165 48.6886
 -15.7329 48.425
 -16.2091 48.2556
 -16.9942 48.6416
 -17.5168 49.4748
 -17.8143 49.9915
 -17.9654 50.3032
 -18.0895 50.4725
 -18.1503 50.6254
 -18.1509 50.7244
301 62 36
 10.274 67.7187
 10.7449 67.2458
 11.528 66.6411
 12.0688 65.6176
 12.2747 64.6562
 12.3141 63.7615
 12.6732 62.4057
 13.1016 61.4315
 13.2483 60.8647
 13.2756 60.2819
 13.1038 59.9856
 13.3044 59.7531
 13.5436 59.1509
 13.2227 58.1716
 12.6687 57.3854
 12.5103 57.0356
 12.5478 56.435
 12.6281 56.0815
 12.5177 55.8133
 12.4376 55.4482
 12.1215 55.0751
 11.6666 54.1672
 11.2967 53.3648
 11.1243 53.1073
 11.2208 52.9576
 11.2856 52.8302
 11.3464 52.7447
 11.1833 52.7065
 10.9564 52.5215
 11.0117 52.014
 11.2423 51.6583
 11.2094 51.4939
 11.2216 51.265
 11.1142 51.1105
 11.0078 50.941
 11.0008 50.8681
301 138 5
 10.274 67.7187
 8.9369 68.6322
 7.60295 69.2688
 7.5281 69.2438
 7.5004 69.2265
302 62 31
 7.26155 48.2079
 8.0564 48.7125
 8.63515 49.0096
 8.92265 49.2168
 9.28605 49.1044
 9.49275 49.0989
 9.6007 49.0583
 9.66075 48.9829
 9.894 48.9808
 10.1396 48.977
 10.0744 49.0511
 10.0366 49.1623
 10.0399 49.2415
 10.0779 49.3121
 10.1511 49.3503
 10.2747 49.466
 10.3377 49.6058
 10.4232 49.5855
 10.5254 49.6658
 10.5574 49.7771
 10.5445 49.8673
 10.4501 49.9484
 10.3486 49.977
 10.2707 50.0816
 10.2731 50.3541
 10.4163 50.5293
 10.559 50.5093
 10.6533 50.6291
 10.8379 50.8003
 10.9888 50.853
 11.0008 50.8681
302 88 53
 7.26155 48.2079
 6.4491 47.6833
 6.3793 47.3436
 5.70695 47.6653
 5.18065 47.6532
 4.8355 47.6471
 4.6994 47.736
 4.5187 47.764
 4.27425 47.5038
 3.94475 47.2999
 3.72855 47.3616
 3.5027 47.4618
 3.2638 47.4881
 3.1099 47.2523
 2.6093 46.9529
 1.85395 46.4241
 1.46175 45.7384
 1.28395 45.7036
 0.92055 45.8545
 0.529 45.8092
 0.31685 45.8503
 0.13085 45.8214
 -0.2439 45.7192
 -0.6295 45.708
 -0.90795 45.7209
 -1.35325 45.8577
 -2.19605 46.1397
 -3.1703 46.5866
 -3.65895 46.8857
 -3.74895 46.8573
 -3.83855 47.0368
 -3.92125 47.2602
 -4.0142 47.3937
 -4.3033 47.5339
 -4.5212 47.693
 -4.60105 47.8211
 -4.61485 47.8181
 -4.5821 47.68
 -4.8889 47.5654
 -5.22985 47.4516
 -5.4378 47.2843
 -5.84815 47.3287
 -5.98125 47.4809
 -5.9191 47.5296
 -6.0227 47.5749
 -6.175 47.5681
 -6.24185 47.6141
 -6.39725 47.9202
 -6.63025 48.2254
 -6.8232 48.3594
 -7.024 48.405
 -7.1246 48.4133
 -7.1462 48.4196
303 62 37
 10.5151 43.3912
 10.8554 44.7141
 10.6993 45.3326
 10.4111 45.9583
 10.2248 46.1724
 10.1366 46.7036
 9.7456 47.1525
 9.756 47.2029
 10.1477 47.5675
 10.0816 48.0171
 10.2333 48.124
 10.3977 48.4283
 10.3687 48.6965
 10.3063 48.7949
 10.2393 48.8941
 10.1396 48.977
 10.0744 49.0511
 10.0366 49.1623
 10.0399 49.2415
 10.0779 49.3121
 10.1511 49.3503
 10.2747 49.466
 10.3377 49.6058
 10.4232 49.5855
 10.5254 49.6658
 10.5574 49.7771
 10.5445 49.8673
 10.4501 49.9484
 10.3486 49.977
 10.2707 50.0816
 10.2731 50.3541
 10.4163 50.5293
 10.559 50.5093
 10.6533 50.6291
 10.8379 50.8003
 10.9888 50.853
 11.0008 50.8681
303 94 34
 10.5151 43.3912
 10.2533 42.054
 9.6436 41.8988
 9.01805 41.738
 8.94025 41.6165
 8.4614 41.279
 8.0432 40.8035
 8.47685 40.4267
 9.0805 40.3475
 9.4042 40.3926
 9.7703 40.5009
 9.99795 40.5641
 9.9977 40.422
 10.1193 40.4359
 10.3566 40.5569
 10.3932 40.2358
 10.5183 39.6345
 10.7641 39.3633
 10.96 39.3855
 11.1867 39.3694
 11.2334 39.2998
 11.2393 39.2381
 11.281 39.1604
 11.2512 39.0525
 11.1688 38.9614
 11.1152 38.8276
 11.0959 38.6784
 11.1099 38.5554
 11.1645 38.436
 11.2463 38.3208
 11.164 38.1989
 10.9879 38.1818
 10.9086 38.2275
 10.8764 38.2534
304 62 53
 15.3751 40.4532
 14.4225 40.8696
 14.0902 41.3536
 13.6366 42.1988
 13.956 42.7355
 14.9916 43.1524
 15.5 44.3759
 15.7899 45.3978
 15.6819 45.5149
 15.4055 45.7523
 15.2231 45.9763
 14.9335 46.3765
 13.9689 46.8473
 13.0409 46.7902
 12.5657 46.0894
 12.5129 45.3853
 11.8004 45.1786
 11.0921 44.7475
 10.6993 45.3326
 10.4111 45.9583
 10.2248 46.1724
 10.1366 46.7036
 9.7456 47.1525
 9.756 47.2029
 10.1477 47.5675
 10.0816 48.0171
 10.2333 48.124
 10.3977 48.4283
 10.3687 48.6965
 10.3063 48.7949
 10.2393 48.8941
 10.1396 48.977
 10.0744 49.0511
 10.0366 49.1623
 10.0399 49.2415
 10.0779 49.3121
 10.1511 49.3503
 10.2747 49.466
 10.3377 49.6058
 10.4232 49.5855
 10.5254 49.6658
 10.5574 49.7771
 10.5445 49.8673
 10.4501 49.9484
 10.3486 49.977
 10.2707 50.0816
 10.2731 50.3541
 10.4163 50.5293
 10.559 50.5093
 10.6533 50.6291
 10.8379 50.8003
 10.9888 50.853
 11.0008 50.8681
304 45 15
 15.3751 40.4532
 16.2169 39.9938
 16.6778 39.8773
 17.3064 39.8772
 17.8096 40.2779
 18.5471 40.7472
 19.3941 41.3429
 19.5338 42.029
 19.4592 42.4011
 19.6165 42.1063
 20.0047 41.7549
 20.5416 41.5624
 20.8972 41.3725
 21.0432 41.1646
 21.0647 41.1562
305 33 14
 24.6535 45.4873
 25.2722 45.3314
 25.6488 45.445
 25.9878 45.298
 25.6983 45.0124
 25.4876 44.0333
 25.4893 42.869
 25.5998 42.3195
 25.5714 41.8758
 25.3654 41.6049
 25.6911 41.6005
 26.2167 41.7172
 26.4855 41.8861
 26.4917 41.9029
305 91 9
 24.6535 45.4873
 23.8737 46.5903
 23.5071 47.3009
 23.3013 47.818
 23.1362 48.4731
 23.2152 48.8029
 23.7379 48.8315
 24.0665 48.9481
 24.0058 49.0789
306 113 5
 25.6215 37.8918
 26.3698 37.4706
 26.9638 37.6492
 27.2628 37.7714
 27.2843 37.7765
306 32 4
 25.6215 37.8918
 24.6386 38.2226
 24.0747 38.0623
 24.0618 38.0541
307 6 5
 31.4532 26.9583
 29.8907 26.3327
 29.2055 26.4984
 29.1367 26.609
 29.1159 26.6611
307 89 3
 31.4532 26.9583
 32.5431 27.5904
 32.7077 27.4897
308 69 15
 20.6722 29.7508
 20.8739 30.4208
 21.1485 30.5925
 21.7417 30.4926
 22.1419 30.4278
 22.1851 30.7111
 22.272 31.1295
 22.3528 31.3053
 22.13 31.5103
 22.4062 31.3298
 22.5678 31.3728
 22.7354 31.4119
 22.7997 31.4154
 22.8528 31.4477
 22.8742 31.4682
308 25 6
 20.6722 29.7508
 20.3806 29.1744
 19.9137 28.6196
 19.6098 28.1218
 19.6241 28.0358
 19.6367 27.9941
309 16 7
 24.2064 21.5302
 25.251 20.8993
 25.9043 20.92
 26.9723 21.0121
 28.1332 20.9652
 28.4547 20.9335
 28.505 20.9283
309 10 13
 24.2064 21.5302
 22.654 21.7019
 21.8491 21.9822
 21.6439 21.3442
 20.2201 20.7417
 18.5712 20.2547
 18.4745 20.7788
 18.8078 21.5528
 18.5839 22.0107
 18.2115 22.4657
 18.1389 22.9736
 18.0421 23.1356
 18.0472 23.1621
310 16 7
 29.9685 23.1122
 29.4399 22.3897
 28.9086 21.9965
 28.5772 21.5843
 28.5707 21.2248
 28.5261 20.9342
 28.505 20.9283
310 6 7
 29.9685 23.1122
 29.9888 23.8872
 29.5367 24.961
 29.3317 26.183
 29.2055 26.4984
 29.1367 26.609
 29.1159 26.6611
311 30 14
 33.2637 -0.1137
 32.4997 -0.0704
 32.2872 -0.1767
 31.9361 -0.17745
 31.5864 -0.22805
 31.4763 -0.2964
 31.3551 -0.27735
 31.2159 -0.17465
 31.0908 -0.0542
 31.0245 -0.01975
 30.9677 -0.00385
 30.8977 0.0751
 30.8704 0.16505
 30.8871 0.1866
311 129 7
 33.2637 -0.1137
 34.4943 0.2185
 35.1678 1.28905
 35.219 1.2805
 35.6138 0.5168
 36.1478 0.1232
 36.3037 -0.1302
312 50 6
 23.5493 -11.1544
 23.2141 -12.6502
 23.0721 -14.1089
 23.3865 -14.7266
 23.5252 -14.831
 23.5405 -14.8595
312 93 3
 23.5493 -11.1544
 23.5801 -10.5536
 23.6086 -10.5317
313 142 6
 21.1576 -9.13675
 20.3866 -8.6808
 19.7698 -8.85105
 19.6223 -9.0011
 19.5448 -9.213
 19.5785 -9.2495
313 93 7
 21.1576 -9.13675
 22.0234 -10.2321
 22.8191 -10.5974
 23.1901 -10.4749
 23.4587 -10.4294
 23.5427 -10.4797
 23.6086 -10.5317
314 41 4
 9.86165 -7.61495
 9.18235 -7.60215
 8.8111 -7.62165
 8.7997 -7.6159
314 37 5
 9.86165 -7.61495
 10.5046 -7.47625
 10.8565 -7.1111
 10.8603 -6.89955
 10.8358 -6.8764
315 60 27
 24.2546 4.19145
 25.3284 4.3074
 26.0211 3.8548
 26.3552 3.44255
 26.9083 2.75035
 27.299 1.5459
 27.2883 0.2686
 27.382 -0.144
 27.5849 -0.43675
 27.7858 -1.08165
 27.7933 -1.5727
 27.6282 -1.348
 27.2817 -1.2777
 27.042 -1.3599
 26.9403 -1.3996
 26.8596 -1.41
 26.7929 -1.4204
 26.713 -1.47665
 26.6678 -1.53005
 26.6161 -1.5757
 26.5742 -1.6256
 26.5513 -1.74495
 26.5194 -1.85945
 26.486 -1.915
 26.388 -1.99305
 26.3045 -2.0352
 26.2978 -2.0398
315 58 13
 24.2546 4.19145
 23.5394 3.5731
 23.0649 3.6045
 22.3628 3.81595
 22.0368 3.90215
 21.9716 3.91875
 21.7411 3.8469
 21.5684 3.31145
 21.8495 2.8216
 22.0773 2.7251
 21.9725 2.50545
 21.8619 2.3228
 21.8436 2.3359
316 122 11
 5.606 -3.1026
 6.2204 -3.19725
 6.3538 -3.1144
 6.48 -3.4712
 6.8166 -3.83085
 6.8491 -4.04245
 6.4423 -4.29005
 6.23615 -4.5479
 5.90595 -4.8492
 5.67515 -5.28395
 5.6747 -5.2964
316 19 6
 5.606 -3.1026
 4.9288 -3.0774
 4.67425 -2.84985
 4.38635 -2.5626
 4.1993 -2.54545
 4.1647 -2.5337
317 11 11
 4.1002 1.6582
 4.29965 2.14135
 4.14095 2.40355
 4.08895 2.731
 4.0884 2.95465
 4.09455 2.9628
 4.1985 3.00465
 4.39655 3.1933
 4.7329 3.5285
 4.99055 3.7106
 5.0105 3.7013
317 159 6
 4.1002 1.6582
 3.70145 1.2836
 3.4979 1.0364
 3.3587 0.73965
 3.29735 0.6439
 3.2621 0.6364
318 19 5
 2.83645 -3.2059
 3.8914 -2.7402
 4.15195 -2.69995
 4.17285 -2.5478
 4.1647 -2.5337
318 131 3
 2.83645 -3.2059
 1.96115 -3.79445
 1.9093 -3.8195
319 108 12
 -8.90445 6.03055
 -10.3664 5.92505
 -10.8558 6.38865
 -11.1451 6.99615
 -11.4396 7.6269
 -11.526 7.79595
 -12.3494 8.1314
 -12.7675 9.5588
 -12.125 10.9385
 -11.5616 10.8927
 -11.222 10.8066
 -11.1395 10.9005
319 55 4
 -8.90445 6.03055
 -7.74415 6.5427
 -7.4845 6.5294
 -7.4004 6.5809
320 8 5
 -7.8284 3.0045
 -8.0886 2.857
 -8.422 2.9686
 -8.76595 3.05715
 -8.8076 3.0599
320 52 4
 -7.8284 3.0045
 -7.47365 2.6736
 -7.25555 2.1547
 -7.1631 2.14
321 125 9
 -6.04405 2.2969
 -5.23005 2.10135
 -4.82315 1.9529
 -4.77595 2.0719
 -4.57575 1.9037
 -4.2485 1.62535
 -4.08775 1.16235
 -4.0777 0.66175
 -4.0277 0.5121
321 52 4
 -6.04405 2.2969
 -6.7834 2.18935
 -7.1526 2.1478
 -7.1631 2.14
322 3 24
 -1.144 -8.1792
 -1.94035 -8.74245
 -2.99515 -9.88665
 -3.2904 -10.6483
 -3.3102 -10.8091
 -3.29725 -10.8781
 -3.2333 -10.9026
 -3.06785 -10.9154
 -3.00465 -10.9953
 -2.99095 -11.1837
 -2.82295 -11.3031
 -2.73715 -11.4476
 -2.41875 -11.5744
 -1.92625 -11.75
 -1.51165 -11.8419
 -1.21975 -11.773
 -1.16575 -11.7824
 -1.13615 -11.7284
 -1.00255 -11.716
 -0.90385 -11.8444
 -0.7913 -11.7463
 -0.62515 -11.7428
 -0.55035 -11.7524
 -0.5483 -11.7512
322 107 4
 -1.144 -8.1792
 -1.2048 -6.9503
 -1.26985 -5.75995
 -1.2511 -5.706
323 3 24
 -3.45385 -12.4332
 -3.14575 -11.3475
 -3.2197 -11.0738
 -3.29565 -10.9206
 -3.3102 -10.8091
 -3.29725 -10.8781
 -3.2333 -10.9026
 -3.06785 -10.9154
 -3.00465 -10.9953
 -2.99095 -11.1837
 -2.82295 -11.3031
 -2.73715 -11.4476
 -2.41875 -11.5744
 -1.92625 -11.75
 -1.51165 -11.8419
 -1.21975 -11.773
 -1.16575 -11.7824
 -1.13615 -11.7284
 -1.00255 -11.716
 -0.90385 -11.8444
 -0.7913 -11.7463
 -0.62515 -11.7428
 -0.55035 -11.7524
 -0.5483 -11.7512
323 155 7
 -3.45385 -12.4332
 -3.0904 -13.4798
 -2.3509 -13.7556
 -2.3181 -13.9488
 -2.3155 -14.1158
 -2.32495 -14.2121
 -2.3536 -14.1794
324 122 8
 7.06785 -4.263
 6.8896 -4.08645
 6.8491 -4.04245
 6.4423 -4.29005
 6.23615 -4.5479
 5.90595 -4.8492
 5.67515 -5.28395
 5.6747 -5.2964
324 47 3
 7.06785 -4.263
 7.36775 -4.30225
 7.4291 -4.3197
325 29 4
 -9.67425 -49.8712
 -7.81845 -49.159
 -6.49285 -48.4906
 -6.5556 -48.3757
325 7 3
 -9.67425 -49.8712
 -10.0529 -50.1008
 -9.9641 -50.1718
326 84 34
 -8.0657 -46.2256
 -9.5338 -45.0612
 -9.80835 -44.0058
 -10.0231 -43.201
 -10.2643 -42.1739
 -10.3509 -41.7541
 -10.7598 -41.3512
 -10.998 -40.9741
 -10.7318 -40.5522
 -10.4895 -40.111
 -10.545 -39.899
 -10.9107 -39.6713
 -11.1921 -39.4884
 -10.9755 -39.5931
 -10.5592 -39.5415
 -10.4071 -39.3591
 -10.4672 -39.064
 -10.3605 -38.826
 -10.308 -38.7258
 -10.3047 -38.686
 -10.2854 -38.5807
 -10.3209 -38.5275
 -10.4181 -38.5158
 -10.4916 -38.5041
 -10.5436 -38.5416
 -10.6107 -38.5589
 -10.6982 -38.5517
 -10.7577 -38.5317
 -10.8002 -38.499
 -10.8349 -38.4286
 -10.8076 -38.3428
 -10.756 -38.3007
 -10.7261 -38.2789
 -10.7218 -38.2594
326 29 11
 -8.0657 -46.2256
 -6.8314 -46.5266
 -6.0905 -47.1244
 -5.3651 -47.6626
 -5.38935 -47.6943
 -5.51175 -47.771
 -5.6968 -47.8904
 -6.10525 -48.1686
 -6.46955 -48.3662
 -6.54595 -48.3731
 -6.5556 -48.3757
327 54 6
 3.79715 -13.1746
 3.56175 -12.1283
 3.5776 -11.8925
 3.5763 -11.8419
 3.6076 -11.8181
 3.6356 -11.8298
327 3 26
 3.79715 -13.1746
 4.4202 -13.9268
 3.9995 -14.1777
 3.7415 -14.38
 3.52435 -14.2746
 3.1955 -14.1922
 2.85155 -14.2462
 2.5855 -14.3121
 2.0726 -14.4095
 1.42255 -14.6504
 0.8971 -14.8837
 0.51035 -14.8074
 0.2462 -14.6171
 0.1822 -14.4528
 0.0406 -13.8982
 0.08345 -13.1988
 0.2941 -12.8907
 0.43465 -12.7723
 0.3854 -12.6582
 -0.28785 -12.2633
 -0.87855 -11.9377
 -0.90385 -11.8444
 -0.7913 -11.7463
 -0.62515 -11.7428
 -0.55035 -11.7524
 -0.5483 -11.7512
328 109 11
 20.4564 -23.4665
 21.6525 -22.5056
 22.0246 -22.5845
 21.7211 -21.9674
 21.5131 -21.2964
 21.3627 -20.9541
 21.3796 -20.6446
 21.5336 -20.5029
 21.59 -20.4184
 21.5909 -20.3186
 21.5435 -20.2942
328 105 8
 20.4564 -23.4665
 19.4423 -24.853
 19.2207 -25.4398
 20.1638 -25.6595
 20.795 -26.8952
 20.3741 -28.0032
 20.0472 -28.3601
 19.9777 -28.4963
329 24 16
 14.6887 -42.991
 16.781 -41.8319
 19.6573 -40.9751
 20.7995 -41.4932
 19.7428 -40.8727
 19.5164 -38.8642
 20.0831 -37.2383
 20.2069 -36.6908
 20.1436 -36.0069
 19.8736 -35.7734
 19.6833 -35.5309
 19.5201 -35.2501
 19.4129 -35.0703
 19.3606 -34.9624
 19.2766 -34.8552
 19.229 -34.8265
329 83 9
 14.6887 -42.991
 13.0746 -44.6743
 11.5179 -46.3626
 11.379 -46.4479
 11.1428 -46.544
 10.8163 -47.0191
 10.565 -47.5182
 10.5018 -47.6063
 10.4622 -47.6175
335 7 3
 -9.9648 -50.2189
 -9.96445 -50.1954
 -9.9641 -50.1718
