   3.7771310825493423     
   1.2507294783849905     
   1.6482562584281446     
   4.3649463117320080     
   13.571082303689293     
   1.6684262253002833     
   13.019676196260320     
   1.4260668455182703     
   2.3433463472314164     
  0.90058805338345771     
   1.2571044601096886     
   1.1522766892438641     
   3.8267225134904845     
   1.2653778425044664     
   4.1298683634163211     
   3.2815414889857535     
   3.2279085577898807     
   2.1701438556106698     
   1.8877167987289654     
   2.0911211273285386     
   4.7054982549854349     
   3.0481381624005683     
   1.6273674540577667     
   2.3569886850233441     
   4.3368820954817711     
   1.5143210767319781     
  0.95952633285185496     
   1.5820974708115865     
   1.4420088310789954     
   1.4376092859191321     
   7.9770334891111849     
   11.635087507000399     
   1.9024135267458298     
   1.6117047936134101     
   1.3458967668369932     
   7.7004319208331564     
   10.393488654226894     
   3.1074911194777446     
   1.3245004069593078     
   1.2245083021236429     
   3.0540065734562565     
   1.4114399472544343     
   3.8058109558089566     
  0.86824073080354647     
   2.5201129276224927     
   1.9737134387443842     
   3.3106673439657524     
   2.3611047453900853     
   1.9679325310972866     
  0.96095340153243969     
   2.6615508891307322     
   3.9753689064601843     
   2.3788132223382528     
   1.2281076927159154     
  0.81804849777366850     
  0.97920365618700111     
   3.5017577916549070     
  0.79408059918437957     
   5.5500603841598473     
   2.6660804969801895     
   2.0640751768049457     
   1.4712683992828681     
   6.5373336121664503     
   3.5194824719931050     
   2.0636343155875911     
   1.3247810874814383     
   2.1268345285953667     
   2.3928149618608665     
   8.4436243606531658     
   4.0318826041213738     
   6.2406681920277105     
   3.6863886233228000     
   8.2677378658061347     
   1.4109208072027051     
   3.5766620663196385     
   2.0916278882357431     
   1.7331526654817779     
  0.90085533273616314     
   1.8206475695083078     
   1.9458676765440848     
   2.1636166855632362     
   3.0496202542228046     
   1.5845545700625805     
  0.96131456447193975     
   3.6367521562080256     
   1.7598562056824991     
   1.0804888944592101     
  0.84651690925648859     
   5.2188868351627544     
   4.9439041134752957     
   2.9342513251170788     
  0.72205438571653036     
   3.5875811702773537     
   4.2995019449859715     
   3.3182265103171864     
   5.3531262904029324     
   3.8509077799080478     
   1.8980776619846160     
   2.9472291605254313     
   1.8784088393005405     
   1.3137978645829995     
   5.6722158000993854     
   1.2512929662243815     
  0.73310267448945265     
   3.9257651112747309     
  0.90976632845724537     
   1.4082133600707460     
  0.80057043103957826     
   2.8507284026670496     
   1.3148003009680131     
   3.0556940642621711     
  0.65288644507424753     
   3.5317908087875525     
   1.2068893914056062     
   2.6727329739708456     
  0.86950275823311163     
   1.8831951765060138     
   1.8817097282833801     
   6.9504362504831052     
   6.2311075047807840     
   1.8571373808453528     
   2.5467897509018020     
   2.9184775785375701     
   4.1869995868625649     
   2.1715018393689478     
   3.0767941727375079     
   3.9360464029077642     
   1.7708636385563710     
   5.2720252420762650     
   1.3449854416175302     
   3.1734969089338283     
   1.5994733429506653     
   3.2966916357524281     
   4.0721012197126951     
   1.2972348050540550     
   3.8249875466151573     
  0.48887979266651832     
  0.81270473772576834     
   1.3000460945451318     
   1.1677631852474240     
   5.7389902445086891     
   3.0658232413060591     
   3.5119433809393654     
   1.2299494380849922     
   2.6349569730337232     
   1.7553952671497584     
   2.2011590973847257     
   2.6516578544175458     
   2.0842888208752517     
   2.4131687045581107     
   5.5239386842036211     
   2.6732461459039465     
   4.3816237073525848     
   1.0597289337379785     
   1.4356825532235900     
   1.0720776392118923     
   4.1159328070243957     
   1.8408991000273005     
   3.8360464486293924     
   1.4338808128006706     
   4.9726538910187879     
   2.4799255812299550     
   5.4960371201448757     
   1.6457255516463862     
   7.9267276759409189     
   3.4809081013525747     
   2.3451640944785375     
   1.2485255047051100     
   10.439996859104385     
   2.5512034418614649     
   4.8951773708464739     
   1.1741769759020795     
   8.8033178454643561     
   1.4373578078784930     
   1.8167760864657339     
   1.7596487507100507     
   4.5482722522328478     
  0.81538861150945063     
   3.7940779212198552     
   1.9978486871673424     
   2.7413828873161230     
   2.6366763540329425     
   1.5672826549081171     
   3.9796823083762169     
   2.9464510734887690     
   1.4775411333936441     
   7.5231359262005153     
   2.1711703092458738     
   9.3154473584137900     
   4.0986609281235289     
   2.6617144005404256     
  0.48284417204064989     
   1.9366135845775814     
   1.3311291256507045     
   5.9785059313226476     
   1.2425587913357463     
   6.6322131551963981     
   4.3455730827272205     
   1.6759183250630618     
   2.6849898045663609     
   3.3547751777940094     
   6.6901859252283700     
   1.8029324945174727     
   2.7010196780855238     
   5.5027871377700697     
  0.76559003515054957     
   3.7772719495552818     
   1.4790408974419651     
   3.8817621000946256     
   1.4631526114530782     
   4.5428433908544221     
   2.1619951653749014     
   3.4029565107508883     
   1.6712350001505387     
   3.7090526443339984     
   4.6093179027073692     
   1.9040265956085423     
   7.8327428425316343     
   7.7910023940324766     
   1.7852317149931238     
   1.4975667663568477     
   1.3337947122134919     
   2.8780546794111568     
   6.1068063339219423     
   5.9464338659686558     
   4.4592381865403050     
   4.8566056352575933     
   2.5187444853804828     
   3.5204900296244714     
  0.96947331066743381     
   4.0256455490157892     
   1.2259480074841842     
   2.9318512033266706     
  0.88155309632103285     
   4.9777596439237994     
   4.6325730264699017     
  0.92290161859000786     
  0.74754959223731920     
   7.5137031056991308     
   2.7826044756403570     
   4.7508753985675805     
   2.6786911660459012     
   4.0744554044650076     
   1.2546751827871292     
   2.7799208751043700     
   1.8500637859047813     
   6.7541770936197674     
   7.7984125901437640     
   2.6793788001153431     
   3.5295630694195044     
   2.6653997916136447     
   1.1452054544151280     
   2.1380140894352500     
   2.7946260008053128     
   6.2045693317871500     
   1.2587373125729215     
   3.9371863920308976     
   1.4818327665577447     
   2.2355463827429101     
   5.3058572521227205     
   3.6444678202010379     
   2.5334810181743461     
   2.7627292543998903     
   2.1833051338952769     
   5.2140741995742603     
   3.1653544562623352     
   4.0985230052162311     
  0.60728849936097762     
   1.0401509986542201     
   1.3184071010588718     
   2.0381179698297593     
   1.5573891260727690     
   1.8383424591049484     
   5.7216741527781814     
   1.6283222767656076     
   4.8617283169124894     
   9.4747103287601249     
   1.7309306733639283     
   3.2280219188040147     
   9.4177476690692696     
   5.0746208392659113     
   5.6134514621386709     
   11.209461567986938     
   4.3435656537723704     
   3.4840962601986343     
   2.7393638135276737     
   1.2038021417993925     
   1.0676445381521897     
   1.8694383338506790     
   1.4528937273079305     
   2.3751462597553878     
   1.3163189402629651     
   2.6659285637073600     
   5.5977523902614053     
   1.7400345507226804     
   2.2006930892619589     
   1.6536591998222967     
   2.2874591836122735     
   2.2907018962726253     
  0.63753141667107693     
   1.2054936164610826     
   1.9687644377191946     
  0.70495663697210897     
  0.90303165289906939     
   5.0437781026176074     
   2.7920157883191719     
   2.0489917061637195     
   1.1574428275186426     
   1.4754981849446638     
  0.94696182641776772     
   1.3230325179753795     
   1.1123547514008880     
   4.6310880116402693     
   1.4655349157324995     
  0.69600556130738012     
  0.67234376922004824     
   2.0532786270863999     
  0.77329173956333797     
   3.6026430406434531     
   1.3446338564127551     
   3.1099223907288027     
   1.4441137742379375     
   1.1990327530491753     
  0.36624097748461543     
   2.2496045960713955     
  0.55651724682831083     
   5.7498852087885375     
   2.8990674948048238     
   1.1837626944129445     
   5.1140830217063247     
   2.9582372005402404     
   4.1772020990960170     
   7.1414805061887732     
   3.2211799692381669     
   4.7105201434749708E-002
