286
138 61 15
 -5.24965 -60.0667
 -4.8693 -61.778
 -4.9402 -62.9358
 -5.7592 -63.7402
 -6.42525 -64.3206
 -7.28835 -64.2516
 -8.1042 -64.3683
 -8.508 -65.457
 -8.69305 -66.4061
 -8.9741 -66.4594
 -9.26485 -66.4129
 -9.4831 -66.3087
 -10.2434 -65.6519
 -10.8384 -65.0543
 -10.8406 -65.0492
138 108 9
 -5.24965 -60.0667
 -4.68675 -58.2939
 -3.9522 -57.0936
 -2.63095 -56.7394
 -1.38055 -55.9967
 -1.29955 -55.1652
 -1.0985 -54.73
 -0.80665 -54.4406
 -0.7445 -54.3624
139 95 15
 -13.3764 -12.8325
 -14.3612 -12.3496
 -13.5917 -11.5422
 -13.4324 -10.5522
 -13.5326 -10.4542
 -13.4319 -10.3314
 -13.0304 -10.256
 -12.1365 -9.8282
 -11.4566 -9.22075
 -11.2941 -8.9698
 -11.3071 -8.69685
 -11.3369 -8.1693
 -11.9736 -8.01915
 -12.6334 -8.2787
 -12.6351 -8.2818
139 64 9
 -13.3764 -12.8325
 -12.2409 -13.1583
 -11.1983 -12.8457
 -10.552 -12.9801
 -10.4165 -13.748
 -10.1674 -14.4248
 -9.72095 -14.8455
 -9.6866 -14.9653
 -9.6833 -14.9812
140 63 6
 5.85875 10.1735
 6.6852 10.409
 7.091 9.7953
 7.6293 9.13755
 7.7104 8.92015
 7.7457 8.8829
140 29 17
 5.85875 10.1735
 4.86595 9.81155
 3.94675 9.03615
 2.96205 8.02175
 2.5955 7.51305
 2.27565 8.4456
 2.08675 10.1769
 2.31595 11.6918
 2.80725 12.9387
 3.1253 13.5582
 2.7081 14.363
 2.1909 15.3223
 2.1163 16.2248
 2.99695 17.507
 4.11125 18.1514
 4.42155 18.1479
 4.4458 18.1301
141 94 18
 12.4655 -3.82095
 12.7861 -5.4476
 12.3202 -6.33425
 13.1276 -5.9555
 14.0707 -5.5984
 14.3591 -6.063
 14.7648 -6.41765
 15.8566 -6.7473
 16.7784 -7.3475
 16.7907 -7.70005
 16.7472 -7.8791
 16.8828 -8.0743
 17.0901 -8.3059
 16.9948 -8.13825
 17.1365 -7.96445
 17.6424 -7.6406
 18.0259 -7.38845
 18.0359 -7.3918
141 13 4
 12.4655 -3.82095
 11.5165 -3.1354
 11.2964 -3.09925
 11.2333 -2.9916
142 92 20
 57.3359 18.6836
 58.2734 17.5211
 59.2382 17.4086
 59.3349 17.105
 59.7005 16.7311
 60.3153 16.7789
 60.0667 16.5556
 59.9742 16.114
 59.6903 15.5954
 59.5519 15.389
 59.3856 15.1351
 58.7998 14.3555
 57.9009 13.7262
 57.3014 13.8059
 56.6929 14.6019
 56.13 15.5446
 55.9558 15.9169
 55.8366 16.0049
 55.7463 16.0518
 55.7039 16.0935
142 54 9
 57.3359 18.6836
 57.362 19.8307
 57.2082 19.9812
 56.6181 20.1709
 56.1182 20.3213
 55.9945 20.4979
 55.8097 20.6607
 55.5989 20.6838
 55.5276 20.6908
143 96 4
 66.3531 32.4161
 67.3281 33.1129
 67.2738 33.4183
 67.3018 33.4665
143 128 4
 66.3531 32.4161
 65.1451 31.8121
 64.8881 31.5644
 64.7817 31.4809
144 92 20
 62.993 16.337
 62.3984 15.6389
 62.1808 15.4804
 61.2887 15.5229
 60.7784 15.6802
 60.7087 15.9501
 60.4416 16.2384
 59.9742 16.114
 59.6903 15.5954
 59.5519 15.389
 59.3856 15.1351
 58.7998 14.3555
 57.9009 13.7262
 57.3014 13.8059
 56.6929 14.6019
 56.13 15.5446
 55.9558 15.9169
 55.8366 16.0049
 55.7463 16.0518
 55.7039 16.0935
144 55 9
 62.993 16.337
 64.2605 16.7937
 65.1028 16.4315
 65.5817 16.0024
 65.6074 15.8474
 65.6757 15.6509
 65.782 15.5155
 65.7915 15.4094
 65.7866 15.3418
145 79 20
 56.2952 -8.3061
 55.2097 -8.3856
 53.4993 -8.81135
 52.3386 -8.73195
 51.9609 -7.58555
 51.4354 -6.8579
 50.7347 -6.29215
 49.9221 -4.9838
 49.4414 -4.2388
 49.1809 -4.1798
 48.7843 -4.20815
 48.4843 -4.415
 47.9769 -4.4738
 47.4671 -4.846
 47.4218 -5.206
 47.0509 -5.246
 46.4988 -5.6183
 45.8302 -6.35085
 45.4357 -6.8592
 45.4961 -6.9592
145 6 4
 56.2952 -8.3061
 57.1982 -8.06515
 57.6893 -7.8492
 57.7457 -7.8139
146 113 8
 58.6323 -27.2516
 57.9068 -26.6933
 57.2246 -26.4503
 56.3958 -26.0474
 56.0905 -26.1712
 54.9643 -25.965
 53.9703 -25.4582
 53.9644 -25.4566
146 30 8
 58.6323 -27.2516
 58.6882 -29.3591
 57.9953 -30.9432
 57.4059 -30.8446
 56.4269 -30.2524
 55.862 -29.8326
 55.6227 -30.0132
 55.5148 -30.1396
147 118 6
 56.7453 -22.6694
 57.5376 -21.4776
 57.9259 -20.9255
 58.3951 -20.3744
 58.5536 -20.4051
 58.6017 -20.4293
147 102 3
 56.7453 -22.6694
 55.9943 -23.8782
 56.0059 -23.8895
148 47 12
 35.3121 -9.41895
 35.6592 -9.8857
 36.0555 -10.138
 36.3789 -10.1924
 36.409 -10.4151
 36.4005 -10.049
 36.4063 -9.5064
 36.6161 -8.813
 37.0316 -8.52685
 37.3661 -8.4508
 37.4635 -8.27375
 37.4623 -8.1976
148 111 4
 35.3121 -9.41895
 34.8175 -9.0294
 34.5438 -8.86315
 34.5366 -8.8344
149 88 4
 34.2754 -26.5345
 33.2497 -27.0649
 32.6712 -27.3819
 32.6378 -27.4104
149 3 5
 34.2754 -26.5345
 35.1988 -26.1548
 35.7455 -25.9145
 35.9817 -25.6264
 36.114 -25.441
150 3 11
 38.3967 -29.5746
 38.2801 -28.7151
 38.2822 -28.4115
 38.2293 -28.141
 38.1651 -28.0524
 37.9756 -27.9569
 37.4951 -27.5427
 36.8806 -27.1756
 36.2204 -26.4522
 35.9817 -25.6264
 36.114 -25.441
150 77 16
 38.3967 -29.5746
 38.3568 -30.4744
 38.2282 -30.7938
 38.2972 -31.4669
 38.7636 -32.7283
 38.5464 -33.6771
 37.5014 -34.2861
 36.8562 -34.772
 36.5769 -34.9645
 36.1558 -35.1443
 35.4002 -35.2649
 35.1587 -35.6805
 35.1106 -36.2192
 34.926 -36.5319
 34.8587 -36.7117
 34.8237 -36.7204
151 37 9
 81.712 -40.8892
 80.7421 -40.3747
 80.3351 -40.1526
 80.1256 -40.1504
 79.864 -40.2202
 79.7236 -40.2365
 79.674 -40.2212
 79.5872 -40.1847
 79.5165 -40.154
151 66 3
 81.712 -40.8892
 82.3732 -41.235
 82.417 -41.242
152 62 8
 -5.03225 23.5021
 -5.67785 22.2174
 -6.64285 21.5464
 -6.99855 21.772
 -7.2964 21.9489
 -7.41475 22.122
 -7.48435 22.2384
 -7.4852 22.2514
152 49 15
 -5.03225 23.5021
 -5.4061 24.033
 -5.7019 24.4332
 -5.63865 25.3708
 -5.50895 26.0468
 -5.8513 26.1124
 -6.3413 25.6539
 -6.623 25.6559
 -6.9056 26.5155
 -7.2019 27.1523
 -7.30485 27.4294
 -7.3349 27.6119
 -7.5667 27.846
 -7.8061 27.9619
 -7.8211 27.9494
153 29 9
 0.0127 15.3846
 1.60495 14.945
 2.7081 14.363
 2.1909 15.3223
 2.1163 16.2248
 2.99695 17.507
 4.11125 18.1514
 4.42155 18.1479
 4.4458 18.1301
153 90 5
 0.0127 15.3846
 -0.89785 16.0032
 -1.15505 16.3559
 -1.4119 16.6531
 -1.4428 16.6497
154 89 9
 59.5001 30.9792
 58.3902 31.1534
 57.9987 30.7973
 57.6218 30.1939
 57.2569 29.7199
 57.1449 29.6402
 57.0416 29.6518
 56.9797 29.7101
 56.9528 29.7292
154 128 11
 59.5001 30.9792
 60.5682 30.4917
 60.9127 30.4421
 61.0323 31.0432
 61.6395 31.3925
 62.3262 31.2063
 62.8185 31.1863
 63.8647 31.2516
 64.6494 31.39
 64.7569 31.4738
 64.7817 31.4809
155 23 12
 2.44355 -30.4718
 1.8427 -29.7309
 1.5491 -29.6607
 1.4299 -29.7186
 1.3366 -29.8109
 1.26495 -29.9671
 1.2108 -30.077
 1.1927 -30.1314
 1.19525 -30.1674
 1.24565 -30.1761
 1.29715 -30.1774
 1.3115 -30.1718
155 25 14
 2.44355 -30.4718
 3.07085 -31.6477
 3.46555 -32.2379
 3.63095 -32.3103
 3.7853 -32.4562
 3.84735 -32.6956
 3.7259 -32.8324
 3.8618 -32.7322
 4.20605 -32.5888
 4.568 -32.5437
 4.9292 -32.5687
 5.32215 -32.5481
 5.50775 -32.5591
 5.5771 -32.594
156 39 18
 15.3631 -18.9633
 14.4895 -19.5971
 14.1068 -19.6271
 14.2195 -20.0751
 14.3827 -20.7453
 14.6554 -20.9292
 15.1243 -20.8491
 15.2134 -21.0077
 15.0592 -21.2065
 14.7742 -21.504
 14.4815 -21.8307
 14.5214 -22.3434
 14.3918 -22.9597
 14.2008 -23.1074
 14.2888 -23.1824
 14.4485 -23.3287
 14.5427 -23.4402
 14.5647 -23.4742
156 117 3
 15.3631 -18.9633
 15.851 -18.2775
 15.8298 -18.2059
157 64 4
 -8.48595 -14.7516
 -9.47095 -15.1251
 -9.66365 -14.9719
 -9.6833 -14.9812
157 46 5
 -8.48595 -14.7516
 -7.06605 -14.2575
 -6.1728 -14.1946
 -5.85785 -14.0584
 -5.8282 -14.0269
158 84 8
 -24.0119 17.9347
 -24.8302 17.5598
 -25.091 17.0358
 -25.3131 16.5921
 -25.5294 16.256
 -24.7251 15.8172
 -23.9482 15.3625
 -23.9594 15.33
158 106 4
 -24.0119 17.9347
 -23.0646 17.9065
 -22.6559 17.9039
 -22.6473 17.9045
159 82 13
 28.7352 31.6908
 29.0298 33.2999
 29.6991 34.0404
 30.1786 34.8216
 29.12 35.9633
 28.0571 36.7453
 27.508 36.9984
 26.8721 37.1907
 26.6997 37.1693
 26.6311 37.3345
 26.4417 37.616
 26.3176 37.8009
 26.377 37.8188
159 16 13
 28.7352 31.6908
 28.5175 30.3778
 28.3666 30.2615
 28.2465 30.0161
 28.4187 29.4203
 28.3725 28.8189
 28.4623 27.985
 28.8762 27.052
 28.3461 25.9813
 27.7792 25.0411
 27.3928 24.3507
 26.9438 23.7544
 26.8866 23.7338
160 98 6
 66.7608 35.3716
 66.0052 37.0811
 65.9179 37.3143
 66.0992 37.8752
 66.2363 38.169
 66.2098 38.2401
160 96 3
 66.7608 35.3716
 67.3566 33.5118
 67.3018 33.4665
161 120 6
 -7.74365 -34.4338
 -7.33215 -35.9885
 -7.69235 -36.4316
 -7.66965 -37.1576
 -7.5778 -37.8791
 -7.5131 -37.8934
161 74 5
 -7.74365 -34.4338
 -8.5405 -33.27
 -8.68525 -33.2384
 -8.86715 -33.294
 -8.9339 -33.3477
162 32 26
 -13.7418 -29.8947
 -13.128 -29.9379
 -12.8256 -30.0554
 -12.5869 -29.9199
 -12.4723 -29.7593
 -12.4326 -29.681
 -12.5086 -29.3164
 -12.4125 -28.6978
 -11.8839 -28.3337
 -11.424 -28.6525
 -11.235 -28.64
 -10.701 -28.0618
 -10.4645 -27.8217
 -10.883 -27.0896
 -11.116 -26.3081
 -11.136 -26.1472
 -11.2746 -25.8212
 -11.3624 -25.5608
 -11.2379 -25.3428
 -11.0494 -25.1436
 -11.0101 -25.0825
 -11.1971 -24.9908
 -11.3694 -24.8757
 -11.3983 -24.7793
 -11.4213 -24.7645
 -11.4193 -24.7536
162 45 11
 -13.7418 -29.8947
 -14.9581 -29.9977
 -15.8134 -29.765
 -15.6553 -30.0789
 -15.8151 -30.3755
 -16.1171 -31.0272
 -16.4982 -31.537
 -16.8567 -31.625
 -17.107 -31.6878
 -17.2373 -31.842
 -17.2565 -31.9045
163 8 18
 19.2956 -57.1879
 19.6358 -58.4101
 19.4913 -58.577
 18.2593 -58.467
 17.1179 -58.2426
 16.8152 -57.5075
 15.999 -56.3713
 15.265 -55.9767
 15.0093 -55.959
 14.4445 -56.1936
 13.1982 -56.5668
 12.4236 -56.8715
 12.208 -57.0786
 11.8414 -57.0678
 11.5767 -57.1334
 11.3647 -57.3484
 11.252 -57.4521
 11.2312 -57.4786
163 34 26
 19.2956 -57.1879
 19.4805 -55.9426
 20.013 -55.7869
 20.0332 -55.5159
 20.1143 -55.204
 20.4845 -54.7435
 21.0469 -54.4333
 21.4904 -54.4482
 21.5744 -54.1146
 21.7071 -54.5869
 22.5901 -55.0532
 23.984 -55.3873
 24.5781 -55.4244
 25.088 -55.1091
 25.7767 -54.9896
 25.8504 -55.5187
 25.6961 -55.7886
 25.2409 -56.2806
 24.8548 -56.8398
 25.0832 -57.538
 25.396 -58.1365
 25.2669 -58.3106
 24.9541 -58.5588
 24.8036 -58.7928
 24.6926 -58.9899
 24.6924 -58.9918
164 27 7
 3.3303 -22.1302
 2.90525 -21.3863
 2.78125 -21.366
 2.5418 -21.2678
 2.47205 -21.0744
 2.6426 -20.9067
 2.6976 -20.8425
164 133 6
 3.3303 -22.1302
 3.94595 -22.9639
 4.32045 -23.048
 4.50075 -23.2024
 4.56955 -23.3937
 4.5721 -23.4123
165 83 5
 14.8209 -16.9212
 14.6644 -16.4569
 14.7525 -15.8346
 14.8169 -15.3151
 14.8029 -15.2628
165 117 4
 14.8209 -16.9212
 15.3703 -17.6735
 15.7917 -18.1612
 15.8298 -18.2059
166 137 17
 -16.347 -17.6873
 -16.0919 -19.4359
 -15.9771 -21.0039
 -15.6887 -21.7766
 -16.0987 -22.1306
 -15.4716 -21.8647
 -15.2306 -21.9949
 -15.1032 -22.0279
 -15.2139 -22.1347
 -15.2495 -22.4292
 -15.3174 -22.7571
 -15.3783 -22.9546
 -15.4187 -23.0986
 -15.428 -23.1212
 -15.3954 -23.1698
 -15.3463 -23.2256
 -15.3263 -23.2471
166 115 16
 -16.347 -17.6873
 -16.8624 -16.689
 -17.2247 -16.6196
 -17.68 -16.6639
 -18.0191 -16.9471
 -18.198 -17.2802
 -18.4436 -17.5916
 -18.7576 -17.8901
 -18.8502 -18.0886
 -18.8725 -18.3413
 -18.887 -18.3567
 -18.9499 -18.3298
 -19.1395 -18.6769
 -19.3857 -18.9114
 -19.5352 -18.8507
 -19.5688 -18.8542
167 5 22
 -23.1201 8.24375
 -21.9075 9.12505
 -20.9019 9.19765
 -19.7153 9.8031
 -18.5564 10.2782
 -17.8767 10.7437
 -17.7207 11.9864
 -17.8284 12.7085
 -18.4018 12.3516
 -19.4215 12.3022
 -19.8386 12.6725
 -20.096 12.923
 -20.4102 13.2738
 -20.3026 13.5403
 -20.288 14.031
 -20.0366 14.4184
 -19.6479 14.5012
 -19.6538 14.7366
 -19.5546 14.9932
 -19.5971 15.1856
 -19.775 15.2484
 -19.7947 15.2382
167 10 13
 -23.1201 8.24375
 -23.5135 6.3492
 -23.982 4.69405
 -24.7317 3.3251
 -24.4042 2.5595
 -22.8401 2.0284
 -20.7069 0.6648
 -19.3266 -0.31165
 -19.3214 -1.82175
 -19.4768 -3.2391
 -18.6991 -3.5414
 -18.2179 -3.8466
 -18.2089 -3.8754
168 125 16
 -18.0485 -0.43815
 -16.4454 -0.8723
 -15.5658 -1.3079
 -15.0419 -0.8676
 -14.0902 -0.36385
 -13.5327 0.1189
 -13.5322 0.72965
 -13.2786 1.41535
 -12.9578 1.9
 -12.3848 1.77625
 -11.6332 1.2669
 -11.4588 0.8369
 -11.4711 0.60935
 -11.3127 0.4783
 -11.1759 0.5572
 -11.1791 0.5651
168 10 6
 -18.0485 -0.43815
 -19.3214 -1.82175
 -19.4768 -3.2391
 -18.6991 -3.5414
 -18.2179 -3.8466
 -18.2089 -3.8754
169 125 5
 -11.6021 -1.5285
 -11.6579 -0.1146
 -11.3127 0.4783
 -11.1759 0.5572
 -11.1791 0.5651
169 14 4
 -11.6021 -1.5285
 -11.3211 -2.6048
 -11.3352 -2.87665
 -11.3692 -2.9642
170 124 9
 -7.90825 -0.1788
 -8.39335 1.43985
 -8.7875 2.5156
 -8.48835 3.35385
 -8.2241 4.5751
 -7.98165 5.4238
 -7.64655 5.54655
 -7.5159 5.6162
 -7.4945 5.6558
170 14 9
 -7.90825 -0.1788
 -7.7921 -1.17475
 -8.30975 -1.8116
 -9.0775 -2.8415
 -9.9075 -2.3674
 -11.0438 -2.5676
 -11.2668 -2.86795
 -11.363 -2.96565
 -11.3692 -2.9642
171 62 14
 -2.8854 18.6969
 -3.27815 19.0813
 -4.13675 19.108
 -4.89215 19.6389
 -5.266 19.1833
 -5.4774 20.1648
 -6.1032 20.7164
 -6.34435 21.0849
 -6.64285 21.5464
 -6.99855 21.772
 -7.2964 21.9489
 -7.41475 22.122
 -7.48435 22.2384
 -7.4852 22.2514
171 90 7
 -2.8854 18.6969
 -2.4569 17.6413
 -2.04865 17.3036
 -1.6873 16.9558
 -1.5335 16.7252
 -1.46205 16.6605
 -1.4428 16.6497
172 97 6
 -21.2081 22.0918
 -21.7175 22.9976
 -21.9589 23.5444
 -22.3079 23.3358
 -22.6397 23.1427
 -22.6451 23.1497
172 127 5
 -21.2081 22.0918
 -20.5485 21.7316
 -19.7999 21.3888
 -19.3666 21.1116
 -19.3133 21.1675
173 17 8
 -5.37455 29.2547
 -5.4843 30.1176
 -5.532 30.3079
 -5.43225 30.3815
 -5.31015 30.4239
 -5.0917 30.5803
 -4.9272 31.0259
 -4.9521 31.3096
173 49 9
 -5.37455 29.2547
 -5.8103 28.3555
 -6.4075 28.1697
 -6.69685 28.18
 -7.1038 27.841
 -7.3349 27.6119
 -7.5667 27.846
 -7.8061 27.9619
 -7.8211 27.9494
174 38 10
 -0.6519 32.1479
 0.53435 31.2061
 1.16255 30.9699
 1.58325 30.8508
 2.28775 30.426
 2.97495 30.2455
 3.29735 30.38
 3.46355 30.3634
 3.58965 30.3094
 3.6086 30.2753
174 12 4
 -0.6519 32.1479
 -2.17875 32.9806
 -3.0467 33.1085
 -3.0859 33.1152
175 35 26
 8.37405 26.5373
 9.3224 26.6654
 9.68885 26.591
 9.84765 26.3618
 10.0434 26.2821
 10.2649 26.2831
 10.5212 26.229
 10.6922 26.208
 10.7901 26.1945
 10.8373 26.1245
 10.8057 26.0224
 10.7887 25.9211
 10.8279 25.7431
 10.8962 25.6311
 10.9246 25.563
 10.9298 25.4492
 10.9851 25.4076
 11.1331 25.3961
 11.234 25.248
 11.226 25.0837
 11.2674 24.9804
 11.312 24.9085
 11.3488 24.8643
 11.3446 24.7935
 11.2964 24.767
 11.283 24.7705
175 38 19
 8.37405 26.5373
 7.59625 26.6918
 6.9588 26.4513
 6.24155 25.8366
 6.0125 25.7378
 5.6246 25.9884
 5.15085 26.3074
 4.9083 26.3772
 4.57375 26.4388
 4.3439 26.5554
 4.25425 26.6292
 3.9232 26.8859
 3.7145 27.6063
 3.80165 28.4819
 3.8058 29.2236
 3.6557 29.755
 3.4681 30.0535
 3.51865 30.2318
 3.6086 30.2753
176 35 32
 13.156 29.2837
 11.6451 28.5598
 11.4229 28.2757
 11.2549 27.9968
 11.0416 27.7288
 10.8701 27.6022
 10.8602 27.2639
 10.8998 26.9501
 10.8142 26.7484
 10.4484 26.5188
 10.1284 26.377
 10.2649 26.2831
 10.5212 26.229
 10.6922 26.208
 10.7901 26.1945
 10.8373 26.1245
 10.8057 26.0224
 10.7887 25.9211
 10.8279 25.7431
 10.8962 25.6311
 10.9246 25.563
 10.9298 25.4492
 10.9851 25.4076
 11.1331 25.3961
 11.234 25.248
 11.226 25.0837
 11.2674 24.9804
 11.312 24.9085
 11.3488 24.8643
 11.3446 24.7935
 11.2964 24.767
 11.283 24.7705
176 9 3
 13.156 29.2837
 14.5912 29.8618
 14.7034 29.9533
177 57 14
 15.3994 31.8233
 14.8914 32.6866
 14.3522 33.2199
 13.9256 33.3236
 13.3652 33.4863
 12.9007 33.5904
 12.6153 33.5201
 12.4294 33.6947
 11.9286 33.7595
 11.5676 33.7365
 11.3394 33.4538
 10.8362 33.2242
 10.5092 33.3302
 10.4879 33.2945
177 9 5
 15.3994 31.8233
 15.0625 30.7614
 14.6763 30.071
 14.6802 29.9761
 14.7034 29.9533
178 58 7
 12.661 2.72075
 11.5687 1.2865
 11.6307 1.10855
 11.6365 1.1267
 12.0014 1.10185
 12.3458 0.9445
 12.2984 0.8855
178 86 9
 12.661 2.72075
 13.874 4.0355
 14.3352 3.8497
 15.0157 3.9913
 15.5556 5.1664
 15.7972 6.019
 16.311 7.073
 16.8802 8.1416
 16.9479 8.1642
179 4 27
 16.3298 9.10055
 16.004 9.46255
 16.0008 9.62775
 16.3604 10.1225
 16.4456 10.7269
 16.2448 11.0598
 16.2787 11.2369
 16.1947 11.3636
 16.1028 11.3993
 16.0417 11.4359
 15.8847 11.6564
 15.6228 11.8967
 15.5194 12.1145
 15.4511 12.1582
 15.265 12.1093
 15.0317 12.2017
 14.7817 12.1309
 14.691 12.0567
 14.6955 12.2121
 14.732 12.4571
 14.785 12.5867
 14.7996 12.6108
 14.7485 12.7211
 14.6938 12.8388
 14.6589 12.8036
 14.6353 12.7493
 14.6287 12.7386
179 86 7
 16.3298 9.10055
 16.6623 8.70755
 16.7175 8.616
 16.7924 8.42325
 16.8833 8.2204
 16.9277 8.16925
 16.9479 8.1642
180 101 14
 21.2014 12.7004
 22.1497 11.487
 22.944 10.6719
 23.0832 10.7014
 23.3015 10.8096
 23.6209 11.0121
 23.8897 11.1478
 23.7241 11.4039
 23.6771 11.6843
 23.799 11.8355
 23.9025 12.4126
 24.0636 12.8153
 24.3386 12.9432
 24.4439 13.1299
180 52 5
 21.2014 12.7004
 20.9255 13.9288
 20.9354 14.7916
 20.9678 14.8767
 20.9488 14.906
181 99 8
 22.0005 5.3716
 23.2225 5.75445
 23.8928 5.6611
 24.0635 5.5193
 24.0882 5.69505
 24.1007 6.2533
 23.8132 6.76945
 23.6114 6.7896
181 86 12
 22.0005 5.3716
 20.7901 4.26615
 20.038 3.7842
 19.8801 3.99055
 19.9389 5.12545
 19.8672 6.25505
 19.3651 6.7258
 18.9466 7.36715
 18.8218 7.4936
 17.8594 7.7897
 16.9778 8.1598
 16.9479 8.1642
182 101 12
 28.104 13.9396
 26.9133 14.1507
 26.5739 14.6012
 26.5274 15.0579
 26.4331 15.5255
 25.5328 15.92
 24.7199 15.9312
 24.6707 15.8612
 24.9283 14.8258
 24.7879 13.512
 24.4143 13.1782
 24.4439 13.1299
182 100 4
 28.104 13.9396
 29.5159 13.6367
 30.0177 13.3952
 30.0425 13.3864
183 82 16
 35.2985 37.1683
 35.2686 37.0014
 34.1005 37.2618
 31.7071 36.9167
 30.5652 35.9618
 30.4352 34.9837
 30.1786 34.8216
 29.12 35.9633
 28.0571 36.7453
 27.508 36.9984
 26.8721 37.1907
 26.6997 37.1693
 26.6311 37.3345
 26.4417 37.616
 26.3176 37.8009
 26.377 37.8188
183 105 4
 35.2985 37.1683
 36.1368 38.2309
 36.9211 39.0337
 36.872 39.0596
184 36 8
 62.6111 49.6718
 60.9882 49.443
 60.2804 49.1088
 60.0442 48.9576
 59.9068 48.5047
 59.6208 47.9655
 59.3938 47.8271
 59.36 47.8134
184 78 6
 62.6111 49.6718
 63.786 49.2299
 64.2716 48.2575
 64.3058 46.4802
 64.0123 45.035
 64.102 44.8443
185 89 10
 56.888 26.8681
 57.4561 27.7913
 57.3348 28.4805
 57.18 29.291
 57.1203 29.4806
 57.0883 29.5431
 57.0826 29.5825
 57.0416 29.6518
 56.9797 29.7101
 56.9528 29.7292
185 51 4
 56.888 26.8681
 56.1466 26.0149
 55.938 26.0795
 55.9088 26.0892
186 92 14
 60.812 9.77655
 59.8594 9.47
 59.0737 10.2002
 57.6623 11.4211
 56.3798 12.4604
 55.7166 13.0126
 55.9659 13.2073
 56.6915 13.6707
 56.6929 14.6019
 56.13 15.5446
 55.9558 15.9169
 55.8366 16.0049
 55.7463 16.0518
 55.7039 16.0935
186 68 7
 60.812 9.77655
 62.6123 8.4485
 63.6311 6.5246
 63.8467 6.29465
 63.9259 6.19075
 64.0027 6.02805
 64.0528 6.0228
187 79 13
 49.3096 -1.6873
 49.1138 -3.064
 49.1481 -3.92095
 48.7843 -4.20815
 48.4843 -4.415
 47.9769 -4.4738
 47.4671 -4.846
 47.4218 -5.206
 47.0509 -5.246
 46.4988 -5.6183
 45.8302 -6.35085
 45.4357 -6.8592
 45.4961 -6.9592
187 129 6
 49.3096 -1.6873
 49.6456 -0.189
 49.868 0.9367
 50.1464 1.3742
 50.1786 1.67295
 50.1231 1.8164
188 31 13
 74.7644 0.704
 73.8846 1.2198
 73.7059 1.27495
 73.6771 1.5546
 73.6942 1.7907
 73.569 1.78595
 73.4271 1.8047
 73.3645 1.8299
 73.4408 1.5528
 73.0103 1.0979
 72.2129 0.85755
 71.9488 0.85035
 71.9622 0.899
188 93 12
 74.7644 0.704
 75.9123 0.5421
 76.3428 0.991
 76.5668 0.9353
 76.1176 0.332
 75.5159 -0.6443
 75.4961 -1.346
 75.6306 -1.71115
 76.1115 -1.7393
 76.6821 -1.37595
 76.9346 -1.1655
 76.9342 -1.1562
189 93 6
 75.942 -8.21695
 77.0619 -4.85875
 76.9734 -2.45975
 76.971 -1.4973
 76.9346 -1.1655
 76.9342 -1.1562
189 22 3
 75.942 -8.21695
 74.3329 -9.9558
 73.9657 -10.0955
190 50 21
 67.2373 -6.43355
 65.5047 -6.74345
 65.2343 -7.2272
 65.3089 -7.56075
 65.0859 -7.96895
 64.9165 -8.5154
 65.2071 -9.5691
 65.1146 -9.8007
 64.1001 -9.70095
 63.5194 -10.4629
 63.4551 -10.9512
 63.4788 -11.5301
 62.6609 -12.3621
 61.476 -13.0641
 61.7318 -14.1829
 61.9387 -15.7332
 61.0461 -17.0731
 60.4706 -17.7945
 61.1166 -18.855
 61.8155 -19.8629
 61.8474 -19.8417
190 114 9
 67.2373 -6.43355
 69.1895 -6.15425
 69.8913 -5.93635
 70.018 -5.56325
 70.4191 -4.9999
 70.7545 -4.78215
 70.9307 -4.2418
 71.0687 -3.6249
 71.0691 -3.5393
191 6 4
 56.7823 -9.42515
 57.1982 -8.06515
 57.6893 -7.8492
 57.7457 -7.8139
191 91 3
 56.7823 -9.42515
 56.8078 -10.6434
 56.8144 -10.6823
192 67 4
 66.8251 -23.0662
 68.4437 -22.8627
 69.1377 -22.4578
 69.1737 -22.433
192 69 3
 66.8251 -23.0662
 65.7737 -22.9275
 65.6828 -22.9656
193 50 5
 59.6959 -18.9855
 60.4706 -17.7945
 61.1166 -18.855
 61.8155 -19.8629
 61.8474 -19.8417
193 118 5
 59.6959 -18.9855
 58.8198 -20.2407
 58.6615 -20.3667
 58.6136 -20.4133
 58.6017 -20.4293
194 134 13
 48.0689 -28.4318
 46.893 -29.7722
 45.9688 -30.1339
 45.5927 -29.5222
 45.2915 -29.0155
 44.7262 -28.8903
 44.5065 -29.0849
 44.4173 -29.1765
 44.2151 -29.3533
 44.0558 -29.5383
 43.9829 -29.5536
 43.9265 -29.57
 43.8967 -29.5841
194 30 12
 48.0689 -28.4318
 49.5273 -27.1594
 50.2176 -27.4606
 50.4012 -28.5457
 51.3955 -29.3844
 52.147 -29.9853
 52.7121 -30.1777
 53.7478 -30.517
 54.6033 -30.9402
 54.8792 -30.3855
 55.5089 -30.166
 55.5148 -30.1396
195 134 14
 44.9945 -26.6171
 45.3116 -27.2027
 45.4977 -27.8867
 45.4577 -28.2868
 45.1202 -28.5014
 44.7214 -28.6111
 44.5816 -28.8212
 44.5065 -29.0849
 44.4173 -29.1765
 44.2151 -29.3533
 44.0558 -29.5383
 43.9829 -29.5536
 43.9265 -29.57
 43.8967 -29.5841
195 121 12
 44.9945 -26.6171
 44.5379 -26.2281
 44.127 -25.9962
 44.0473 -25.7966
 44.1271 -25.0974
 44.1778 -24.4621
 44.0878 -24.2783
 43.6707 -24.1264
 43.0156 -24.1963
 42.6833 -24.1135
 42.6123 -23.838
 42.6051 -23.8124
196 109 6
 44.2057 -16.0516
 45.0943 -14.7824
 45.6324 -14.3823
 46.216 -14.2444
 46.6749 -13.9517
 46.7688 -13.9071
196 2 7
 44.2057 -16.0516
 43.2548 -16.8272
 42.2571 -17.478
 41.5735 -18.2724
 41.3765 -18.5074
 41.2197 -18.5607
 41.1925 -18.5392
197 24 6
 34.31 -18.0232
 35.008 -17.1184
 35.0332 -16.6806
 35.028 -16.6449
 34.9799 -16.6639
 34.9644 -16.6877
197 3 13
 34.31 -18.0232
 33.4504 -18.499
 32.9256 -18.6791
 32.8224 -19.7742
 33.2403 -21.3195
 33.4461 -22.3288
 33.5883 -22.8549
 34.2762 -23.2222
 35.1758 -23.4956
 35.4702 -23.819
 35.6641 -24.6248
 35.9906 -25.3118
 36.114 -25.441
198 77 7
 33.7957 -33.3225
 34.7306 -34.5007
 35.1587 -35.6805
 35.1106 -36.2192
 34.926 -36.5319
 34.8587 -36.7117
 34.8237 -36.7204
198 40 3
 33.7957 -33.3225
 33.1265 -32.8843
 33.0683 -32.8416
199 121 9
 41.4589 -20.8614
 41.5844 -21.6549
 41.944 -22.2496
 41.7054 -22.6632
 41.7105 -23.4564
 42.1123 -24.0085
 42.3713 -23.896
 42.5741 -23.8059
 42.6051 -23.8124
199 2 7
 41.4589 -20.8614
 41.3094 -20.1676
 41.2491 -19.5921
 41.3762 -19.037
 41.2487 -18.6665
 41.2197 -18.5607
 41.1925 -18.5392
200 77 16
 40.2799 -29.8651
 38.3568 -30.4744
 38.2282 -30.7938
 38.2972 -31.4669
 38.7636 -32.7283
 38.5464 -33.6771
 37.5014 -34.2861
 36.8562 -34.772
 36.5769 -34.9645
 36.1558 -35.1443
 35.4002 -35.2649
 35.1587 -35.6805
 35.1106 -36.2192
 34.926 -36.5319
 34.8587 -36.7117
 34.8237 -36.7204
200 134 6
 40.2799 -29.8651
 42.6809 -29.4727
 43.5507 -29.5659
 43.8237 -29.618
 43.8917 -29.5908
 43.8967 -29.5841
201 71 9
 29.0168 -57.4521
 28.9635 -58.5278
 29.042 -58.8479
 29.1772 -58.8845
 29.195 -59.0147
 29.2053 -59.2257
 29.2828 -59.2505
 29.4527 -59.1865
 29.6005 -59.1863
201 15 3
 29.0168 -57.4521
 29.2128 -56.2695
 29.3491 -55.8715
202 34 29
 31.0805 -47.3151
 31.3059 -48.7589
 31.3526 -49.4043
 31.0638 -49.7073
 31.0189 -49.8053
 30.0441 -49.7337
 28.9743 -50.0593
 28.8342 -50.5197
 28.7645 -50.7127
 28.6437 -50.8992
 28.6596 -51.2571
 28.6858 -51.5705
 28.8266 -52.6978
 28.8171 -53.8749
 28.5951 -54.0006
 28.2773 -54.1393
 27.1889 -54.5229
 26.1741 -55.027
 25.8504 -55.5187
 25.6961 -55.7886
 25.2409 -56.2806
 24.8548 -56.8398
 25.0832 -57.538
 25.396 -58.1365
 25.2669 -58.3106
 24.9541 -58.5588
 24.8036 -58.7928
 24.6926 -58.9899
 24.6924 -58.9918
202 20 7
 31.0805 -47.3151
 31.6214 -45.799
 32.0881 -45.1454
 32.1629 -44.6749
 32.1581 -44.2252
 32.1235 -44.0762
 32.0982 -44.0235
203 135 10
 54.6576 -45.0448
 54.8612 -46.0108
 54.8757 -46.2575
 54.987 -46.4077
 55.0505 -46.5631
 55.1256 -46.6123
 55.2484 -46.566
 55.3673 -46.4956
 55.4448 -46.5222
 55.4511 -46.5338
203 59 12
 54.6576 -45.0448
 54.2833 -44.2789
 53.5933 -44.2046
 53.0708 -44.1041
 53.1554 -43.9855
 53.212 -43.4966
 53.1763 -42.5789
 52.8354 -42.1271
 52.3802 -42.3264
 51.8647 -42.5321
 51.4562 -42.533
 51.411 -42.4995
204 81 7
 84.0868 -38.9658
 83.3103 -39.0401
 83.0876 -39.25
 82.8246 -39.1813
 82.4807 -38.9312
 82.438 -38.6893
 82.4861 -38.6276
204 87 3
 84.0868 -38.9658
 84.6568 -39.0684
 84.6628 -39.0367
205 37 10
 75.9458 -40.8521
 77.0575 -40.5286
 77.8817 -40.1058
 78.2039 -40.0311
 78.3814 -40.008
 78.7226 -40.0755
 79.0577 -40.1026
 79.2645 -40.1751
 79.4785 -40.1889
 79.5165 -40.154
205 75 6
 75.9458 -40.8521
 75.2946 -40.1814
 75.0357 -39.551
 74.9376 -39.3901
 74.8521 -39.2639
 74.788 -39.2272
206 75 10
 69.8582 -45.3474
 72.8412 -44.4431
 74.5585 -43.5899
 74.9342 -42.6893
 75.2761 -41.5938
 75.2946 -40.1814
 75.0357 -39.551
 74.9376 -39.3901
 74.8521 -39.2639
 74.788 -39.2272
206 43 6
 69.8582 -45.3474
 66.7815 -46.4508
 64.8526 -46.5048
 64.3615 -46.1544
 64.1961 -46.1179
 64.1698 -46.0921
207 103 9
 -5.41275 -27.4387
 -4.88195 -28.0935
 -4.14895 -28.4209
 -3.48245 -28.6302
 -3.2167 -28.258
 -3.3532 -28.6345
 -3.4023 -29.6029
 -3.5006 -30.4282
 -3.551 -30.4297
207 41 7
 -5.41275 -27.4387
 -5.6238 -26.5387
 -5.55405 -26.295
 -5.9119 -26.4765
 -6.6974 -26.6245
 -7.15405 -26.7916
 -7.13 -27.0127
208 49 16
 -14.0119 26.3517
 -13.5205 26.2116
 -13.3321 26.0601
 -13.0714 25.6048
 -12.7762 25.2581
 -12.3565 25.7794
 -11.6889 26.5773
 -11.2975 26.8729
 -11.1117 26.7947
 -11.0778 26.8337
 -10.5926 27.0044
 -9.80305 27.3356
 -9.2168 27.6737
 -8.37775 27.8465
 -7.8455 27.9472
 -7.8211 27.9494
208 112 8
 -14.0119 26.3517
 -14.8114 26.558
 -15.6546 26.7477
 -16.28 26.8287
 -16.5114 26.6906
 -16.7179 25.8623
 -16.9809 25.1812
 -16.9966 25.1575
209 85 6
 15.3843 28.131
 15.5686 26.982
 15.6115 26.8225
 15.659 26.7918
 15.7185 26.8012
 15.7595 26.81
209 9 5
 15.3843 28.131
 15.1758 29.5536
 14.9452 29.9487
 14.7278 29.9477
 14.7034 29.9533
210 69 8
 62.9403 -27.3818
 64.1967 -27.5462
 64.6045 -27.399
 64.3287 -26.7697
 63.6215 -24.8919
 64.4421 -23.2397
 65.4907 -23.0045
 65.6828 -22.9656
210 30 10
 62.9403 -27.3818
 61.2913 -27.761
 60.894 -28.2764
 59.4865 -29.6288
 58.0116 -30.9559
 57.4059 -30.8446
 56.4269 -30.2524
 55.862 -29.8326
 55.6227 -30.0132
 55.5148 -30.1396
211 32 24
 -10.8799 -29.4305
 -11.7715 -29.431
 -12.2462 -29.7468
 -12.4326 -29.681
 -12.5086 -29.3164
 -12.4125 -28.6978
 -11.8839 -28.3337
 -11.424 -28.6525
 -11.235 -28.64
 -10.701 -28.0618
 -10.4645 -27.8217
 -10.883 -27.0896
 -11.116 -26.3081
 -11.136 -26.1472
 -11.2746 -25.8212
 -11.3624 -25.5608
 -11.2379 -25.3428
 -11.0494 -25.1436
 -11.0101 -25.0825
 -11.1971 -24.9908
 -11.3694 -24.8757
 -11.3983 -24.7793
 -11.4213 -24.7645
 -11.4193 -24.7536
211 103 12
 -10.8799 -29.4305
 -9.821 -29.9087
 -9.072 -30.3034
 -8.42765 -30.7774
 -7.35965 -31.0898
 -6.66395 -31.4337
 -6.37315 -30.681
 -5.47215 -30.4
 -4.77975 -30.8704
 -4.2512 -30.51
 -3.57475 -30.4269
 -3.551 -30.4297
212 48 14
 12.0183 -35.72
 10.5268 -35.5374
 10.082 -35.5952
 10.0034 -35.6257
 9.94745 -35.6003
 9.78355 -35.5473
 9.66765 -35.5005
 9.6132 -35.4542
 9.5855 -35.4136
 9.59135 -35.3369
 9.5565 -35.2357
 9.49625 -35.1996
 9.4463 -35.1923
 9.4252 -35.189
212 70 8
 12.0183 -35.72
 13.3681 -36.5243
 13.6066 -37.1306
 13.2926 -38.3289
 13.0501 -39.5964
 13.4386 -40.0745
 14.2281 -40.5407
 14.7048 -40.6158
213 97 8
 -23.1602 19.2746
 -23.3731 20.3547
 -23.6038 21.2337
 -24.0802 22.0942
 -23.8512 22.5584
 -23.0341 22.9943
 -22.7134 23.1822
 -22.6451 23.1497
213 106 4
 -23.1602 19.2746
 -22.8506 18.1824
 -22.6559 17.9039
 -22.6473 17.9045
214 4 26
 18.1768 14.0917
 17.2561 13.7884
 17.1284 13.0759
 17.0766 11.9952
 16.8974 11.4595
 16.4867 11.3659
 16.1947 11.3636
 16.1028 11.3993
 16.0417 11.4359
 15.8847 11.6564
 15.6228 11.8967
 15.5194 12.1145
 15.4511 12.1582
 15.265 12.1093
 15.0317 12.2017
 14.7817 12.1309
 14.691 12.0567
 14.6955 12.2121
 14.732 12.4571
 14.785 12.5867
 14.7996 12.6108
 14.7485 12.7211
 14.6938 12.8388
 14.6589 12.8036
 14.6353 12.7493
 14.6287 12.7386
214 52 8
 18.1768 14.0917
 19.1874 14.5196
 19.9111 14.7574
 20.507 14.7787
 20.5846 14.8361
 20.7571 14.8284
 20.9089 14.8429
 20.9488 14.906
215 4 18
 11.1814 14.7447
 11.684 13.7088
 11.9852 13.1849
 12.0105 12.8401
 11.9871 12.3981
 12.1065 12.3271
 12.5603 12.3142
 13.0581 12.2535
 13.4029 12.0843
 13.909 11.9302
 14.2626 12.1011
 14.366 12.3522
 14.3999 12.5152
 14.4396 12.6026
 14.4754 12.6723
 14.5617 12.7249
 14.6288 12.735
 14.6287 12.7386
215 72 4
 11.1814 14.7447
 10.8273 15.4437
 10.7528 15.6308
 10.7185 15.6561
216 47 16
 43.3251 -7.202
 42.1267 -6.94485
 40.9869 -6.47335
 40.2617 -6.28035
 39.7678 -6.23375
 39.4526 -6.6252
 39.0732 -7.0429
 38.8113 -7.4457
 38.5657 -7.97545
 38.4979 -8.13435
 38.2687 -8.18355
 38.0348 -8.17695
 37.9814 -8.0924
 37.7458 -8.15215
 37.5025 -8.22055
 37.4623 -8.1976
216 79 4
 43.3251 -7.202
 44.4474 -7.03385
 45.3861 -6.94785
 45.4961 -6.9592
217 55 11
 68.2999 16.6828
 67.4811 17.3949
 66.8163 17.4291
 66.19 17.3973
 65.9783 16.6203
 65.6823 15.8068
 65.6074 15.8474
 65.6757 15.6509
 65.782 15.5155
 65.7915 15.4094
 65.7866 15.3418
217 42 4
 68.2999 16.6828
 69.2592 16.0141
 69.47 16.0467
 69.4876 16.0791
218 31 11
 70.4234 -0.4055
 70.6985 0.38415
 70.7159 0.5061
 70.8696 0.5009
 71.4987 0.47225
 71.9826 0.24655
 71.9728 0.4857
 71.9469 0.6248
 71.9195 0.78575
 71.9374 0.86995
 71.9622 0.899
218 1 9
 70.4234 -0.4055
 70.1562 -1.08255
 70.1933 -1.26285
 70.2262 -1.4836
 70.0535 -1.634
 69.8608 -1.7334
 69.7512 -1.7301
 69.6629 -1.7621
 69.6546 -1.7926
219 50 11
 60.1207 -9.99815
 60.2617 -12.1665
 60.8868 -12.9814
 61.476 -13.0641
 61.7318 -14.1829
 61.9387 -15.7332
 61.0461 -17.0731
 60.4706 -17.7945
 61.1166 -18.855
 61.8155 -19.8629
 61.8474 -19.8417
219 6 6
 60.1207 -9.99815
 59.2477 -7.9705
 58.0641 -7.69375
 57.8485 -7.79765
 57.7527 -7.8095
 57.7457 -7.8139
220 113 6
 56.3809 -24.951
 56.2214 -25.8533
 56.0905 -26.1712
 54.9643 -25.965
 53.9703 -25.4582
 53.9644 -25.4566
220 102 3
 56.3809 -24.951
 56.2767 -23.9785
 56.0059 -23.8895
221 24 18
 38.8901 -16.4268
 38.2805 -15.7852
 37.6678 -15.0634
 37.1292 -14.5037
 36.9252 -14.0904
 36.819 -13.906
 36.6237 -13.9181
 36.4999 -13.9018
 36.3784 -14.0953
 36.0411 -14.8699
 35.5559 -15.5824
 35.3172 -15.8315
 35.1891 -16.1415
 35.0791 -16.4692
 35.0501 -16.6049
 35.028 -16.6449
 34.9799 -16.6639
 34.9644 -16.6877
221 2 11
 38.8901 -16.4268
 39.3502 -17.0163
 39.7301 -17.4881
 40.138 -17.725
 40.4271 -18.007
 40.5461 -18.1819
 40.6731 -18.3498
 40.8263 -18.5878
 40.9871 -18.6474
 41.1375 -18.5816
 41.1925 -18.5392
222 134 22
 51.1436 -37.6516
 51.2139 -36.2815
 51.1204 -35.5728
 51.2262 -34.8032
 50.7889 -34.4294
 49.9563 -33.9646
 49.1465 -33.2072
 47.5271 -32.1544
 46.5112 -31.6096
 46.5081 -31.2885
 46.4557 -30.7494
 45.9688 -30.1339
 45.5927 -29.5222
 45.2915 -29.0155
 44.7262 -28.8903
 44.5065 -29.0849
 44.4173 -29.1765
 44.2151 -29.3533
 44.0558 -29.5383
 43.9829 -29.5536
 43.9265 -29.57
 43.8967 -29.5841
222 59 13
 51.1436 -37.6516
 51.1854 -39.1804
 51.576 -39.7245
 51.8553 -40.1501
 51.4022 -40.5302
 50.7644 -40.7074
 50.4898 -40.6642
 50.6224 -41.0775
 51.0432 -41.8682
 51.118 -42.4185
 51.1632 -42.4958
 51.3747 -42.4907
 51.411 -42.4995
223 61 6
 -5.83285 -70.5204
 -8.34195 -68.6921
 -10.543 -66.0625
 -10.8939 -65.0599
 -10.8493 -65.0412
 -10.8406 -65.0492
223 11 4
 -5.83285 -70.5204
 -4.9318 -70.425
 -4.71775 -70.1381
 -4.7098 -70.1211
224 108 16
 -6.2136 -43.3617
 -5.0899 -44.4298
 -4.83685 -45.1142
 -4.4225 -45.785
 -4.00455 -46.4949
 -3.77685 -47.551
 -2.94275 -49.2467
 -1.6807 -50.7568
 -0.97095 -51.4533
 -0.6598 -51.9135
 -0.6257 -52.5942
 -0.39435 -53.4535
 -0.14365 -53.9608
 -0.3851 -54.2574
 -0.66845 -54.3347
 -0.7445 -54.3624
224 120 9
 -6.2136 -43.3617
 -6.59335 -41.2913
 -7.3247 -39.9247
 -8.569 -39.3956
 -8.087 -38.5814
 -7.68245 -38.0798
 -7.5643 -38.0074
 -7.5128 -37.9259
 -7.5131 -37.8934
225 103 8
 -6.90455 -32.2239
 -6.66395 -31.4337
 -6.37315 -30.681
 -5.47215 -30.4
 -4.77975 -30.8704
 -4.2512 -30.51
 -3.57475 -30.4269
 -3.551 -30.4297
225 74 5
 -6.90455 -32.2239
 -7.8786 -32.9874
 -8.68525 -33.2384
 -8.86715 -33.294
 -8.9339 -33.3477
226 23 15
 -2.1406 -30.2208
 -1.598 -30.612
 -1.00865 -30.7854
 0.16955 -30.6047
 0.7314 -30.2049
 0.78095 -30.1863
 0.8443 -30.1777
 0.85615 -30.1066
 0.95325 -30.1259
 1.0942 -30.133
 1.1672 -30.1425
 1.19525 -30.1674
 1.24565 -30.1761
 1.29715 -30.1774
 1.3115 -30.1718
226 103 4
 -2.1406 -30.2208
 -3.07205 -30.1451
 -3.5006 -30.4282
 -3.551 -30.4297
227 34 23
 17.9044 -64.4362
 18.618 -63.6484
 19.2504 -63.5019
 19.7279 -63.9409
 19.8267 -64.1596
 19.9262 -64.0907
 20.3639 -63.9438
 20.7095 -63.6338
 20.5168 -63.3353
 19.9801 -62.7346
 19.5961 -61.8474
 19.7186 -61.0383
 21.0353 -60.1055
 22.3422 -59.8085
 22.6151 -59.8318
 22.7636 -59.6885
 22.7878 -59.6413
 23.0604 -59.667
 23.284 -59.5895
 23.882 -59.2201
 24.5986 -58.9838
 24.6841 -58.9979
 24.6924 -58.9918
227 7 4
 17.9044 -64.4362
 17.1837 -64.9259
 16.9141 -65.0632
 16.8861 -65.0814
228 48 12
 10.6418 -30.6581
 9.60485 -31.7038
 9.606 -32.7836
 9.87395 -33.1175
 10.1068 -33.4222
 10.2884 -34.0151
 10.0471 -34.5246
 9.5725 -34.7468
 9.4614 -34.812
 9.4382 -34.9773
 9.4188 -35.1428
 9.4252 -35.189
228 130 12
 10.6418 -30.6581
 12.4012 -30.0734
 12.9404 -29.0646
 13.025 -28.3041
 13.5818 -27.6402
 13.9536 -27.0659
 14.4149 -26.7776
 14.7181 -26.3819
 14.5865 -26.1297
 14.4454 -25.8773
 14.4795 -25.7589
 14.5023 -25.7137
229 25 7
 7.1664 -32.1735
 5.98955 -32.2255
 5.8002 -32.3453
 5.739 -32.5051
 5.64685 -32.5744
 5.59225 -32.5878
 5.5771 -32.594
229 48 9
 7.1664 -32.1735
 8.3286 -32.7948
 8.88335 -33.8168
 9.3162 -34.3437
 9.40965 -34.6328
 9.4614 -34.812
 9.4382 -34.9773
 9.4188 -35.1428
 9.4252 -35.189
230 39 6
 14.2773 -24.4359
 14.4876 -23.996
 14.5585 -23.7706
 14.5207 -23.5871
 14.5431 -23.5156
 14.5647 -23.4742
230 130 7
 14.2773 -24.4359
 14.3544 -25.0016
 14.5538 -25.2717
 14.6058 -25.5104
 14.5548 -25.6733
 14.4878 -25.6919
 14.5023 -25.7137
231 44 20
 16.4396 -27.0136
 17.9317 -28.6129
 18.4859 -29.7843
 18.5421 -30.1712
 18.6956 -30.5975
 19.3824 -30.5177
 20.2449 -30.5559
 20.5929 -30.7334
 21.5424 -30.765
 22.6101 -30.5742
 23.0402 -30.2377
 22.966 -31.0295
 23.8167 -31.6489
 25.3265 -31.4188
 26.4823 -31.1581
 27.0968 -31.0944
 28.6245 -30.9808
 30.0006 -30.7818
 30.1839 -30.6964
 30.2306 -30.677
231 130 6
 16.4396 -27.0136
 15.2206 -26.3309
 14.8232 -25.9146
 14.6047 -25.7252
 14.5064 -25.7127
 14.5023 -25.7137
232 39 17
 13.0147 -19.9499
 13.9901 -19.6613
 14.2195 -20.0751
 14.3827 -20.7453
 14.6554 -20.9292
 15.1243 -20.8491
 15.2134 -21.0077
 15.0592 -21.2065
 14.7742 -21.504
 14.4815 -21.8307
 14.5214 -22.3434
 14.3918 -22.9597
 14.2008 -23.1074
 14.2888 -23.1824
 14.4485 -23.3287
 14.5427 -23.4402
 14.5647 -23.4742
232 133 15
 13.0147 -19.9499
 12.1231 -20.2933
 12.0391 -20.4073
 11.3226 -20.5822
 10.5054 -21.0105
 9.91555 -21.5279
 9.06235 -21.6924
 8.47975 -22.1914
 7.87085 -23.007
 6.78935 -22.7355
 5.97405 -22.2062
 5.20325 -22.5009
 4.5965 -23.088
 4.56955 -23.3937
 4.5721 -23.4123
233 19 20
 19.1857 -4.73885
 19.1486 -4.41825
 19.2431 -3.9844
 19.3435 -3.69965
 19.4144 -3.5188
 19.5094 -3.3841
 19.5673 -3.2863
 19.722 -3.05445
 19.7343 -2.6327
 19.6422 -2.3165
 19.3998 -2.1783
 19.0873 -1.9768
 19.1982 -1.8582
 19.5405 -1.8853
 20.049 -1.60115
 20.435 -1.3147
 20.6002 -1.26725
 20.7969 -1.2137
 20.9138 -1.2337
 20.9337 -1.2328
233 94 10
 19.1857 -4.73885
 18.9245 -5.4302
 18.5812 -6.0414
 18.2183 -5.93815
 17.8485 -5.82495
 17.485 -6.09355
 17.1549 -6.3377
 17.6055 -6.85845
 18.0392 -7.3786
 18.0359 -7.3918
234 0 7
 17.261 -5.29615
 16.9175 -4.6986
 16.7761 -4.646
 16.6106 -4.5895
 16.4102 -4.5036
 16.355 -4.479
 16.3438 -4.4769
234 94 6
 17.261 -5.29615
 17.3067 -6.07905
 17.1549 -6.3377
 17.6055 -6.85845
 18.0392 -7.3786
 18.0359 -7.3918
235 94 14
 15.9376 -11.6777
 16.3159 -10.8638
 17.2501 -10.1026
 17.6868 -9.49015
 17.3727 -9.29795
 17.2933 -8.98555
 17.1988 -8.70365
 17.174 -8.46485
 17.0901 -8.3059
 16.9948 -8.13825
 17.1365 -7.96445
 17.6424 -7.6406
 18.0259 -7.38845
 18.0359 -7.3918
235 21 9
 15.9376 -11.6777
 15.7541 -12.5345
 15.7008 -12.9044
 15.6976 -13.1486
 16.09 -13.589
 16.7968 -14.0441
 17.2272 -14.0871
 17.3419 -14.0159
 17.3715 -14.002
236 94 17
 13.8242 -13.2127
 13.8365 -12.8758
 14.6432 -12.0098
 15.609 -11.1762
 16.3159 -10.8638
 17.2501 -10.1026
 17.6868 -9.49015
 17.3727 -9.29795
 17.2933 -8.98555
 17.1988 -8.70365
 17.174 -8.46485
 17.0901 -8.3059
 16.9948 -8.13825
 17.1365 -7.96445
 17.6424 -7.6406
 18.0259 -7.38845
 18.0359 -7.3918
236 83 4
 13.8242 -13.2127
 14.4676 -14.2227
 14.796 -15.1677
 14.8029 -15.2628
237 95 8
 -11.9464 -5.52635
 -11.9279 -6.52395
 -11.3622 -7.09035
 -10.9877 -7.3099
 -11.2064 -7.4722
 -11.9736 -8.01915
 -12.6334 -8.2787
 -12.6351 -8.2818
237 14 5
 -11.9464 -5.52635
 -11.4592 -4.8998
 -11.2971 -3.91885
 -11.3546 -3.00305
 -11.3692 -2.9642
238 46 8
 -3.0177 -15.7775
 -4.2174 -14.9685
 -4.8594 -15.3878
 -5.73425 -15.7276
 -6.3479 -15.2501
 -6.1865 -14.5555
 -5.85785 -14.0584
 -5.8282 -14.0269
238 18 5
 -3.0177 -15.7775
 -1.17385 -15.1241
 -0.3327 -13.3226
 -0.40815 -12.7669
 -0.4374 -12.7191
239 137 12
 -14.0329 -24.6744
 -14.7844 -24.4586
 -15.0245 -24.2325
 -15.0176 -24.0662
 -15.1216 -23.8797
 -15.2781 -23.7659
 -15.3552 -23.5774
 -15.374 -23.4365
 -15.3537 -23.3699
 -15.3391 -23.3157
 -15.3307 -23.2684
 -15.3263 -23.2471
239 32 9
 -14.0329 -24.6744
 -13.1639 -24.9254
 -12.6012 -25.3481
 -12.0976 -25.314
 -11.7122 -24.9685
 -11.556 -24.7983
 -11.4662 -24.7484
 -11.4338 -24.7398
 -11.4193 -24.7536
240 137 14
 -13.6312 -20.4237
 -14.3304 -21.2706
 -14.782 -21.8975
 -14.9014 -21.9841
 -15.1032 -22.0279
 -15.2139 -22.1347
 -15.2495 -22.4292
 -15.3174 -22.7571
 -15.3783 -22.9546
 -15.4187 -23.0986
 -15.428 -23.1212
 -15.3954 -23.1698
 -15.3463 -23.2256
 -15.3263 -23.2471
240 64 13
 -13.6312 -20.4237
 -13.148 -19.486
 -13.2792 -18.9531
 -13.6512 -18.8611
 -13.495 -18.529
 -13.1433 -18.1785
 -12.6777 -17.6391
 -11.6458 -16.5427
 -10.6028 -15.4662
 -10.0212 -15.134
 -9.73675 -15.0866
 -9.70165 -15.0032
 -9.6833 -14.9812
241 62 18
 -4.0342 11.8899
 -4.23885 13.4001
 -5.0704 14.6716
 -6.21685 16.1326
 -6.81845 17.0082
 -6.5662 17.1808
 -6.03855 17.9834
 -5.6817 18.7282
 -5.266 19.1833
 -5.4774 20.1648
 -6.1032 20.7164
 -6.34435 21.0849
 -6.64285 21.5464
 -6.99855 21.772
 -7.2964 21.9489
 -7.41475 22.122
 -7.48435 22.2384
 -7.4852 22.2514
241 124 11
 -4.0342 11.8899
 -3.77155 10.1653
 -3.65265 8.9085
 -4.0316 8.46355
 -4.31865 8.17005
 -4.5621 7.25255
 -4.89905 6.3053
 -6.0341 5.636
 -7.2245 5.4464
 -7.5159 5.6162
 -7.4945 5.6558
242 112 12
 -16.1015 20.0715
 -15.9536 21.0359
 -15.9799 21.2225
 -16.4761 21.675
 -17.3348 22.1871
 -17.8136 22.4499
 -17.2098 22.9589
 -17.0577 23.9782
 -17.4019 24.4989
 -17.2299 24.7994
 -17.0435 25.1107
 -16.9966 25.1575
242 26 3
 -16.1015 20.0715
 -16.16 19.0942
 -16.0859 19.0724
243 5 11
 -21.9303 13.9058
 -20.5321 13.4669
 -20.3026 13.5403
 -20.288 14.031
 -20.0366 14.4184
 -19.6479 14.5012
 -19.6538 14.7366
 -19.5546 14.9932
 -19.5971 15.1856
 -19.775 15.2484
 -19.7947 15.2382
243 84 5
 -21.9303 13.9058
 -23.2474 14.3435
 -23.5929 14.6831
 -23.9455 15.1698
 -23.9594 15.33
244 112 9
 -18.6036 21.9915
 -17.9345 22.4697
 -17.8136 22.4499
 -17.2098 22.9589
 -17.0577 23.9782
 -17.4019 24.4989
 -17.2299 24.7994
 -17.0435 25.1107
 -16.9966 25.1575
244 127 4
 -18.6036 21.9915
 -19.2632 21.3573
 -19.3065 21.1817
 -19.3133 21.1675
245 110 14
 -32.7192 28.2095
 -33.4387 31.0029
 -33.2057 31.7537
 -31.9488 31.9997
 -28.764 32.3994
 -26.3728 32.4401
 -26.3862 32.2377
 -26.2233 32.2765
 -25.8545 32.3035
 -24.8838 32.4454
 -24.1134 32.7163
 -24.5041 32.2004
 -24.8151 31.7444
 -24.8087 31.7216
245 97 15
 -32.7192 28.2095
 -31.9486 26.1222
 -31.0508 26.0524
 -30.4965 25.9656
 -30.6283 24.6478
 -30.3136 22.3861
 -30.4454 20.5681
 -29.6986 20.2134
 -27.8461 20.924
 -25.9475 21.6292
 -24.4864 22.2397
 -23.8512 22.5584
 -23.0341 22.9943
 -22.7134 23.1822
 -22.6451 23.1497
246 17 17
 -9.2007 30.7573
 -8.60525 30.3572
 -8.2855 30.2109
 -8.133 29.6637
 -7.9974 29.136
 -7.9138 29.167
 -7.786 29.2276
 -7.5108 29.7302
 -7.25435 30.208
 -6.7728 30.1932
 -5.988 30.3596
 -5.58905 30.4354
 -5.43225 30.3815
 -5.31015 30.4239
 -5.0917 30.5803
 -4.9272 31.0259
 -4.9521 31.3096
246 65 16
 -9.2007 30.7573
 -9.71205 30.7134
 -10.4531 29.9504
 -11.1906 29.6706
 -11.4962 29.9394
 -11.9092 30.3897
 -12.4396 30.7868
 -12.7085 30.8344
 -12.7789 30.8085
 -12.9069 30.7844
 -13.0405 30.7367
 -12.9823 30.6097
 -13.1087 30.7781
 -13.1936 30.9081
 -13.2425 31.0021
 -13.2537 31.0469
247 38 25
 -4.6059 28.0868
 -3.9331 28.2709
 -3.6227 28.3694
 -3.2232 28.0195
 -2.5577 27.8295
 -1.77395 27.603
 -1.19165 27.8256
 -1.0242 28.4727
 -1.0112 28.6999
 -1.0175 28.7668
 -0.26805 28.5551
 0.47695 28.3888
 0.59145 28.4298
 1.45755 28.6291
 2.26845 28.6827
 2.36475 28.5176
 3.08675 28.6453
 3.78295 28.4711
 3.7145 27.6063
 3.80165 28.4819
 3.8058 29.2236
 3.6557 29.755
 3.4681 30.0535
 3.51865 30.2318
 3.6086 30.2753
247 49 10
 -4.6059 28.0868
 -5.2666 27.8833
 -5.8884 27.8758
 -6.4075 28.1697
 -6.69685 28.18
 -7.1038 27.841
 -7.3349 27.6119
 -7.5667 27.846
 -7.8061 27.9619
 -7.8211 27.9494
248 35 27
 12.1859 18.1439
 12.1719 18.7543
 12.1677 19.1987
 12.104 19.3601
 12.1079 19.5338
 12.2392 19.7747
 12.27 20.0208
 12.1889 20.3291
 12.1206 20.5023
 12.1412 20.5363
 12.293 20.9353
 12.2884 21.5093
 12.3794 22.252
 12.3717 22.722
 12.4977 23.0014
 12.3192 23.5052
 12.2003 23.8873
 12.0273 24.0292
 11.8339 24.2115
 11.7356 24.4187
 11.6453 24.5242
 11.6247 24.5954
 11.5816 24.7552
 11.4422 24.8439
 11.3446 24.7935
 11.2964 24.767
 11.283 24.7705
248 72 8
 12.1859 18.1439
 12.2909 17.5539
 11.9489 16.6057
 11.3792 15.8895
 11.0588 15.7189
 10.8158 15.6276
 10.7458 15.6503
 10.7185 15.6561
249 52 10
 21.0762 19.0279
 21.3554 17.5961
 21.2409 16.6933
 21.0442 15.8312
 20.8191 15.3727
 20.6045 14.9627
 20.5846 14.8361
 20.7571 14.8284
 20.9089 14.8429
 20.9488 14.906
249 80 8
 21.0762 19.0279
 20.9247 20.3892
 21.2176 20.7165
 21.4459 20.9163
 21.6199 21.1208
 21.7367 21.3065
 21.7594 21.381
 21.7676 21.4157
250 29 10
 4.03425 14.3808
 3.1461 13.6066
 3.1253 13.5582
 2.7081 14.363
 2.1909 15.3223
 2.1163 16.2248
 2.99695 17.507
 4.11125 18.1514
 4.42155 18.1479
 4.4458 18.1301
250 107 3
 4.03425 14.3808
 5.20255 15.0401
 5.4765 15.0693
251 19 7
 21.462 -0.346
 20.9487 -0.9943
 20.5911 -1.2612
 20.6002 -1.26725
 20.7969 -1.2137
 20.9138 -1.2337
 20.9337 -1.2328
251 99 27
 21.462 -0.346
 21.8157 0.19915
 21.9873 0.29425
 22.232 0.61295
 22.5 0.93375
 22.668 0.7975
 22.9539 0.65375
 23.4097 0.8647
 23.644 1.10925
 23.6449 1.1345
 24.077 1.4654
 24.7233 1.96125
 24.7441 2.58615
 24.4853 3.1604
 24.1081 3.3155
 23.6558 3.4621
 23.6337 3.92645
 23.9264 4.41425
 24.148 4.6156
 24.1074 4.83225
 24.063 5.01775
 24.1131 5.23965
 24.0635 5.5193
 24.0882 5.69505
 24.1007 6.2533
 23.8132 6.76945
 23.6114 6.7896
252 131 15
 32.1556 2.39835
 30.8984 1.68285
 30.9468 0.96695
 30.9601 0.22755
 31.2787 -0.2965
 31.631 -0.7671
 31.6007 -0.7981
 31.4466 -1.0633
 31.2918 -1.35495
 31.2073 -1.4063
 31.1264 -1.39605
 31.0443 -1.28305
 30.8962 -1.1722
 30.7977 -1.16275
 30.7839 -1.1738
252 56 5
 32.1556 2.39835
 33.4864 3.166
 33.5566 3.3602
 33.5335 3.49
 33.5209 3.5262
253 136 12
 42.0758 3.6775
 42.4162 3.7335
 42.75 3.9334
 43.5205 4.03695
 44.2321 4.0637
 44.5452 4.37245
 44.724 4.7525
 44.8053 5.02765
 45.1373 5.23785
 45.5809 5.4329
 45.8566 5.51325
 45.9225 5.4893
253 126 6
 42.0758 3.6775
 41.1302 3.632
 40.1863 3.70605
 39.9162 3.86235
 39.8162 3.97305
 39.8049 4.0297
254 119 10
 46.572 7.828
 46.9726 8.3239
 47.1888 8.3404
 47.3697 8.30755
 47.507 8.28185
 47.5164 8.09775
 47.4745 7.61115
 47.6765 7.22985
 47.8986 7.1623
 47.939 7.169
254 136 11
 46.572 7.828
 46.3941 7.1927
 46.481 6.8507
 46.5624 6.4086
 46.535 5.9401
 46.4216 5.64015
 46.3554 5.56675
 46.1904 5.51545
 46.0741 5.4489
 45.9743 5.47435
 45.9225 5.4893
255 99 7
 24.8669 7.37435
 24.5389 6.9013
 24.3584 6.87015
 24.2358 6.89455
 24.12 6.8248
 23.8132 6.76945
 23.6114 6.7896
255 104 5
 24.8669 7.37435
 25.1727 7.86225
 25.2291 8.03435
 25.2635 8.1542
 25.2881 8.1666
256 101 8
 24.5553 16.8922
 24.7248 16.3565
 24.7199 15.9312
 24.6707 15.8612
 24.9283 14.8258
 24.7879 13.512
 24.4143 13.1782
 24.4439 13.1299
256 16 14
 24.5553 16.8922
 24.4924 18.0229
 24.5557 18.9813
 24.531 19.9429
 24.7234 21.2062
 24.9364 21.6226
 24.7725 22.219
 24.7789 22.9032
 25.7099 23.18
 26.5856 23.3279
 26.7878 23.5312
 26.888 23.6811
 26.8936 23.7169
 26.8866 23.7338
257 132 10
 28.8106 23.2155
 29.2204 23.0266
 29.7192 22.9363
 30.181 23.0975
 30.3149 23.2282
 31.202 23.4163
 32.0735 23.5505
 32.3333 23.539
 32.6476 23.5667
 32.7295 23.616
257 16 10
 28.8106 23.2155
 28.2303 22.7684
 27.8096 22.2832
 27.4707 22.3656
 27.2496 22.8908
 27.0427 23.357
 26.8578 23.5383
 26.888 23.6811
 26.8936 23.7169
 26.8866 23.7338
258 82 18
 37.0429 34.4286
 36.0992 35.5063
 35.3293 36.6292
 35.2686 37.0014
 34.1005 37.2618
 31.7071 36.9167
 30.5652 35.9618
 30.4352 34.9837
 30.1786 34.8216
 29.12 35.9633
 28.0571 36.7453
 27.508 36.9984
 26.8721 37.1907
 26.6997 37.1693
 26.6311 37.3345
 26.4417 37.616
 26.3176 37.8009
 26.377 37.8188
258 53 18
 37.0429 34.4286
 37.6921 34.896
 39.5089 35.6439
 41.3055 35.8105
 42.1311 36.1371
 41.6603 35.556
 41.4823 34.1278
 41.2415 32.9965
 40.809 32.5115
 40.667 31.1936
 40.6988 30.2763
 40.364 29.5195
 39.9652 28.6434
 39.6854 28.4986
 39.5919 28.2676
 39.5547 27.4699
 39.5553 26.9024
 39.5833 26.8946
259 28 8
 52.2014 18.1965
 51.4335 18.2332
 50.0942 19.0117
 49.3968 19.8549
 49.4856 19.208
 48.7281 18.6731
 47.812 18.937
 47.6358 19.2281
259 54 4
 52.2014 18.1965
 53.8235 19.4282
 55.4769 20.6563
 55.5276 20.6908
260 92 4
 54.8158 15.8279
 55.4161 15.7315
 55.6701 16.0525
 55.7039 16.0935
260 116 3
 54.8158 15.8279
 54.3527 16.1974
 54.2698 16.1906
261 128 12
 59.7719 32.5443
 60.0446 31.5163
 60.758 30.8588
 60.9127 30.4421
 61.0323 31.0432
 61.6395 31.3925
 62.3262 31.2063
 62.8185 31.1863
 63.8647 31.2516
 64.6494 31.39
 64.7569 31.4738
 64.7817 31.4809
261 76 6
 59.7719 32.5443
 59.9701 33.5474
 59.4338 34.2508
 58.5872 34.5074
 58.1544 34.2966
 58.0686 34.2273
262 78 7
 66.222 43.6182
 65.235 47.112
 64.2182 49.0117
 64.2716 48.2575
 64.3058 46.4802
 64.0123 45.035
 64.102 44.8443
262 98 5
 66.222 43.6182
 66.5555 42.242
 66.3987 40.2353
 66.2262 38.2411
 66.2098 38.2401
263 55 14
 68.2454 23.5016
 66.5793 22.264
 66.3253 21.0667
 67.2092 19.3837
 67.4952 17.6105
 66.8163 17.4291
 66.19 17.3973
 65.9783 16.6203
 65.6823 15.8068
 65.6074 15.8474
 65.6757 15.6509
 65.782 15.5155
 65.7915 15.4094
 65.7866 15.3418
263 128 11
 68.2454 23.5016
 68.5925 24.1063
 67.9075 24.8416
 67.7817 25.2673
 67.5231 26.7779
 67.2166 28.1313
 67.0398 29.0725
 66.2471 30.6232
 65.3015 31.448
 64.8881 31.5644
 64.7817 31.4809
264 123 10
 70.7715 13.312
 70.2043 12.5088
 69.7562 11.9091
 70.2698 11.357
 71.6622 10.8264
 72.6221 11.2691
 72.52 12.0694
 72.6356 12.1514
 72.7144 12.1639
 72.7376 12.1816
264 42 8
 70.7715 13.312
 70.659 13.9016
 70.7309 14.6844
 70.3723 15.5714
 69.8267 15.822
 69.6173 15.9415
 69.511 16.0439
 69.4876 16.0791
265 68 18
 55.0835 2.07135
 55.896 3.5708
 57.4355 3.98865
 58.2609 3.36875
 58.398 3.18505
 58.6767 2.98205
 59.2414 2.79545
 59.965 2.6787
 61.1461 2.15075
 62.5458 1.56395
 63.2152 2.16335
 63.6097 4.11615
 63.9385 5.4799
 63.8757 5.62875
 63.818 5.8222
 63.8857 5.9853
 64.0027 6.02805
 64.0528 6.0228
265 129 8
 55.0835 2.07135
 54.139 1.73965
 53.1139 1.56345
 51.8997 1.47765
 50.6025 1.62805
 50.3319 1.51785
 50.1786 1.67295
 50.1231 1.8164
266 136 14
 47.9629 2.39625
 47.1823 2.5209
 46.6936 2.63615
 46.7222 2.4943
 46.4908 2.72955
 46.3471 2.94415
 46.3021 3.1618
 45.9834 3.5021
 45.6511 4.1405
 45.805 4.83295
 46.0617 5.1129
 46.0522 5.2961
 45.9743 5.47435
 45.9225 5.4893
266 129 6
 47.9629 2.39625
 48.3214 2.45
 48.8726 2.30055
 49.7586 2.02435
 50.1258 1.86965
 50.1231 1.8164
267 114 7
 70.2978 -2.35725
 70.8056 -2.6674
 70.9673 -2.67665
 70.8103 -2.799
 70.8515 -3.2165
 71.0079 -3.5133
 71.0691 -3.5393
267 1 6
 70.2978 -2.35725
 69.7707 -2.0333
 69.6892 -1.95565
 69.6889 -1.85205
 69.6732 -1.81
 69.6546 -1.7926
268 47 17
 37.4784 -4.2874
 38.1705 -5.24735
 38.153 -5.98195
 38.9678 -5.95225
 39.628 -6.26995
 39.7678 -6.23375
 39.4526 -6.6252
 39.0732 -7.0429
 38.8113 -7.4457
 38.5657 -7.97545
 38.4979 -8.13435
 38.2687 -8.18355
 38.0348 -8.17695
 37.9814 -8.0924
 37.7458 -8.15215
 37.5025 -8.22055
 37.4623 -8.1976
268 73 4
 37.4784 -4.2874
 37.2997 -3.20435
 37.618 -2.7272
 37.6957 -2.727
269 47 10
 34.5441 -5.7352
 35.071 -6.95695
 35.4812 -7.4079
 35.6218 -7.54805
 36.4557 -7.5695
 37.3259 -7.8295
 37.3938 -8.06275
 37.4389 -8.13935
 37.4636 -8.1966
 37.4623 -8.1976
269 131 17
 34.5441 -5.7352
 34.2338 -4.7745
 33.795 -4.7211
 33.3227 -4.6945
 32.5256 -3.91945
 31.6709 -2.64635
 31.9961 -2.26165
 32.3961 -2.2125
 32.0303 -1.9484
 31.5499 -1.5971
 31.3118 -1.372
 31.2073 -1.4063
 31.1264 -1.39605
 31.0443 -1.28305
 30.8962 -1.1722
 30.7977 -1.16275
 30.7839 -1.1738
270 131 20
 28.0475 -5.07375
 28.3391 -5.8464
 29.2393 -6.12175
 30.4929 -6.23225
 31.1457 -6.104
 31.3291 -5.61455
 31.7685 -5.03795
 32.0018 -4.0186
 31.6709 -2.64635
 31.9961 -2.26165
 32.3961 -2.2125
 32.0303 -1.9484
 31.5499 -1.5971
 31.3118 -1.372
 31.2073 -1.4063
 31.1264 -1.39605
 31.0443 -1.28305
 30.8962 -1.1722
 30.7977 -1.16275
 30.7839 -1.1738
270 99 31
 28.0475 -5.07375
 27.8974 -4.1523
 27.8689 -3.89705
 27.2852 -3.45865
 26.4141 -2.8002
 26.2437 -2.10805
 26.3346 -1.526
 25.413 -0.8795
 24.4817 -0.31635
 23.7913 0.1925
 22.9539 0.65375
 23.4097 0.8647
 23.644 1.10925
 23.6449 1.1345
 24.077 1.4654
 24.7233 1.96125
 24.7441 2.58615
 24.4853 3.1604
 24.1081 3.3155
 23.6558 3.4621
 23.6337 3.92645
 23.9264 4.41425
 24.148 4.6156
 24.1074 4.83225
 24.063 5.01775
 24.1131 5.23965
 24.0635 5.5193
 24.0882 5.69505
 24.1007 6.2533
 23.8132 6.76945
 23.6114 6.7896
271 24 16
 36.1709 -12.7566
 36.3256 -13.424
 36.4348 -13.6234
 36.5747 -13.722
 36.6146 -13.8661
 36.4999 -13.9018
 36.3784 -14.0953
 36.0411 -14.8699
 35.5559 -15.5824
 35.3172 -15.8315
 35.1891 -16.1415
 35.0791 -16.4692
 35.0501 -16.6049
 35.028 -16.6449
 34.9799 -16.6639
 34.9644 -16.6877
271 47 13
 36.1709 -12.7566
 36.0745 -11.576
 36.1528 -10.832
 36.2365 -10.7201
 36.3288 -10.6476
 36.409 -10.4151
 36.4005 -10.049
 36.4063 -9.5064
 36.6161 -8.813
 37.0316 -8.52685
 37.3661 -8.4508
 37.4635 -8.27375
 37.4623 -8.1976
272 44 4
 31.7701 -32.1443
 30.6196 -31.5145
 30.2847 -30.8987
 30.2306 -30.677
272 40 4
 31.7701 -32.1443
 32.8484 -32.603
 33.0627 -32.8337
 33.0683 -32.8416
273 60 19
 47.0946 -43.8097
 45.8927 -44.0826
 45.4041 -44.0333
 44.7438 -44.4085
 44.4822 -44.8345
 44.4206 -44.849
 44.3909 -44.9279
 44.2711 -45.1426
 44.0808 -45.4818
 43.8847 -45.951
 43.9423 -46.5703
 44.0352 -47.1145
 44.062 -47.7538
 44.0521 -48.7572
 43.6851 -48.994
 43.2671 -48.4841
 43.0197 -48.269
 42.8419 -48.1607
 42.8175 -48.1389
273 59 13
 47.0946 -43.8097
 48.0592 -43.2105
 48.1336 -42.9234
 48.3818 -42.8738
 48.8528 -42.6843
 49.7666 -42.446
 50.2587 -42.3885
 50.4736 -42.4218
 50.805 -42.5044
 50.9697 -42.5338
 51.1632 -42.4958
 51.3747 -42.4907
 51.411 -42.4995
274 20 14
 32.4762 -40.5322
 32.1268 -41.5443
 32.2513 -41.7397
 32.57 -41.9715
 32.5909 -42.2009
 32.3786 -42.3644
 32.2366 -42.3794
 31.7879 -42.6779
 31.7911 -43.2147
 32.3135 -43.3914
 32.405 -43.4634
 32.2401 -43.7587
 32.0935 -43.9776
 32.0982 -44.0235
274 77 8
 32.4762 -40.5322
 32.4594 -38.9125
 32.3904 -38.0044
 32.6558 -37.8096
 33.1152 -37.8256
 34.1644 -37.2653
 34.8073 -36.7295
 34.8237 -36.7204
275 122 5
 23.957 -51.3993
 24.0732 -51.0216
 24.2199 -50.7552
 24.3451 -50.6881
 24.3427 -50.6807
275 34 16
 23.957 -51.3993
 24.593 -52.9116
 25.4421 -54.493
 25.088 -55.1091
 25.7767 -54.9896
 25.8504 -55.5187
 25.6961 -55.7886
 25.2409 -56.2806
 24.8548 -56.8398
 25.0832 -57.538
 25.396 -58.1365
 25.2669 -58.3106
 24.9541 -58.5588
 24.8036 -58.7928
 24.6926 -58.9899
 24.6924 -58.9918
276 71 12
 27.1214 -58.5671
 27.9827 -58.5017
 28.4146 -58.7581
 28.7323 -58.9844
 28.8278 -58.9859
 29.0145 -58.903
 29.1772 -58.8845
 29.195 -59.0147
 29.2053 -59.2257
 29.2828 -59.2505
 29.4527 -59.1865
 29.6005 -59.1863
276 34 7
 27.1214 -58.5671
 25.9614 -58.4111
 25.2669 -58.3106
 24.9541 -58.5588
 24.8036 -58.7928
 24.6926 -58.9899
 24.6924 -58.9918
277 60 14
 43.9088 -55.0438
 42.6809 -55.6447
 41.9207 -54.8
 41.2367 -53.8376
 40.6415 -53.3187
 40.284 -52.6513
 40.561 -51.8734
 41.8606 -50.3215
 43.5777 -49.3086
 43.6851 -48.994
 43.2671 -48.4841
 43.0197 -48.269
 42.8419 -48.1607
 42.8175 -48.1389
277 33 4
 43.9088 -55.0438
 45.821 -54.5469
 46.5584 -54.6899
 46.5607 -54.6894
278 37 8
 81.2155 -38.3428
 80.5862 -38.1922
 80.3136 -38.2328
 79.7717 -38.9732
 79.4381 -39.3499
 79.475 -39.7365
 79.5199 -40.1376
 79.5165 -40.154
278 81 4
 81.2155 -38.3428
 82.091 -38.4599
 82.438 -38.6893
 82.4861 -38.6276
279 135 24
 61.4044 -44.1459
 60.7541 -44.2624
 60.3395 -44.4779
 60.1355 -44.7988
 60.1062 -44.9109
 59.8862 -45.6002
 59.6275 -46.3892
 59.4272 -46.513
 59.1166 -46.2803
 58.966 -46.0264
 58.7062 -46.0451
 58.4339 -46.0708
 58.3246 -46.1181
 58.1558 -46.3411
 57.8747 -46.8071
 57.5734 -47.2089
 57.2685 -47.6809
 56.5593 -47.9351
 56.0481 -47.6881
 55.9267 -47.3271
 55.825 -47.0248
 55.715 -46.732
 55.5233 -46.528
 55.4511 -46.5338
279 43 16
 61.4044 -44.1459
 61.9501 -43.8036
 61.7485 -44.5893
 61.6486 -45.3721
 61.7854 -45.6458
 62.2846 -45.7152
 62.7369 -45.7412
 62.9686 -45.819
 63.088 -45.8976
 63.2036 -45.9199
 63.4057 -45.8442
 63.6941 -45.7102
 63.9396 -45.6425
 64.0823 -45.8362
 64.1684 -46.0715
 64.1698 -46.0921
285 61 4
 -10.9299 -65.0865
 -10.8939 -65.0599
 -10.8493 -65.0412
 -10.8406 -65.0492
286 78 6
 64.5822 49.2431
 64.2182 49.0117
 64.2716 48.2575
 64.3058 46.4802
 64.0123 45.035
 64.102 44.8443
