   6.3048081768993027     
   4.5742583939222268     
   4.7892723264926476     
   2.7034938632877510     
   1.8119290759569797     
   8.6705875832812129     
   5.6421349633147724     
   1.4202783182104193     
   6.0734063699208498     
   2.2665572395451776     
   1.3098821915846099     
   1.6210898457981815     
   5.7660559202924162     
   2.3726193260147568     
   7.5507526549228494     
   1.0676661382258035     
   2.9941388017653718     
   3.7420200075984047     
   2.2625987122046305     
   1.4392888048171479     
   2.4956064348653642     
  0.68886157758812949     
   1.2425364252962940     
   1.5987306477588068     
   3.1583736047521982     
   4.7321609938988143     
   1.6200088724645472     
  0.79052141872938131     
   2.0947511895569471     
   3.3921596617195418     
   4.6375618379279366     
   1.5246995847981382     
   2.0904126818727926     
   3.7088080588774983     
   1.3975676382541264     
   2.8429784902542492     
   3.5173390694264492     
  0.91631865486116459     
   1.0969152313332480     
   1.8898107923971568     
   2.3812383051030834     
  0.96496145701393377     
   4.9999839248806808     
   5.1331199217518577     
   2.6102718926759598     
   2.0240033469763365     
   2.4671141066576805     
   1.6863381857134605     
   4.8358036218369991     
   2.9267993195375626     
   6.3139315842534458     
   7.5266641029612638     
   1.4392991524870935     
   1.3113027523742244     
   1.0675839145873396     
   1.0490237938197797     
   4.0360747836892399     
   3.1219510295576023     
   6.9912495585869125     
   8.8641721717781117     
   5.0866183083683270     
   2.7747939504332986     
   1.5814464416618554     
   1.3002174292600870     
   3.6555280980893370     
   3.5845562444528714     
   3.5742174733168528     
   1.7592555247382327     
   1.4634832548644958     
   1.3431623822808612     
   1.8320623469128909     
   1.8996711929574339     
   2.9074476234626854     
   1.8186919379820841     
   2.5580048116922454     
   4.8458257840332344     
   4.2286792402550732     
   1.6920346516930480     
   3.1697372734926534     
   1.2415698320083512     
   2.2762079676046048     
   4.6521967544976963     
   2.9927472801152790     
  0.81013185537797638     
   3.4220985365997048     
   1.3849828833803899     
   2.4664801849610507     
   4.8641185054643552     
   4.1714074027470520     
   1.4966556594173224     
   6.3730761317786877     
   1.4644889962096810     
   2.6026948473933831     
   3.4543700682957006     
   2.1258594533333182     
   1.1918583528227882     
   5.9559133595637048     
   2.7826447910346617     
   4.1538824677551229     
   2.3617047576798194     
   2.4347226559660626     
   3.6211235523994718     
   4.5210819471653974     
   2.7620117951141565     
   9.5897029425871310     
   3.4837374658796816     
   1.5552440246103947     
   1.2579727742705729     
   1.7187733433745116     
   1.1590709038790392     
   2.6855996975232848     
   1.6174797546962083     
   3.5438554827845654     
   5.7616571097382208     
   2.1648533047004377     
   2.2916263066672009     
   2.3569262329890259     
   2.4754156061054324     
   1.2356266970437406     
   5.2689659411508494     
   2.2729497726011467     
  0.87208892034724039     
   2.2172701766155902     
   1.4235630821210472     
   5.8487918538276462     
   2.7275010705627620     
   1.7576918985985950     
   1.6194240650491047     
   8.8254112254551433     
   2.2975310319070412     
   1.4285266132723105     
   3.1102410511138374     
   1.3757447695369089     
  0.61142321919867171     
   2.1587006480648339     
   1.2709989637699897     
   5.8415746383976943     
   3.9455481358754598     
   2.8235452913336530     
   2.0343282026681333     
   4.0089070372981901     
   2.3668210191087811     
   1.3041119431104957     
   1.6802346488567403     
   4.1909547126099858     
   5.2960005896510278     
   4.9474913840437980     
   4.3692031210015365     
   2.0205491980367096     
   4.3912213527964861     
   3.1618326984556431     
   1.1524743849399870     
   4.0269209954124765     
   2.0157221863606840     
   3.1423777654069429     
  0.86881645483965686     
   3.7015476708929689     
   1.3559947454272556     
   2.9602539712793630     
   1.2431090556416395     
   1.7897017022717188     
   1.2934117744510729     
   6.5195928227117061     
   2.4634644788650006     
   2.0734365482756845     
   1.2631166448618070     
   3.6374746767639041     
   1.9477005647228927     
   7.4317196608322726     
   3.9387148511389736     
   4.1904257713752981     
  0.94362035129190047     
   7.3769360359505880     
   4.2303774367412688     
   2.4573770971893736     
   1.5134981044316429     
   2.2314584120470502     
   1.0353656827653595     
   6.5409734147884686     
  0.93811962147416472     
   3.3051190044317615     
   4.1922684283197764     
   1.4217064321517283     
   2.3995411150193102     
  0.76832886716699267     
  0.91094395883760504     
   9.1767607389773289     
   1.6947566431947254     
   3.8047764897798007     
   5.5106217725347459     
   2.8371428809707773     
   2.2841700613823819     
  0.93595183525724512     
   1.5000821828721218     
   3.0267493107187522     
   2.1287978029083146     
   4.3570244159375866     
   1.3882239025605196     
   2.3811586324961329     
   1.7527866453838956     
   3.1851310448367895     
   2.5730369665936434     
   1.3835950856480204     
   1.6938272929134408     
   2.0012199893916436     
   4.2291620257228928     
   6.6139961460552241     
   4.9781491456408009     
   3.7027398195492554     
   1.0562895139077697     
   2.8397569504956741     
   2.1497283428581984     
   2.6654125959069424     
  0.94651944829137991     
   8.3998504107008110     
   9.0796376880791634     
   3.7245130363444354     
   2.7036939056609266     
   7.0582590031615791     
   2.1860011251852081     
   3.7568335562213133     
   1.8298251871432973     
   3.1277751395891831     
   1.9637762894685209     
   4.3376800677302114     
   1.6169940226359385     
  0.97635019926348410     
   5.7032871394518692     
   3.4358321602233675     
   1.7065013533402011     
   2.4738597382222167     
   1.3742896879447546     
   1.5190964287160142     
   1.7596389676342328     
   1.2151999123284338     
  0.72805015904390713     
   2.0820144497745914     
   4.3513029616547030     
   2.2984325977992768     
   1.7739273737796466     
   8.0131189357976798     
   7.8336110615088472     
   3.4708795815548461     
   2.1593856878394559     
  0.71426309858230796     
  0.67562408263822227     
   3.5496563578876210     
   2.1277084369402033     
   6.0720709521189669     
   3.4341099831773225     
   5.8773866735590818     
   4.8350993290015030     
   2.9944977682240688     
   1.8826181268466180     
   7.7643191631874915     
   2.8180825692192095     
   2.6603176428497606     
   1.3971968334996616     
   1.1960486971122728     
  0.77323096182809636     
   3.9248241676266953     
   1.2530940022997019     
   2.5294279157940478     
   4.3804558016552910     
   5.2371593873968161     
   8.7951560879099286     
   2.6144079633539459     
   2.8955781162518024     
   1.7680122018168729     
   1.1911760878260511     
   5.2653864067746694     
   2.9667081932668493     
   3.2536536089868111     
   3.1759512141180077     
  0.54499731889834357     
   4.7890809183702299     
   1.9664972593697403     
   1.7978679653721701     
   6.0547667706485164     
   1.9804145168787730     
   1.9864465347309253     
   1.0397637224140019     
   4.9424440541012311     
   2.8993604351095277     
   6.8399248694812190E-002
   2.6304406836752214     
