338
166 44 33
 -26.1779 -50.961
 -25.7821 -52.2804
 -26.1778 -53.7694
 -25.2994 -53.227
 -24.6114 -53.6696
 -23.4222 -54.1911
 -21.984 -54.2761
 -20.708 -54.1253
 -19.7812 -54.0388
 -19.176 -53.854
 -18.8259 -53.5182
 -17.9926 -52.668
 -16.7647 -52.668
 -16.0095 -53.4319
 -14.7554 -54.4444
 -13.4985 -55.428
 -12.7471 -54.6571
 -11.496 -54.0847
 -10.9514 -54.2766
 -10.3547 -54.411
 -9.59155 -54.5835
 -9.44655 -54.2885
 -8.91375 -53.8753
 -8.5414 -53.4105
 -8.228 -53.0564
 -8.03025 -52.9586
 -7.86285 -52.8748
 -7.24295 -52.5721
 -6.63565 -52.2971
 -6.366 -52.2494
 -6.08655 -52.1509
 -5.8924 -52.0518
 -5.8202 -52.03
166 134 4
 -26.1779 -50.961
 -25.6389 -49.0648
 -25.2174 -47.5218
 -25.2552 -47.4971
167 128 9
 -0.10475 -49.7557
 -1.34705 -49.7447
 -2.3288 -49.6281
 -2.4256 -49.7084
 -2.43935 -49.965
 -2.22785 -50.231
 -2.06685 -50.4542
 -2.1389 -50.6843
 -2.1418 -50.7418
167 159 9
 -0.10475 -49.7557
 0.99005 -49.595
 1.85995 -49.5945
 2.71375 -49.6199
 3.51795 -49.6431
 3.77465 -49.5542
 4.1277 -49.2569
 4.3308 -49.049
 4.3498 -49.0369
168 23 18
 6.4505 12.6463
 7.5797 11.85
 8.8694 12.0187
 9.7646 12.8684
 10.5837 12.3803
 11.2577 12.1771
 11.6903 12.2381
 11.3679 12.0479
 11.2053 11.6446
 10.9049 11.0467
 10.8489 10.4124
 10.8353 9.39425
 10.6117 8.6327
 10.3928 8.5568
 9.86705 8.5279
 9.29745 8.37215
 9.1448 8.23535
 9.1317 8.2134
168 118 11
 6.4505 12.6463
 5.35105 12.7702
 4.55745 12.6497
 3.84395 12.805
 4.3215 13.7472
 4.6402 15.0583
 3.91125 15.5007
 3.2432 15.7323
 3.10845 16.1272
 3.0081 16.3604
 2.9688 16.3916
169 27 33
 -16.337 31.8227
 -17.2889 31.3903
 -17.8045 30.9443
 -18.1753 30.9129
 -18.5029 30.9901
 -18.5481 30.8382
 -18.6577 30.6497
 -18.7717 30.6041
 -18.873 30.5971
 -18.9543 30.556
 -19.0445 30.4957
 -19.1484 30.4549
 -19.19 30.4193
 -19.2348 30.3657
 -19.3198 30.3303
 -19.3764 30.3393
 -19.4202 30.3629
 -19.5132 30.288
 -19.5593 30.184
 -19.5933 30.2002
 -19.7205 30.1534
 -20.131 29.9409
 -20.5322 29.7006
 -20.793 29.5522
 -20.992 29.4582
 -21.0936 29.4185
 -21.2355 29.3871
 -21.345 29.3428
 -21.4483 29.3009
 -21.5294 29.2847
 -21.5392 29.272
 -21.5405 29.2002
 -21.5441 29.1404
169 66 5
 -16.337 31.8227
 -15.8559 32.0306
 -15.8873 32.3127
 -15.8692 32.522
 -15.8271 32.5605
170 61 11
 43.8864 25.2211
 43.99 24.6032
 43.917 24.4672
 43.7136 24.3563
 43.5871 24.1692
 43.6237 24.0381
 43.6885 23.9553
 43.7394 23.9031
 43.9058 23.6996
 44.0863 23.5172
 44.1489 23.5103
170 43 11
 43.8864 25.2211
 43.7332 26.0246
 43.4078 26.6795
 43.1656 27.0324
 43.1316 27.1215
 43.6113 27.2128
 44.2419 27.3223
 44.7861 27.2874
 45.1697 27.3027
 45.2587 27.2693
 45.3194 27.2335
171 32 7
 45.5621 19.9245
 45.9916 19.6592
 46.1517 19.7173
 46.2776 19.6673
 46.3934 19.649
 46.516 19.6102
 46.5561 19.5791
171 99 7
 45.5621 19.9245
 45.2628 20.4337
 45.2761 20.6917
 45.0557 21.0259
 44.8382 21.3783
 44.7044 21.6211
 44.6168 21.734
172 20 14
 41.1263 12.9174
 42.0993 12.4501
 42.5737 12.1639
 42.8801 11.8573
 43.313 11.3496
 43.5762 10.6558
 43.5343 9.82795
 43.4687 9.27005
 43.539 9.1773
 43.4573 9.016
 42.9748 8.4039
 42.646 7.84295
 42.6955 7.7863
 42.7088 7.7714
172 116 4
 41.1263 12.9174
 40.256 13.4471
 39.9682 13.6146
 39.9742 13.6321
173 54 19
 49.5203 5.63145
 50.4573 4.35165
 50.5482 3.30155
 50.4205 3.1177
 50.37 2.8986
 50.3826 2.7137
 50.5277 2.77285
 50.8337 2.89325
 51.4547 2.67575
 52.299 2.69855
 52.7074 2.97225
 53.3215 3.2907
 54.2113 3.5543
 54.914 3.4779
 55.3801 3.39905
 55.5497 3.24725
 55.7236 3.18125
 55.8445 3.2077
 55.8902 3.1908
173 160 14
 49.5203 5.63145
 48.4061 6.35805
 47.7233 6.72355
 47.258 6.68735
 47.0196 6.7276
 46.8478 6.77705
 46.5626 6.56145
 45.7626 6.17515
 45.0628 5.99615
 44.5751 5.8899
 44.1574 5.6634
 43.9412 5.4893
 43.7776 5.42275
 43.7557 5.4043
174 8 6
 26.8625 -47.8334
 27.367 -47.8364
 27.564 -48.0093
 27.6764 -48.3622
 27.7278 -48.4816
 27.7262 -48.4896
174 26 4
 26.8625 -47.8334
 25.8337 -47.7664
 25.1026 -47.7105
 25.0335 -47.6499
175 102 15
 38.0562 47.1388
 37.7085 47.9546
 37.7264 48.6707
 38.2303 49.525
 38.6985 49.7022
 38.7742 49.8641
 38.7206 49.9866
 38.6234 50.0569
 38.6039 50.1219
 38.5993 50.1799
 38.5649 50.2272
 38.4977 50.2391
 38.4011 50.1968
 38.3361 50.175
 38.3252 50.1921
175 69 7
 38.0562 47.1388
 38.5319 46.0506
 38.6426 45.479
 39.3475 46.0462
 40.214 46.4016
 40.4383 46.5833
 40.4091 46.6462
176 93 25
 -34.6359 -11.7109
 -33.1317 -10.3639
 -32.2947 -9.58575
 -32.3944 -9.0608
 -32.0279 -8.6095
 -31.5727 -8.6536
 -31.0893 -9.2977
 -30.1593 -9.713
 -29.0821 -9.71355
 -28.459 -9.38345
 -26.8629 -9.21135
 -25.6798 -9.0453
 -25.5056 -9.1096
 -24.5933 -9.41105
 -23.6663 -9.34415
 -23.4776 -8.8431
 -23.0278 -9.38935
 -22.5126 -9.84865
 -22.4488 -10.2053
 -22.4457 -10.2818
 -22.406 -10.3492
 -22.3271 -10.449
 -22.3373 -10.5605
 -22.4107 -10.622
 -22.4156 -10.6363
176 114 7
 -34.6359 -11.7109
 -34.4585 -13.3751
 -33.99 -14.3236
 -34.0221 -14.7579
 -33.8127 -15.4207
 -33.5079 -15.8851
 -33.4855 -15.887
177 73 9
 8.9537 54.7837
 7.7689 56.4203
 6.9296 56.8662
 6.714 56.9633
 6.724 56.7253
 6.76505 56.7047
 6.62115 56.5245
 6.42615 56.372
 6.4077 56.3863
177 82 6
 8.9537 54.7837
 9.27645 52.701
 9.4357 51.3352
 9.7911 50.2846
 9.8676 49.9107
 9.9879 49.7855
178 61 13
 41.0369 22.7113
 41.8116 22.7045
 41.9352 22.6853
 42.2696 23.0268
 42.6667 23.4057
 43.1045 23.7803
 43.3792 23.9702
 43.569 23.9554
 43.6885 23.9553
 43.7394 23.9031
 43.9058 23.6996
 44.0863 23.5172
 44.1489 23.5103
178 105 8
 41.0369 22.7113
 40.0805 22.4896
 39.3841 22.2833
 38.6278 22.293
 38.4007 22.4887
 38.3918 22.5654
 38.4502 22.6097
 38.4873 22.609
179 148 6
 27.677 65.6933
 26.5638 65.8978
 24.9974 66.2602
 23.8577 66.4606
 23.5131 66.5705
 23.5093 66.5554
179 146 3
 27.677 65.6933
 29.0142 65.7506
 30.0059 65.7253
180 105 13
 37.352 26.2358
 37.875 25.9039
 37.9799 25.4383
 38.1519 24.9694
 37.6934 24.5724
 37.202 23.9441
 37.4031 23.6868
 38.106 23.313
 38.5325 22.9016
 38.5298 22.7644
 38.4866 22.6959
 38.4836 22.6425
 38.4873 22.609
180 83 5
 37.352 26.2358
 36.6514 26.5966
 36.4444 26.6588
 36.3988 26.6801
 36.3737 26.6899
181 156 6
 41.4757 46.3779
 42.097 45.8627
 42.2409 45.5286
 42.5041 45.1881
 42.7299 45.0325
 42.7714 45.0117
181 69 4
 41.4757 46.3779
 40.727 46.7528
 40.4717 46.6935
 40.4091 46.6462
182 61 6
 44.3365 22.2911
 44.2921 22.8061
 44.0702 23.1174
 44.0828 23.3697
 44.0863 23.5172
 44.1489 23.5103
182 99 4
 44.3365 22.2911
 44.3234 21.867
 44.5882 21.7393
 44.6168 21.734
183 7 11
 54.4341 -2.642
 52.3632 -2.68145
 51.6089 -2.43705
 52.2481 -2.1805
 52.6739 -1.53435
 52.4674 -1.1114
 52.2383 -1.047
 52.0752 -0.919
 52.0317 -0.73535
 52.0131 -0.6847
 52.0031 -0.656
183 1 5
 54.4341 -2.642
 56.1641 -2.69265
 57.7751 -2.8956
 59.0543 -2.6591
 59.0279 -2.4894
184 86 7
 18.5767 -8.21265
 18.4188 -7.53865
 18.2421 -7.2667
 17.5243 -6.34765
 16.9358 -5.37155
 16.652 -5.16395
 16.4131 -5.2848
184 155 6
 18.5767 -8.21265
 18.6907 -9.1165
 18.5448 -9.7656
 18.3561 -10.2136
 18.2682 -10.2378
 18.2646 -10.2327
185 155 7
 19.0787 -11.5226
 18.1958 -11.4028
 17.8026 -11.1854
 18.1532 -10.8174
 18.39 -10.3538
 18.2682 -10.2378
 18.2646 -10.2327
185 84 4
 19.0787 -11.5226
 19.7211 -11.2967
 19.8828 -11.1482
 19.8959 -11.1433
186 68 9
 17.5674 -30.3015
 18.0709 -30.4117
 18.4524 -30.358
 18.5374 -30.3598
 18.5877 -30.4608
 18.7619 -30.5081
 18.9348 -30.5068
 19.0015 -30.5539
 19.0246 -30.5582
186 59 11
 17.5674 -30.3015
 17.0347 -30.0773
 16.6931 -29.8528
 16.6432 -29.5641
 16.6461 -29.4037
 16.6602 -29.2747
 16.5882 -29.1409
 16.5381 -29.1002
 16.4592 -29.0413
 16.4149 -28.9385
 16.4436 -28.8872
187 59 36
 16.9695 -40.2593
 16.1905 -40.7438
 15.2344 -40.5794
 14.8648 -41.2182
 14.7167 -41.6244
 14.1044 -41.2841
 13.4205 -40.1161
 13.3462 -39.1773
 13.4648 -38.9063
 13.7042 -38.6527
 14.2102 -38.2589
 14.5945 -37.9762
 14.7484 -37.535
 14.9271 -36.6374
 14.7843 -36.1857
 14.4832 -36.0877
 14.3034 -35.7599
 14.3116 -35.4106
 14.2493 -34.7987
 14.1984 -34.1052
 14.0864 -33.4801
 13.8251 -32.7312
 14.1483 -32.2787
 13.6732 -32.0844
 13.5783 -31.5745
 13.3833 -31.002
 13.4351 -30.731
 14.192 -30.5358
 14.7071 -30.2073
 14.9361 -30.1327
 15.1427 -29.8661
 15.4346 -29.3297
 15.8884 -28.9554
 16.2225 -28.8702
 16.4303 -28.8616
 16.4436 -28.8872
187 55 9
 16.9695 -40.2593
 17.3007 -39.3781
 17.9816 -39.1241
 19.0105 -39.1726
 19.7949 -39.8823
 20.0677 -40.493
 20.1719 -40.8316
 20.166 -41.0287
 20.1539 -41.105
188 38 4
 56.1375 -34.0086
 57.3278 -33.1747
 57.2407 -32.8929
 57.0846 -32.9344
188 154 5
 56.1375 -34.0086
 54.849 -34.6285
 54.6605 -34.8769
 54.6438 -35.0404
 54.6486 -35.0647
189 13 19
 -1.9695 -45.9146
 -3.95785 -46.89
 -4.31695 -46.962
 -4.21975 -45.9326
 -5.4727 -45.2804
 -7.03785 -45.2348
 -7.78435 -44.4001
 -8.93115 -43.675
 -10.0249 -43.9841
 -10.3729 -43.8188
 -10.5063 -44.5448
 -10.6536 -45.3865
 -11.019 -46.5276
 -10.7385 -47.7415
 -10.0565 -48.6511
 -9.9009 -48.6994
 -9.86835 -48.6938
 -9.844 -48.6995
 -9.8347 -48.7042
189 159 11
 -1.9695 -45.9146
 -0.36875 -45.1371
 0.7414 -47.0369
 1.7802 -49.2556
 1.85995 -49.5945
 2.71375 -49.6199
 3.51795 -49.6431
 3.77465 -49.5542
 4.1277 -49.2569
 4.3308 -49.049
 4.3498 -49.0369
190 44 9
 -2.9901 -51.3283
 -4.1638 -51.5891
 -4.871 -51.8647
 -5.2644 -52.1184
 -5.52835 -52.1036
 -5.65195 -52.1508
 -5.7669 -52.1095
 -5.8028 -52.0399
 -5.8202 -52.03
190 128 3
 -2.9901 -51.3283
 -2.2544 -50.8937
 -2.1418 -50.7418
191 108 4
 6.30855 -11.1806
 7.80185 -9.78515
 8.05055 -8.9419
 8.1001 -8.8927
191 41 5
 6.30855 -11.1806
 5.0272 -12.2494
 4.9136 -12.7184
 4.75125 -12.7104
 4.7153 -12.7008
192 155 25
 8.60695 -12.8328
 10.0065 -13.0698
 10.6564 -13.3531
 10.9997 -13.2995
 11.4412 -13.1327
 11.614 -12.9594
 12.4625 -12.8842
 13.3127 -12.7917
 13.4901 -12.7034
 13.6434 -12.6432
 13.8366 -12.3361
 14.2295 -12.1421
 14.4902 -12.2365
 15.0695 -12.4163
 15.6935 -12.6623
 15.9023 -12.6571
 16.4972 -12.1809
 16.9494 -11.6421
 16.9646 -11.3653
 17.3429 -11.1934
 17.7439 -11.1701
 18.1532 -10.8174
 18.39 -10.3538
 18.2682 -10.2378
 18.2646 -10.2327
192 41 11
 8.60695 -12.8328
 7.49545 -12.9809
 6.88025 -13.313
 6.60655 -13.614
 6.5492 -13.6334
 6.22575 -13.6004
 5.39495 -13.2797
 4.74715 -12.917
 4.67975 -12.7849
 4.70095 -12.7066
 4.7153 -12.7008
193 17 7
 -21.158 14.9576
 -22.514 15.1372
 -22.5676 15.0872
 -23.0953 14.7598
 -23.6031 14.3971
 -23.6304 14.3688
 -23.6465 14.3658
193 126 8
 -21.158 14.9576
 -19.5819 14.689
 -19.18 14.5639
 -18.805 13.5207
 -18.3283 11.5014
 -17.896 10.2926
 -17.6795 10.1622
 -17.6346 10.1681
194 111 11
 -16.7023 5.6765
 -16.0401 4.99595
 -16.0047 4.6245
 -15.612 4.87435
 -14.9461 5.0853
 -14.382 4.89555
 -14.2052 4.73005
 -14.2057 4.3782
 -13.7944 4.23575
 -13.3863 4.3069
 -13.3857 4.3173
194 71 3
 -16.7023 5.6765
 -17.4524 6.13765
 -17.4656 6.1557
195 107 9
 -20.583 -7.4365
 -21.414 -6.10175
 -22.5223 -5.48315
 -23.3814 -5.447
 -23.9701 -5.39665
 -24.9979 -4.7853
 -25.5581 -4.04055
 -25.5159 -3.9231
 -25.4681 -3.8493
195 4 4
 -20.583 -7.4365
 -19.7649 -8.00555
 -19.3848 -7.9538
 -19.3567 -7.9452
196 93 12
 -23.5497 -7.0812
 -23.4932 -8.42485
 -23.4776 -8.8431
 -23.0278 -9.38935
 -22.5126 -9.84865
 -22.4488 -10.2053
 -22.4457 -10.2818
 -22.406 -10.3492
 -22.3271 -10.449
 -22.3373 -10.5605
 -22.4107 -10.622
 -22.4156 -10.6363
196 107 8
 -23.5497 -7.0812
 -23.4352 -5.672
 -23.3814 -5.447
 -23.9701 -5.39665
 -24.9979 -4.7853
 -25.5581 -4.04055
 -25.5159 -3.9231
 -25.4681 -3.8493
197 93 22
 -32.1157 -7.24185
 -32.0778 -8.22005
 -31.5727 -8.6536
 -31.0893 -9.2977
 -30.1593 -9.713
 -29.0821 -9.71355
 -28.459 -9.38345
 -26.8629 -9.21135
 -25.6798 -9.0453
 -25.5056 -9.1096
 -24.5933 -9.41105
 -23.6663 -9.34415
 -23.4776 -8.8431
 -23.0278 -9.38935
 -22.5126 -9.84865
 -22.4488 -10.2053
 -22.4457 -10.2818
 -22.406 -10.3492
 -22.3271 -10.449
 -22.3373 -10.5605
 -22.4107 -10.622
 -22.4156 -10.6363
197 133 10
 -32.1157 -7.24185
 -31.8236 -5.9777
 -31.5644 -5.52185
 -31.4408 -5.1783
 -31.4203 -4.50045
 -31.3568 -3.7896
 -32.2863 -3.28265
 -32.5752 -1.973
 -31.6784 -0.8304
 -31.5606 -0.7792
198 104 7
 -38.7988 5.2632
 -40.1881 5.00455
 -41.3303 4.3463
 -41.7737 4.115
 -41.0499 3.091
 -40.2229 2.0143
 -40.1135 1.9305
198 6 18
 -38.7988 5.2632
 -37.4789 6.9179
 -36.5135 8.92085
 -35.9433 9.2566
 -35.6235 9.6676
 -34.6287 10.1446
 -33.569 10.4324
 -33.3323 10.5957
 -33.3598 9.6799
 -33.2231 8.76925
 -33.2063 8.3869
 -33.3247 7.95065
 -33.6176 7.71395
 -33.5471 7.49945
 -32.973 6.9836
 -32.7245 6.03775
 -32.8354 5.3649
 -32.9334 5.2769
199 151 8
 -35.6171 31.8581
 -36.1054 32.7828
 -35.948 32.9236
 -35.359 33.2713
 -34.9523 33.5444
 -36.4349 33.1462
 -37.8799 32.6704
 -37.8715 32.6109
199 62 13
 -35.6171 31.8581
 -34.9879 30.9081
 -34.4433 30.3603
 -34.4598 29.344
 -34.6309 28.8022
 -34.4189 28.3116
 -34.4423 27.7528
 -34.1239 27.6632
 -33.6512 27.6339
 -33.2524 27.7174
 -32.9924 27.8896
 -32.9121 27.9967
 -32.8653 28.023
200 67 11
 -22.1936 27.5933
 -22.3385 27.359
 -22.4414 27.0201
 -22.8844 26.6707
 -23.3582 26.5298
 -23.594 26.568
 -23.8979 26.6721
 -24.0222 26.649
 -24.0364 26.5228
 -24.0646 26.4167
 -24.073 26.3986
200 27 11
 -22.1936 27.5933
 -22.0571 27.7509
 -21.8558 27.9492
 -21.66 28.3246
 -21.4972 28.5659
 -21.5354 28.6372
 -21.6493 28.7945
 -21.5308 29.0005
 -21.4819 29.0943
 -21.5333 29.1348
 -21.5441 29.1404
201 65 5
 -17.8317 38.852
 -17.5001 37.7022
 -17.5233 37.4138
 -17.6372 37.3446
 -17.6364 37.3091
201 49 5
 -17.8317 38.852
 -18.3262 39.8766
 -18.5858 40.1465
 -18.5595 40.2831
 -18.5281 40.2793
202 121 23
 1.16435 53.279
 0.87095 52.0223
 0.6724 51.3695
 0.00444999 50.241
 -1.01895 49.1859
 -0.8451 49.0065
 -0.64425 47.9843
 -1.10515 46.8423
 -1.4409 46.5656
 -2.0844 46.5672
 -2.7189 46.452
 -3.4628 46.2183
 -3.8776 45.8896
 -3.8451 45.6093
 -4.0598 45.5103
 -4.5625 45.6245
 -5.58875 45.4785
 -6.1781 45.0406
 -6.43985 44.6958
 -6.6736 44.5257
 -7.5343 43.9492
 -8.55765 43.4897
 -8.7286 43.6036
202 73 10
 1.16435 53.279
 1.66565 54.4369
 2.3412 54.9788
 3.59825 54.2938
 2.54 55.2746
 3.25215 55.7876
 4.55025 55.8885
 5.70555 55.955
 6.335 56.2885
 6.4077 56.3863
203 75 9
 6.46445 66.2163
 6.3319 64.3535
 6.6088 63.3721
 6.41145 62.4683
 6.30875 61.8507
 6.37945 61.6999
 6.4464 61.1287
 6.3465 60.5707
 6.2338 60.5913
203 22 6
 6.46445 66.2163
 6.82175 67.7951
 7.0437 68.1539
 7.6132 68.3889
 8.0201 68.8493
 8.2097 69.1806
204 121 30
 7.17485 44.4051
 5.1277 43.8698
 3.8896 44.0697
 3.7157 44.1269
 4.11105 45.0281
 4.321 45.8249
 4.2538 45.979
 4.2769 46.1693
 3.8681 46.6867
 3.403 47.1021
 3.12415 47.1848
 2.59855 47.25
 1.7474 46.7096
 0.12825 46.6564
 -1.10515 46.8423
 -1.4409 46.5656
 -2.0844 46.5672
 -2.7189 46.452
 -3.4628 46.2183
 -3.8776 45.8896
 -3.8451 45.6093
 -4.0598 45.5103
 -4.5625 45.6245
 -5.58875 45.4785
 -6.1781 45.0406
 -6.43985 44.6958
 -6.6736 44.5257
 -7.5343 43.9492
 -8.55765 43.4897
 -8.7286 43.6036
204 37 9
 7.17485 44.4051
 8.9676 45.3121
 10.2288 45.5249
 10.951 45.7176
 11.2579 45.7451
 11.5271 45.1702
 11.535 43.3395
 11.5402 42.0897
 11.6228 42.0824
205 27 32
 -17.8151 30.2838
 -18.0872 30.62
 -18.3418 30.6651
 -18.4465 30.8743
 -18.5481 30.8382
 -18.6577 30.6497
 -18.7717 30.6041
 -18.873 30.5971
 -18.9543 30.556
 -19.0445 30.4957
 -19.1484 30.4549
 -19.19 30.4193
 -19.2348 30.3657
 -19.3198 30.3303
 -19.3764 30.3393
 -19.4202 30.3629
 -19.5132 30.288
 -19.5593 30.184
 -19.5933 30.2002
 -19.7205 30.1534
 -20.131 29.9409
 -20.5322 29.7006
 -20.793 29.5522
 -20.992 29.4582
 -21.0936 29.4185
 -21.2355 29.3871
 -21.345 29.3428
 -21.4483 29.3009
 -21.5294 29.2847
 -21.5392 29.272
 -21.5405 29.2002
 -21.5441 29.1404
205 122 3
 -17.8151 30.2838
 -17.7505 29.883
 -17.7427 29.8688
206 162 8
 -6.62155 27.1264
 -5.7736 26.9687
 -5.1736 26.8069
 -4.3559 27.2411
 -3.67495 27.525
 -3.62675 27.4944
 -3.6041 27.5766
 -3.5986 27.6153
206 31 20
 -6.62155 27.1264
 -7.46545 26.671
 -7.98545 26.3135
 -8.1257 26.3047
 -8.2078 26.2932
 -8.5251 26.2832
 -9.26275 26.341
 -10.0047 26.4249
 -10.2955 26.4078
 -10.4916 26.3016
 -10.9411 26.4391
 -11.3829 26.4878
 -11.4675 26.0215
 -11.3667 25.7086
 -11.4896 25.5384
 -11.7405 25.525
 -11.9545 25.4559
 -12.2276 25.0293
 -12.4318 24.7678
 -12.4486 24.7301
207 31 22
 -6.2092 24.7829
 -7.6477 24.7938
 -7.7854 24.8274
 -7.7 25.6503
 -7.9778 26.2863
 -8.1257 26.3047
 -8.2078 26.2932
 -8.5251 26.2832
 -9.26275 26.341
 -10.0047 26.4249
 -10.2955 26.4078
 -10.4916 26.3016
 -10.9411 26.4391
 -11.3829 26.4878
 -11.4675 26.0215
 -11.3667 25.7086
 -11.4896 25.5384
 -11.7405 25.525
 -11.9545 25.4559
 -12.2276 25.0293
 -12.4318 24.7678
 -12.4486 24.7301
207 144 7
 -6.2092 24.7829
 -5.1242 24.4085
 -5.3513 23.7169
 -5.879 22.8242
 -6.24775 22.3868
 -6.36295 22.3008
 -6.3621 22.2857
208 23 30
 17.885 5.8835
 17.7608 6.46395
 17.7473 7.0193
 17.7555 7.9773
 17.7712 8.5441
 17.2239 9.59285
 16.712 11.1981
 16.0921 11.6121
 15.184 11.4681
 14.8916 11.5028
 14.3981 11.1409
 14.0318 10.657
 13.7865 11.0148
 13.2916 11.2954
 12.9282 11.3449
 12.7752 11.3181
 12.6243 11.3129
 12.3121 11.823
 11.6903 12.2381
 11.3679 12.0479
 11.2053 11.6446
 10.9049 11.0467
 10.8489 10.4124
 10.8353 9.39425
 10.6117 8.6327
 10.3928 8.5568
 9.86705 8.5279
 9.29745 8.37215
 9.1448 8.23535
 9.1317 8.2134
208 143 5
 17.885 5.8835
 17.7659 4.8636
 17.093 4.3737
 16.6116 4.4849
 16.5497 4.5451
209 130 38
 29.1353 14.3372
 29.4613 15.4921
 29.5741 16.3708
 28.9963 16.7323
 28.3211 16.8422
 28.5046 17.2146
 28.2825 18.3618
 27.444 19.5168
 28.1959 19.6189
 28.4517 20.3877
 28.3594 20.7725
 28.556 20.6066
 29.13 20.8279
 29.6819 21.0539
 29.8157 20.8647
 30.716 21.0638
 31.7597 21.8102
 32.0173 22.438
 32.1087 22.4104
 32.271 22.4288
 32.5647 22.6007
 32.7435 22.6733
 32.7991 22.6201
 32.8079 22.6148
 32.8528 22.694
 32.9087 22.7606
 32.9319 22.7824
 33.0503 22.7201
 33.1857 22.6148
 33.2401 22.6898
 33.4853 22.8176
 33.7754 22.7574
 34.2547 22.672
 34.8949 22.6218
 35.2342 22.4269
 35.4218 22.3193
 35.5219 22.3735
 35.5489 22.3795
209 57 7
 29.1353 14.3372
 29.4892 13.7708
 30.1884 13.809
 30.984 13.6658
 32.0444 13.2036
 32.4556 12.9173
 32.5497 12.9537
210 130 24
 33.9787 20.8762
 33.8076 21.5926
 33.6781 21.8244
 33.4013 22.1147
 33.2401 22.3039
 33.1034 22.3388
 33.0017 22.4363
 32.9233 22.5812
 32.8549 22.5997
 32.8079 22.6148
 32.8528 22.694
 32.9087 22.7606
 32.9319 22.7824
 33.0503 22.7201
 33.1857 22.6148
 33.2401 22.6898
 33.4853 22.8176
 33.7754 22.7574
 34.2547 22.672
 34.8949 22.6218
 35.2342 22.4269
 35.4218 22.3193
 35.5219 22.3735
 35.5489 22.3795
210 117 11
 33.9787 20.8762
 34.1595 20.1807
 34.4019 19.8858
 34.7527 19.376
 34.9089 19.0748
 35.0243 18.9748
 35.0485 18.82
 35.1236 18.5219
 35.0519 18.1563
 34.9303 17.9525
 34.9365 17.8967
211 130 24
 30.9177 23.9763
 31.4724 23.3921
 31.8535 22.9557
 32.0161 22.5689
 32.1087 22.4104
 32.271 22.4288
 32.5647 22.6007
 32.7435 22.6733
 32.7991 22.6201
 32.8079 22.6148
 32.8528 22.694
 32.9087 22.7606
 32.9319 22.7824
 33.0503 22.7201
 33.1857 22.6148
 33.2401 22.6898
 33.4853 22.8176
 33.7754 22.7574
 34.2547 22.672
 34.8949 22.6218
 35.2342 22.4269
 35.4218 22.3193
 35.5219 22.3735
 35.5489 22.3795
211 125 5
 30.9177 23.9763
 30.6367 24.6528
 30.264 25.0364
 29.9281 25.1211
 29.9337 25.0594
212 158 10
 29.4796 35.2412
 30.6259 34.9978
 30.6269 34.9306
 30.1469 34.0633
 29.5378 33.2136
 29.3283 33.0304
 29.0949 32.6787
 28.9177 32.4568
 28.9931 32.3603
 29.0565 32.3328
212 74 9
 29.4796 35.2412
 28.3495 35.4691
 28.7833 36.3405
 29.251 37.3172
 29.1213 37.8346
 28.7824 38.3836
 28.6311 38.5918
 28.7217 38.6226
 28.7677 38.6317
213 156 9
 45.2011 44.8085
 44.7737 44.9646
 43.8326 44.9906
 43.1888 44.9925
 42.9989 44.9147
 42.9041 44.8839
 42.8534 44.9824
 42.7936 45.0219
 42.7714 45.0117
213 53 24
 45.2011 44.8085
 45.3258 44.2861
 45.6159 43.5912
 46.0751 43.233
 45.8052 42.987
 45.1301 42.4436
 44.2361 42.3005
 43.4681 42.5266
 43.4316 42.6847
 43.409 42.4467
 43.1459 41.9668
 43.0924 41.3959
 43.281 41.0813
 43.1884 40.8123
 42.9864 40.598
 42.7734 40.4421
 42.5932 40.4234
 42.542 40.4965
 42.4646 40.7645
 42.2422 41.0186
 41.9199 41.2323
 41.6199 41.5711
 41.3845 41.7587
 41.2773 41.8258
214 61 17
 49.187 26.0289
 47.576 25.189
 46.7734 25.4708
 46.1167 25.3386
 45.6986 24.8135
 45.6391 24.771
 45.0813 24.7471
 44.2793 24.5931
 43.917 24.4672
 43.7136 24.3563
 43.5871 24.1692
 43.6237 24.0381
 43.6885 23.9553
 43.7394 23.9031
 43.9058 23.6996
 44.0863 23.5172
 44.1489 23.5103
214 145 4
 49.187 26.0289
 50.393 26.7253
 50.5124 26.6475
 50.5171 26.6452
215 10 20
 60.9958 24.9682
 60.4527 24.3218
 60.2863 24.1917
 60.0988 23.7399
 59.9823 23.3055
 59.9109 23.1919
 59.8066 23.3108
 58.9479 23.212
 58.2663 22.6287
 58.3585 22.0787
 58.3726 21.7131
 58.5175 21.4527
 58.3954 20.9753
 58.105 20.2405
 58.2287 19.6381
 58.3643 19.1893
 58.3938 18.875
 58.7743 18.8439
 59.045 18.9571
 59.0297 19.0156
215 124 6
 60.9958 24.9682
 61.772 25.8643
 60.9986 25.5245
 59.6207 25.9734
 58.6645 26.4936
 58.6289 26.5196
216 40 8
 51.0187 14.7801
 51.0766 14.1683
 51.2028 13.9717
 51.0518 13.8895
 50.5414 13.565
 49.8519 13.2051
 49.4397 13.2073
 49.3615 13.1699
216 78 6
 51.0187 14.7801
 50.8227 15.513
 50.4854 15.6959
 50.223 15.8974
 50.0109 16.1179
 49.9842 16.1591
217 20 5
 43.2032 6.23895
 42.8906 7.0306
 42.7214 7.54205
 42.7478 7.7313
 42.7088 7.7714
217 160 5
 43.2032 6.23895
 43.436 5.6805
 43.6555 5.484
 43.7381 5.41045
 43.7557 5.4043
218 127 3
 53.66 11.1035
 52.451 11.4847
 52.1632 11.5955
218 52 5
 53.66 11.1035
 54.6894 10.8887
 55.0569 11.1066
 55.3741 11.3528
 55.4319 11.4369
219 140 12
 55.6099 11.8963
 55.844 12.3972
 55.9852 12.6233
 56.2132 12.6687
 56.558 12.7091
 56.8316 13.0373
 57.187 13.3007
 57.7467 13.502
 58.1053 13.6607
 58.0093 14.0949
 57.8881 14.5762
 57.8847 14.624
219 52 3
 55.6099 11.8963
 55.4622 11.4725
 55.4319 11.4369
220 11 14
 58.7938 8.99425
 59.0034 9.61175
 58.879 9.936
 58.7112 10.2762
 58.5842 10.3042
 58.4292 10.3715
 58.1937 10.4174
 57.9593 10.4035
 57.8034 10.4898
 57.6748 10.5388
 57.5959 10.7038
 57.5657 10.8951
 57.5877 10.9452
 57.5897 10.9813
220 91 4
 58.7938 8.99425
 58.6275 8.28915
 58.7055 8.12945
 58.7547 8.0872
221 54 20
 53.8684 1.67975
 53.5351 2.2059
 53.0964 2.48665
 52.2451 2.18425
 51.8622 1.9251
 51.4697 2.2816
 50.8777 2.6122
 50.5277 2.77285
 50.8337 2.89325
 51.4547 2.67575
 52.299 2.69855
 52.7074 2.97225
 53.3215 3.2907
 54.2113 3.5543
 54.914 3.4779
 55.3801 3.39905
 55.5497 3.24725
 55.7236 3.18125
 55.8445 3.2077
 55.8902 3.1908
221 7 10
 53.8684 1.67975
 54.0875 0.4735
 53.9024 -0.26375
 53.258 -0.677
 52.5118 -1.041
 52.2383 -1.047
 52.0752 -0.919
 52.0317 -0.73535
 52.0131 -0.6847
 52.0031 -0.656
222 33 21
 43.2623 -19.2768
 42.4954 -19.8769
 42.5137 -20.5289
 42.5922 -21.0781
 42.3623 -21.7827
 42.121 -22.0684
 42.0683 -22.0382
 42.0321 -22.0271
 41.9832 -22.024
 41.8333 -22.0297
 41.7063 -21.9976
 41.5217 -21.7387
 41.2406 -21.3884
 41.1402 -21.2072
 41.0945 -21.1882
 40.9921 -21.1908
 40.9124 -21.0829
 40.9082 -20.9781
 40.9095 -20.8631
 40.8483 -20.8021
 40.8099 -20.8351
222 3 42
 43.2623 -19.2768
 43.494 -18.2187
 43.2433 -17.0553
 43.4123 -16.6623
 43.1782 -16.023
 42.8265 -15.4557
 42.6485 -15.2952
 42.2025 -15.0994
 42.7474 -15.2102
 42.9601 -15.1202
 43.3146 -14.9489
 43.6965 -14.868
 43.3845 -14.4649
 42.9954 -13.8793
 42.8463 -13.0798
 43.2404 -12.1773
 43.2146 -11.5581
 42.8501 -11.2391
 43.3448 -11.4426
 43.8615 -11.6587
 44.5843 -11.6851
 45.4361 -11.815
 45.7811 -11.5762
 45.9686 -11.1734
 45.8522 -10.9914
 45.2254 -10.429
 44.5726 -9.76365
 44.3698 -9.26135
 44.3852 -8.90505
 44.4882 -8.84575
 44.3058 -8.86615
 44.0625 -8.88655
 43.8729 -8.72835
 43.7584 -8.51025
 43.6345 -8.3357
 43.5297 -8.1575
 43.4899 -7.98525
 43.5131 -7.80855
 43.6586 -7.74625
 43.8051 -7.7338
 43.887 -7.71095
 43.9055 -7.707
223 3 12
 43.2914 -5.6689
 43.113 -6.2838
 42.9053 -6.6202
 42.8564 -6.6969
 42.9893 -6.90335
 43.2367 -7.18435
 43.439 -7.2967
 43.5433 -7.3441
 43.6534 -7.43995
 43.7984 -7.57195
 43.8801 -7.6613
 43.9055 -7.707
223 150 16
 43.2914 -5.6689
 43.3343 -4.81585
 43.3711 -4.12895
 43.3769 -3.93625
 43.5878 -3.7035
 43.6933 -3.166
 43.4675 -2.6131
 43.2317 -2.3398
 42.9822 -2.303
 43.2643 -2.1899
 43.5874 -1.7058
 43.9011 -1.0768
 44.2034 -0.7675
 44.4707 -0.7274
 44.5731 -0.6954
 44.5846 -0.6654
224 16 10
 27.7108 -8.0283
 28.9273 -7.45915
 29.492 -7.2465
 29.8797 -7.582
 30.4061 -8.54875
 30.882 -9.00075
 31.8192 -9.40015
 32.4612 -9.9944
 32.5491 -9.9906
 32.6218 -9.9695
224 18 5
 27.7108 -8.0283
 26.3073 -8.20355
 25.5645 -8.0482
 25.471 -8.17435
 25.3951 -8.2729
225 143 26
 17.9809 -5.7301
 19.0771 -5.68295
 19.1058 -5.4575
 19.2759 -5.03915
 20.3496 -4.38435
 21.1656 -3.95
 21.1511 -3.8833
 21.0094 -3.1499
 20.5267 -2.1162
 19.8457 -1.8804
 19.2899 -1.74
 17.9841 -1.3984
 16.8504 -1.2448
 17.5921 -0.3198
 18.8588 0.6589
 19.4926 0.74385
 18.8529 1.0615
 18.6327 1.6824
 18.715 2.44245
 18.4237 2.88905
 18.3061 3.1098
 18.0455 3.7624
 17.6571 4.2547
 17.093 4.3737
 16.6116 4.4849
 16.5497 4.5451
225 86 5
 17.9809 -5.7301
 17.5243 -6.34765
 16.9358 -5.37155
 16.652 -5.16395
 16.4131 -5.2848
226 155 15
 15.6011 -14.4166
 16.4014 -13.388
 16.0376 -12.8661
 15.8693 -12.7806
 15.6935 -12.6623
 15.9023 -12.6571
 16.4972 -12.1809
 16.9494 -11.6421
 16.9646 -11.3653
 17.3429 -11.1934
 17.7439 -11.1701
 18.1532 -10.8174
 18.39 -10.3538
 18.2682 -10.2378
 18.2646 -10.2327
226 163 14
 15.6011 -14.4166
 14.4728 -14.926
 14.1771 -14.8753
 14.541 -15.1674
 14.6835 -15.8116
 14.7823 -16.2592
 14.7427 -16.4527
 14.8278 -16.7266
 15.2162 -16.8008
 15.2894 -16.8545
 15.2712 -17.3012
 15.4325 -17.667
 15.4822 -17.7223
 15.4787 -17.7291
227 90 22
 34.2456 -25.5401
 33.7112 -26.2691
 33.2537 -26.7064
 32.8864 -27.4556
 32.8998 -27.9643
 32.7396 -28.2697
 32.4492 -28.5829
 31.999 -29.1451
 31.8051 -29.6678
 31.826 -29.9398
 31.7901 -30.1128
 31.9294 -30.1662
 32.0721 -30.2115
 32.1202 -30.2211
 32.1108 -30.1556
 32.1494 -30.1278
 32.277 -30.1196
 32.3652 -30.0615
 32.4156 -30.1125
 32.376 -30.32
 32.3045 -30.4559
 32.2952 -30.4561
227 77 7
 34.2456 -25.5401
 34.8766 -24.4813
 35.0758 -24.0803
 35.3924 -23.9614
 35.8543 -23.8428
 36.0602 -23.7872
 36.0507 -23.7628
228 8 20
 20.5271 -54.6837
 22.1605 -53.7583
 23.2437 -52.967
 23.7092 -52.6872
 24.4407 -51.3918
 25.6389 -50.7657
 26.4638 -52.18
 27.0842 -53.0406
 27.7211 -52.2794
 28.1676 -51.8219
 27.955 -51.6188
 28.2215 -50.469
 28.4806 -49.3838
 28.2966 -49.1455
 28.0872 -48.9171
 27.9235 -48.7877
 27.7943 -48.6232
 27.7436 -48.545
 27.7319 -48.5115
 27.7262 -48.4896
228 46 4
 20.5271 -54.6837
 19.4795 -54.7844
 19.3297 -54.8328
 19.3059 -54.8722
229 58 7
 48.616 -43.3425
 48.3909 -44.0232
 48.1026 -44.1849
 48.0044 -44.3439
 48.007 -44.4136
 48.0803 -44.4779
 48.1125 -44.486
229 139 4
 48.616 -43.3425
 49.014 -42.4938
 49.3765 -42.2832
 49.3376 -42.2568
230 152 5
 50.3272 -50.7204
 51.238 -49.9134
 51.2086 -49.542
 50.9856 -49.2269
 50.857 -49.1459
230 113 3
 50.3272 -50.7204
 49.4924 -51.4254
 49.5035 -51.4606
231 152 10
 60.6451 -49.3818
 59.6567 -48.8542
 57.4296 -50.4745
 55.7879 -51.1389
 54.4084 -50.9687
 52.7008 -50.9569
 51.9933 -50.2975
 51.4033 -49.3689
 50.9856 -49.2269
 50.857 -49.1459
231 48 5
 60.6451 -49.3818
 58.0806 -58.0988
 54.6798 -65.9615
 54.1637 -66.5666
 54.1592 -66.4926
232 24 20
 35.9605 16.1549
 36.2659 15.8173
 36.5082 15.5557
 36.6087 15.4053
 36.6312 15.3119
 36.6151 15.2045
 36.6514 15.1284
 36.6838 15.0511
 36.7032 14.9433
 36.7007 14.8689
 36.6679 14.7996
 36.5941 14.773
 36.4616 14.7365
 36.3 14.6557
 36.2027 14.6404
 36.1728 14.5276
 36.1972 14.4193
 36.2285 14.3164
 36.2362 14.1992
 36.2454 14.1918
232 117 12
 35.9605 16.1549
 35.8766 16.3909
 35.9139 16.5011
 35.8948 16.5931
 35.7398 16.5272
 35.4587 16.4858
 35.2369 16.611
 35.198 17.0668
 35.2566 17.5019
 35.1664 17.7034
 34.9876 17.8737
 34.9365 17.8967
233 135 13
 -3.60555 -0.3618
 -3.2295 1.45025
 -3.56695 2.1269
 -3.37545 2.33395
 -3.07305 3.55325
 -2.60855 4.82725
 -2.22225 5.4619
 -1.65285 6.3381
 -0.4688 6.54945
 0.4446 6.00985
 0.62785 5.36675
 0.68945 5.09835
 0.6999 5.0776
233 89 11
 -3.60555 -0.3618
 -3.45755 -1.66825
 -4.6035 -1.82585
 -5.42615 -3.18585
 -6.29065 -4.4942
 -6.55185 -4.69865
 -7.0617 -5.44745
 -7.5996 -6.30095
 -8.2026 -6.84395
 -8.7161 -7.224
 -8.7235 -7.241
234 24 19
 39.6774 13.4186
 39.0905 13.3134
 38.7316 13.4058
 38.4999 13.5545
 38.4068 13.7643
 38.2947 13.6963
 38.0631 13.8805
 37.7671 14.0431
 37.415 14.0249
 37.0582 14.1738
 36.9007 14.382
 36.8145 14.4464
 36.6814 14.4619
 36.5432 14.4113
 36.4743 14.3416
 36.3345 14.3753
 36.2285 14.3164
 36.2362 14.1992
 36.2454 14.1918
234 116 3
 39.6774 13.4186
 39.9682 13.6146
 39.9742 13.6321
235 115 6
 57.7773 -34.4137
 58.1116 -35.4214
 58.0487 -35.6353
 58.454 -36.2378
 58.9453 -36.8047
 59.0664 -36.826
235 38 4
 57.7773 -34.4137
 57.3707 -33.2072
 57.2407 -32.8929
 57.0846 -32.9344
236 72 31
 10.5248 -47.9889
 11.0766 -47.8127
 11.0681 -48.1441
 11.1363 -48.4492
 11.0695 -48.6721
 11.284 -48.5364
 11.4073 -48.5901
 11.6228 -48.6487
 12.0854 -48.9621
 12.3835 -49.305
 12.3986 -49.4159
 12.4186 -49.5447
 12.4235 -49.5832
 12.5405 -49.7053
 12.7246 -49.8271
 12.875 -49.707
 13.0001 -49.5074
 13.0394 -49.4174
 13.0828 -49.4949
 13.2106 -49.5784
 13.3608 -49.5802
 13.4069 -49.5148
 13.4321 -49.4083
 13.4829 -49.3627
 13.5015 -49.4082
 13.558 -49.4484
 13.5947 -49.4151
 13.5758 -49.3321
 13.6358 -49.3587
 13.7002 -49.3461
 13.7122 -49.3513
236 29 5
 10.5248 -47.9889
 9.95435 -47.8227
 9.95775 -47.5643
 9.9803 -47.4147
 9.981 -47.3096
237 165 18
 -23.451 31.1213
 -23.9928 31.3706
 -24.2297 31.7508
 -24.251 32.0868
 -24.3074 32.2358
 -24.5007 32.2423
 -24.4769 32.3184
 -24.4728 32.4908
 -24.5877 32.7209
 -24.6972 32.9633
 -24.8213 33.2457
 -24.9745 33.3795
 -25.1971 33.2503
 -25.3275 33.1048
 -25.432 33.0723
 -25.6035 33.1073
 -25.6858 33.1288
 -25.6932 33.1304
237 27 10
 -23.451 31.1213
 -22.9802 30.8683
 -22.8841 30.4211
 -22.7566 30.1196
 -22.6311 29.6793
 -22.4035 29.1203
 -21.9832 28.9992
 -21.6585 29.0813
 -21.5502 29.1265
 -21.5441 29.1404
238 143 23
 26.9946 0.86585
 25.7456 1.43535
 24.6812 1.72105
 23.5652 1.7363
 22.2789 0.4892
 21.835 -0.5925
 21.6668 -0.74135
 21.2104 -0.9303
 20.4659 -0.8458
 19.8774 -0.22635
 19.681 0.26255
 19.6375 0.51875
 19.4926 0.74385
 18.8529 1.0615
 18.6327 1.6824
 18.715 2.44245
 18.4237 2.88905
 18.3061 3.1098
 18.0455 3.7624
 17.6571 4.2547
 17.093 4.3737
 16.6116 4.4849
 16.5497 4.5451
238 2 3
 26.9946 0.86585
 27.5245 0.30405
 27.6152 0.2464
239 158 10
 28.3426 28.9038
 29.3622 28.6945
 28.8778 29.6272
 28.2124 30.6404
 28.1685 30.92
 28.421 31.4648
 28.5954 31.9689
 28.8687 32.1369
 29.0774 32.2857
 29.0565 32.3328
239 35 5
 28.3426 28.9038
 27.1706 29.0274
 26.9369 29.1764
 26.8173 29.3675
 26.7944 29.4159
240 140 14
 58.6994 18.003
 58.7635 17.3463
 58.5578 16.899
 58.2828 16.6194
 58.052 16.5546
 57.8235 16.3671
 57.336 16.0913
 56.9486 15.8911
 57.3236 15.5492
 57.5484 15.07
 57.4766 14.7689
 57.6516 14.656
 57.82 14.6212
 57.8847 14.624
240 10 5
 58.6994 18.003
 58.5489 18.6199
 58.7743 18.8439
 59.045 18.9571
 59.0297 19.0156
241 32 14
 48.3431 17.2104
 48.3398 18.0573
 48.0978 18.4352
 47.7632 18.2494
 47.3741 18.0931
 46.6282 18.1593
 46.1393 18.7617
 46.0825 19.3297
 46.1017 19.6333
 46.1517 19.7173
 46.2776 19.6673
 46.3934 19.649
 46.516 19.6102
 46.5561 19.5791
241 78 6
 48.3431 17.2104
 48.4967 16.8214
 49.1362 16.8465
 49.7711 16.5488
 49.9109 16.1435
 49.9842 16.1591
242 94 6
 49.8563 -15.9457
 50.0978 -15.4351
 50.2848 -15.1206
 50.5345 -14.931
 50.5883 -14.9845
 50.5943 -15.012
242 42 9
 49.8563 -15.9457
 49.4735 -16.3604
 48.9545 -16.2722
 49.2715 -16.9064
 49.2552 -17.4726
 49.544 -17.6666
 49.8679 -17.8541
 49.9953 -17.8858
 50.0281 -17.9008
243 88 17
 31.7058 -12.6719
 31.2293 -13.9385
 31.3609 -14.1257
 31.4937 -14.3897
 31.4771 -14.7392
 31.3564 -15.2319
 31.2641 -16.1495
 30.9867 -17.1147
 30.8291 -17.4546
 30.8379 -17.4724
 30.7863 -17.6132
 30.8462 -18.3628
 30.9083 -18.9781
 31.1017 -19.1177
 31.2099 -19.2803
 31.2044 -19.3604
 31.2241 -19.3681
243 16 6
 31.7058 -12.6719
 32.1912 -11.3942
 32.1714 -11.2561
 32.3157 -10.5763
 32.5491 -9.9906
 32.6218 -9.9695
244 58 7
 48.9041 -46.9215
 48.6616 -46.2573
 48.4112 -45.6387
 48.3294 -45.4736
 48.2253 -44.9593
 48.1296 -44.5028
 48.1125 -44.486
244 152 8
 48.9041 -46.9215
 48.9607 -47.2095
 49.4358 -48.0741
 49.9226 -48.813
 50.2765 -48.8588
 50.7333 -48.9783
 50.8565 -49.1122
 50.857 -49.1459
245 63 10
 -15.1313 -38.3737
 -15.9463 -37.6747
 -16.9368 -36.6142
 -17.5461 -35.9749
 -18.0377 -35.6631
 -18.1792 -35.597
 -18.1182 -35.4847
 -17.9334 -35.4146
 -17.7839 -35.4011
 -17.7712 -35.3858
245 13 17
 -15.1313 -38.3737
 -14.3283 -39.4156
 -13.757 -40.4619
 -13.8141 -41.7994
 -13.5707 -43.4468
 -13.3475 -43.7323
 -12.9562 -44.205
 -11.5869 -44.6515
 -10.5063 -44.5448
 -10.6536 -45.3865
 -11.019 -46.5276
 -10.7385 -47.7415
 -10.0565 -48.6511
 -9.9009 -48.6994
 -9.86835 -48.6938
 -9.844 -48.6995
 -9.8347 -48.7042
246 0 11
 -41.9801 -21.0962
 -40.6106 -18.9116
 -37.4564 -17.7323
 -35.9546 -16.9855
 -35.9483 -16.7866
 -35.8719 -16.2542
 -35.7136 -15.4934
 -35.537 -15.1141
 -35.4062 -15
 -35.347 -14.9657
 -35.2928 -14.9697
246 109 4
 -41.9801 -21.0962
 -41.2947 -23.7351
 -40.9079 -24.784
 -40.8864 -24.8223
247 63 14
 -25.6806 -30.9938
 -24.8345 -31.8805
 -24.3876 -32.4271
 -24.2922 -33.3156
 -23.3563 -34.1687
 -21.4138 -34.5292
 -20.0403 -34.7462
 -19.154 -35.057
 -18.372 -35.4734
 -18.1792 -35.597
 -18.1182 -35.4847
 -17.9334 -35.4146
 -17.7839 -35.4011
 -17.7712 -35.3858
247 56 6
 -25.6806 -30.9938
 -26.3926 -30.4781
 -26.9404 -30.3396
 -27.4573 -29.8873
 -27.7474 -29.5758
 -27.7941 -29.5975
248 164 17
 -11.1856 -20.2816
 -11.327 -18.9883
 -10.9514 -18.0191
 -11.0153 -17.3657
 -11.5036 -15.9083
 -11.7997 -14.6045
 -11.9316 -14.5105
 -12.0968 -13.9959
 -12.2346 -13.5031
 -12.1448 -13.2414
 -12.1183 -12.9228
 -12.3987 -12.7624
 -12.8563 -12.6199
 -13.0704 -12.5751
 -13.404 -12.3811
 -13.7041 -12.107
 -13.6715 -12.0263
248 129 8
 -11.1856 -20.2816
 -10.8493 -22.0568
 -10.7959 -23.1355
 -10.916 -24.3042
 -11.1607 -25.4901
 -11.2327 -26.244
 -11.2722 -26.9536
 -11.3906 -26.9867
249 159 8
 6.43155 -48.8958
 6.17725 -49.669
 5.92335 -50.0054
 5.3907 -49.8692
 4.86075 -49.4711
 4.4397 -49.1486
 4.36055 -49.0419
 4.3498 -49.0369
249 34 4
 6.43155 -48.8958
 6.87785 -48.3569
 6.9814 -48.2681
 6.9944 -48.2403
250 72 45
 10.2176 -60.2107
 10.7059 -58.46
 10.5772 -57.72
 10.5266 -57.068
 10.5348 -55.8178
 10.6333 -54.9973
 10.6303 -54.9613
 10.601 -54.4908
 10.5649 -53.9906
 10.699 -53.6873
 10.8629 -52.932
 11.0107 -52.4068
 11.2237 -51.7278
 11.4785 -51.1074
 11.7039 -50.9937
 11.7241 -50.8531
 11.5838 -50.3846
 11.5264 -49.8383
 11.4522 -49.2485
 11.3967 -48.701
 11.4073 -48.5901
 11.6228 -48.6487
 12.0854 -48.9621
 12.3835 -49.305
 12.3986 -49.4159
 12.4186 -49.5447
 12.4235 -49.5832
 12.5405 -49.7053
 12.7246 -49.8271
 12.875 -49.707
 13.0001 -49.5074
 13.0394 -49.4174
 13.0828 -49.4949
 13.2106 -49.5784
 13.3608 -49.5802
 13.4069 -49.5148
 13.4321 -49.4083
 13.4829 -49.3627
 13.5015 -49.4082
 13.558 -49.4484
 13.5947 -49.4151
 13.5758 -49.3321
 13.6358 -49.3587
 13.7002 -49.3461
 13.7122 -49.3513
250 45 5
 10.2176 -60.2107
 10.295 -61.7299
 10.9072 -62.4601
 10.7834 -62.8807
 10.7841 -62.8887
251 72 16
 16.8414 -50.405
 16.1818 -50.1977
 15.489 -49.905
 15.0728 -49.7434
 14.7836 -49.6365
 14.4876 -49.6318
 14.3958 -49.6441
 14.2398 -49.6553
 14.1009 -49.6152
 14.0014 -49.5998
 13.9007 -49.6105
 13.8665 -49.5507
 13.8505 -49.4646
 13.7883 -49.4076
 13.721 -49.3738
 13.7122 -49.3513
251 21 9
 16.8414 -50.405
 17.4083 -49.9763
 17.6957 -49.3826
 17.9923 -48.8466
 18.2311 -48.3927
 18.2642 -48.2152
 18.4239 -48.1534
 18.5809 -48.1303
 18.6126 -48.0935
252 72 29
 15.3982 -42.8834
 15.229 -43.8357
 14.8333 -44.8588
 14.9736 -45.8231
 15.1416 -46.0312
 15.1989 -46.1564
 14.9373 -46.3256
 14.656 -46.3669
 13.854 -46.7317
 13.633 -47.4445
 13.7933 -47.6656
 13.2574 -47.8792
 13.127 -48.2046
 13.3444 -48.3564
 13.6072 -48.422
 13.7204 -48.4071
 13.7955 -48.5513
 13.8131 -48.7903
 13.7472 -48.8551
 13.7113 -48.861
 13.7116 -48.9275
 13.7353 -49.0027
 13.8195 -49.084
 13.9076 -49.1852
 13.9065 -49.2526
 13.864 -49.3303
 13.7883 -49.4076
 13.721 -49.3738
 13.7122 -49.3513
252 59 34
 15.3982 -42.8834
 14.9225 -41.8691
 14.7167 -41.6244
 14.1044 -41.2841
 13.4205 -40.1161
 13.3462 -39.1773
 13.4648 -38.9063
 13.7042 -38.6527
 14.2102 -38.2589
 14.5945 -37.9762
 14.7484 -37.535
 14.9271 -36.6374
 14.7843 -36.1857
 14.4832 -36.0877
 14.3034 -35.7599
 14.3116 -35.4106
 14.2493 -34.7987
 14.1984 -34.1052
 14.0864 -33.4801
 13.8251 -32.7312
 14.1483 -32.2787
 13.6732 -32.0844
 13.5783 -31.5745
 13.3833 -31.002
 13.4351 -30.731
 14.192 -30.5358
 14.7071 -30.2073
 14.9361 -30.1327
 15.1427 -29.8661
 15.4346 -29.3297
 15.8884 -28.9554
 16.2225 -28.8702
 16.4303 -28.8616
 16.4436 -28.8872
253 59 10
 17.7584 -26.3756
 17.3946 -27.7534
 17.2761 -28.0013
 16.9205 -28.2426
 16.5574 -28.4605
 16.4711 -28.548
 16.4202 -28.6846
 16.4105 -28.8035
 16.4303 -28.8616
 16.4436 -28.8872
253 163 24
 17.7584 -26.3756
 17.8409 -24.3707
 17.5875 -23.3932
 17.4473 -23.1119
 16.6188 -23.1607
 15.7796 -23.2663
 15.5206 -23.3478
 15.6493 -23.1212
 15.6083 -22.799
 15.578 -22.4343
 15.551 -22.1777
 15.579 -21.9908
 15.5602 -21.68
 15.5527 -21.2919
 15.5474 -20.6006
 15.5423 -19.834
 15.6122 -19.4305
 15.5023 -18.8444
 15.2394 -18.2318
 15.2032 -17.9635
 15.3631 -17.813
 15.4448 -17.7158
 15.4716 -17.7254
 15.4787 -17.7291
254 25 8
 7.6844 -46.9157
 7.91955 -46.2552
 7.9812 -45.805
 8.11585 -45.5974
 8.5355 -45.3437
 8.82755 -45.2341
 8.8556 -45.2269
 8.8592 -45.2316
254 34 6
 7.6844 -46.9157
 7.4256 -47.2323
 7.2616 -47.507
 7.12385 -47.969
 7.0209 -48.2257
 6.9944 -48.2403
255 29 6
 9.7027 -46.3418
 9.84255 -46.8785
 9.97055 -47.095
 10.0328 -47.2089
 10.0014 -47.2872
 9.981 -47.3096
255 25 6
 9.7027 -46.3418
 9.4893 -45.7685
 9.2045 -45.4433
 8.98525 -45.2777
 8.89075 -45.237
 8.8592 -45.2316
256 135 8
 1.5964 10.9708
 1.8702 9.5442
 2.11655 9.0827
 2.1965 7.4146
 1.8171 5.85185
 1.1071 5.34505
 0.704 5.10025
 0.6999 5.0776
256 157 5
 1.5964 10.9708
 1.3989 12.5529
 1.3628 12.7881
 1.34745 12.8292
 1.3465 12.862
257 157 8
 1.4894 15.0182
 1.3865 14.507
 1.37725 13.661
 1.39585 13.2062
 1.28265 13.1265
 1.3102 12.9965
 1.3709 12.8941
 1.3465 12.862
257 118 8
 1.4894 15.0182
 1.61805 15.6406
 1.70445 16.3519
 1.4746 16.6623
 2.03395 16.5876
 2.6535 16.5081
 2.94475 16.3868
 2.9688 16.3916
258 149 12
 -2.26655 7.54685
 -2.14605 8.51655
 -1.977 9.63895
 -2.8098 10.9244
 -3.5191 11.3748
 -4.20905 11.4177
 -5.07925 11.9448
 -4.95055 12.6584
 -4.40425 14.1359
 -4.22245 15.5197
 -4.33335 15.6232
 -4.3631 15.6753
258 135 7
 -2.26655 7.54685
 -1.6595 6.8212
 -0.4688 6.54945
 0.4446 6.00985
 0.62785 5.36675
 0.68945 5.09835
 0.6999 5.0776
259 149 27
 -11.8949 11.558
 -12.2208 9.7985
 -12.1875 9.4163
 -11.7468 9.3857
 -11.201 9.4948
 -10.4461 9.0139
 -9.80615 8.38895
 -9.5229 8.3789
 -8.25915 8.4095
 -6.80055 8.24425
 -6.1549 8.18465
 -5.8595 8.3611
 -5.62725 8.4185
 -5.43345 8.5853
 -5.1316 8.86275
 -4.61595 9.6284
 -4.9029 10.3919
 -4.05875 10.479
 -3.67965 11.0008
 -3.5191 11.3748
 -4.20905 11.4177
 -5.07925 11.9448
 -4.95055 12.6584
 -4.40425 14.1359
 -4.22245 15.5197
 -4.33335 15.6232
 -4.3631 15.6753
259 137 3
 -11.8949 11.558
 -11.626 13.1412
 -11.6965 13.3424
260 149 27
 -13.0312 8.19805
 -12.2647 9.34805
 -12.1875 9.4163
 -11.7468 9.3857
 -11.201 9.4948
 -10.4461 9.0139
 -9.80615 8.38895
 -9.5229 8.3789
 -8.25915 8.4095
 -6.80055 8.24425
 -6.1549 8.18465
 -5.8595 8.3611
 -5.62725 8.4185
 -5.43345 8.5853
 -5.1316 8.86275
 -4.61595 9.6284
 -4.9029 10.3919
 -4.05875 10.479
 -3.67965 11.0008
 -3.5191 11.3748
 -4.20905 11.4177
 -5.07925 11.9448
 -4.95055 12.6584
 -4.40425 14.1359
 -4.22245 15.5197
 -4.33335 15.6232
 -4.3631 15.6753
260 111 10
 -13.0312 8.19805
 -14.5877 6.80365
 -15.3822 5.87215
 -14.9461 5.0853
 -14.382 4.89555
 -14.2052 4.73005
 -14.2057 4.3782
 -13.7944 4.23575
 -13.3863 4.3069
 -13.3857 4.3173
261 120 31
 -24.2626 13.8804
 -24.6441 13.7969
 -25.1274 13.7344
 -26.1279 13.2692
 -26.8485 12.8615
 -27.4919 12.9277
 -28.2252 12.9759
 -28.5749 12.9366
 -28.7712 12.942
 -29.0369 13.2355
 -29.3364 13.7959
 -29.4256 14.0406
 -29.4332 14.1821
 -29.4781 14.3853
 -29.5256 14.4779
 -29.5967 14.6882
 -29.6028 14.8729
 -29.5739 15.0548
 -29.6047 15.2608
 -29.8262 15.6827
 -30.2717 16.3405
 -30.5141 16.7313
 -30.5454 16.8766
 -30.53 16.9394
 -30.4479 17.0071
 -30.3526 17.0586
 -30.5242 17.0616
 -30.8545 17.1838
 -31.1021 17.2772
 -31.1365 17.3379
 -31.1439 17.3973
261 17 3
 -24.2626 13.8804
 -23.7985 14.1869
 -23.6465 14.3658
262 120 47
 -24.3357 8.69705
 -25.4767 7.8569
 -26.0595 7.7362
 -26.1835 7.9499
 -26.2331 8.2629
 -26.4963 8.5044
 -26.8348 8.6517
 -26.9765 8.82675
 -27.3417 9.05875
 -27.9325 9.36695
 -28.4463 9.5922
 -28.7579 9.58915
 -28.8879 9.573
 -29.0247 9.50385
 -28.7633 9.7347
 -28.332 9.94055
 -28.1442 10.1288
 -28.1852 10.3541
 -28.1625 10.5082
 -28.2374 10.6168
 -28.665 11.0231
 -29.1949 11.4108
 -29.2734 11.5015
 -29.0038 12.0478
 -28.8364 12.722
 -29.0369 13.2355
 -29.3364 13.7959
 -29.4256 14.0406
 -29.4332 14.1821
 -29.4781 14.3853
 -29.5256 14.4779
 -29.5967 14.6882
 -29.6028 14.8729
 -29.5739 15.0548
 -29.6047 15.2608
 -29.8262 15.6827
 -30.2717 16.3405
 -30.5141 16.7313
 -30.5454 16.8766
 -30.53 16.9394
 -30.4479 17.0071
 -30.3526 17.0586
 -30.5242 17.0616
 -30.8545 17.1838
 -31.1021 17.2772
 -31.1365 17.3379
 -31.1439 17.3973
262 106 3
 -24.3357 8.69705
 -23.7001 9.4085
 -23.7103 9.4384
263 111 13
 -17.3854 1.796
 -17.0025 3.40105
 -16.4995 4.0423
 -16.1439 4.6396
 -16.0047 4.6245
 -15.612 4.87435
 -14.9461 5.0853
 -14.382 4.89555
 -14.2052 4.73005
 -14.2057 4.3782
 -13.7944 4.23575
 -13.3863 4.3069
 -13.3857 4.3173
263 141 4
 -17.3854 1.796
 -18.5114 0.7469
 -19.4323 1.13465
 -19.434 1.1293
264 164 14
 -17.6629 -7.60865
 -16.8248 -7.40915
 -16.4855 -8.1989
 -16.2013 -8.7921
 -15.6781 -9.4504
 -15.2217 -10.7775
 -14.9577 -11.4985
 -14.6576 -11.6726
 -14.2899 -12.0478
 -14.0904 -12.3375
 -13.9959 -12.3015
 -13.8327 -12.1803
 -13.6987 -12.0508
 -13.6715 -12.0263
264 4 4
 -17.6629 -7.60865
 -18.6205 -7.9194
 -19.1945 -7.9178
 -19.3567 -7.9452
265 93 12
 -25.0533 -15.3505
 -25.7973 -13.6094
 -25.5487 -12.6294
 -24.4879 -11.6884
 -24.1999 -11.1525
 -24.0784 -11.0401
 -23.2666 -11.0512
 -22.4949 -10.9341
 -22.4039 -10.7691
 -22.3802 -10.7316
 -22.3877 -10.6672
 -22.4156 -10.6363
265 81 3
 -25.0533 -15.3505
 -24.8156 -16.6213
 -24.8037 -16.6466
266 120 61
 -31.1089 0.12195
 -30.0936 1.53375
 -28.5008 1.90535
 -27.5761 1.60875
 -27.3911 1.7249
 -27.2836 2.3365
 -27.3389 2.7761
 -27.0513 3.3035
 -26.6534 4.05095
 -26.6248 4.67855
 -26.684 5.2933
 -26.4641 5.8591
 -26.2071 6.2646
 -26.0697 6.40275
 -25.8541 6.55995
 -25.8987 7.03025
 -26.1083 7.5927
 -26.1835 7.9499
 -26.2331 8.2629
 -26.4963 8.5044
 -26.8348 8.6517
 -26.9765 8.82675
 -27.3417 9.05875
 -27.9325 9.36695
 -28.4463 9.5922
 -28.7579 9.58915
 -28.8879 9.573
 -29.0247 9.50385
 -28.7633 9.7347
 -28.332 9.94055
 -28.1442 10.1288
 -28.1852 10.3541
 -28.1625 10.5082
 -28.2374 10.6168
 -28.665 11.0231
 -29.1949 11.4108
 -29.2734 11.5015
 -29.0038 12.0478
 -28.8364 12.722
 -29.0369 13.2355
 -29.3364 13.7959
 -29.4256 14.0406
 -29.4332 14.1821
 -29.4781 14.3853
 -29.5256 14.4779
 -29.5967 14.6882
 -29.6028 14.8729
 -29.5739 15.0548
 -29.6047 15.2608
 -29.8262 15.6827
 -30.2717 16.3405
 -30.5141 16.7313
 -30.5454 16.8766
 -30.53 16.9394
 -30.4479 17.0071
 -30.3526 17.0586
 -30.5242 17.0616
 -30.8545 17.1838
 -31.1021 17.2772
 -31.1365 17.3379
 -31.1439 17.3973
266 133 3
 -31.1089 0.12195
 -31.4913 -0.74
 -31.5606 -0.7792
267 114 4
 -34.339 -14.9653
 -33.8127 -15.4207
 -33.5079 -15.8851
 -33.4855 -15.887
267 0 4
 -34.339 -14.9653
 -34.9482 -14.9837
 -35.3031 -14.9823
 -35.2928 -14.9697
268 120 40
 -31.3647 9.7391
 -30.5999 9.421
 -29.9047 9.2635
 -29.431 9.2867
 -29.148 9.04085
 -29.1449 9.33445
 -29.0247 9.50385
 -28.7633 9.7347
 -28.332 9.94055
 -28.1442 10.1288
 -28.1852 10.3541
 -28.1625 10.5082
 -28.2374 10.6168
 -28.665 11.0231
 -29.1949 11.4108
 -29.2734 11.5015
 -29.0038 12.0478
 -28.8364 12.722
 -29.0369 13.2355
 -29.3364 13.7959
 -29.4256 14.0406
 -29.4332 14.1821
 -29.4781 14.3853
 -29.5256 14.4779
 -29.5967 14.6882
 -29.6028 14.8729
 -29.5739 15.0548
 -29.6047 15.2608
 -29.8262 15.6827
 -30.2717 16.3405
 -30.5141 16.7313
 -30.5454 16.8766
 -30.53 16.9394
 -30.4479 17.0071
 -30.3526 17.0586
 -30.5242 17.0616
 -30.8545 17.1838
 -31.1021 17.2772
 -31.1365 17.3379
 -31.1439 17.3973
268 6 15
 -31.3647 9.7391
 -31.8041 10.2005
 -32.1325 10.5658
 -32.784 10.6413
 -33.3323 10.5957
 -33.3598 9.6799
 -33.2231 8.76925
 -33.2063 8.3869
 -33.3247 7.95065
 -33.6176 7.71395
 -33.5471 7.49945
 -32.973 6.9836
 -32.7245 6.03775
 -32.8354 5.3649
 -32.9334 5.2769
269 101 52
 -32.61 20.5431
 -32.9902 21.3274
 -33.4575 22.1261
 -33.7916 22.6486
 -34.0153 22.7943
 -34.1687 22.9308
 -34.2559 22.959
 -34.5066 23.1081
 -34.6773 23.2431
 -34.5774 23.2966
 -34.4808 23.4166
 -34.4755 23.5206
 -34.4627 23.58
 -34.4587 23.7066
 -34.284 23.7836
 -34.0116 23.781
 -33.8909 23.7188
 -33.7794 23.5807
 -33.6709 23.5047
 -33.56 23.4451
 -33.4117 23.3684
 -33.2809 23.3512
 -33.0955 23.5765
 -32.9854 23.8769
 -32.9965 23.9759
 -32.962 24.0786
 -32.8613 24.1802
 -32.7102 24.3281
 -32.5166 24.4425
 -32.3309 24.4337
 -32.258 24.3829
 -32.2043 24.4844
 -32.1231 24.5668
 -32.0815 24.6027
 -32.0166 24.5751
 -31.9743 24.542
 -31.9581 24.5199
 -31.9552 24.5531
 -31.9283 24.5924
 -31.9074 24.6096
 -31.8686 24.6097
 -31.7882 24.6066
 -31.7174 24.6035
 -31.7484 24.6387
 -31.802 24.7278
 -31.764 24.8365
 -31.6567 24.8959
 -31.7297 24.9262
 -31.8757 25.1027
 -32.0117 25.239
 -31.9942 25.2703
 -31.9753 25.2998
269 120 15
 -32.61 20.5431
 -32.5819 19.7709
 -32.5009 19.4223
 -32.3042 19.2996
 -32.3382 19.1552
 -32.5541 18.9199
 -32.6582 18.6125
 -32.7206 18.3301
 -32.8056 18.1047
 -32.5196 17.6843
 -32.1293 17.2023
 -31.6518 17.0194
 -31.234 17.1494
 -31.1365 17.3379
 -31.1439 17.3973
270 101 40
 -28.5187 23.5724
 -28.6022 23.2425
 -28.7795 23.5919
 -29.1143 23.9986
 -29.3517 24.1627
 -29.8186 24.1658
 -30.2657 24.0365
 -30.4634 23.9524
 -30.6907 23.9538
 -30.8836 24.0227
 -30.9563 24.2159
 -31.0051 24.3377
 -31.1637 24.3606
 -31.2731 24.4413
 -31.2803 24.492
 -31.3535 24.4711
 -31.5076 24.3959
 -31.6514 24.3197
 -31.6502 24.2267
 -31.7371 24.3475
 -31.7869 24.4163
 -31.8238 24.4342
 -31.8955 24.452
 -31.9379 24.4864
 -31.9581 24.5199
 -31.9552 24.5531
 -31.9283 24.5924
 -31.9074 24.6096
 -31.8686 24.6097
 -31.7882 24.6066
 -31.7174 24.6035
 -31.7484 24.6387
 -31.802 24.7278
 -31.764 24.8365
 -31.6567 24.8959
 -31.7297 24.9262
 -31.8757 25.1027
 -32.0117 25.239
 -31.9942 25.2703
 -31.9753 25.2998
270 67 29
 -28.5187 23.5724
 -28.2714 23.7197
 -27.7987 23.5534
 -27.4258 23.2583
 -27.246 23.0584
 -27.0312 23.219
 -26.8633 23.4317
 -26.8139 23.554
 -26.7287 23.5228
 -26.5776 23.4685
 -26.315 23.5504
 -26.0591 23.6539
 -25.8319 23.7621
 -25.4874 23.9097
 -25.2736 23.9734
 -25.1983 24.0981
 -25.1132 24.3237
 -25.001 24.6488
 -24.9085 24.8913
 -24.9762 25.1745
 -24.97 25.5043
 -24.646 25.7838
 -24.4871 26.2337
 -24.4871 26.4985
 -24.392 26.5674
 -24.2668 26.5658
 -24.1016 26.4739
 -24.0646 26.4167
 -24.073 26.3986
271 101 18
 -32.8673 26.646
 -32.3407 26.0826
 -31.8646 25.8906
 -31.5476 25.7502
 -31.2747 25.5043
 -31.3731 25.3988
 -31.4887 25.2138
 -31.4558 25.0212
 -31.3652 24.9706
 -31.4183 24.921
 -31.4567 24.8854
 -31.547 24.9012
 -31.6567 24.8959
 -31.7297 24.9262
 -31.8757 25.1027
 -32.0117 25.239
 -31.9942 25.2703
 -31.9753 25.2998
271 62 5
 -32.8673 26.646
 -33.002 27.3891
 -32.9924 27.8896
 -32.9121 27.9967
 -32.8653 28.023
272 165 22
 -26.6908 38.4659
 -27.4337 37.1756
 -27.6488 36.7026
 -27.2285 36.2323
 -27.2298 35.5812
 -27.2719 34.9684
 -27.2558 34.7685
 -27.2323 34.7597
 -27.1185 34.5493
 -26.9655 34.2569
 -26.7914 34.0699
 -26.5943 33.9416
 -26.4052 34.0355
 -26.2254 34.1005
 -26.0702 33.9611
 -26.0098 33.7873
 -25.9355 33.6803
 -25.8251 33.5383
 -25.7896 33.3779
 -25.7276 33.2645
 -25.6934 33.1606
 -25.6932 33.1304
272 36 4
 -26.6908 38.4659
 -26.0905 39.3903
 -26.2162 39.8046
 -26.0407 39.8702
273 70 8
 -23.4282 47.4807
 -23.8141 47.8603
 -23.8735 48.0121
 -23.9065 48.0702
 -23.9718 48.1602
 -24.02 48.2401
 -24.0803 48.2541
 -24.126 48.231
273 87 3
 -23.4282 47.4807
 -23.0894 47.2411
 -23.0785 47.2405
274 103 5
 -21.4469 46.8337
 -19.8405 46.8776
 -19.5862 46.7411
 -19.4506 46.6432
 -19.3805 46.531
274 87 4
 -21.4469 46.8337
 -22.9571 46.9299
 -23.0643 47.2306
 -23.0785 47.2405
275 165 25
 -20.2551 37.0416
 -20.0291 36.0914
 -20.0121 35.3296
 -20.8928 35.2027
 -21.8279 35.052
 -22.2101 34.9973
 -22.4796 34.8627
 -22.7388 34.4764
 -22.9867 33.775
 -23.3783 33.3274
 -23.7272 33.2036
 -23.9204 32.7834
 -24.2832 32.4271
 -24.4769 32.3184
 -24.4728 32.4908
 -24.5877 32.7209
 -24.6972 32.9633
 -24.8213 33.2457
 -24.9745 33.3795
 -25.1971 33.2503
 -25.3275 33.1048
 -25.432 33.0723
 -25.6035 33.1073
 -25.6858 33.1288
 -25.6932 33.1304
275 49 8
 -20.2551 37.0416
 -20.3754 37.7859
 -20.3265 38.3445
 -20.2474 38.4447
 -19.4886 39.2577
 -18.6919 40.1349
 -18.5595 40.2831
 -18.5281 40.2793
276 28 12
 -1.9412 32.0175
 -0.9675 32.4432
 -0.69475 32.5836
 -0.6414 32.6807
 -0.5646 32.7684
 -0.49585 32.9258
 -0.46165 33.1127
 -0.4418 33.1509
 -0.5235 33.1461
 -0.6524 33.0775
 -0.7901 33.0249
 -0.8496 33.0295
276 31 33
 -1.9412 32.0175
 -2.7664 31.7143
 -2.85075 31.4093
 -3.58605 31.1133
 -4.49275 31.0822
 -4.98 30.5093
 -5.35835 29.9231
 -5.44295 29.7792
 -6.0122 29.3505
 -6.86225 28.8926
 -7.23195 28.7393
 -7.1044 28.3723
 -7.2586 27.7757
 -7.47845 27.4109
 -7.64165 26.8061
 -7.98545 26.3135
 -8.1257 26.3047
 -8.2078 26.2932
 -8.5251 26.2832
 -9.26275 26.341
 -10.0047 26.4249
 -10.2955 26.4078
 -10.4916 26.3016
 -10.9411 26.4391
 -11.3829 26.4878
 -11.4675 26.0215
 -11.3667 25.7086
 -11.4896 25.5384
 -11.7405 25.525
 -11.9545 25.4559
 -12.2276 25.0293
 -12.4318 24.7678
 -12.4486 24.7301
277 123 3
 -10.146 41.8901
 -11.3417 41.0496
 -11.5827 41.0252
277 121 4
 -10.146 41.8901
 -8.789 43.041
 -8.55765 43.4897
 -8.7286 43.6036
278 103 7
 -18.6632 44.5452
 -18.3238 45.5778
 -18.1241 46.1334
 -18.4991 46.0369
 -18.9333 46.283
 -19.3479 46.513
 -19.3805 46.531
278 49 6
 -18.6632 44.5452
 -19.4929 43.3039
 -19.2542 41.5458
 -18.6194 40.3543
 -18.5595 40.2831
 -18.5281 40.2793
279 73 9
 7.70355 57.5792
 7.8346 56.6049
 6.9296 56.8662
 6.714 56.9633
 6.724 56.7253
 6.76505 56.7047
 6.62115 56.5245
 6.42615 56.372
 6.4077 56.3863
279 75 7
 7.70355 57.5792
 6.9595 58.7328
 6.96155 59.2128
 6.5971 59.7802
 6.2775 60.3077
 6.2417 60.5466
 6.2338 60.5913
280 112 11
 12.6573 33.3582
 13.2761 33.9971
 13.8059 33.0976
 14.7866 32.9574
 15.3415 33.0586
 15.5954 32.9793
 16.1905 33.1068
 16.8269 33.2827
 17.6269 33.2407
 18.3193 32.9601
 18.3668 32.776
280 97 16
 12.6573 33.3582
 11.0728 33.3971
 9.776 33.4189
 8.95825 33.5335
 8.3753 33.6392
 8.1036 33.4391
 7.6181 32.9972
 6.33095 32.5497
 4.85425 32.4447
 4.5678 31.9408
 4.5054 31.423
 4.27705 31.2639
 4.59705 30.5122
 4.89005 29.8948
 4.85735 29.8377
 4.8406 29.8003
281 37 4
 12.3233 41.5065
 11.6912 42.0914
 11.6487 42.0871
 11.6228 42.0824
281 85 4
 12.3233 41.5065
 12.9722 40.8505
 13.0116 40.7335
 13.0176 40.6879
282 28 21
 2.6239 31.9877
 2.13515 32.3035
 1.70335 32.5057
 1.4165 32.6544
 1.2765 32.6951
 1.06475 32.6978
 0.9219 32.7141
 0.90925 32.7957
 0.72785 33.0761
 0.3077 33.1859
 0.1097 32.9839
 0.0378 32.913
 -0.1171 32.9963
 -0.2238 33.1208
 -0.25345 33.173
 -0.3405 33.165
 -0.4418 33.1509
 -0.5235 33.1461
 -0.6524 33.0775
 -0.7901 33.0249
 -0.8496 33.0295
282 97 7
 2.6239 31.9877
 3.6134 31.577
 4.27705 31.2639
 4.59705 30.5122
 4.89005 29.8948
 4.85735 29.8377
 4.8406 29.8003
283 31 32
 -6.91555 30.9105
 -6.70575 30.3713
 -6.69995 30.2192
 -6.55045 30.1091
 -6.0132 29.9354
 -5.4725 29.8744
 -5.44295 29.7792
 -6.0122 29.3505
 -6.86225 28.8926
 -7.23195 28.7393
 -7.1044 28.3723
 -7.2586 27.7757
 -7.47845 27.4109
 -7.64165 26.8061
 -7.98545 26.3135
 -8.1257 26.3047
 -8.2078 26.2932
 -8.5251 26.2832
 -9.26275 26.341
 -10.0047 26.4249
 -10.2955 26.4078
 -10.4916 26.3016
 -10.9411 26.4391
 -11.3829 26.4878
 -11.4675 26.0215
 -11.3667 25.7086
 -11.4896 25.5384
 -11.7405 25.525
 -11.9545 25.4559
 -12.2276 25.0293
 -12.4318 24.7678
 -12.4486 24.7301
283 19 6
 -6.91555 30.9105
 -7.0181 31.8223
 -6.9666 32.3344
 -7.05985 32.3853
 -7.2205 32.4801
 -7.2765 32.5253
284 27 39
 -16.6468 27.8664
 -17.0212 27.8119
 -17.5773 28.1081
 -18.0376 28.3645
 -18.3222 28.5354
 -18.5028 28.7429
 -18.6394 28.9497
 -18.7824 29.22
 -18.7901 29.4193
 -18.8584 29.6755
 -18.9836 29.9568
 -19.0651 30.0352
 -19.1865 30.0602
 -19.282 30.0503
 -19.2329 30.0992
 -19.1817 30.1936
 -19.1486 30.2856
 -19.1782 30.3495
 -19.19 30.4193
 -19.2348 30.3657
 -19.3198 30.3303
 -19.3764 30.3393
 -19.4202 30.3629
 -19.5132 30.288
 -19.5593 30.184
 -19.5933 30.2002
 -19.7205 30.1534
 -20.131 29.9409
 -20.5322 29.7006
 -20.793 29.5522
 -20.992 29.4582
 -21.0936 29.4185
 -21.2355 29.3871
 -21.345 29.3428
 -21.4483 29.3009
 -21.5294 29.2847
 -21.5392 29.272
 -21.5405 29.2002
 -21.5441 29.1404
284 31 25
 -16.6468 27.8664
 -15.9926 28.2512
 -15.3725 28.4068
 -15.2543 28.3049
 -15.1803 28.2484
 -15.0416 28.0331
 -14.8675 27.6632
 -14.6264 27.0694
 -14.1771 26.7813
 -13.8629 26.9664
 -13.7465 27.0841
 -13.5489 27.213
 -13.2271 27.3269
 -13.0204 27.4207
 -12.8666 27.3762
 -12.1236 26.9526
 -11.5436 26.4067
 -11.4675 26.0215
 -11.3667 25.7086
 -11.4896 25.5384
 -11.7405 25.525
 -11.9545 25.4559
 -12.2276 25.0293
 -12.4318 24.7678
 -12.4486 24.7301
285 118 23
 -3.69175 23.266
 -1.93565 22.3654
 -1.1416 22.178
 -1.9998 21.7656
 -2.72725 20.9986
 -2.693 20.4872
 -2.89455 19.9465
 -2.93505 19.4978
 -2.5776 19.3698
 -2.24145 19.2395
 -2.0302 19.1309
 -1.17115 18.5765
 -0.40985 17.8806
 -0.34825 17.6236
 -0.11265 17.5423
 0.0765 17.4523
 0.2213 17.1977
 0.82565 16.8852
 1.4746 16.6623
 2.03395 16.5876
 2.6535 16.5081
 2.94475 16.3868
 2.9688 16.3916
285 144 7
 -3.69175 23.266
 -4.8838 24.0919
 -5.3513 23.7169
 -5.879 22.8242
 -6.24775 22.3868
 -6.36295 22.3008
 -6.3621 22.2857
286 97 14
 8.48105 24.4945
 8.00945 25.2787
 7.87245 26.687
 7.7212 27.5774
 7.34205 28.0127
 7.0211 28.5242
 6.6938 28.6969
 6.32535 28.7591
 6.16445 28.8148
 5.8219 29.129
 5.65595 29.6006
 5.47055 29.6798
 5.00455 29.6924
 4.8406 29.8003
286 50 4
 8.48105 24.4945
 9.2198 23.4455
 9.59635 22.5875
 9.602 22.585
287 143 10
 22.636 5.89745
 21.9416 5.68805
 20.0638 5.00855
 18.5163 3.86405
 18.3061 3.1098
 18.0455 3.7624
 17.6571 4.2547
 17.093 4.3737
 16.6116 4.4849
 16.5497 4.5451
287 15 5
 22.636 5.89745
 23.8127 6.9001
 25.2227 7.68775
 25.7934 7.6985
 25.9936 7.7758
288 142 11
 28.0321 6.2256
 29.3382 5.1913
 29.4485 5.24415
 29.684 5.9691
 30.5862 6.46895
 31.4084 7.45495
 30.9 7.9354
 31.9413 7.99875
 32.7528 7.99055
 33.5244 7.894
 33.5711 7.8194
288 15 5
 28.0321 6.2256
 26.7164 6.91775
 26.1548 7.44925
 25.9986 7.73525
 25.9936 7.7758
289 161 8
 40.4742 13.9272
 41.0021 14.2474
 41.1547 14.4135
 41.2629 14.6299
 41.3026 14.735
 41.3847 14.7469
 41.4744 14.7391
 41.5028 14.7362
289 116 3
 40.4742 13.9272
 39.9919 13.6386
 39.9742 13.6321
290 105 10
 36.9496 21.879
 37.2545 21.7908
 37.4662 21.8091
 37.6787 21.8738
 38.1391 22.0359
 38.4531 22.3121
 38.4007 22.4887
 38.3918 22.5654
 38.4502 22.6097
 38.4873 22.609
290 130 5
 36.9496 21.879
 36.5211 22.1353
 35.9238 22.3687
 35.5612 22.3989
 35.5489 22.3795
291 112 14
 24.361 28.3801
 23.8181 27.4382
 23.635 27.5314
 22.5672 27.9096
 21.517 28.2979
 21.7979 28.9881
 22.684 30.1725
 22.8546 30.826
 21.833 31.5597
 21.0406 32.341
 19.8605 32.7241
 18.6376 32.8739
 18.4282 32.7743
 18.3668 32.776
291 35 6
 24.361 28.3801
 24.9349 29.378
 25.7934 29.4355
 26.6482 29.4241
 26.7675 29.3994
 26.7944 29.4159
292 158 12
 29.8722 26.6666
 29.515 28.041
 29.3585 28.4907
 29.3622 28.6945
 28.8778 29.6272
 28.2124 30.6404
 28.1685 30.92
 28.421 31.4648
 28.5954 31.9689
 28.8687 32.1369
 29.0774 32.2857
 29.0565 32.3328
292 125 4
 29.8722 26.6666
 30.0036 25.4065
 29.9281 25.1211
 29.9337 25.0594
293 74 18
 16.9277 44.6154
 18.6134 44.546
 19.2664 43.3618
 20.2664 42.0797
 21.2403 41.4994
 21.6419 41.1863
 22.4187 40.8001
 23.3811 40.6264
 24.1373 40.4103
 24.4922 39.8371
 24.9977 39.3093
 25.8802 39.5103
 26.9936 40.0213
 27.7053 40.0173
 28.1728 39.3676
 28.6834 38.7141
 28.7519 38.6585
 28.7677 38.6317
293 37 9
 16.9277 44.6154
 15.1868 44.1299
 14.3908 43.541
 13.9949 42.826
 13.5649 42.2376
 12.4865 42.0789
 11.6912 42.0914
 11.6487 42.0871
 11.6228 42.0824
294 75 18
 18.1692 61.8501
 16.4716 62.4776
 15.5885 62.184
 14.4032 61.9573
 13.2557 62.6408
 12.5 63.2276
 12.1138 63.0993
 10.9574 63.1659
 10.1719 63.3958
 9.13415 64.1077
 7.3952 64.3208
 6.6088 63.3721
 6.41145 62.4683
 6.30875 61.8507
 6.37945 61.6999
 6.4464 61.1287
 6.3465 60.5707
 6.2338 60.5913
294 148 8
 18.1692 61.8501
 19.8618 61.445
 20.6118 61.8864
 21.5735 63.2304
 21.8831 64.2915
 22.6302 65.3651
 23.4409 66.494
 23.5093 66.5554
295 60 13
 37.8773 50.8471
 37.7179 51.3067
 37.6951 51.4817
 37.4174 51.6607
 36.9142 51.9018
 36.5742 52.2105
 36.4719 52.547
 36.5815 52.7762
 36.5202 53.0842
 36.3288 53.2749
 36.3568 53.6516
 36.3876 54.0107
 36.3871 54.0127
295 102 5
 37.8773 50.8471
 38.1722 50.4855
 38.3182 50.3074
 38.3305 50.1978
 38.3252 50.1921
296 60 11
 38.575 55.758
 38.1262 55.7013
 37.4245 55.9515
 36.3566 55.9262
 35.8858 55.6544
 35.7878 55.5466
 35.7391 55.4064
 35.6142 54.9758
 35.9962 54.4013
 36.4276 54.1232
 36.3871 54.0127
296 80 11
 38.575 55.758
 39.4734 56.8122
 40.245 58.3144
 40.7747 58.7
 40.7013 59.176
 40.3906 59.8675
 40.239 60.6767
 40.0367 61.4572
 40.1468 61.8929
 40.3749 62.2738
 40.4327 62.2916
297 30 4
 40.3737 64.1884
 40.2834 65.468
 40.3102 66.3904
 40.4127 66.8748
297 80 4
 40.3737 64.1884
 40.4179 62.8607
 40.4402 62.3331
 40.4327 62.2916
298 136 8
 41.7112 47.3371
 42.6468 48.1745
 43.4102 48.5031
 44.3654 48.4844
 44.7705 48.3785
 44.8148 48.3327
 44.7767 48.3082
 44.7635 48.3059
298 69 4
 41.7112 47.3371
 40.727 46.7528
 40.4717 46.6935
 40.4091 46.6462
299 96 9
 40.5556 39.9189
 40.2455 38.6585
 40.5313 37.9776
 40.5684 37.6164
 40.445 36.9364
 40.4314 36.5081
 40.4378 36.2957
 40.48 36.0938
 40.5236 36.0663
299 53 4
 40.5556 39.9189
 41.1288 41.1831
 41.2611 41.8111
 41.2773 41.8258
300 83 12
 38.7488 30.828
 37.3663 30.1896
 37.0868 29.4972
 37.1875 28.7001
 37.2673 28.391
 37.4447 28.1185
 37.4823 28.0303
 37.0378 27.4534
 36.5203 26.8931
 36.4135 26.7612
 36.3988 26.6801
 36.3737 26.6899
300 96 17
 38.7488 30.828
 40.2022 31.7776
 40.8386 31.8345
 41.0086 31.1436
 41.3024 30.7829
 41.9982 30.93
 42.924 31.5301
 43.4735 32.1881
 43.4187 32.5246
 42.9114 33.4532
 42.1382 34.2533
 41.3174 34.5143
 40.5622 34.9631
 40.3263 35.4595
 40.4406 35.8153
 40.5168 36.0227
 40.5236 36.0663
301 96 19
 50.7898 37.3318
 49.821 36.2401
 48.9537 35.5138
 47.5476 36.1967
 46.7449 36.6968
 46.1442 36.7959
 44.9688 36.8734
 44.0977 36.4494
 43.4042 35.2737
 43.0052 34.3938
 42.759 34.2088
 42.9114 33.4532
 42.1382 34.2533
 41.3174 34.5143
 40.5622 34.9631
 40.3263 35.4595
 40.4406 35.8153
 40.5168 36.0227
 40.5236 36.0663
301 119 4
 50.7898 37.3318
 51.8631 37.9293
 52.2592 38.349
 52.317 38.3476
302 14 7
 53.5733 38.5573
 54.4695 38.4432
 54.6666 37.725
 55.2467 37.7608
 56.2001 38.2008
 56.6073 37.9423
 56.6353 37.926
302 119 4
 53.5733 38.5573
 52.6173 38.4799
 52.3416 38.354
 52.317 38.3476
303 9 7
 69.3938 34.2028
 70.319 33.9753
 70.3081 34.017
 69.9895 34.6892
 69.7589 35.5135
 69.7699 35.7698
 69.7775 35.7704
303 131 5
 69.3938 34.2028
 68.1189 33.9662
 67.7212 33.3986
 67.7292 33.2152
 67.7116 33.1976
304 92 8
 65.6802 30.4681
 65.3192 29.6501
 64.6976 29.8239
 64.0594 30.1434
 63.9331 30.2829
 63.8724 30.3754
 63.8762 30.4494
 63.8727 30.4693
304 131 5
 65.6802 30.4681
 66.715 32.2792
 67.5887 33.2747
 67.7292 33.2152
 67.7116 33.1976
305 92 9
 62.7976 27.418
 63.9845 28.3467
 64.6065 29.1228
 64.6976 29.8239
 64.0594 30.1434
 63.9331 30.2829
 63.8724 30.3754
 63.8762 30.4494
 63.8727 30.4693
305 124 7
 62.7976 27.418
 61.825 26.4707
 61.772 25.8643
 60.9986 25.5245
 59.6207 25.9734
 58.6645 26.4936
 58.6289 26.5196
306 140 12
 58.2361 12.003
 58.5201 12.3508
 58.4978 12.7122
 58.5913 12.8056
 58.7986 12.9853
 58.8875 13.2366
 58.6432 13.3405
 58.2579 13.5527
 58.1053 13.6607
 58.0093 14.0949
 57.8881 14.5762
 57.8847 14.624
306 11 10
 58.2361 12.003
 57.7738 11.8582
 57.5442 11.8496
 57.5187 11.7896
 57.6348 11.5428
 57.7109 11.2866
 57.5568 11.1463
 57.5181 11.0213
 57.5865 10.9815
 57.5897 10.9813
307 78 15
 54.4897 17.0644
 54.4732 17.7552
 54.634 18.9725
 53.9241 18.3706
 53.3138 18.3167
 53.1278 18.2062
 52.9731 18.0538
 52.9104 17.9376
 52.5513 17.8568
 52.0854 17.5035
 51.8897 17.1068
 51.1122 16.6805
 50.2164 16.2214
 50.014 16.1353
 49.9842 16.1591
307 140 12
 54.4897 17.0644
 54.6063 16.5474
 54.8764 15.766
 54.9912 15.1649
 55.3051 15.5091
 56.1907 15.4375
 56.9415 15.0859
 57.2346 14.8533
 57.4766 14.7689
 57.6516 14.656
 57.82 14.6212
 57.8847 14.624
308 20 12
 45.1585 11.8435
 45.1406 11.594
 45.113 11.4
 44.6068 10.9787
 44.3743 10.4262
 44.0706 9.7564
 43.539 9.1773
 43.4573 9.016
 42.9748 8.4039
 42.646 7.84295
 42.6955 7.7863
 42.7088 7.7714
308 40 9
 45.1585 11.8435
 45.6502 12.3013
 46.1162 12.7141
 46.1826 12.8794
 46.7379 13.3628
 47.2062 13.7332
 48.3036 13.5044
 49.3788 13.2161
 49.3615 13.1699
309 132 4
 63.4375 3.4251
 62.9561 2.3774
 62.3979 1.71475
 62.3807 1.6999
309 12 3
 63.4375 3.4251
 63.4593 3.92845
 63.5405 4.0319
310 132 9
 59.6204 -0.39135
 59.9908 0.50715
 60.2669 0.66765
 60.9902 0.98505
 61.909 1.30085
 62.1904 1.2969
 62.3046 1.4803
 62.3795 1.67285
 62.3807 1.6999
310 1 6
 59.6204 -0.39135
 59.5388 -1.4222
 59.4574 -2.02335
 59.1761 -2.39015
 59.0312 -2.47915
 59.0279 -2.4894
311 42 12
 47.4557 -14.6494
 47.9231 -15.1019
 48.3941 -15.5347
 48.6456 -15.7379
 48.6526 -16.0357
 48.9545 -16.2722
 49.2715 -16.9064
 49.2552 -17.4726
 49.544 -17.6666
 49.8679 -17.8541
 49.9953 -17.8858
 50.0281 -17.9008
311 51 4
 47.4557 -14.6494
 46.465 -15.0721
 45.611 -15.5695
 45.5977 -15.574
312 3 34
 45.3082 -15.4542
 44.5154 -15.39
 43.8727 -15.1411
 43.6965 -14.868
 43.3845 -14.4649
 42.9954 -13.8793
 42.8463 -13.0798
 43.2404 -12.1773
 43.2146 -11.5581
 42.8501 -11.2391
 43.3448 -11.4426
 43.8615 -11.6587
 44.5843 -11.6851
 45.4361 -11.815
 45.7811 -11.5762
 45.9686 -11.1734
 45.8522 -10.9914
 45.2254 -10.429
 44.5726 -9.76365
 44.3698 -9.26135
 44.3852 -8.90505
 44.4882 -8.84575
 44.3058 -8.86615
 44.0625 -8.88655
 43.8729 -8.72835
 43.7584 -8.51025
 43.6345 -8.3357
 43.5297 -8.1575
 43.4899 -7.98525
 43.5131 -7.80855
 43.6586 -7.74625
 43.8051 -7.7338
 43.887 -7.71095
 43.9055 -7.707
312 51 3
 45.3082 -15.4542
 45.5587 -15.5354
 45.5977 -15.574
313 160 19
 42.9053 2.1061
 42.7633 3.13685
 43.1878 3.74395
 43.1495 3.9127
 43.1635 4.14905
 43.1235 4.52525
 43.2092 4.9307
 43.3769 5.1078
 43.4649 4.98665
 43.5825 5.0416
 43.6574 5.0808
 43.8181 4.97305
 43.9179 5.00745
 43.904 5.08145
 43.8799 5.189
 43.8733 5.2725
 43.8086 5.3094
 43.7518 5.37295
 43.7557 5.4043
313 150 12
 42.9053 2.1061
 43.4979 1.52195
 43.574 1.0928
 43.9033 0.67335
 44.2646 0.5074
 44.3722 0.39605
 44.3881 0.33705
 44.3967 0.2762
 44.4597 -0.0801
 44.5625 -0.4762
 44.586 -0.6196
 44.5846 -0.6654
314 160 27
 40.3587 0.4742
 41.2645 1.27635
 41.27 2.12135
 41.2768 2.54345
 41.6027 2.7735
 41.6669 2.8467
 41.8319 2.97265
 42.0821 3.0525
 42.192 3.0239
 42.6276 3.36145
 43.0928 3.7551
 43.1495 3.9127
 43.1635 4.14905
 43.1235 4.52525
 43.2092 4.9307
 43.3769 5.1078
 43.4649 4.98665
 43.5825 5.0416
 43.6574 5.0808
 43.8181 4.97305
 43.9179 5.00745
 43.904 5.08145
 43.8799 5.189
 43.8733 5.2725
 43.8086 5.3094
 43.7518 5.37295
 43.7557 5.4043
314 47 17
 40.3587 0.4742
 38.7052 0.1749
 37.588 -0.1112
 37.4589 -0.3094
 37.0326 -0.4406
 36.25 -0.8515
 35.7083 -1.4041
 35.5084 -1.6413
 35.4559 -2.0294
 35.4277 -2.5667
 35.103 -2.82875
 34.7311 -2.94065
 34.5962 -3.0317
 34.4918 -3.0327
 34.4082 -2.9413
 34.3155 -2.98725
 34.2869 -3.0314
315 84 5
 20.9723 -9.77395
 20.3708 -10.8048
 20.1005 -10.9914
 19.9135 -11.1642
 19.8959 -11.1433
315 79 4
 20.9723 -9.77395
 21.4622 -8.52765
 21.4582 -8.2606
 21.4652 -8.202
316 88 26
 21.9296 -13.4977
 22.7464 -13.4439
 22.9002 -14.0795
 23.0942 -14.844
 23.3828 -15.3064
 23.6073 -15.7947
 23.1073 -16.6665
 23.1069 -17.8188
 23.0609 -18.5171
 23.7808 -18.3459
 24.622 -18.3768
 25.2861 -18.3463
 25.8565 -17.8995
 26.5718 -17.4508
 26.8373 -17.4361
 26.7067 -17.4654
 27.1254 -18.0569
 28.0247 -18.6171
 28.7575 -18.381
 29.8317 -18.4441
 30.7284 -18.8309
 30.9083 -18.9781
 31.1017 -19.1177
 31.2099 -19.2803
 31.2044 -19.3604
 31.2241 -19.3681
316 84 10
 21.9296 -13.4977
 21.1424 -13.2785
 21.0148 -12.8243
 20.8834 -12.5518
 20.7603 -12.2768
 20.4609 -11.8169
 20.1478 -11.4944
 19.9359 -11.3053
 19.8841 -11.1705
 19.8959 -11.1433
317 88 9
 32.8629 -20.8362
 31.9186 -20.4255
 32.0485 -19.9876
 32.1383 -19.8699
 31.702 -19.795
 31.2267 -19.6728
 31.1889 -19.5038
 31.2339 -19.3799
 31.2241 -19.3681
317 77 10
 32.8629 -20.8362
 34.5412 -20.8967
 35.1805 -20.7916
 35.5583 -20.5919
 35.543 -20.8761
 35.4911 -21.6079
 35.3572 -23.0319
 35.8543 -23.8428
 36.0602 -23.7872
 36.0507 -23.7628
318 33 20
 38.3573 -22.8527
 38.803 -23.862
 38.9299 -23.5716
 39.3262 -22.6314
 40.2915 -22.489
 40.717 -22.6637
 41.2069 -22.398
 41.6341 -22.0792
 41.8333 -22.0297
 41.7063 -21.9976
 41.5217 -21.7387
 41.2406 -21.3884
 41.1402 -21.2072
 41.0945 -21.1882
 40.9921 -21.1908
 40.9124 -21.0829
 40.9082 -20.9781
 40.9095 -20.8631
 40.8483 -20.8021
 40.8099 -20.8351
318 77 14
 38.3573 -22.8527
 38.4108 -21.9714
 37.791 -21.0279
 37.0326 -20.305
 36.785 -20.3459
 36.4824 -20.4194
 36.1555 -20.455
 35.5583 -20.5919
 35.543 -20.8761
 35.4911 -21.6079
 35.3572 -23.0319
 35.8543 -23.8428
 36.0602 -23.7872
 36.0507 -23.7628
319 90 22
 35.4699 -29.6473
 34.9164 -28.6261
 34.807 -28.122
 34.0519 -28.5551
 33.0376 -28.3641
 32.7396 -28.2697
 32.4492 -28.5829
 31.999 -29.1451
 31.8051 -29.6678
 31.826 -29.9398
 31.7901 -30.1128
 31.9294 -30.1662
 32.0721 -30.2115
 32.1202 -30.2211
 32.1108 -30.1556
 32.1494 -30.1278
 32.277 -30.1196
 32.3652 -30.0615
 32.4156 -30.1125
 32.376 -30.32
 32.3045 -30.4559
 32.2952 -30.4561
319 39 15
 35.4699 -29.6473
 36.0257 -30.5543
 36.0976 -30.8402
 36.246 -31.2393
 36.3846 -31.3666
 36.4461 -31.452
 36.4732 -31.5432
 36.5545 -31.5512
 36.662 -31.5388
 36.8192 -31.5627
 36.9859 -31.5983
 37.0896 -31.579
 37.1796 -31.5398
 37.1915 -31.5057
 37.1883 -31.4891
320 90 14
 28.0652 -29.3713
 28.3426 -29.9851
 28.5867 -30.68
 29.1154 -30.7765
 29.9669 -30.3586
 30.3818 -30.0976
 30.6155 -30.1278
 31.1913 -30.3821
 31.6554 -30.6474
 31.9404 -30.6213
 32.1311 -30.5681
 32.1931 -30.5414
 32.2654 -30.4828
 32.2952 -30.4561
320 5 9
 28.0652 -29.3713
 27.763 -29.0054
 27.1171 -29.0835
 26.5853 -29.397
 26.3582 -29.5975
 26.0907 -29.7952
 25.9139 -29.8913
 25.8169 -29.9818
 25.7852 -30.0069
321 68 19
 24.0028 -30.263
 23.279 -29.8717
 22.628 -30.0522
 22.0032 -30.4664
 21.9433 -31.1803
 21.7176 -31.6129
 21.2206 -31.7778
 20.8953 -31.8182
 20.5307 -31.0374
 20.0105 -30.4757
 19.66 -30.4138
 19.504 -30.3656
 19.32 -30.3359
 19.2334 -30.3193
 19.1609 -30.3507
 19.0833 -30.4334
 19.0455 -30.5186
 19.0286 -30.5485
 19.0246 -30.5582
321 5 7
 24.0028 -30.263
 24.8213 -30.489
 25.2807 -30.2179
 25.5515 -29.9829
 25.6908 -29.935
 25.7605 -29.9816
 25.7852 -30.0069
322 26 15
 20.5554 -49.092
 21.3135 -48.4678
 22.1133 -47.8471
 22.364 -47.3663
 22.4189 -46.1269
 22.2348 -44.8657
 22.2439 -44.8538
 22.9706 -44.9945
 23.4552 -44.9085
 23.8279 -45.0906
 24.2437 -45.8835
 24.6385 -46.8528
 24.9279 -47.4576
 25.012 -47.6343
 25.0335 -47.6499
322 21 5
 20.5554 -49.092
 19.2987 -49.0699
 18.5431 -48.3843
 18.6643 -48.0836
 18.6126 -48.0935
323 45 18
 25.2966 -60.9536
 23.3199 -59.3029
 21.7746 -58.8786
 20.7435 -59.3765
 20.1943 -59.6654
 20.1681 -59.7416
 20.0169 -61.0145
 19.5511 -62.2151
 17.9995 -62.5127
 16.5395 -62.5978
 15.9437 -62.1858
 15.5161 -61.8989
 15.3953 -61.8339
 13.7306 -62.167
 11.8 -62.7272
 11.218 -62.9571
 10.8674 -62.9071
 10.7841 -62.8887
323 138 10
 25.2966 -60.9536
 26.2375 -62.4599
 26.771 -63.2798
 26.7465 -64.129
 26.0422 -64.7462
 25.4087 -65.6053
 24.8112 -66.3894
 24.8074 -66.5142
 24.9202 -66.69
 24.9077 -66.7488
324 5 10
 25.9075 -35.2438
 25.5333 -33.9087
 24.8852 -32.5185
 24.8347 -31.8095
 24.8706 -31.3836
 25.139 -30.9045
 25.4105 -30.3433
 25.5939 -30.063
 25.7285 -30.04
 25.7852 -30.0069
324 64 6
 25.9075 -35.2438
 25.8705 -35.8608
 26.9572 -35.9686
 28.8983 -36.1971
 30.0425 -36.6544
 30.0792 -36.8101
325 147 6
 38.0188 -42.5436
 37.5655 -41.2231
 37.3655 -41.09
 37.2101 -40.9732
 37.1451 -40.8791
 37.1289 -40.8518
325 95 8
 38.0188 -42.5436
 38.4687 -43.8545
 38.5294 -43.9471
 38.0944 -44.1195
 37.616 -44.2345
 37.4076 -44.4002
 37.2407 -44.6371
 37.2095 -44.6703
326 39 35
 36.9324 -36.268
 37.1617 -35.5047
 37.0477 -35.226
 37.5682 -34.7276
 38.2233 -33.8517
 38.5709 -33.4828
 38.8465 -33.2281
 38.8623 -32.8751
 38.794 -32.688
 38.7749 -32.4599
 38.8512 -32.3268
 38.949 -32.2532
 38.9599 -32.2246
 38.9004 -32.1816
 38.8587 -32.1283
 38.8494 -32.0818
 38.8698 -31.911
 38.7774 -31.7017
 38.5906 -31.6661
 38.5569 -31.6782
 38.4242 -31.4039
 38.2239 -31.1638
 38.104 -31.1362
 37.9165 -31.0221
 37.6602 -30.7902
 37.4389 -30.7261
 37.3636 -30.8524
 37.3428 -30.9321
 37.3606 -30.9556
 37.4884 -31.0517
 37.4924 -31.2509
 37.3452 -31.4317
 37.2435 -31.525
 37.1947 -31.5065
 37.1883 -31.4891
326 153 6
 36.9324 -36.268
 36.4313 -37.1129
 36.2021 -37.4817
 36.1563 -37.6094
 36.1779 -37.6933
 36.1756 -37.6982
327 100 17
 38.1278 -37.9156
 39.692 -38.3931
 40.1721 -38.6493
 40.9012 -38.9855
 41.3462 -39.2957
 41.4465 -39.4006
 41.6674 -39.3577
 41.9733 -39.4457
 42.2859 -39.8649
 43.0079 -39.9395
 43.5278 -39.673
 43.5339 -39.6819
 43.83 -40.1111
 44.2843 -40.4666
 44.5838 -40.488
 44.8426 -40.3876
 44.9937 -40.2842
327 153 5
 38.1278 -37.9156
 36.4952 -37.6395
 36.2309 -37.6869
 36.1796 -37.6936
 36.1756 -37.6982
328 147 7
 36.4034 -38.1781
 36.5404 -38.6974
 36.4732 -39.4328
 36.3307 -39.7112
 36.6645 -40.1772
 37.0495 -40.7388
 37.1289 -40.8518
328 153 5
 36.4034 -38.1781
 36.3241 -37.909
 36.2309 -37.6869
 36.1796 -37.6936
 36.1756 -37.6982
329 58 6
 47.0965 -43.0205
 47.6789 -44.1672
 47.9415 -44.3567
 48.007 -44.4136
 48.0803 -44.4779
 48.1125 -44.486
329 100 10
 47.0965 -43.0205
 46.7589 -42.0603
 46.5564 -41.951
 46.3295 -41.8149
 46.142 -41.5763
 45.6506 -41.3274
 45.1916 -41.2052
 45.0634 -40.7157
 45.0329 -40.2966
 44.9937 -40.2842
330 100 6
 46.0947 -38.5515
 45.2034 -38.9897
 45.2473 -39.2363
 45.1631 -39.8644
 44.964 -40.2263
 44.9937 -40.2842
330 76 4
 46.0947 -38.5515
 47.2672 -38.0196
 47.666 -37.9678
 47.6828 -37.932
331 98 11
 58.5026 -29.8536
 60.228 -29.6433
 60.8912 -30.533
 60.9149 -29.1821
 60.7762 -28.0858
 60.6404 -27.2733
 60.5962 -26.4577
 60.7257 -26.009
 60.7967 -25.6795
 61.025 -25.3355
 61.0464 -25.2893
331 38 6
 58.5026 -29.8536
 57.4826 -30.9433
 57.3935 -32.1355
 57.2037 -32.7546
 57.0825 -32.9188
 57.0846 -32.9344
332 76 14
 53.7058 -37.9137
 53.3462 -38.0635
 53.012 -38.3839
 53.0676 -38.8356
 52.5831 -38.9973
 51.6666 -39.2925
 51.0906 -39.5828
 50.8262 -39.7906
 49.9857 -39.728
 49.1734 -39.2508
 49.0368 -38.8671
 48.5339 -38.5426
 47.8677 -38.0868
 47.6828 -37.932
332 154 5
 53.7058 -37.9137
 54.0536 -36.663
 54.5453 -35.3828
 54.6426 -35.0701
 54.6486 -35.0647
333 110 7
 49.4945 -55.0923
 49.2196 -56.2508
 48.1507 -57.7612
 47.1843 -58.4058
 46.8442 -58.5417
 46.3687 -58.4788
 46.2602 -58.3441
333 152 6
 49.4945 -55.0923
 50.6856 -52.9745
 51.4901 -50.4307
 51.2086 -49.542
 50.9856 -49.2269
 50.857 -49.1459
337 48 4
 55.1914 -65.2826
 54.6798 -65.9615
 54.1637 -66.5666
 54.1592 -66.4926
338 45 12
 4.4506 -65.1858
 4.4351 -65.1738
 4.4572 -65.0155
 5.06275 -64.3108
 5.655 -64.1925
 7.6027 -64.1215
 9.4826 -63.4923
 9.4832 -63.3952
 9.958 -63.2312
 10.5249 -63.0023
 10.7226 -62.9235
 10.7841 -62.8887
