   13.876159296646234     
   2.0616272235862767     
   2.0066449428854471     
   2.5455335649170046     
   6.2549531441002264     
   4.1970041397096232     
   3.3897917701270655     
  0.79122966702501552     
   1.3868067738726702     
   2.4451531241055817     
  0.81963594539594331     
   1.4111053766670869     
   3.6876103124234900     
   1.0558249015409868     
   4.9674606312958982     
   3.6980459385128173     
  0.89119339676208154     
   1.2147963338272045     
   2.3925906334160443     
   2.4504057372354286     
   8.4302662539867690     
   2.6870847556430904     
   2.5737271342442813     
   3.5639030243266694     
   2.4117552393718920     
   1.8895496122103228     
   2.3201541761659339     
   2.3304497815665632     
   2.9370454486092523     
  0.86532104828583234     
   1.3303283772187442     
  0.99423915859567091     
  0.89548307499206614     
  0.48247615162710311     
   3.5223866067873542     
   3.2033610295415365     
   2.4777443436688773     
   1.4096150787538786     
   1.5737091782241199     
  0.70893434802555333     
  0.88609538307781510     
   1.2359764283329961     
   10.347044870434862     
   2.9147303082833544     
   1.7763867547658454     
   1.6189832208507273     
   8.8553027525075549     
   5.6684266744290444     
   1.9010747414348621     
   1.0435603845994734     
   2.1834806803214932     
   1.8683462980476149     
   6.1188689180594871     
   2.6923077079528110     
   2.0445544959201860     
   4.0817252795396755     
   2.7866827188901859     
  0.90287814469315841     
   3.8407633170804205     
   1.0553199170430498     
   2.6351780333229327     
   3.1124695577011439     
   6.8722454842904925     
   3.9742737990027734     
   3.4087314705024885     
   7.0092069749561423     
   3.3850034856435451     
   3.6161083638491993     
   1.3347330575859124     
   1.0280330397523723     
   1.3654440428941472     
   1.3084264970355324     
   8.6546219271492326     
   4.9719478571264828     
   3.6405953518349841     
   2.9982401574192292     
   10.849862911706683     
   4.7241347905280309     
   2.6208276963803412     
  0.42217389369879271     
   1.9235912989605841     
   4.0001528038347800     
   5.3155929452288859     
   2.3436704681049001     
   8.6386882167475445     
   1.6072528886348134     
   8.8785477973276450     
   2.0782043010877085     
   3.0162860626543777     
   2.0910287235511555     
   3.1151929280692152     
   1.1409068657729111     
   2.8636110413616747     
   3.0235182637275799     
   1.2945939797846626     
   5.2799993267042433     
   4.1367252767060032     
   1.4030918209224872     
   4.9492913866465029     
   2.7228761743963865     
   1.7376020554495635     
   1.1876872500703493     
   1.0981537017833189     
  0.73427435401804564     
   1.5760646080636651     
   1.5551540690985100     
   2.3479920217123214     
  0.49554911985962563     
   1.8388258769617702     
  0.85414856377827975     
   5.2754103983554046     
   2.5145926759390025     
   2.9598889615970720     
   9.8880989181190593     
   1.5208268609621354     
   3.2969965835229722     
   3.5383224019712385     
   1.6958117841034355     
   9.7596162578871990     
   1.3873703758701212     
   3.5345818265644113     
   2.9556490482642905     
   3.6574647892735683     
   1.8102152550303858     
   7.3010210729430112     
   1.1444895881222936     
   1.0345428644542025     
   1.0314125849283267     
   1.7548942112263308     
   1.1295733222761448     
   6.0032352117415515     
   9.9558433041229648     
   1.4099707847855472     
   1.4188636298639965     
   5.8931800992764547     
   4.9022011175511384     
   2.2548570462001840     
  0.36918595637693069     
   2.0337586440911739     
   1.5962161964823436     
   2.9476165965120451     
  0.85056035127715979     
   2.1538839092184658     
   1.8306602100407317     
   8.2026456170657962     
  0.87974894607372089     
   3.2773538439714063     
   1.4574839379072573     
   2.6507373491692778     
  0.98887610713894525     
   2.8657818912117325     
   1.2693402992771254     
  0.93465087722788898     
   1.7886429291526655     
   4.2721317140587116     
   2.2131422414949578     
   1.3817325050921792     
   1.7179317399052365     
   2.3504404734285242     
   6.7555336929986423     
   5.3346238882335921     
   2.8143006952862901     
   5.5005354009670286     
   1.6689813065758945     
   5.1469149792245057     
   3.9848385985160024     
   1.9178118140778200     
  0.76109083589767901     
   8.3607686657738078     
   1.9676423014293265     
   1.8925791276507475     
   1.7111574764756228     
   4.7432604284343398     
   9.8119603664303821     
   2.1546517138721195     
   6.1470797790835361     
   1.2723327638811393     
  0.95152695094508621     
  0.74501669845356711     
  0.95050821547155007     
   4.0410102737999480     
   1.6710663779004165     
   1.1901626335982398     
   1.6954726192211438     
   5.4408812830544173     
   2.3055770389597878     
   10.460472630102723     
   1.8190674423986906     
   10.053080597091032     
   3.6876460209535731     
   5.3544006187021376     
  0.79092889503292452     
   8.4994713939905449     
  0.98560894308629932     
   4.1823560083541462     
   1.5502160912140952     
   3.8978593948181572     
   1.3357548690317302     
   4.3850961218683269     
   1.3207983818672830     
   13.034789790538516     
   1.0225860774738316     
  0.74093561998279289     
  0.64202623473725806     
   6.6508488986817671     
   4.5539807144484019     
   4.7343389493470065     
   2.9049693673475039     
   3.1486804488216067     
   3.6616255434337939     
   1.9635301281161113     
  0.94275331763162629     
   4.0688475626504239     
   1.4769330339401621     
  0.80385184538534316     
  0.42587866822120507     
   1.9065457096324241     
   1.5478816793805514     
   5.0222301355619390     
   2.1298705657938068     
   1.6536637797668023     
   7.8374519944941641     
   1.7037855739987078     
   2.1901699970027946     
   1.9855277292987772     
   2.9063711419156109     
   1.5363530680318742     
   2.3340597586814917     
   3.7435962726413856     
   5.7341678991693072     
  0.91384191178346275     
   1.0147033828051861     
   2.2748864773329553     
   1.9951050553481400     
   6.7050757626527648     
   1.1677172035061127     
   3.6263551329743717     
   4.6953963216480856     
   7.3301684309483157     
   2.6460946618973655     
   3.8547294010497546     
   1.2953815503210173     
   4.1019450458957669     
   2.3313461084459814     
   5.6209571713166024     
   1.8533853087594268     
  0.99941504014213001     
  0.58090847939937018     
   1.1091494503061461     
  0.88612755126717291     
   6.1082201643447744     
   2.0691488953337211     
   3.8603857666682222     
   1.3908397274784952     
   7.9828076843143325     
   3.7836744372093731     
   9.0527814828327671     
   4.8848353904558053     
   2.1628046656552584     
  0.58467671607108329     
   2.7455607291966264     
   4.1091113128874301     
   2.2730339355303912     
   1.4127800512356079     
   2.3015217445171836     
   1.3014978336997483     
   2.3474143608920022     
   1.4318284215301003     
   3.6032622465585220     
   6.7501950319094322     
   8.0133083462143304     
   1.3440390255337429     
   1.9993582469924884     
   1.0099659061396273     
   1.9608003228466175     
   1.5051332008848184     
   1.7588739168735070     
   2.2633493766523438     
   2.4965326597991302     
   3.3350743676252086     
   1.8281383759751333     
  0.95416980193483858     
   3.6996010746077403     
   2.7423981250016705     
   2.5151273046928759     
   2.6095543309540843     
   1.1984525343540664     
  0.63533361394681176     
   2.2768391157328591     
   1.5178574621815459     
   2.3702126382825663     
   1.1051893737987031     
   7.7216402563844966     
  0.31820411603128596     
   2.4349136793419244     
   2.0825429972715144     
   3.9320315650328648     
   4.2979015598062968     
   1.4754434261680491     
   1.4571619249373751     
   8.2856677535259742     
   2.0117515919734497     
   1.8157063013084609     
   3.8438688120877482     
   4.0966880117614632     
   4.5918955851934662     
   3.9189514885368375     
   1.9939886264029485     
   2.7643503759410897     
   1.5976124740232578     
   3.5634417959725506     
   1.3268781826509424     
   5.2226878590620194     
   1.6337402625304949     
   9.5601735260909741     
   3.9380701732523620     
   3.1127807487382531     
   2.8925448905854791     
   1.6540275668873405     
   2.2112370735039577     
   4.4232899618628974     
   1.1288130260801144     
   4.6759604812447275     
   1.7136135560287742     
   1.6688203674270110     
  0.33837265894255769     
   1.4392918969489461     
   2.4214868886087064     
   1.7570589670124683     
   1.3665986841612923     
   4.8438410690373832     
   2.1716191352495073     
   4.1667123045388053     
   1.6337189022372263     
   3.0049276402578706     
   3.6659574330051719     
  0.99835560980137739     
   3.7475277936333891     
