267
126 84 8
 -12.4541 -16.6178
 -11.337 -15.784
 -11.0638 -14.5356
 -11.3551 -13.4286
 -11.1548 -13.4069
 -10.5609 -14.3104
 -10.0468 -15.3481
 -9.9256 -15.5766
126 21 5
 -12.4541 -16.6178
 -13.0918 -17.897
 -13.0907 -18.6995
 -13.0097 -18.8172
 -13.0142 -18.8356
127 33 9
 0.67745 -57.6284
 5.9184 -56.8582
 5.83905 -56.516
 6.8371 -55.5769
 8.15815 -54.3199
 8.95305 -54.7088
 12.4273 -54.7903
 15.5826 -54.398
 15.6451 -54.351
127 87 7
 0.67745 -57.6284
 -5.21645 -58.2526
 -5.1152 -57.3169
 -4.35165 -55.9748
 -4.07815 -54.4678
 -3.70765 -53.3284
 -3.6124 -53.2054
128 42 20
 15.5374 14.8514
 16.2632 13.2554
 16.9334 12.9881
 17.1749 12.7948
 17.0448 12.5331
 17.3331 12.5533
 17.7662 11.7183
 18.4775 10.841
 19.3438 10.4557
 19.8834 10.2427
 19.6852 9.8893
 19.8499 9.5251
 20.3515 8.9068
 20.6281 8.02925
 20.9898 7.6492
 21.1749 7.4495
 21.1924 7.2781
 21.3094 7.0166
 21.3961 6.80375
 21.3947 6.7896
128 66 6
 15.5374 14.8514
 15.1532 16.428
 14.9156 16.7094
 14.8498 16.8867
 14.86 16.9501
 14.868 16.9704
129 80 24
 48.3126 45.6884
 46.4128 46.3758
 45.8951 47.0072
 45.8794 47.0164
 45.6996 47.7316
 45.3732 48.5308
 45.0048 48.9822
 44.6586 49.5015
 44.3682 50.0952
 44.1965 50.5454
 44.1844 50.5841
 44.1563 50.8772
 44.171 51.1948
 43.9504 51.1926
 43.6932 51.2306
 43.4778 51.1889
 43.6058 51.3549
 43.5619 51.549
 43.4594 51.7044
 43.3051 51.8261
 43.2088 51.8906
 43.1042 51.9436
 43.0056 51.9615
 42.9913 51.9548
129 28 9
 48.3126 45.6884
 49.7555 45.6902
 49.7993 45.7555
 49.9455 46.2091
 50.723 46.1133
 52.2031 46.5427
 53.0573 47.6953
 53.0846 47.8896
 53.1032 47.8971
130 111 14
 74.4907 33.028
 73.7086 33.9293
 73.4113 34.6667
 73.0616 35.2389
 73.2656 35.5301
 73.2738 36.4463
 73.3249 37.2744
 73.5946 37.5321
 73.3464 37.7254
 73.1715 38.0547
 72.9684 38.1934
 72.6719 38.2697
 72.5681 38.2057
 72.5948 38.1507
130 103 5
 74.4907 33.028
 75.2687 32.25
 75.1299 31.5835
 74.995 30.9075
 75.0305 30.8839
131 125 44
 68.7574 5.99575
 69.6956 5.4718
 69.9275 5.13115
 69.6584 4.82775
 69.2823 3.98725
 69.7802 3.46455
 70.4716 3.72055
 70.5496 3.98405
 70.5941 3.9177
 71.1456 4.1622
 71.7798 4.57675
 71.9707 4.6012
 71.9026 4.71305
 71.6831 5.1071
 71.4469 5.57715
 71.3994 5.8217
 71.5775 6.25645
 71.8843 6.8952
 72.151 7.4283
 72.3241 7.8155
 72.2267 8.09785
 72.1315 8.38445
 72.321 8.69175
 72.8036 8.94485
 73.1959 9.11945
 73.4604 9.13595
 73.672 9.169
 73.6998 9.25975
 73.8168 9.31615
 74.0928 9.6499
 74.2907 10.1588
 74.5818 10.5725
 74.7955 11.0901
 75.037 11.4334
 75.4387 11.5924
 75.6145 11.6826
 75.75 11.7119
 75.8832 11.6858
 75.9431 11.6182
 75.9097 11.7031
 75.9842 11.8243
 76.0867 11.9387
 76.1354 11.9971
 76.1713 11.9968
131 4 4
 68.7574 5.99575
 67.8937 6.1345
 67.6871 6.076
 67.6442 6.0647
132 30 17
 52.3801 -43.1353
 53.3376 -42.8649
 54.2601 -42.4605
 54.671 -42.2451
 55.1064 -42.1547
 55.5173 -42.2697
 55.7665 -42.3759
 55.9405 -42.4467
 56.5562 -42.6556
 57.4753 -42.7851
 57.9511 -42.7773
 58.0188 -42.3637
 58.2714 -41.9804
 58.5054 -41.9871
 58.5984 -41.9398
 58.7096 -41.8947
 58.7835 -41.8782
132 40 27
 52.3801 -43.1353
 51.5644 -42.5746
 50.7962 -42.0392
 50.367 -42.1384
 49.8801 -42.2188
 49.4661 -42.473
 49.0795 -42.796
 48.9007 -42.8467
 48.8364 -42.8451
 48.6452 -42.8164
 48.4719 -42.7888
 48.2144 -42.7478
 47.5256 -42.6234
 47.0391 -42.4883
 46.9582 -42.4752
 46.5089 -42.7221
 45.6577 -43.01
 45.101 -42.8712
 44.9877 -42.5989
 44.9721 -42.4868
 44.4407 -42.4795
 43.5724 -42.2581
 43.2345 -42.277
 43.1282 -42.5169
 42.8931 -42.9697
 42.6875 -43.4115
 42.6123 -43.4672
133 35 6
 -21.2232 26.0553
 -20.8566 26.004
 -20.1808 25.6249
 -19.5186 25.4033
 -19.5135 25.3269
 -19.5156 25.3187
133 55 5
 -21.2232 26.0553
 -22.2615 26.4194
 -22.9358 27.156
 -22.8752 27.3498
 -22.8327 27.3456
134 86 4
 45.046 19.1261
 44.0891 19.96
 43.773 20.2253
 43.7629 20.2383
134 119 4
 45.046 19.1261
 45.9866 18.3227
 46.3153 18.0568
 46.354 18.0126
135 50 6
 -1.34755 -14.6868
 -1.10275 -16.0775
 -0.7839 -16.2127
 -0.93365 -16.3642
 -1.10865 -16.4644
 -1.1601 -16.4493
135 122 8
 -1.34755 -14.6868
 -1.2801 -12.9726
 -1.0833 -12.3592
 -1.20195 -11.4891
 -1.3776 -10.4552
 -1.1702 -10.0654
 -1.1318 -10.0121
 -1.1282 -9.994
136 33 14
 19.7672 -47.9757
 18.1142 -48.2621
 17.0362 -48.6222
 17.288 -49.5977
 17.2887 -51.0426
 16.9562 -51.7845
 16.8981 -52.0186
 16.683 -52.3149
 16.4467 -53.1614
 16.3919 -53.7689
 16.0803 -54.0235
 15.7886 -54.2907
 15.7067 -54.3213
 15.6451 -54.351
136 43 14
 19.7672 -47.9757
 20.587 -46.5177
 20.3885 -45.0001
 19.3206 -44.0767
 18.2586 -43.3434
 19.1143 -43.1797
 20.2542 -42.6422
 21.2974 -41.9357
 21.7462 -41.6517
 22.7413 -40.8958
 24.3311 -40.0027
 24.2663 -39.0575
 23.4135 -38.3234
 23.3306 -38.3491
137 64 7
 17.7836 -1.07615
 17.7008 -1.8356
 17.7932 -2.46825
 17.6959 -3.0703
 17.5509 -3.3735
 17.3969 -3.51495
 17.3812 -3.5031
137 124 6
 17.7836 -1.07615
 17.7688 -0.26085
 17.3628 0.1477
 17.2158 0.3745
 17.1936 0.438
 17.193 0.4469
138 51 6
 11.3636 5.6835
 12.4755 6.22175
 12.9046 6.8457
 12.9365 6.9699
 12.9854 7.0318
 13.0213 7.0472
138 5 6
 11.3636 5.6835
 10.5238 5.64575
 10.2066 5.5674
 9.98795 5.51455
 9.87935 5.45405
 9.8106 5.4138
139 120 31
 -2.5733 -0.3052
 -1.4574 -0.258
 -1.0414 -0.29915
 -0.8942 0.21735
 -0.4814 0.85905
 -0.179 1.37155
 -0.2703 1.70685
 0.28465 1.54185
 1.37545 1.95435
 1.99115 2.522
 2.0618 2.89395
 3.3553 3.0063
 4.5363 2.98535
 4.63765 3.2886
 4.50125 2.8888
 4.49635 2.24445
 5.07065 1.08045
 5.8412 -0.47085
 5.88495 -1.59155
 5.6333 -2.05245
 5.5359 -2.33125
 5.0989 -2.41255
 4.52935 -3.1534
 3.97755 -3.4929
 3.49745 -3.67
 2.85255 -4.3685
 2.2035 -4.69895
 2.0197 -4.87965
 1.88155 -4.90325
 1.8165 -4.87515
 1.8099 -4.8599
139 15 7
 -2.5733 -0.3052
 -3.2761 -0.73145
 -4.05975 -0.85435
 -5.0651 0.2309
 -5.16235 1.54785
 -5.0014 1.7054
 -4.9721 1.7051
140 73 7
 -8.0717 -6.1487
 -7.62015 -5.98335
 -7.0836 -6.12495
 -6.72115 -6.2297
 -6.6037 -6.1915
 -6.51415 -6.1142
 -6.5032 -6.1124
140 56 18
 -8.0717 -6.1487
 -8.71985 -6.45565
 -9.1538 -6.5158
 -9.4141 -6.6764
 -9.6833 -6.67515
 -9.94225 -6.5302
 -10.3132 -6.49585
 -10.5509 -6.4351
 -10.782 -6.49385
 -11.1851 -6.7185
 -11.5294 -7.06835
 -11.7449 -6.96945
 -11.9573 -6.59935
 -12.2036 -6.54555
 -12.4769 -6.6071
 -12.5765 -6.6673
 -12.5695 -6.7168
 -12.5668 -6.7364
141 105 9
 -16.8043 8.1047
 -17.1129 9.07215
 -17.3864 9.26535
 -17.8037 9.20775
 -18.1395 9.0482
 -18.439 9.0371
 -19.1377 8.7712
 -19.6806 8.4784
 -19.7812 8.4807
141 9 8
 -16.8043 8.1047
 -16.6527 7.18805
 -16.6119 6.91415
 -16.3854 6.7285
 -16.1684 6.62735
 -15.9983 6.48895
 -15.8629 6.46795
 -15.8585 6.4767
142 2 16
 11.7955 16.8306
 10.7536 16.6693
 10.5038 16.5338
 10.5026 16.3183
 10.7713 15.7071
 10.9598 15.0545
 10.8416 14.8391
 10.5666 14.6479
 10.3291 14.4065
 10.0534 14.0861
 9.44005 13.7416
 9.32395 13.1714
 9.6717 12.5812
 9.8558 12.436
 9.9587 12.3783
 9.9611 12.3735
142 66 8
 11.7955 16.8306
 12.8347 16.9497
 13.3218 17.1987
 13.7943 17.4711
 14.3067 17.1736
 14.7062 16.8596
 14.8251 16.9454
 14.868 16.9704
143 67 13
 4.09385 19.7836
 5.53345 19.1139
 5.88335 19.1308
 5.9277 18.9603
 6.13235 18.4644
 6.2357 18.0165
 6.315 17.7967
 6.3018 17.7109
 6.28605 17.6097
 6.3726 17.4401
 6.4808 17.3479
 6.5967 17.3263
 6.6695 17.3154
143 118 7
 4.09385 19.7836
 2.3713 19.8155
 1.8239 19.1538
 1.7226 19.1697
 1.11115 19.0006
 0.50125 18.8444
 0.4283 18.8555
144 76 18
 -15.7106 23.2114
 -15.964 22.0921
 -15.8482 21.6586
 -16.6469 21.1516
 -17.5777 20.6384
 -17.8948 20.6115
 -18.102 20.5312
 -18.3679 20.3958
 -18.7369 20.1006
 -19.19 19.9303
 -19.745 19.8171
 -19.4569 20.028
 -19.6279 20.277
 -19.5544 20.5809
 -19.2403 20.8074
 -19.1424 21.07
 -19.1042 21.2146
 -19.1151 21.22
144 45 13
 -15.7106 23.2114
 -15.2751 24.2005
 -15.3574 24.7039
 -15.5997 24.8919
 -16.7005 25.4028
 -17.7285 25.8471
 -17.3386 26.538
 -16.1946 27.1534
 -15.242 27.3714
 -15.3466 28.0398
 -14.9858 28.2566
 -14.2775 28.0903
 -14.1722 28.1613
145 45 13
 -17.8726 32.3908
 -17.1834 31.8149
 -17.3158 31.1303
 -16.9538 30.2583
 -16.4044 29.9303
 -16.1463 29.622
 -15.8237 29.3302
 -15.37 29.2963
 -14.5464 29.2332
 -13.948 28.9899
 -13.902 28.5698
 -14.0942 28.2602
 -14.1722 28.1613
145 78 7
 -17.8726 32.3908
 -18.9416 32.6691
 -19.7575 32.4017
 -20.2294 32.1788
 -20.4207 31.2833
 -20.4179 30.5767
 -20.3115 30.6321
146 55 8
 -25.4235 32.6258
 -24.3004 28.1779
 -23.8349 27.9297
 -23.436 27.641
 -23.2511 27.6168
 -23.0721 27.5496
 -22.8836 27.3753
 -22.8327 27.3456
146 37 9
 -25.4235 32.6258
 -26.2035 37.2589
 -26.0511 37.5301
 -25.8898 37.714
 -24.4759 38.4109
 -23.2073 38.7047
 -23.1469 38.4059
 -23.0669 38.3784
 -23.0503 38.4059
147 75 15
 -1.0725 34.6889
 -1.5169 35.2513
 -2.8413 34.9904
 -3.5363 35.6885
 -3.7852 36.6774
 -4.4901 36.8359
 -4.65175 37.6031
 -4.81255 38.2411
 -5.1359 38.309
 -5.465 38.3951
 -5.5464 38.5996
 -5.8138 38.8387
 -6.04055 39.0665
 -6.0669 39.3027
 -6.0691 39.3604
147 96 23
 -1.0725 34.6889
 -0.83625 33.8479
 -0.95095 33.2513
 -0.8486 32.6676
 -0.65 32.3671
 -0.48905 31.8198
 -0.3533 30.9544
 -0.75865 30.5893
 -0.8951 30.1514
 -0.4229 29.3867
 -0.528 28.6536
 -0.902 27.7944
 -0.3332 27.2563
 0.3056 27.1516
 0.43965 26.888
 0.19045 26.2924
 -0.0108 25.845
 0.2652 25.7597
 1.1116 25.3786
 1.9722 25.0929
 3.0759 24.891
 4.05625 24.611
 4.0661 24.6297
148 57 12
 31.9234 40.7122
 32.1077 41.82
 32.2067 42.579
 32.1413 43.0319
 31.9951 42.6791
 31.7589 42.6756
 31.4608 42.6531
 31.0763 42.6271
 30.8967 42.6039
 30.8491 42.5581
 30.8403 42.4935
 30.8728 42.4723
148 70 6
 31.9234 40.7122
 32.0145 40.0745
 32.1435 39.7521
 32.0278 39.5946
 31.8799 39.5373
 31.8627 39.5177
149 11 20
 29.3946 39.4712
 28.639 38.9626
 28.1506 39.7571
 27.6366 40.3043
 26.8606 40.5263
 26.2605 40.9421
 26.3657 40.4081
 26.524 39.8603
 25.9379 39.2551
 25.304 38.2475
 25.2821 37.4855
 25.2124 37.0833
 25.115 36.9524
 25.1027 36.7989
 25.0555 36.6446
 24.996 36.6019
 24.9698 36.5861
 24.9049 36.6303
 24.8633 36.688
 24.8633 36.6892
149 57 12
 29.3946 39.4712
 30.1133 39.9845
 30.0937 40.3682
 30.0168 41.3709
 30.2362 42.2825
 30.4174 42.532
 30.5023 42.5823
 30.5485 42.4986
 30.6781 42.5285
 30.7677 42.5249
 30.8403 42.4935
 30.8728 42.4723
150 13 9
 14.6315 29.3081
 15.9591 30.0062
 16.1292 30.3488
 16.1482 30.7052
 16.4823 31.2696
 17.0275 31.7375
 17.1061 32.077
 16.8151 32.4621
 16.7184 32.618
150 7 4
 14.6315 29.3081
 13.4376 28.8069
 13.2955 28.8298
 13.2328 28.8485
151 31 21
 19.875 30.9725
 20.7379 30.8418
 20.9025 30.91
 21.2269 31.4174
 21.4748 31.7282
 21.5464 32.0858
 21.5225 32.4144
 21.4793 32.509
 21.657 32.6068
 21.8638 32.6518
 21.9417 32.6294
 21.9748 32.6532
 22.0294 32.7344
 22.1604 32.8224
 22.3293 32.8718
 22.4321 32.9224
 22.4879 32.9694
 22.5111 33.0125
 22.4924 33.0261
 22.4579 33.0552
 22.4314 33.0843
151 13 8
 19.875 30.9725
 18.6741 30.8767
 18.1514 30.9988
 17.8111 31.5555
 17.4464 31.9235
 17.1061 32.077
 16.8151 32.4621
 16.7184 32.618
152 66 20
 22.1204 19.476
 21.0237 18.8109
 20.9657 18.8443
 20.1883 19.1217
 19.4813 18.7984
 19.5406 18.2125
 19.2328 18.2118
 18.3104 17.9293
 17.5601 17.5988
 17.195 17.3451
 16.9899 17.0223
 16.797 16.9071
 16.4201 16.6643
 16.2844 16.4017
 16.1712 16.5198
 15.7044 16.6254
 15.2589 16.6703
 15.0426 16.8105
 14.884 16.9398
 14.868 16.9704
152 110 7
 22.1204 19.476
 23.5606 20.1848
 24.0496 20.1995
 24.6222 20.486
 25.1301 20.8301
 25.1966 20.9051
 25.235 20.9316
153 42 14
 24.7666 10.7737
 24.4374 8.97485
 24.8341 8.1152
 25.0695 7.7911
 25.0685 7.7079
 25.0049 7.7744
 24.8345 7.85135
 23.4307 7.29275
 22.1424 6.42705
 22.1455 5.8868
 22.0783 6.1257
 21.771 6.3641
 21.4431 6.6921
 21.3947 6.7896
153 91 5
 24.7666 10.7737
 25.271 12.1268
 25.2431 12.2935
 25.3211 12.3833
 25.3972 12.4668
154 44 18
 54.3614 29.561
 54.7222 30.1054
 54.5494 30.6236
 54.2114 30.9804
 53.9394 31.1489
 53.7613 31.2609
 53.6255 31.4493
 53.5079 31.6555
 53.4666 31.7456
 53.4198 31.9332
 53.4058 32.1179
 53.3886 32.2376
 53.3366 32.3729
 53.4255 32.2746
 53.5391 32.2552
 53.6202 32.2427
 53.658 32.2275
 53.6923 32.2294
154 117 4
 54.3614 29.561
 53.8029 29.0742
 53.5126 28.8404
 53.4825 28.7771
155 6 15
 42.0251 42.2104
 41.8288 42.6103
 41.2869 43.2328
 40.5887 43.4431
 40.2146 43.5098
 40.0226 43.7201
 39.7719 43.8232
 39.4795 44.1544
 39.2784 44.5277
 39.3533 45.1478
 39.348 45.909
 39.3205 46.2224
 39.2999 46.5132
 39.2243 46.6838
 39.22 46.7131
155 14 7
 42.0251 42.2104
 42.6207 41.7506
 43.6363 41.2839
 44.0989 40.5496
 44.0387 39.552
 43.9468 39.2494
 43.9486 39.2255
156 44 41
 65.666 28.5569
 64.7679 28.1432
 64.1346 28.4253
 63.5455 28.1837
 62.9829 27.7463
 62.4521 26.9692
 61.4609 26.072
 60.8839 26.4079
 60.6596 26.8681
 60.4012 26.9932
 60.6588 27.6997
 61.031 28.3332
 60.7842 28.6021
 60.3553 29.008
 59.754 29.368
 58.9472 29.6764
 58.2312 30.2232
 57.913 30.6388
 57.0753 30.6936
 56.2414 30.6952
 56.0499 30.6451
 55.4566 30.73
 54.9865 30.8563
 54.9058 30.9369
 54.9136 30.784
 54.6079 30.7969
 54.2114 30.9804
 53.9394 31.1489
 53.7613 31.2609
 53.6255 31.4493
 53.5079 31.6555
 53.4666 31.7456
 53.4198 31.9332
 53.4058 32.1179
 53.3886 32.2376
 53.3366 32.3729
 53.4255 32.2746
 53.5391 32.2552
 53.6202 32.2427
 53.658 32.2275
 53.6923 32.2294
156 16 18
 65.666 28.5569
 66.3142 29.0972
 66.8033 29.4821
 67.2411 29.8863
 66.9268 30.3001
 66.4875 31.136
 66.536 31.7372
 66.325 31.9912
 66.2742 32.1907
 66.2709 32.3547
 66.2107 32.4485
 66.1333 32.4701
 65.9766 32.4527
 65.8391 32.3533
 65.6875 32.3079
 65.5382 32.2402
 65.4996 32.1317
 65.5033 32.1115
157 16 37
 70.9773 35.8928
 70.0815 36.5117
 69.9973 36.709
 69.7916 36.5607
 69.2951 36.2353
 68.8064 35.6609
 68.6039 35.2869
 68.3362 35.21
 67.5935 34.8409
 66.9597 34.5937
 66.7815 34.6715
 66.9698 34.4559
 67.382 34.0653
 67.6917 33.7104
 67.783 33.4877
 67.649 33.313
 67.4581 33.21
 67.3707 33.2303
 67.1651 33.2184
 67.0161 33.1645
 66.9958 33.1269
 66.9351 33.0865
 66.8355 33.1076
 66.7583 33.1107
 66.6435 33.0102
 66.5638 32.9541
 66.4022 32.8853
 66.1935 32.7938
 66.1721 32.6105
 66.2107 32.4485
 66.1333 32.4701
 65.9766 32.4527
 65.8391 32.3533
 65.6875 32.3079
 65.5382 32.2402
 65.4996 32.1317
 65.5033 32.1115
157 111 14
 70.9773 35.8928
 71.7831 35.4116
 72.3818 35.2982
 73.0616 35.2389
 73.2656 35.5301
 73.2738 36.4463
 73.3249 37.2744
 73.5946 37.5321
 73.3464 37.7254
 73.1715 38.0547
 72.9684 38.1934
 72.6719 38.2697
 72.5681 38.2057
 72.5948 38.1507
158 125 19
 72.7159 13.2178
 73.2013 12.9836
 73.4957 12.8414
 74.0328 12.4275
 74.5466 12.135
 74.7448 12.0851
 74.7137 11.8708
 74.6837 11.5416
 75.037 11.4334
 75.4387 11.5924
 75.6145 11.6826
 75.75 11.7119
 75.8832 11.6858
 75.9431 11.6182
 75.9097 11.7031
 75.9842 11.8243
 76.0867 11.9387
 76.1354 11.9971
 76.1713 11.9968
158 49 11
 72.7159 13.2178
 72.2567 13.9749
 72.0857 14.4943
 72.0441 14.3058
 71.9961 13.9535
 71.1826 13.7438
 70.2633 13.7199
 69.9837 13.9897
 69.6631 14.6516
 69.481 15.0546
 69.494 15.0871
159 89 11
 62.3944 11.4368
 63.0857 12.3512
 63.1682 12.9088
 63.3294 12.9471
 63.3345 13.0326
 63.281 13.2209
 63.308 13.3883
 63.1156 13.5744
 62.8246 14.2097
 62.6885 14.7237
 62.6518 14.7653
159 20 11
 62.3944 11.4368
 61.2966 10.9402
 60.6649 10.614
 60.4327 10.4331
 60.2113 10.2532
 59.6376 9.54775
 59.0507 9.2634
 59.2043 8.795
 59.2565 8.459
 59.3605 8.3387
 59.3461 8.3247
160 1 15
 61.7832 -0.40945
 62.6037 -1.70975
 62.9048 -2.5915
 63.2075 -3.1946
 63.3592 -2.389
 63.7148 -1.38735
 63.3444 -1.1276
 61.9671 -0.323
 61.0368 1.1309
 61.107 1.832
 61.2391 2.0795
 61.4697 2.4023
 61.7272 2.5998
 61.8083 2.6904
 61.8285 2.7585
160 121 5
 61.7832 -0.40945
 60.429 -0.50835
 59.7986 -1.64645
 59.8026 -1.794
 59.8056 -1.8124
161 4 9
 64.4811 2.99035
 65.7105 2.95705
 66.0015 3.20355
 66.1098 3.49425
 65.8046 4.41195
 66.1622 5.83215
 67.2119 6.1422
 67.6226 6.00435
 67.6442 6.0647
161 1 6
 64.4811 2.99035
 63.389 2.97225
 62.8531 2.79025
 62.1397 2.68235
 61.8737 2.751
 61.8285 2.7585
162 52 5
 81.9184 -14.9553
 82.9967 -16.0499
 83.1288 -17.0501
 82.9642 -17.8144
 82.9462 -17.8291
162 24 5
 81.9184 -14.9553
 81.2464 -13.7298
 81.4021 -13.3083
 81.4269 -13.243
 81.4236 -13.2174
163 82 13
 84.6624 -21.3932
 85.4014 -23.8006
 85.1626 -25.4841
 84.8472 -27.3925
 83.7978 -28.4682
 83.2078 -30.287
 83.5193 -32.5983
 83.34 -34.1848
 82.4081 -34.9679
 81.8385 -35.1035
 81.955 -37.2049
 82.0273 -39.3421
 81.9539 -39.3824
163 52 4
 84.6624 -21.3932
 83.3273 -18.6136
 82.9805 -17.8306
 82.9462 -17.8291
164 123 15
 66.9933 -10.7558
 67.104 -8.824
 67.9565 -9.42995
 69.1068 -9.5998
 69.3282 -9.3476
 69.686 -8.5843
 70.3187 -8.4741
 70.9016 -8.24415
 71.5807 -7.05235
 71.7514 -6.00585
 71.7529 -5.9085
 71.8259 -5.97645
 72.0301 -5.9417
 72.1368 -5.8716
 72.0683 -5.8517
164 27 23
 66.9933 -10.7558
 67.1143 -12.2834
 67.5374 -12.8506
 67.4598 -13.0471
 66.5763 -13.0162
 65.362 -12.5145
 64.4868 -12.4066
 64.0463 -13.1358
 64.1154 -14.1123
 64.2217 -14.9759
 63.7646 -15.0898
 63.0861 -14.9293
 62.8954 -15.4641
 62.8526 -15.9829
 62.8449 -16.0499
 63.4424 -16.7929
 64.306 -18.0385
 64.649 -18.5527
 64.6227 -18.8726
 64.3816 -19.2262
 64.1255 -19.2322
 64.031 -19.1975
 64.0311 -19.2004
165 17 44
 60.1522 -41.6356
 60.8095 -41.7668
 60.8744 -42.3653
 61.7183 -42.5373
 62.5651 -42.7446
 62.8091 -42.9017
 62.8779 -42.9223
 62.8967 -43.018
 63.0652 -43.1775
 63.2935 -43.2066
 63.409 -43.1976
 63.5617 -43.1806
 63.7881 -43.2859
 63.9034 -43.3058
 63.9452 -43.0489
 64.0811 -42.9011
 64.1291 -42.8168
 64.1609 -42.7356
 64.2661 -42.66
 64.3264 -42.6053
 64.3223 -42.4042
 64.4472 -42.1599
 64.6114 -42.0721
 64.5891 -41.9387
 64.5076 -41.8232
 64.4454 -41.72
 64.5509 -41.6017
 64.696 -41.5433
 64.5874 -41.3625
 64.6031 -40.9286
 64.7747 -40.6004
 64.8167 -40.4467
 64.9322 -40.2444
 65.0789 -40.1823
 65.0945 -40.1475
 65.0475 -40.0829
 64.9736 -40.0542
 64.945 -39.9416
 64.9939 -39.8407
 65.0348 -39.8097
 65.0614 -39.7646
 65.1018 -39.7128
 65.1704 -39.6954
 65.2101 -39.6898
165 30 4
 60.1522 -41.6356
 59.0761 -41.9594
 58.7867 -41.9032
 58.7835 -41.8782
166 0 17
 58.7819 -41.0415
 58.4286 -39.3647
 58.1847 -38.415
 57.9666 -37.8828
 57.881 -37.4021
 57.8139 -37.129
 57.2841 -36.6423
 56.7407 -36.4128
 57.3681 -35.9127
 58.0454 -34.9203
 58.1505 -34.4223
 57.9254 -34.4141
 57.3785 -33.5162
 56.4736 -32.8267
 55.8827 -33.0985
 55.5217 -33.1793
 55.3093 -33.2463
166 30 3
 58.7819 -41.0415
 58.846 -41.8311
 58.7835 -41.8782
167 34 14
 52.657 -27.955
 52.5216 -25.8244
 52.2404 -24.6875
 52.1387 -24.5816
 52.1746 -24.4322
 52.1485 -23.7025
 52.0658 -22.986
 52.0331 -22.8449
 52.1068 -22.7598
 52.1778 -22.7397
 52.2436 -22.7239
 52.3623 -22.7196
 52.4745 -22.743
 52.5263 -22.749
167 0 11
 52.657 -27.955
 53.1667 -28.8521
 53.2872 -29.1374
 52.9361 -30.1691
 52.9989 -30.7818
 52.8154 -31.6291
 53.8054 -31.5798
 54.7159 -32.5625
 55.0621 -32.9695
 55.3055 -33.2115
 55.3093 -33.2463
168 17 32
 68.0338 -42.5517
 67.6033 -41.9863
 67.2704 -41.6973
 66.7593 -41.5943
 66.4468 -41.4258
 66.5038 -40.9972
 66.4689 -40.6414
 66.2288 -40.3873
 66.1168 -40.2229
 66.1017 -40.168
 66.0157 -40.1562
 66.0411 -39.9765
 66.0455 -39.7892
 65.9977 -39.701
 65.9453 -39.6629
 65.8398 -39.6063
 65.7618 -39.5049
 65.7178 -39.448
 65.6274 -39.4094
 65.5321 -39.3856
 65.4715 -39.3731
 65.4794 -39.4331
 65.5035 -39.5171
 65.4878 -39.5669
 65.4668 -39.6024
 65.4728 -39.674
 65.4451 -39.7492
 65.411 -39.7799
 65.3811 -39.728
 65.2823 -39.6933
 65.2114 -39.6946
 65.2101 -39.6898
168 79 4
 68.0338 -42.5517
 68.826 -43.2066
 69.4462 -43.436
 69.5379 -43.4477
169 125 3
 76.0511 12.3491
 76.1658 12.0247
 76.1713 11.9968
169 48 4
 76.0511 12.3491
 75.9868 12.7222
 76.0033 12.8222
 75.9752 12.8456
170 115 8
 55.6699 -9.72735
 56.0428 -10.2181
 56.1455 -10.819
 55.7951 -11.1968
 55.6924 -11.264
 55.7997 -11.4189
 55.8062 -11.5786
 55.7719 -11.6381
170 38 8
 55.6699 -9.72735
 55.1282 -9.34835
 54.5055 -9.12785
 53.9664 -9.14305
 53.7836 -9.03145
 54.111 -8.3898
 54.2797 -7.9616
 54.3071 -7.9515
171 10 33
 -8.61955 -18.4301
 -8.32905 -19.3106
 -7.6796 -19.6714
 -7.20575 -19.4441
 -6.20445 -19.3671
 -5.4322 -19.5033
 -4.51045 -19.7211
 -3.4509 -20.022
 -3.2067 -19.7347
 -3.7925 -20.8101
 -4.414 -21.4049
 -4.43725 -21.4368
 -4.4303 -21.6553
 -4.50265 -21.8053
 -4.4733 -21.8727
 -4.4233 -22.0191
 -4.40205 -22.1609
 -4.463 -22.3727
 -4.5358 -22.6462
 -4.53495 -22.8007
 -4.29495 -23.1422
 -3.9894 -23.5126
 -3.8479 -23.7747
 -3.72595 -24.124
 -3.93045 -24.4064
 -4.24885 -24.8228
 -4.0494 -25.5466
 -3.72995 -26.0105
 -3.5167 -26.3047
 -3.35375 -26.6496
 -3.3394 -26.8484
 -3.3357 -26.9718
 -3.3364 -26.9783
171 84 8
 -8.61955 -18.4301
 -8.3737 -17.4182
 -8.1789 -16.5517
 -8.1193 -16.0329
 -8.87265 -15.4107
 -9.74465 -15.2917
 -9.91795 -15.5751
 -9.9256 -15.5766
172 43 19
 34.2621 -36.7701
 32.5889 -35.6363
 31.6149 -35.6772
 30.2529 -35.8631
 29.2725 -35.5625
 28.4819 -34.3909
 27.7038 -33.5155
 27.0164 -32.841
 25.8984 -32.5453
 25.3852 -32.8268
 25.1885 -33.0459
 25.179 -34.2592
 25.7594 -35.5331
 25.3135 -36.153
 24.3695 -36.7855
 24.103 -37.2584
 23.648 -37.8222
 23.3596 -38.2966
 23.3306 -38.3491
172 83 4
 34.2621 -36.7701
 36.0779 -38.018
 36.8568 -38.1577
 36.9624 -38.0922
173 58 7
 25.159 -28.2543
 24.9406 -26.7949
 24.9249 -26.3933
 24.5698 -25.841
 24.6948 -24.8211
 25.1903 -24.1781
 25.2016 -24.0862
173 43 14
 25.159 -28.2543
 25.8298 -29.5885
 25.7771 -30.6315
 25.1626 -31.8904
 25.2122 -32.5436
 25.1885 -33.0459
 25.179 -34.2592
 25.7594 -35.5331
 25.3135 -36.153
 24.3695 -36.7855
 24.103 -37.2584
 23.648 -37.8222
 23.3596 -38.2966
 23.3306 -38.3491
174 51 11
 13.6858 6.03305
 13.5238 6.41635
 13.2407 6.5402
 13.1369 6.54395
 13.1006 6.4815
 13.0616 6.53935
 13.0278 6.72095
 13.0157 6.8825
 12.9791 6.95895
 12.9854 7.0318
 13.0213 7.0472
174 77 7
 13.6858 6.03305
 13.618 5.5738
 13.7111 5.30555
 13.9571 5.0444
 14.1609 4.9005
 14.2197 4.89995
 14.2239 4.898
175 31 21
 24.7748 35.1163
 24.5029 34.6582
 24.3944 34.3206
 24.1318 33.9661
 23.8169 33.9605
 23.7085 33.9882
 23.6147 33.727
 23.5637 33.4543
 23.4939 33.3001
 23.1599 33.2171
 22.923 33.1851
 22.9282 33.1079
 22.879 33.1876
 22.7857 33.1993
 22.6975 33.155
 22.6085 33.0961
 22.5541 33.063
 22.5245 33.0437
 22.4924 33.0261
 22.4579 33.0552
 22.4314 33.0843
175 11 12
 24.7748 35.1163
 24.9397 35.5615
 24.8757 35.6683
 24.6494 35.9574
 24.4745 36.2485
 24.4971 36.3605
 24.5102 36.5222
 24.6327 36.6124
 24.7747 36.6198
 24.8317 36.6613
 24.8583 36.6927
 24.8633 36.6892
176 90 12
 34.9305 30.7426
 34.3805 29.8127
 33.7755 29.2089
 33.9052 28.0677
 33.9789 27.5014
 34.0031 27.3437
 34.0224 26.9427
 33.7805 26.2806
 32.976 25.6245
 32.3151 25.1348
 32.2526 24.8559
 32.2837 24.8293
176 23 7
 34.9305 30.7426
 34.9594 31.6871
 35.2925 31.9305
 35.7495 32.315
 36.1027 32.4142
 36.2194 32.2434
 36.2472 32.158
177 22 16
 46.4417 37.4402
 47.1609 36.4123
 46.994 36.087
 46.5518 35.7015
 46.2375 35.3009
 46.059 34.7059
 45.8736 34.1138
 45.9368 33.7826
 46.7444 33.6806
 47.6774 33.4594
 48.1113 33.0093
 48.378 32.8933
 49.0277 33.1284
 50.2994 33.1073
 51.0588 32.7327
 51.0995 32.6693
177 14 5
 46.4417 37.4402
 44.9102 38.4171
 44.0429 38.874
 43.9832 39.1656
 43.9486 39.2255
178 80 16
 45.183 51.0689
 44.3145 50.8511
 44.1844 50.5841
 44.1563 50.8772
 44.171 51.1948
 43.9504 51.1926
 43.6932 51.2306
 43.4778 51.1889
 43.6058 51.3549
 43.5619 51.549
 43.4594 51.7044
 43.3051 51.8261
 43.2088 51.8906
 43.1042 51.9436
 43.0056 51.9615
 42.9913 51.9548
178 106 3
 45.183 51.0689
 45.978 51.008
 46.0231 51.012
179 34 14
 51.1452 -26.7442
 52.1456 -25.4805
 52.2404 -24.6875
 52.1387 -24.5816
 52.1746 -24.4322
 52.1485 -23.7025
 52.0658 -22.986
 52.0331 -22.8449
 52.1068 -22.7598
 52.1778 -22.7397
 52.2436 -22.7239
 52.3623 -22.7196
 52.4745 -22.743
 52.5263 -22.749
179 59 7
 51.1452 -26.7442
 50.2841 -27.2818
 50.0542 -27.5858
 49.3545 -27.3448
 48.1675 -26.319
 47.496 -25.8202
 47.4625 -25.8171
180 115 4
 57.0631 -12.2099
 56.5294 -11.7072
 55.8704 -11.6128
 55.7719 -11.6381
180 95 5
 57.0631 -12.2099
 57.0911 -12.8706
 57.216 -13.42
 57.2711 -13.7153
 57.2561 -13.7389
181 47 7
 -6.1185 -35.8259
 -5.68135 -34.5283
 -5.6467 -33.8729
 -5.68835 -33.5784
 -5.862 -32.9577
 -5.9372 -32.4016
 -5.8767 -32.3973
181 98 13
 -6.1185 -35.8259
 -5.91015 -37.0924
 -6.14075 -37.8345
 -6.6434 -39.2564
 -6.0368 -40.4922
 -5.46145 -40.9705
 -4.9263 -41.7068
 -4.6488 -42.4632
 -4.5885 -42.8052
 -4.00445 -42.8943
 -3.15025 -43.4682
 -2.85565 -43.9994
 -2.8453 -44.0446
182 56 33
 -21.6837 12.0669
 -17.0867 -12.4828
 -17.2066 -11.5493
 -17.3564 -10.2355
 -17.3828 -8.907
 -17.3219 -8.3451
 -17.3164 -8.2762
 -17.2709 -8.0934
 -17.2633 -7.6931
 -17.2224 -7.29855
 -17.1198 -7.1057
 -17.0122 -7.00395
 -16.7234 -7.0849
 -16.3434 -7.2281
 -15.6747 -7.05905
 -15.0509 -6.87205
 -14.8679 -6.70145
 -14.6532 -6.5501
 -14.3531 -6.58205
 -13.9322 -6.55565
 -13.6209 -6.5682
 -13.5098 -6.62935
 -13.4372 -6.7075
 -13.3802 -6.7546
 -13.241 -6.72065
 -13.1502 -6.70455
 -13.1196 -6.71015
 -13.0344 -6.6865
 -12.923 -6.70465
 -12.8524 -6.744
 -12.7302 -6.7472
 -12.6016 -6.7405
 -12.5668 -6.7364
182 37 9
 -21.6837 12.0669
 -26.2035 37.2589
 -26.0511 37.5301
 -25.8898 37.714
 -24.4759 38.4109
 -23.2073 38.7047
 -23.1469 38.4059
 -23.0669 38.3784
 -23.0503 38.4059
183 56 23
 -11.6041 -9.81535
 -11.8881 -9.23415
 -12.0396 -9.0302
 -12.089 -8.9191
 -12.2416 -8.74115
 -12.5028 -8.542
 -12.7059 -8.48345
 -12.8034 -8.38665
 -12.9086 -8.28635
 -12.9314 -8.1994
 -12.8306 -7.99755
 -12.6803 -7.81905
 -12.7678 -7.6133
 -12.7775 -7.35445
 -12.659 -7.25535
 -12.6334 -7.21005
 -12.5669 -7.14715
 -12.5681 -7.07855
 -12.5973 -6.992
 -12.6149 -6.90105
 -12.5995 -6.8203
 -12.5611 -6.7568
 -12.5668 -6.7364
183 25 6
 -11.6041 -9.81535
 -11.5511 -10.5702
 -11.5796 -10.9634
 -11.6817 -11.014
 -11.8698 -11.0002
 -11.942 -11.0569
184 25 5
 -11.5658 -12.2533
 -11.9761 -11.4131
 -12.0242 -11.2185
 -11.931 -11.0771
 -11.942 -11.0569
184 84 6
 -11.5658 -12.2533
 -11.3317 -13.1663
 -11.1548 -13.4069
 -10.5609 -14.3104
 -10.0468 -15.3481
 -9.9256 -15.5766
185 72 4
 -1.7487 -8.88005
 -2.1521 -8.37225
 -2.25355 -8.15435
 -2.3287 -8.134
185 122 6
 -1.7487 -8.88005
 -1.30495 -9.30075
 -1.21655 -9.60925
 -1.1656 -9.88935
 -1.1323 -9.9827
 -1.1282 -9.994
186 54 11
 -1.83155 -12.6923
 -2.67615 -12.9228
 -3.05775 -13.0472
 -3.502 -13.4952
 -4.3131 -13.4783
 -4.86805 -13.0315
 -4.987 -12.3206
 -5.24955 -11.4613
 -6.052 -11.0714
 -6.71955 -10.9043
 -6.8607 -10.9607
186 122 7
 -1.83155 -12.6923
 -1.0833 -12.3592
 -1.20195 -11.4891
 -1.3776 -10.4552
 -1.1702 -10.0654
 -1.1318 -10.0121
 -1.1282 -9.994
187 47 10
 -3.12945 -31.5897
 -3.561 -32.4165
 -3.9677 -33.2309
 -4.11545 -33.2584
 -4.40015 -33.1387
 -5.1034 -33.3524
 -5.68835 -33.5784
 -5.862 -32.9577
 -5.9372 -32.4016
 -5.8767 -32.3973
187 10 10
 -3.12945 -31.5897
 -2.9646 -31.3995
 -2.9666 -30.4393
 -3.11615 -29.4549
 -3.1979 -28.9534
 -3.2266 -28.556
 -3.1753 -27.9142
 -3.2292 -27.2062
 -3.3223 -27.0434
 -3.3364 -26.9783
188 98 6
 -4.95245 -42.9666
 -4.5885 -42.8052
 -4.00445 -42.8943
 -3.15025 -43.4682
 -2.85565 -43.9994
 -2.8453 -44.0446
188 8 3
 -4.95245 -42.9666
 -5.4238 -43.6349
 -5.5453 -44.1407
189 8 9
 -3.53465 -50.5019
 -3.31525 -48.8421
 -3.64475 -47.163
 -4.50515 -45.4973
 -5.012 -44.6464
 -5.3191 -44.4683
 -5.53725 -44.2411
 -5.53175 -44.1392
 -5.5453 -44.1407
189 87 4
 -3.53465 -50.5019
 -3.40225 -52.0063
 -3.3784 -52.9333
 -3.6124 -53.2054
190 58 9
 20.4986 -22.7491
 22.3758 -23.0961
 23.3478 -24.4955
 23.7636 -24.9267
 23.9958 -25.2194
 24.5698 -25.841
 24.6948 -24.8211
 25.1903 -24.1781
 25.2016 -24.0862
190 114 14
 20.4986 -22.7491
 19.1574 -23.43
 19.6223 -22.653
 18.9447 -22.0095
 17.7673 -22.0697
 16.1514 -22.8628
 14.659 -23.2122
 14.0776 -21.5441
 12.9776 -19.3127
 12.0049 -17.8005
 11.6086 -16.9619
 11.8231 -16.5966
 11.8669 -16.5615
 11.8795 -16.5654
191 108 14
 12.7435 -30.1168
 11.3941 -26.2962
 10.5128 -25.1181
 9.7898 -24.1609
 9.67165 -23.2267
 9.02445 -22.9943
 8.2861 -21.8282
 6.86475 -20.5845
 5.6278 -20.0246
 5.0014 -19.8253
 4.56975 -19.5949
 4.7956 -18.0578
 5.10965 -16.5238
 5.2046 -16.5015
191 60 3
 12.7435 -30.1168
 13.8979 -32.993
 14.2605 -32.9477
192 114 8
 8.01565 -19.1931
 8.96875 -18.363
 9.83425 -18.0212
 10.979 -17.6191
 11.6086 -16.9619
 11.8231 -16.5966
 11.8669 -16.5615
 11.8795 -16.5654
192 108 8
 8.01565 -19.1931
 6.5226 -19.8856
 5.6278 -20.0246
 5.0014 -19.8253
 4.56975 -19.5949
 4.7956 -18.0578
 5.10965 -16.5238
 5.2046 -16.5015
193 50 6
 0.3016 -15.5611
 -0.6983 -16.1187
 -0.7839 -16.2127
 -0.93365 -16.3642
 -1.10865 -16.4644
 -1.1601 -16.4493
193 97 4
 0.3016 -15.5611
 1.4847 -15.0983
 2.13265 -15.0396
 2.538 -14.9442
194 97 4
 4.5898 -15.5786
 3.43145 -14.9986
 2.5945 -14.971
 2.538 -14.9442
194 108 3
 4.5898 -15.5786
 5.08615 -16.3297
 5.2046 -16.5015
195 77 22
 6.71115 -1.2235
 7.3868 -1.0205
 7.902 -0.69125
 8.69385 -0.0897
 9.21345 0.17885
 9.5436 0.47315
 9.4718 1.0623
 9.8818 1.0428
 10.3783 1.659
 10.9544 2.143
 11.9913 2.7668
 12.7008 3.4301
 13.0234 3.94425
 13.5701 4.41075
 13.7964 4.582
 13.93 4.59845
 14.0414 4.60185
 14.0737 4.62005
 14.0813 4.6604
 14.1631 4.7623
 14.2241 4.8814
 14.2239 4.898
195 120 14
 6.71115 -1.2235
 5.88495 -1.59155
 5.6333 -2.05245
 5.5359 -2.33125
 5.0989 -2.41255
 4.52935 -3.1534
 3.97755 -3.4929
 3.49745 -3.67
 2.85255 -4.3685
 2.2035 -4.69895
 2.0197 -4.87965
 1.88155 -4.90325
 1.8165 -4.87515
 1.8099 -4.8599
196 77 19
 13.1633 -0.57705
 12.3699 -0.2177
 12.087 -0.5237
 11.2442 -0.46445
 10.3672 0.5869
 10.3783 1.659
 10.9544 2.143
 11.9913 2.7668
 12.7008 3.4301
 13.0234 3.94425
 13.5701 4.41075
 13.7964 4.582
 13.93 4.59845
 14.0414 4.60185
 14.0737 4.62005
 14.0813 4.6604
 14.1631 4.7623
 14.2241 4.8814
 14.2239 4.898
196 18 4
 13.1633 -0.57705
 13.9895 -1.42705
 14.0834 -1.9419
 14.1048 -1.9753
197 68 9
 29.5983 1.03795
 28.3853 1.6606
 27.6181 1.5308
 26.7061 1.77905
 25.4605 1.8186
 24.7684 1.5846
 24.2582 2.36655
 24.1257 3.2253
 24.1602 3.2576
197 65 20
 29.5983 1.03795
 30.0203 -0.062
 30.3063 0.44975
 31.2383 0.93345
 32.069 1.686
 33.1378 2.28565
 35.114 2.48705
 36.694 1.7271
 37.2287 0.8817
 37.3937 1.0171
 38.4044 1.14055
 39.2914 1.15475
 39.7994 1.60135
 41.1545 3.25445
 42.2809 3.57645
 42.5976 2.30755
 43.1722 1.9024
 43.8524 1.7401
 44.1279 1.87025
 44.227 2.0844
198 124 17
 23.2963 1.8659
 21.917 2.55035
 21.655 2.9377
 21.5744 2.48595
 21.3006 2.04755
 21.0906 1.9895
 20.7523 1.45465
 20.1529 0.75005
 19.586 0.28275
 19.0577 0.07205
 18.4193 0.307
 17.9271 0.4645
 17.7957 0.5481
 17.6275 0.57695
 17.3731 0.5267
 17.2182 0.4887
 17.193 0.4469
198 68 5
 23.2963 1.8659
 24.4166 1.5231
 24.2582 2.36655
 24.1257 3.2253
 24.1602 3.2576
199 65 14
 36.0864 3.03475
 36.694 1.7271
 37.2287 0.8817
 37.3937 1.0171
 38.4044 1.14055
 39.2914 1.15475
 39.7994 1.60135
 41.1545 3.25445
 42.2809 3.57645
 42.5976 2.30755
 43.1722 1.9024
 43.8524 1.7401
 44.1279 1.87025
 44.227 2.0844
199 116 4
 36.0864 3.03475
 36.048 5.0325
 36.0764 6.5924
 36.0625 6.6482
200 124 17
 21.6354 4.13645
 21.6614 3.012
 21.655 2.9377
 21.5744 2.48595
 21.3006 2.04755
 21.0906 1.9895
 20.7523 1.45465
 20.1529 0.75005
 19.586 0.28275
 19.0577 0.07205
 18.4193 0.307
 17.9271 0.4645
 17.7957 0.5481
 17.6275 0.57695
 17.3731 0.5267
 17.2182 0.4887
 17.193 0.4469
200 42 10
 21.6354 4.13645
 21.7105 5.46545
 21.9906 5.6361
 22.1816 5.58605
 22.1896 5.61865
 22.1455 5.8868
 22.0783 6.1257
 21.771 6.3641
 21.4431 6.6921
 21.3947 6.7896
201 77 16
 14.5321 2.0189
 14.385 2.60555
 14.5259 3.23605
 14.4505 3.60025
 14.4401 3.81735
 14.4749 4.1488
 14.5469 4.3909
 14.4509 4.3476
 14.337 4.4146
 14.2971 4.50105
 14.1878 4.5328
 14.0737 4.62005
 14.0813 4.6604
 14.1631 4.7623
 14.2241 4.8814
 14.2239 4.898
201 124 12
 14.5321 2.0189
 15.1123 1.53975
 15.4426 1.16445
 15.791 0.9119
 16.0363 0.71965
 16.0428 0.594
 16.4655 0.55575
 16.9123 0.52425
 17.0607 0.42395
 17.1898 0.4024
 17.1936 0.438
 17.193 0.4469
202 19 7
 -11.4195 -2.57605
 -11.0972 -1.57525
 -10.9173 -1.19075
 -10.9202 -1.06485
 -10.8685 -0.82925
 -10.8386 -0.64885
 -10.8266 -0.622
202 56 13
 -11.4195 -2.57605
 -11.4569 -3.616
 -11.5202 -4.1119
 -11.5754 -4.63175
 -11.4638 -5.3231
 -11.3914 -5.63835
 -11.9562 -5.911
 -12.4638 -6.24015
 -12.5512 -6.38285
 -12.62 -6.56705
 -12.5765 -6.6673
 -12.5695 -6.7168
 -12.5668 -6.7364
203 120 7
 -1.0616 -5.3231
 -0.1481 -5.18055
 0.44325 -5.05675
 0.93275 -4.992
 1.59235 -4.93855
 1.7646 -4.8787
 1.8099 -4.8599
203 72 7
 -1.0616 -5.3231
 -1.73175 -5.1438
 -2.36165 -5.65845
 -2.77435 -6.90615
 -2.64135 -7.74475
 -2.33155 -8.11735
 -2.3287 -8.134
204 72 7
 -5.2536 -6.7938
 -4.1051 -7.02045
 -3.50205 -7.06445
 -3.0235 -7.2846
 -2.64135 -7.74475
 -2.33155 -8.11735
 -2.3287 -8.134
204 73 4
 -5.2536 -6.7938
 -6.32225 -6.29905
 -6.47265 -6.10765
 -6.5032 -6.1124
205 56 29
 -14.5834 -2.1023
 -13.7097 -2.5632
 -13.6196 -2.67665
 -14.0385 -3.2183
 -14.7067 -3.72685
 -14.838 -3.9489
 -14.5823 -4.59715
 -14.3918 -4.96085
 -14.8605 -4.96835
 -15.2689 -5.3688
 -15.1755 -5.9888
 -14.9144 -6.38775
 -14.8679 -6.70145
 -14.6532 -6.5501
 -14.3531 -6.58205
 -13.9322 -6.55565
 -13.6209 -6.5682
 -13.5098 -6.62935
 -13.4372 -6.7075
 -13.3802 -6.7546
 -13.241 -6.72065
 -13.1502 -6.70455
 -13.1196 -6.71015
 -13.0344 -6.6865
 -12.923 -6.70465
 -12.8524 -6.744
 -12.7302 -6.7472
 -12.6016 -6.7405
 -12.5668 -6.7364
205 100 7
 -14.5834 -2.1023
 -15.5091 -1.42405
 -15.9256 -1.34395
 -16.9696 -1.36975
 -17.7262 -1.24595
 -17.7893 -1.27525
 -17.7938 -1.2792
206 9 14
 -13.4363 2.8425
 -13.7015 3.71395
 -13.875 3.9961
 -13.9236 4.11385
 -14.2588 4.24845
 -14.7782 4.4645
 -15.2675 4.8466
 -15.5585 5.1867
 -15.5562 5.6185
 -15.6229 6.08335
 -15.7194 6.3114
 -15.7724 6.42215
 -15.8409 6.4858
 -15.8585 6.4767
206 19 9
 -13.4363 2.8425
 -13.1875 2.15155
 -12.8288 1.82675
 -12.6308 1.5917
 -12.6027 1.1391
 -12.5298 0.5981
 -11.677 -0.0183
 -10.8413 -0.5783
 -10.8266 -0.622
207 19 21
 -10.3271 10.264
 -10.1801 9.11425
 -10.4145 8.38245
 -10.5402 7.51225
 -10.5641 6.87045
 -10.4747 5.45245
 -10.3281 4.01995
 -9.92485 3.52645
 -9.64815 3.1932
 -9.8453 2.3684
 -10.0351 1.50815
 -10.702 1.43275
 -11.3348 1.60815
 -11.5858 1.18815
 -12.2189 1.28355
 -12.6308 1.5917
 -12.6027 1.1391
 -12.5298 0.5981
 -11.677 -0.0183
 -10.8413 -0.5783
 -10.8266 -0.622
207 107 5
 -10.3271 10.264
 -10.2515 11.3034
 -9.7249 11.7013
 -9.7212 12.0189
 -9.8437 12.1664
208 67 9
 8.3163 15.2752
 7.2556 16.1904
 7.15045 16.4221
 7.14705 16.5079
 7.16215 16.68
 7.1293 17.0245
 6.8813 17.2667
 6.6692 17.3078
 6.6695 17.3154
208 2 7
 8.3163 15.2752
 9.1737 14.1056
 9.32395 13.1714
 9.6717 12.5812
 9.8558 12.436
 9.9587 12.3783
 9.9611 12.3735
209 96 13
 8.01375 20.792
 7.5176 21.4202
 7.1613 21.625
 7.0481 21.7173
 6.6727 21.7342
 6.2931 21.6667
 6.51015 22.263
 6.7116 22.8586
 6.52665 22.9867
 5.464 23.6863
 4.3282 24.3966
 4.0713 24.5617
 4.0661 24.6297
209 67 16
 8.01375 20.792
 8.46795 19.9057
 8.69045 19.3972
 8.9333 19.2005
 8.93725 18.9551
 8.7466 18.7028
 8.7022 18.4208
 8.35995 18.1639
 7.94045 17.9152
 7.44885 17.6493
 6.9879 17.6254
 6.83245 17.6842
 6.73635 17.5718
 6.66895 17.4084
 6.6673 17.3276
 6.6695 17.3154
210 45 10
 -19.0376 25.825
 -18.3519 25.8263
 -17.7285 25.8471
 -17.3386 26.538
 -16.1946 27.1534
 -15.242 27.3714
 -15.3466 28.0398
 -14.9858 28.2566
 -14.2775 28.0903
 -14.1722 28.1613
210 35 4
 -19.0376 25.825
 -19.3361 25.5502
 -19.5135 25.3269
 -19.5156 25.3187
211 45 13
 -16.3594 32.1254
 -16.8031 31.687
 -17.3158 31.1303
 -16.9538 30.2583
 -16.4044 29.9303
 -16.1463 29.622
 -15.8237 29.3302
 -15.37 29.2963
 -14.5464 29.2332
 -13.948 28.9899
 -13.902 28.5698
 -14.0942 28.2602
 -14.1722 28.1613
211 94 5
 -16.3594 32.1254
 -16.1765 33.4101
 -15.6991 34.4154
 -15.1779 34.7006
 -15.0662 34.8183
212 29 5
 -13.2148 34.9779
 -12.7518 34.5991
 -12.4427 34.5465
 -12.0969 34.5446
 -12.0284 34.5542
212 94 5
 -13.2148 34.9779
 -14.1449 35.2887
 -14.8034 35.1146
 -15.0146 34.8928
 -15.0662 34.8183
213 75 8
 -10.0856 38.9065
 -8.61505 39.1544
 -7.5911 38.8627
 -7.05425 38.9816
 -6.8972 38.9806
 -6.54705 39.1199
 -6.163 39.2992
 -6.0691 39.3604
213 29 6
 -10.0856 38.9065
 -11.003 38.1677
 -11.2404 37.4264
 -11.6455 35.7697
 -11.9363 34.6753
 -12.0284 34.5542
214 11 34
 8.8827 40.3573
 9.91265 40.1686
 10.7132 41.153
 11.4205 42.4445
 12.7594 42.4758
 13.9281 41.5874
 14.5211 41.0816
 15.8756 40.6319
 17.0185 40.0878
 17.1503 39.8731
 17.2703 39.7323
 17.3065 39.3013
 17.5163 38.93
 18.6861 38.9892
 20.209 38.728
 20.9335 37.7666
 21.0417 36.9879
 21.173 36.6013
 21.642 36.3961
 22.565 36.2472
 23.2417 36.1586
 23.5306 36.271
 23.8046 36.2518
 24.0017 36.3092
 24.1939 36.372
 24.3106 36.3248
 24.4156 36.3132
 24.4971 36.3605
 24.5102 36.5222
 24.6327 36.6124
 24.7747 36.6198
 24.8317 36.6613
 24.8583 36.6927
 24.8633 36.6892
214 75 17
 8.8827 40.3573
 8.298 40.9291
 7.4035 41.3121
 6.77605 42.419
 6.0335 43.3587
 4.9852 43.453
 4.02645 43.6873
 2.40535 43.4838
 -0.01355 43.1452
 -2.4848 43.02
 -3.55145 42.6327
 -4.1107 41.857
 -4.97345 40.7913
 -5.5618 40.127
 -5.7743 39.714
 -6.0053 39.3978
 -6.0691 39.3604
215 41 8
 11.1052 27.4639
 10.1446 27.8023
 9.9508 27.8642
 9.2601 28.3423
 8.5743 28.5658
 8.53495 28.336
 8.47545 28.3425
 8.4441 28.3524
215 7 6
 11.1052 27.4639
 12.5872 27.7365
 13.3436 28.5394
 13.3795 28.788
 13.2955 28.8298
 13.2328 28.8485
216 11 33
 19.268 44.7104
 19.7201 44.1581
 19.7513 44.0832
 20.0789 43.1586
 20.3769 42.2095
 19.9575 41.8004
 19.0921 41.2734
 17.8875 40.517
 17.1503 39.8731
 17.2703 39.7323
 17.3065 39.3013
 17.5163 38.93
 18.6861 38.9892
 20.209 38.728
 20.9335 37.7666
 21.0417 36.9879
 21.173 36.6013
 21.642 36.3961
 22.565 36.2472
 23.2417 36.1586
 23.5306 36.271
 23.8046 36.2518
 24.0017 36.3092
 24.1939 36.372
 24.3106 36.3248
 24.4156 36.3132
 24.4971 36.3605
 24.5102 36.5222
 24.6327 36.6124
 24.7747 36.6198
 24.8317 36.6613
 24.8583 36.6927
 24.8633 36.6892
216 12 8
 19.268 44.7104
 18.613 45.2724
 18.4171 45.2375
 18.1923 45.2031
 17.7738 45.4072
 17.5437 45.6149
 17.4303 45.736
 17.3776 45.7813
217 57 9
 31.7681 45.6993
 31.3093 45.0765
 31.5063 44.6082
 31.5315 44.0774
 31.1957 43.3831
 30.937 42.6836
 30.8491 42.5581
 30.8403 42.4935
 30.8728 42.4723
217 32 4
 31.7681 45.6993
 32.3357 46.3991
 32.437 46.7152
 32.4777 46.9401
218 6 32
 34.3565 40.5629
 34.0902 41.2467
 34.0556 41.8101
 34.5509 42.1957
 35.41 42.3881
 35.8427 42.4295
 36.1552 42.3473
 36.5261 42.2363
 36.7668 42.1666
 36.9097 41.9585
 36.976 41.8779
 37.1838 42.0495
 37.3555 42.1638
 37.5206 42.2006
 38.1119 42.1414
 38.856 42.0793
 39.2366 42.0314
 39.4779 42.1004
 39.5529 42.4044
 39.3461 43.012
 39.6682 43.5158
 40.1595 43.6
 40.0226 43.7201
 39.7719 43.8232
 39.4795 44.1544
 39.2784 44.5277
 39.3533 45.1478
 39.348 45.909
 39.3205 46.2224
 39.2999 46.5132
 39.2243 46.6838
 39.22 46.7131
218 70 9
 34.3565 40.5629
 34.5283 40.2019
 34.0394 40.1244
 33.2118 40.003
 32.6498 39.7891
 32.302 39.6246
 32.0278 39.5946
 31.8799 39.5373
 31.8627 39.5177
219 69 18
 35.6187 37.8315
 35.866 36.9803
 35.9858 36.3022
 36.0589 36.2272
 36.0794 36.1479
 36.0322 36.0779
 36.0263 36.0475
 36.021 35.9779
 35.9755 35.6357
 36.1761 35.1061
 36.6859 34.4962
 37.0933 34.0734
 37.4735 34.1231
 37.8035 34.4128
 37.9227 34.6178
 38.0003 34.5702
 38.0695 34.502
 38.0906 34.4928
219 70 14
 35.6187 37.8315
 35.3743 38.2524
 35.2459 38.4669
 35.2718 38.7868
 35.0607 39.3468
 34.6749 39.9059
 34.5283 40.2019
 34.0394 40.1244
 33.2118 40.003
 32.6498 39.7891
 32.302 39.6246
 32.0278 39.5946
 31.8799 39.5373
 31.8627 39.5177
220 69 9
 36.7432 33.3092
 36.9061 33.9711
 37.0933 34.0734
 37.4735 34.1231
 37.8035 34.4128
 37.9227 34.6178
 38.0003 34.5702
 38.0695 34.502
 38.0906 34.4928
220 23 5
 36.7432 33.3092
 36.5584 32.7052
 36.3404 32.4715
 36.2194 32.2434
 36.2472 32.158
221 23 7
 34.3896 31.6161
 34.9594 31.6871
 35.2925 31.9305
 35.7495 32.315
 36.1027 32.4142
 36.2194 32.2434
 36.2472 32.158
221 104 5
 34.3896 31.6161
 33.5664 31.341
 32.8116 31.0589
 32.2966 30.9896
 32.1428 30.9547
222 90 15
 27.3159 18.9972
 27.8598 18.7259
 28.6339 19.5684
 29.8393 20.761
 30.7527 22.3308
 31.1595 22.9179
 31.7316 23.5193
 32.1163 23.833
 31.816 23.6718
 31.5256 23.6538
 31.4897 23.7848
 31.7105 24.1058
 32.084 24.6481
 32.2526 24.8559
 32.2837 24.8293
222 110 4
 27.3159 18.9972
 26.2043 20.5097
 25.2892 20.8684
 25.235 20.9316
223 92 6
 34.3136 23.4227
 34.2407 22.3148
 35.3437 23.2917
 37.1951 23.7929
 38.2669 24.1524
 38.3452 24.141
223 90 4
 34.3136 23.4227
 33.219 24.1367
 32.2901 24.7093
 32.2837 24.8293
224 65 9
 49.3753 0.96455
 48.1602 -0.018
 47.2549 -0.0106
 46.4795 0.51945
 46.0159 1.0602
 45.8141 1.04935
 45.0565 1.56955
 44.345 2.11985
 44.227 2.0844
224 61 9
 49.3753 0.96455
 50.6671 2.08415
 51.3451 2.2648
 51.6655 2.3641
 52.5257 2.4404
 53.5783 2.1523
 54.5568 1.54055
 55.0936 1.2013
 55.1192 1.2017
225 101 8
 54.6884 0.1104
 54.271 -0.401
 54.0963 -0.47755
 54.6418 -1.4159
 55.1768 -2.1379
 55.3788 -2.072
 55.4123 -2.0035
 55.4159 -1.9888
225 61 4
 54.6884 0.1104
 54.9949 0.90845
 55.1805 1.13455
 55.1192 1.2017
226 101 10
 57.8232 -1.1523
 57.0006 -0.7478
 56.9272 -0.65
 56.7188 -1.3621
 56.2598 -2.12875
 55.9221 -2.2015
 55.6367 -2.05245
 55.4288 -2.01335
 55.4123 -2.0035
 55.4159 -1.9888
226 121 7
 57.8232 -1.1523
 58.5893 -1.5874
 58.8112 -1.6657
 59.286 -1.81205
 59.6418 -1.8555
 59.7719 -1.8191
 59.8056 -1.8124
227 86 7
 41.185 21.3955
 42.3098 20.8195
 42.716 20.765
 43.268 20.5562
 43.6183 20.3592
 43.7453 20.2768
 43.7629 20.2383
227 92 6
 41.185 21.3955
 40.0435 21.975
 39.8076 22.9034
 39.0191 24.0249
 38.3498 24.1806
 38.3452 24.141
228 113 16
 44.697 24.6289
 45.538 26.0202
 46.0131 26.9603
 46.832 26.8515
 47.7528 26.1795
 48.2183 25.984
 48.9082 25.2911
 49.3215 24.7487
 49.4716 23.9959
 49.9226 23.1743
 50.2383 23.066
 50.2831 22.8876
 50.4318 22.5168
 50.4941 21.9439
 50.5028 21.5779
 50.5481 21.5708
228 86 10
 44.697 24.6289
 43.9942 23.2534
 43.9734 22.4579
 43.7305 22.4336
 42.8218 21.8189
 42.716 20.765
 43.268 20.5562
 43.6183 20.3592
 43.7453 20.2768
 43.7629 20.2383
229 44 19
 51.3001 32.8961
 51.2591 33.3601
 51.3177 33.4216
 51.4893 33.2808
 51.873 33.3169
 52.3918 33.3447
 52.747 33.3375
 52.955 33.0629
 52.9839 32.6979
 52.9397 32.5274
 52.9667 32.4618
 53.1041 32.4451
 53.2292 32.4495
 53.3366 32.3729
 53.4255 32.2746
 53.5391 32.2552
 53.6202 32.2427
 53.658 32.2275
 53.6923 32.2294
229 22 4
 51.3001 32.8961
 51.2204 32.6724
 51.1333 32.6702
 51.0995 32.6693
230 6 15
 42.782 50.4714
 42.5012 49.453
 42.2973 48.7942
 42.1973 48.7176
 42.2306 48.0297
 42.235 47.3571
 42.126 47.2729
 42.0521 47.2407
 41.3191 46.7589
 40.4924 46.2569
 40.2021 46.4053
 39.6898 46.4714
 39.2999 46.5132
 39.2243 46.6838
 39.22 46.7131
230 80 12
 42.782 50.4714
 43.1169 50.9425
 43.3071 51.0943
 43.4778 51.1889
 43.6058 51.3549
 43.5619 51.549
 43.4594 51.7044
 43.3051 51.8261
 43.2088 51.8906
 43.1042 51.9436
 43.0056 51.9615
 42.9913 51.9548
231 71 11
 58.5238 40.7348
 57.8922 40.3119
 57.7216 40.0219
 57.6819 39.8589
 57.6725 39.6857
 57.5558 39.6102
 57.3103 39.6286
 57.2036 39.6694
 57.1744 39.7321
 57.1677 39.785
 57.1615 39.8035
231 99 9
 58.5238 40.7348
 59.5459 41.4144
 60.2834 41.9467
 60.8053 41.6541
 61.535 41.5926
 61.8973 41.8257
 62.2064 41.5215
 62.5519 41.2369
 62.5869 41.2015
232 44 29
 59.46 33.5756
 60.0192 32.6143
 59.6293 32.0016
 58.4138 31.1644
 58.2312 30.2232
 57.913 30.6388
 57.0753 30.6936
 56.2414 30.6952
 56.0499 30.6451
 55.4566 30.73
 54.9865 30.8563
 54.9058 30.9369
 54.9136 30.784
 54.6079 30.7969
 54.2114 30.9804
 53.9394 31.1489
 53.7613 31.2609
 53.6255 31.4493
 53.5079 31.6555
 53.4666 31.7456
 53.4198 31.9332
 53.4058 32.1179
 53.3886 32.2376
 53.3366 32.3729
 53.4255 32.2746
 53.5391 32.2552
 53.6202 32.2427
 53.658 32.2275
 53.6923 32.2294
232 71 15
 59.46 33.5756
 58.9642 34.5517
 59.4587 35.8391
 60.2112 36.952
 60.1151 37.2057
 59.434 37.4085
 58.7808 38.0706
 58.2543 39.0569
 57.7524 39.5441
 57.5558 39.6102
 57.3103 39.6286
 57.2036 39.6694
 57.1744 39.7321
 57.1677 39.785
 57.1615 39.8035
233 16 14
 64.0698 32.5934
 64.4397 32.4026
 64.5938 32.3182
 64.7424 32.2057
 64.8054 31.9956
 64.7236 31.7917
 64.7619 31.5588
 65.0407 31.4469
 65.2283 31.4494
 65.3676 31.3376
 65.6077 31.5908
 65.6915 31.9505
 65.5734 32.0544
 65.5033 32.1115
233 3 4
 64.0698 32.5934
 63.588 32.6856
 63.4084 32.6227
 63.4073 32.614
234 74 6
 62.7424 44.7574
 61.967 44.8558
 61.5961 45.2533
 61.5616 45.7479
 61.832 46.0571
 61.807 46.1305
234 99 6
 62.7424 44.7574
 63.6192 43.8347
 63.5208 42.3254
 63.1443 41.4641
 62.7978 41.1754
 62.5869 41.2015
235 16 19
 67.8967 26.5159
 67.9825 27.4272
 67.8486 27.9383
 67.462 29.0235
 67.5343 29.9332
 66.9268 30.3001
 66.4875 31.136
 66.536 31.7372
 66.325 31.9912
 66.2742 32.1907
 66.2709 32.3547
 66.2107 32.4485
 66.1333 32.4701
 65.9766 32.4527
 65.8391 32.3533
 65.6875 32.3079
 65.5382 32.2402
 65.4996 32.1317
 65.5033 32.1115
235 36 4
 67.8967 26.5159
 68.2161 25.2764
 68.2955 24.6097
 68.2976 24.6051
236 93 4
 76.0302 26.8494
 75.6541 26.0729
 75.8111 25.7877
 75.8541 25.7203
236 103 4
 76.0302 26.8494
 75.8043 29.1721
 75.0594 30.91
 75.0305 30.8839
237 36 14
 69.5484 19.0276
 69.6487 20.3755
 69.4242 21.8278
 68.9619 22.8098
 68.7016 22.7655
 68.4852 22.8408
 68.2623 23.039
 68.097 23.3987
 68.0145 23.7372
 68.0668 23.9167
 68.2031 24.1957
 68.2433 24.4844
 68.3 24.5966
 68.2976 24.6051
237 49 11
 69.5484 19.0276
 69.3434 17.9974
 68.7448 18.2428
 68.333 18.0806
 68.6194 17.0814
 68.8532 16.411
 68.8184 16.1528
 69.1469 15.6731
 69.3907 15.2163
 69.4463 15.1357
 69.494 15.0871
238 89 13
 67.3817 13.3907
 66.5213 13.8819
 66.3266 13.8896
 66.2067 13.819
 66.0987 13.7932
 65.855 13.7158
 65.5638 13.358
 65.0446 13.3266
 64.0957 13.8992
 63.2184 13.9755
 62.8246 14.2097
 62.6885 14.7237
 62.6518 14.7653
238 49 10
 67.3817 13.3907
 68.2144 12.6943
 68.7074 12.8154
 69.4417 13.2194
 69.9207 13.4669
 70.2633 13.7199
 69.9837 13.9897
 69.6631 14.6516
 69.481 15.0546
 69.494 15.0871
239 125 17
 80.5446 8.4712
 80.187 9.5189
 80.0409 9.7275
 80.1163 10.3229
 80.0759 11.3778
 79.5669 11.9528
 78.9454 12.0205
 78.4585 11.7277
 77.5216 11.4913
 76.8695 11.5117
 76.7104 11.5791
 76.554 11.7647
 76.4656 11.8793
 76.371 11.9611
 76.2444 12.0028
 76.1814 11.9911
 76.1713 11.9968
239 109 8
 80.5446 8.4712
 80.2437 7.3518
 79.8216 7.01295
 79.9221 6.63965
 80.0555 6.21225
 79.607 5.59415
 79.173 5.03335
 79.2141 4.9396
240 102 15
 81.6942 -0.34715
 81.6744 -1.7537
 81.2382 -2.75995
 81.1847 -3.2652
 81.1878 -3.9484
 81.1008 -4.7204
 81.0216 -5.0724
 81.2691 -5.30195
 81.113 -5.73835
 80.6397 -6.0309
 80.4789 -6.3582
 80.4198 -6.2693
 79.6017 -6.39585
 78.9221 -6.30565
 78.9082 -6.2456
240 109 12
 81.6942 -0.34715
 81.189 0.6168
 81.2802 1.7988
 81.3031 2.6386
 80.7663 2.51105
 80.222 2.2355
 79.9426 2.08535
 79.7871 2.42385
 79.6073 2.8216
 79.4047 3.85605
 79.2447 4.8742
 79.2141 4.9396
241 102 16
 82.1208 -11.4127
 82.3389 -10.534
 81.7951 -10.0469
 80.9722 -9.6802
 80.5309 -9.37905
 80.3958 -9.08025
 80.1562 -8.7499
 79.9738 -8.2964
 80.436 -7.66915
 80.7413 -7.25865
 80.5474 -6.89055
 80.4789 -6.3582
 80.4198 -6.2693
 79.6017 -6.39585
 78.9221 -6.30565
 78.9082 -6.2456
241 24 4
 82.1208 -11.4127
 81.6487 -12.581
 81.3891 -13.193
 81.4236 -13.2174
242 24 5
 79.123 -13.2314
 80.7522 -13.433
 81.4021 -13.3083
 81.4269 -13.243
 81.4236 -13.2174
242 26 4
 79.123 -13.2314
 78.0107 -12.841
 77.801 -12.6887
 77.6963 -12.6404
243 123 12
 74.35 -8.8012
 73.5071 -9.14535
 72.9825 -9.07795
 72.093 -8.5993
 71.4831 -8.11875
 71.5807 -7.05235
 71.7514 -6.00585
 71.7529 -5.9085
 71.8259 -5.97645
 72.0301 -5.9417
 72.1368 -5.8716
 72.0683 -5.8517
243 102 21
 74.35 -8.8012
 75.4765 -8.2875
 76.2831 -8.25385
 76.6878 -8.3615
 76.7984 -8.33005
 76.9413 -8.33895
 77.457 -8.368
 77.8736 -8.426
 77.9805 -8.51645
 78.2944 -8.44035
 79.1917 -8.45695
 80.1562 -8.7499
 79.9738 -8.2964
 80.436 -7.66915
 80.7413 -7.25865
 80.5474 -6.89055
 80.4789 -6.3582
 80.4198 -6.2693
 79.6017 -6.39585
 78.9221 -6.30565
 78.9082 -6.2456
244 27 13
 62.6628 -14.2762
 62.8811 -14.9338
 62.8954 -15.4641
 62.8526 -15.9829
 62.8449 -16.0499
 63.4424 -16.7929
 64.306 -18.0385
 64.649 -18.5527
 64.6227 -18.8726
 64.3816 -19.2262
 64.1255 -19.2322
 64.031 -19.1975
 64.0311 -19.2004
244 112 4
 62.6628 -14.2762
 62.0227 -13.3671
 61.5137 -13.0688
 61.4521 -13.0988
245 88 11
 58.013 -3.7217
 57.2901 -4.21265
 57.0118 -4.544
 56.4112 -4.94435
 55.8993 -5.08605
 55.7395 -5.0451
 55.3587 -4.7854
 54.8524 -4.5711
 54.54 -4.65215
 54.4372 -4.73845
 54.4131 -4.7286
245 121 5
 58.013 -3.7217
 59.0714 -2.58455
 59.6418 -1.8555
 59.7719 -1.8191
 59.8056 -1.8124
246 88 6
 54.3195 -6.74705
 54.0063 -6.3254
 54.2343 -5.9979
 54.5112 -5.38545
 54.4372 -4.73845
 54.4131 -4.7286
246 38 5
 54.3195 -6.74705
 54.5496 -7.36035
 54.4492 -7.9124
 54.3201 -7.93605
 54.3071 -7.9515
247 39 8
 42.3831 -9.21575
 41.3357 -8.3279
 40.9435 -7.9073
 40.9573 -8.57755
 41.34 -9.3939
 41.4777 -10.5303
 41.3103 -11.5092
 41.3309 -11.5447
247 85 12
 42.3831 -9.21575
 43.286 -10.4383
 43.9652 -11.5285
 44.5657 -11.7563
 44.8405 -11.436
 44.8063 -10.7426
 45.333 -11.2318
 46.3218 -11.6065
 47.1777 -12.5236
 47.0205 -13.8088
 46.616 -14.5016
 46.579 -14.5073
248 62 12
 47.5138 -12.6673
 48.4009 -12.3561
 49.298 -12.3164
 49.4795 -12.1426
 49.4762 -12.1725
 49.4781 -12.5434
 49.5891 -13.1084
 49.6499 -13.3243
 49.9734 -13.4163
 50.3864 -13.6103
 50.4851 -13.7108
 50.4937 -13.7084
248 85 4
 47.5138 -12.6673
 47.0205 -13.8088
 46.616 -14.5016
 46.579 -14.5073
249 62 18
 52.4306 -18.6992
 51.6964 -18.5742
 51.4282 -18.4442
 51.5131 -17.6835
 51.4656 -17.1733
 51.5078 -17.0942
 51.4347 -16.5761
 51.1471 -15.6941
 50.7241 -15.2421
 50.5839 -15.1488
 50.8036 -14.8909
 50.8612 -14.7104
 50.7626 -14.4855
 50.7667 -14.1409
 50.7599 -13.9271
 50.6199 -13.7811
 50.5044 -13.716
 50.4937 -13.7084
249 34 9
 52.4306 -18.6992
 53 -19.4135
 53.3355 -19.8671
 53.9877 -20.3056
 53.8857 -21.3579
 53.0022 -22.1921
 52.6018 -22.5517
 52.4899 -22.7113
 52.5263 -22.749
250 62 16
 53.0933 -16.7706
 52.2465 -16.5886
 51.6177 -16.7769
 51.5078 -17.0942
 51.4347 -16.5761
 51.1471 -15.6941
 50.7241 -15.2421
 50.5839 -15.1488
 50.8036 -14.8909
 50.8612 -14.7104
 50.7626 -14.4855
 50.7667 -14.1409
 50.7599 -13.9271
 50.6199 -13.7811
 50.5044 -13.716
 50.4937 -13.7084
250 95 15
 53.0933 -16.7706
 53.9978 -16.6247
 54.8559 -16.4146
 55.2314 -16.7465
 55.6045 -17.3323
 56.055 -17.5534
 56.7672 -17.4719
 57.5257 -17.2936
 58.1364 -16.5604
 58.0461 -15.9929
 57.3281 -15.5407
 57.2567 -14.6844
 57.356 -14.0951
 57.2644 -13.8395
 57.2561 -13.7389
251 27 13
 59.9244 -16.9708
 61.3986 -17.8144
 62.1383 -17.3045
 62.6342 -16.3032
 62.8449 -16.0499
 63.4424 -16.7929
 64.306 -18.0385
 64.649 -18.5527
 64.6227 -18.8726
 64.3816 -19.2262
 64.1255 -19.2322
 64.031 -19.1975
 64.0311 -19.2004
251 95 9
 59.9244 -16.9708
 58.6954 -16.1931
 58.1364 -16.5604
 58.0461 -15.9929
 57.3281 -15.5407
 57.2567 -14.6844
 57.356 -14.0951
 57.2644 -13.8395
 57.2561 -13.7389
252 53 36
 59.5494 -22.9352
 60.4995 -23.708
 61.2985 -24.0624
 61.7394 -23.8008
 62.2196 -24.5554
 62.9709 -25.3721
 63.2568 -25.6476
 63.6178 -25.4336
 63.999 -25.1601
 64.0612 -25.2101
 64.0245 -25.5207
 64.2773 -25.9646
 64.6166 -26.6397
 64.721 -27.1614
 64.9755 -27.5164
 65.0208 -27.3477
 65.6647 -27.4247
 66.2048 -27.514
 66.5207 -27.681
 66.7418 -27.8191
 66.6879 -27.8686
 66.6411 -27.92
 66.9103 -28.4293
 66.9319 -29.411
 66.7467 -29.9988
 66.9537 -30.5246
 67.108 -31.0424
 67.0902 -31.258
 66.9456 -31.3988
 66.5946 -31.4733
 66.314 -31.5681
 66.1985 -31.5829
 66.1543 -31.6409
 66.0938 -31.587
 65.9917 -31.5568
 65.9799 -31.5541
252 95 20
 59.5494 -22.9352
 59.0363 -22.2783
 59.0722 -21.9648
 59.0558 -21.9279
 58.9265 -21.8164
 59.1214 -20.8387
 59.4498 -19.9721
 59.2808 -19.3987
 58.906 -18.9645
 58.0667 -19.0513
 57.3717 -18.4545
 57.3023 -17.6983
 57.5257 -17.2936
 58.1364 -16.5604
 58.0461 -15.9929
 57.3281 -15.5407
 57.2567 -14.6844
 57.356 -14.0951
 57.2644 -13.8395
 57.2561 -13.7389
253 63 16
 45.6362 -38.8541
 45.9871 -37.8838
 46.1609 -37.0849
 46.6413 -37.6197
 47.1027 -38.1105
 47.3369 -38.0771
 46.8825 -37.6136
 46.9852 -36.7388
 47.7855 -36.5338
 48.2184 -36.7176
 48.0391 -36.0317
 47.9028 -35.2137
 48.5508 -35.0331
 49.3018 -35.0369
 49.4874 -35.1014
 49.5186 -35.1206
253 40 16
 45.6362 -38.8541
 45.6294 -39.7617
 45.7612 -40.6525
 45.6423 -40.7841
 45.5164 -41.1775
 45.3694 -41.7826
 45.1914 -42.1152
 45.0074 -42.3299
 44.9721 -42.4868
 44.4407 -42.4795
 43.5724 -42.2581
 43.2345 -42.277
 43.1282 -42.5169
 42.8931 -42.9697
 42.6875 -43.4115
 42.6123 -43.4672
254 40 12
 39.1579 -40.5193
 39.9567 -41.1784
 40.5937 -41.3541
 40.8508 -41.4831
 41.3904 -41.5797
 42.1476 -41.9003
 42.8498 -42.1555
 43.2345 -42.277
 43.1282 -42.5169
 42.8931 -42.9697
 42.6875 -43.4115
 42.6123 -43.4672
254 83 7
 39.1579 -40.5193
 38.7385 -39.2895
 38.555 -38.5781
 37.8806 -38.3827
 37.1496 -38.1553
 36.9853 -38.1024
 36.9624 -38.0922
255 40 26
 50.8441 -41.4334
 50.7204 -41.9671
 50.367 -42.1384
 49.8801 -42.2188
 49.4661 -42.473
 49.0795 -42.796
 48.9007 -42.8467
 48.8364 -42.8451
 48.6452 -42.8164
 48.4719 -42.7888
 48.2144 -42.7478
 47.5256 -42.6234
 47.0391 -42.4883
 46.9582 -42.4752
 46.5089 -42.7221
 45.6577 -43.01
 45.101 -42.8712
 44.9877 -42.5989
 44.9721 -42.4868
 44.4407 -42.4795
 43.5724 -42.2581
 43.2345 -42.277
 43.1282 -42.5169
 42.8931 -42.9697
 42.6875 -43.4115
 42.6123 -43.4672
255 81 4
 50.8441 -41.4334
 51.4386 -40.4048
 51.9976 -39.8598
 52.0289 -39.8852
256 53 14
 64.441 -30.4115
 65.0453 -30.1321
 65.3564 -30.1693
 65.6484 -30.3203
 65.8501 -30.6595
 65.84 -30.9615
 65.9086 -31.1173
 65.9401 -31.2411
 65.9408 -31.3619
 65.9371 -31.416
 65.9646 -31.4479
 65.9796 -31.4991
 65.9774 -31.5396
 65.9799 -31.5541
256 46 7
 64.441 -30.4115
 63.9112 -31.2275
 63.6644 -31.7181
 63.5966 -31.6371
 63.5492 -31.4123
 63.4761 -31.2784
 63.4232 -31.3055
257 17 34
 66.6478 -35.1028
 66.8728 -35.7104
 66.707 -36.1207
 66.6746 -36.2376
 66.9144 -36.7467
 66.969 -37.4631
 66.5983 -38.0059
 66.4661 -38.4266
 66.4764 -38.6446
 66.3768 -38.7002
 66.126 -38.5414
 65.969 -38.351
 65.9417 -38.4119
 65.8953 -38.5382
 65.8624 -38.6592
 65.8114 -38.7153
 65.7567 -38.7472
 65.7312 -38.7964
 65.6875 -38.8444
 65.616 -38.9558
 65.552 -39.102
 65.5071 -39.2301
 65.4753 -39.3429
 65.4794 -39.4331
 65.5035 -39.5171
 65.4878 -39.5669
 65.4668 -39.6024
 65.4728 -39.674
 65.4451 -39.7492
 65.411 -39.7799
 65.3811 -39.728
 65.2823 -39.6933
 65.2114 -39.6946
 65.2101 -39.6898
257 53 23
 66.6478 -35.1028
 66.1564 -34.5162
 65.9047 -34.1322
 65.7717 -34.0079
 65.8421 -33.8622
 65.9427 -33.646
 66.1654 -33.2462
 66.365 -33.041
 66.3969 -33.0447
 66.4138 -33.0034
 66.4021 -32.9046
 66.3696 -32.8134
 66.3548 -32.7178
 66.261 -32.5728
 66.0992 -32.4775
 66.026 -32.2563
 65.958 -31.9421
 65.9912 -31.7464
 66.1108 -31.6681
 66.1543 -31.6409
 66.0938 -31.587
 65.9917 -31.5568
 65.9799 -31.5541
265 80 5
 49.5593 53.2824
 50.0091 53.094
 46.2437 52.6427
 42.9596 51.979
 42.9913 51.9548
266 111 28
 71.4047 55.6919
 71.8886 53.2458
 72.371 50.7923
 72.4044 50.6227
 73.0007 47.7029
 73.558 44.8872
 73.5491 44.8023
 73.5552 44.4646
 73.3633 44.0793
 73.1777 43.8326
 73.2229 43.6123
 73.1364 43.5071
 73.0262 43.4297
 72.7574 42.9661
 72.2308 42.5145
 71.8599 42.4377
 71.6716 42.3218
 71.5944 42.0667
 72.2414 41.6338
 72.9883 41.2006
 73.2191 40.6896
 72.9734 39.8262
 72.5968 39.1225
 72.5968 38.8075
 72.5622 38.5014
 72.5376 38.3137
 72.5681 38.2057
 72.5948 38.1507
267 37 7
 -26.0317 37.555
 -25.8898 37.714
 -24.4759 38.4109
 -23.2073 38.7047
 -23.1469 38.4059
 -23.0669 38.3784
 -23.0503 38.4059
