   4.1371730073925095     
   1.5911612484030893     
   10.810375811351545     
   8.8246530358664739     
   5.9681960093150943     
   1.8554927181307097     
   5.2865875592078471     
   3.6768732338850469     
   3.9544860562278474     
   1.8322155638632613     
   8.3209752030842932     
  0.96350037553778889     
   3.8505215037721907     
   5.9999450261675165     
   1.0853958210764465     
   1.3460496292683992     
   1.3021949545993743     
   1.3545004563832788     
   1.7323409390694744     
   3.0721294708125662     
   5.0065676369694003     
   7.5862257781644171     
   1.6025853989971623     
   1.1035472525651762     
   1.4416863275486138     
   1.2249259790372606     
   10.573450043215248     
   2.5558437423667519     
  0.98755056573306832     
   2.6717551366545895     
   2.4538897141006446     
   1.4608427051205304     
   3.5338217706981858     
   2.1988356583781723     
   2.6923156838365920     
   2.5287595869963768     
   4.1686194281499906     
   5.3374327870663159     
   3.8356707978167752     
   2.4530910341319947     
   5.3889736575079041     
   6.3618082604321966     
   4.0766046211996336     
   7.9472874175191484     
   2.3458900483573712     
  0.89175752618124804     
   4.8686236340409970     
   2.4600635272919549     
   3.2414513729549204     
   1.4256937723866898     
   2.6019129730132020     
   2.5974143435334778     
   5.4318933701724443     
   2.3923388546698976     
   4.9790610798791137     
   1.6759774467729656     
   2.1899298383365378     
  0.88105965344794568     
   3.0566587216084891     
   1.9605162192923811     
   9.2588773451300135     
   3.3332848686584047     
   5.3746777440693609     
   3.7114898582344615     
   2.6671567618835592     
   2.7843854449797396     
   2.3626138667508956     
   3.0805748985601524     
   6.1642696132324257     
   1.5240538021246679     
   3.5019145621900742     
   1.9053996655081102     
   2.3415786769017863     
   1.4933157107017754     
   10.768937690186259     
   3.1522784100615384     
   5.9264183533511829     
   8.1004320193080197     
   4.6220601364706440     
   1.1741684308285876     
   6.3169174422458738     
  0.87045776443325196     
   3.4535904454103923     
   4.7064398585685483     
   2.9877343419646336     
   1.2127364003786452     
  0.37251753428784912     
  0.45173485519240708     
   1.4574225465097366     
   1.9791898145468547     
   7.7475810016216160     
   2.4592234645895452     
   9.4925096478978528     
   2.4517952266726994     
   3.0366185745679806     
   6.7777139498076888     
  0.86395259424066939     
  0.88643010264692923     
   2.1053110546836318     
   1.1909931209054176     
   3.9977769845511131     
   1.8388487591465954     
   5.4717929093854982     
   2.1833657389194348     
   2.1742127605735977     
  0.84260620904879302     
   2.9304423678727152     
   2.6253122010179513     
  0.93656781832668068     
  0.98965316288695893     
   2.2885021741190363     
   5.5901470235249455     
   29.964789135316181     
   27.257755576932880     
   2.1252581262489616     
   1.0542644196353632     
   1.1273837153780375     
   2.5410586566198483     
  0.80424408899219302     
  0.92021352334955731     
   3.9575322110965363     
   1.9519055031985633     
   2.5837766233663459     
   2.4890950340313873     
   1.5199586987976559     
   1.3379876323184583     
   4.0197179168283075     
   2.2279736868037259     
   4.2584684249235982     
   8.2531930841862859     
   10.233793447552198     
   3.4646389246572085     
   2.9272254349046642     
   4.0518414872733794     
   1.4651254936470799     
   2.1032473635993623     
   1.4205116538453004     
   1.1089617329859864     
   5.3305908377504414     
   3.5477079965943839     
   5.1917956277826498     
   1.2647070953391122     
   3.9554177738949980     
   10.924096485729407     
   4.6061180607910241     
   2.0877454694989459     
   7.1590614703017579     
   2.1131294554138393     
   4.1910828176686739     
   2.4069572516533859     
   1.8180424564356419     
   1.9052343965224909     
   1.3896211329698560     
   2.7582357536658479     
   1.6497171039791609     
   2.5093651834161008     
   2.1988713066041599     
   1.2394547785928223     
   4.7003015619828741     
   2.2674588777695956     
   2.6804570692938841     
   2.6396859303451170     
   8.2173129552194624     
   1.5515027751970194     
   2.0565365620849092     
   2.2585763758106854     
   3.6067046249639110     
   2.9792449314119551     
   3.1311793780983086     
  0.42265982790829715     
   3.5612798400502577     
   2.0540483357088100     
   1.0131873540506120     
   1.3775477168436983     
   2.6421658109746562     
   3.1876957348307799     
   10.787844936289391     
   9.5601720809725226     
   2.1573872170581216     
   1.8888997129073195     
   8.7743223693406378     
   1.5394385043217436     
   2.1547517651908494     
   1.3581553918266731     
   6.8194602185192981     
   1.8056807820916223     
   2.8750075233983328     
   2.9112719248987169     
   1.4223994484739519     
  0.97965581589842998     
   1.4681131623076260     
   1.5453023160006050     
   4.5032097158572570     
   2.0435642554558986     
   3.1865884450434940     
   1.5472248501287760     
   3.7266836337178764     
   3.7968280942918202     
   1.9882520487841224     
   1.0367276750882124     
   2.2459031518809613     
   1.5473332949830527     
   2.0475975399617430     
   2.7308519636478614     
   5.4277993510565379     
   3.3345133678852390     
   2.1886111063645433     
  0.30509770616809256     
   3.6355351795416944     
   1.3175338713421252     
   1.2539339244746297     
   2.7539549717472807     
   6.1365734585472564     
   4.6613938111042756     
   1.8514798463050752     
  0.50808116732458575     
   1.4325018367929627     
   2.6378649067140776     
   4.1491233407826638     
   1.2901042207524556     
   1.0226851563598895     
   2.4115418551651957     
   3.5581091593086520     
   2.9504028496848980     
   3.3735260586267168     
   3.1549796431872794     
   4.1391489536735451     
   2.5141301853312310     
   4.4395800333220352     
   4.1095208501631753     
   4.6224277808007690     
   1.3445936296070311     
   1.7372883680248001     
   1.4094306275325577     
   3.4385755465319408     
   5.6008120387855529     
   3.3165416691950402     
   1.2488749031805357     
   2.4706612503233814     
   1.7229423414896157     
   1.2494534006389202     
  0.80648420318814551     
   3.2702635028309568     
   5.2833863106355743     
   2.2607506937113362     
   1.3184030712915329     
   3.4585714678620416     
   3.1618046711269550     
   3.0606616971518608     
   4.5047254023504495     
   4.9189704334373126     
   3.2607632732664489     
   7.7855911376281250     
   6.6740433779478607     
   4.9919220994324931     
   3.5576785448834611     
   3.2463260213984797     
   2.1991598958459395     
   5.3275550861176280     
   1.2686627149730954     
   1.5614170401390715     
   1.2905274748973234     
   3.1983430056617665     
   2.3875051496013087     
   3.8780379005779877     
   9.8882360971899477     
   1.6320049452009640     
