329
157 119 12
 -9.87935 -54.7856
 -10.3324 -56.5986
 -10.0037 -56.7981
 -8.5478 -56.5506
 -7.0389 -56.1423
 -6.2927 -55.9732
 -5.95585 -56.1749
 -5.09325 -55.8518
 -4.14665 -55.5841
 -4.01005 -55.7415
 -3.9363 -55.7729
 -3.888 -55.7454
157 32 6
 -9.87935 -54.7856
 -9.3077 -52.7533
 -9.4467 -52.0424
 -10.1072 -52.3493
 -10.6876 -52.8598
 -10.9197 -52.9379
158 74 5
 43.5303 -86.4435
 43.0241 -87.1931
 42.5615 -86.737
 42.0558 -86.1402
 42.0002 -86.0423
158 16 15
 43.5303 -86.4435
 44.5658 -86.0755
 45.2439 -85.7834
 45.3734 -85.1481
 45.2144 -84.6962
 45.7074 -84.3341
 46.2113 -83.6635
 46.6453 -82.8938
 47.4928 -82.3769
 48.6237 -82.6283
 47.6752 -81.4859
 48.1694 -80.4656
 48.341 -79.6026
 47.8625 -79.3009
 47.7964 -79.2299
159 37 10
 0.6709 -57.3685
 2.6734 -57.7667
 3.7438 -57.909
 4.0208 -57.5891
 4.28135 -57.8731
 4.8702 -58.2895
 5.7379 -58.3707
 6.07125 -58.34
 6.2223 -58.3215
 6.2661 -58.3169
159 119 10
 0.6709 -57.3685
 -0.54665 -57.4474
 -1.31355 -57.7296
 -1.65935 -57.5869
 -2.1971 -56.7337
 -3.1133 -56.2692
 -3.53565 -56.1399
 -3.7678 -55.8885
 -3.87235 -55.7625
 -3.888 -55.7454
160 36 21
 4.81025 -37.0112
 3.08565 -36.8408
 2.39865 -37.1659
 2.0532 -37.5123
 1.6117 -37.2254
 1.4041 -36.7713
 1.1232 -36.7638
 0.8655 -36.7997
 0.9093 -36.5967
 0.80155 -36.3583
 0.8276 -36.1586
 0.9067 -36.0193
 0.9257 -35.9715
 1.03805 -35.9354
 1.13445 -35.9137
 1.13605 -35.8761
 1.2021 -35.7986
 1.25765 -35.6992
 1.1868 -35.6593
 1.1362 -35.6491
 1.1435 -35.6324
160 85 5
 4.81025 -37.0112
 6.64635 -37.6013
 7.51405 -37.8798
 7.74555 -37.9519
 7.917 -38.017
161 109 11
 8.4533 -18.5588
 9.1373 -18.8824
 9.77955 -18.2931
 10.7586 -18.072
 10.6355 -17.5793
 10.4347 -16.8515
 9.58585 -16.0707
 8.5801 -14.9381
 7.9209 -13.8382
 7.8349 -13.5424
 7.8042 -13.5078
161 44 3
 8.4533 -18.5588
 7.7874 -18.1166
 7.773 -18.1141
162 9 26
 -1.8777 18.3957
 -3.3466 17.3153
 -5.21115 15.3601
 -6.4205 13.3415
 -6.4165 12.747
 -6.31095 12.496
 -6.13975 12.279
 -6.1541 12.0718
 -6.0181 11.8383
 -5.78225 11.3073
 -5.5594 10.7086
 -5.40215 10.4532
 -4.36385 10.4819
 -3.2098 10.4788
 -2.6009 10.166
 -2.04045 9.99105
 -1.724 9.3165
 -2.46105 8.59425
 -2.67445 7.7281
 -1.7486 6.78725
 -1.55675 6.6172
 -1.49505 6.6259
 -1.332 6.5274
 -0.92015 6.4926
 -0.62585 6.59
 -0.6196 6.5983
162 43 9
 -1.8777 18.3957
 -0.81685 20.276
 -0.66855 21.5776
 -0.43145 21.7313
 0.3176 22.0448
 1.36225 22.2039
 1.97485 22.2309
 2.151 22.3344
 2.28 22.3809
163 6 38
 5.6161 7.6127
 5.60295 6.806
 5.53435 6.4203
 4.66265 6.41965
 3.79715 6.7281
 3.71245 6.9531
 3.45135 6.96105
 2.7249 7.1033
 1.9513 7.48945
 1.66265 7.7505
 1.5289 7.60915
 1.40805 6.98205
 1.3906 6.47725
 1.29315 6.1236
 1.1333 5.6772
 0.9748 5.46345
 0.97395 5.27685
 0.9733 5.11175
 0.9403 4.99495
 1.0435 4.76405
 1.2515 4.5753
 1.3311 4.5242
 1.17095 4.44835
 0.99985 4.4615
 0.7669 4.44615
 0.5761 4.3584
 0.4713 4.3919
 0.3167 4.46015
 0.19255 4.5215
 0.16135 4.68155
 0.1666 4.82095
 0.17425 4.9245
 0.1231 5.05645
 0.0277 5.1083
 -0.02375 5.164
 -0.03775 5.2055
 -0.0367 5.2376
 -0.0274 5.2678
163 78 11
 5.6161 7.6127
 5.6615 8.3477
 5.77875 8.7167
 5.62805 9.0972
 6.26095 9.27655
 6.78 9.73425
 6.89435 9.8198
 6.9106 10.0912
 7.0183 10.4564
 7.1113 10.6006
 7.1026 10.6321
164 92 26
 11.6578 -0.30055
 11.0875 0.08615
 10.636 0.1794
 10.2398 0.1656
 9.9323 -0.04085
 9.8053 -0.34165
 9.7078 -0.4678
 9.595 -0.43325
 9.424 -0.3094
 9.21925 -0.2172
 8.94145 -0.13495
 8.52005 0.0796
 7.68705 0.5046
 7.0383 0.79025
 6.90155 0.94265
 6.5471 1.3899
 6.37195 1.9538
 6.6078 2.2216
 6.70725 2.3153
 6.64615 2.43535
 6.5257 2.50935
 6.3692 2.5586
 6.3575 2.59415
 6.3438 2.69895
 6.29825 2.82185
 6.2286 2.8449
164 129 5
 11.6578 -0.30055
 12.1994 -0.0297
 12.5715 0.59555
 12.6941 0.6838
 12.6898 0.6848
165 52 35
 61.6902 -5.7033
 61.9231 -6.0316
 61.8903 -6.2839
 61.7974 -6.422
 61.9629 -6.42795
 62.2525 -6.5744
 62.4525 -6.83255
 62.5047 -6.931
 62.4686 -7.0482
 62.4688 -7.20505
 62.5298 -7.40185
 62.5281 -7.62305
 62.5248 -7.74945
 62.5642 -7.8155
 62.5791 -7.8624
 62.5427 -7.9435
 62.5348 -8.04285
 62.4766 -8.11735
 62.3781 -8.18085
 62.286 -8.28065
 62.1602 -8.37515
 62.0616 -8.3943
 62.0165 -8.411
 62.0429 -8.47285
 62.0735 -8.5994
 62.0686 -8.70705
 62.0686 -8.7576
 62.0877 -8.82205
 62.091 -8.91995
 62.0466 -8.86435
 61.9231 -8.8421
 61.83 -8.7877
 61.791 -8.75155
 61.7466 -8.7559
 61.72 -8.7547
165 114 4
 61.6902 -5.7033
 61.3419 -5.2979
 61.1293 -5.04295
 61.1231 -5.0362
166 149 4
 93.534 -3.42735
 94.3672 -2.88475
 94.5782 -2.6404
 94.5982 -2.628
166 115 4
 93.534 -3.42735
 92.7569 -3.90235
 92.6044 -4.0797
 92.5867 -4.0927
167 96 10
 66.1848 -44.0811
 66.487 -43.9417
 66.661 -43.9459
 66.7032 -43.9753
 66.7926 -43.8904
 66.9297 -43.7653
 66.9489 -43.8822
 67.0976 -43.993
 67.1489 -44.0266
 67.1511 -44.028
167 22 7
 66.1848 -44.0811
 65.8638 -44.2374
 65.6491 -44.2674
 65.588 -44.2047
 65.658 -44.3676
 65.7462 -44.4753
 65.7941 -44.4723
168 108 8
 59.3746 -52.7592
 58.8699 -51.908
 58.9672 -51.4603
 59.1231 -50.9688
 59.2091 -50.8258
 59.3121 -50.6607
 59.2132 -50.4478
 59.0812 -50.3802
168 54 3
 59.3746 -52.7592
 59.8381 -53.546
 59.8393 -53.5611
169 71 24
 40.6729 -80.225
 40.1699 -80.2324
 39.6673 -80.313
 38.9958 -80.4093
 38.4534 -80.5755
 38.1253 -80.5218
 37.9009 -80.4406
 37.6179 -80.5462
 37.2111 -80.6289
 36.9985 -80.6648
 36.8241 -80.8186
 36.6657 -80.8999
 36.6234 -80.7614
 36.59 -80.6693
 36.5972 -80.7193
 36.486 -80.8201
 36.4121 -80.8979
 36.3853 -80.8893
 36.3008 -80.8791
 36.248 -80.8923
 36.252 -80.9567
 36.2041 -80.9791
 36.1516 -80.9437
 36.1408 -80.9412
169 13 4
 40.6729 -80.225
 41.1552 -79.5215
 41.4224 -78.7248
 41.4548 -78.6931
170 46 6
 74.4846 -90.1156
 72.1512 -87.7758
 71.927 -87.819
 71.5141 -87.5069
 71.2283 -87.1988
 71.2151 -87.1915
170 30 3
 74.4846 -90.1156
 76.8927 -92.5272
 77.051 -92.5444
171 59 10
 88.1888 -49.6837
 85.9083 -50.4268
 85.8903 -51.0695
 85.5761 -50.7189
 85.1064 -50.876
 84.4702 -51.0188
 83.58 -51.2084
 82.5102 -52.0014
 81.9687 -52.7298
 81.942 -52.8057
171 66 3
 88.1888 -49.6837
 90.5155 -49.1403
 90.7253 -49.1113
172 67 8
 39.2939 -42.2676
 38.9993 -43.0565
 38.9524 -43.2589
 38.9557 -43.3306
 38.4459 -43.3801
 37.7994 -43.6306
 37.6194 -43.9228
 37.5671 -43.9464
172 62 15
 39.2939 -42.2676
 39.4666 -41.44
 39.2687 -41.1152
 39.697 -40.9435
 40.0461 -40.6824
 40.5301 -40.6236
 41.0322 -40.8139
 41.4181 -40.6359
 41.9155 -40.6981
 41.9754 -40.6993
 42.8859 -40.6243
 43.9318 -40.5393
 44.1171 -40.4002
 44.1437 -40.2543
 44.1252 -40.2464
173 52 17
 58.3176 -13.8174
 59.066 -12.6089
 58.5264 -11.166
 57.8579 -10.2247
 57.992 -9.8246
 58.2778 -9.38175
 58.3893 -9.3677
 59.1088 -9.53055
 59.9526 -9.7726
 60.1787 -9.9068
 60.6057 -9.69865
 61.1005 -9.3822
 61.367 -9.1776
 61.5469 -8.9725
 61.6505 -8.812
 61.7173 -8.76205
 61.72 -8.7547
173 0 21
 58.3176 -13.8174
 57.0425 -14.9173
 56.4508 -15.3638
 55.7869 -15.6072
 55.0634 -16.1066
 55.1676 -16.8908
 55.3875 -17.3999
 55.4609 -17.9239
 55.5271 -18.5477
 55.0354 -18.6105
 54.4051 -18.6112
 53.6676 -18.784
 52.8842 -19.045
 52.6801 -19.2783
 52.4451 -18.555
 51.7523 -17.9556
 51.3272 -17.808
 50.6797 -17.5816
 49.8947 -17.1105
 49.7261 -17.042
 49.68 -17.0542
174 104 25
 64.2486 25.941
 63.2891 24.6739
 62.0765 22.9833
 61.0453 22.7164
 60.8708 22.7201
 61.0261 22.6329
 61.0635 22.3349
 60.4802 21.6943
 59.9133 21.2315
 59.7245 21.1929
 60.0293 20.9541
 60.4795 20.6033
 60.916 20.355
 61.2053 20.2214
 61.3493 20.0807
 61.5618 20.1247
 61.9666 19.894
 62.1793 19.3586
 62.1278 19.1497
 62.1898 18.9267
 62.3633 18.6707
 62.3568 18.5811
 62.0547 18.034
 61.9021 17.5102
 61.9307 17.4928
174 64 5
 64.2486 25.941
 65.4928 26.3237
 66.1049 27.2436
 66.2353 27.7276
 66.3775 27.7461
175 111 8
 76.6319 -20.2632
 76.9857 -19.0335
 77.3181 -18.4979
 77.4483 -18.3012
 77.1519 -17.8709
 77.1114 -17.024
 77.3876 -16.4551
 77.3693 -16.4206
175 10 8
 76.6319 -20.2632
 76.9247 -21.1902
 77.0681 -21.5083
 76.9971 -22.1719
 77.3459 -22.7057
 77.4962 -22.8051
 77.4975 -22.905
 77.5058 -22.94
176 137 12
 75.4044 -8.26865
 76.5919 -8.11935
 76.9526 -7.4327
 77.1022 -7.3882
 77.4708 -7.1568
 77.7475 -6.8827
 77.8212 -6.8046
 77.464 -6.68715
 76.8862 -6.2483
 76.2784 -5.6235
 75.824 -5.34515
 75.7397 -5.3763
176 141 12
 75.4044 -8.26865
 74.6381 -7.37415
 74.1987 -7.0656
 73.4867 -7.2158
 72.7664 -6.934
 71.8834 -6.67775
 71.3618 -6.5108
 71.0104 -5.82375
 70.6792 -5.34265
 70.5878 -5.2306
 70.6208 -5.1299
 70.6175 -5.0683
177 150 19
 64.3766 -20.388
 63.926 -19.3482
 63.8908 -19.3218
 64.045 -18.7543
 64.276 -17.7106
 63.9107 -16.7256
 63.4518 -16.1521
 63.461 -15.5547
 63.5729 -14.9348
 63.6671 -14.7596
 63.4913 -14.359
 63.2622 -13.5991
 63.1877 -12.8378
 63.1768 -12.4155
 63.1461 -12.2513
 63.1205 -12.1879
 63.1656 -12.0653
 63.2354 -11.926
 63.2427 -11.9081
177 3 7
 64.3766 -20.388
 65.2641 -21.3941
 65.7943 -21.601
 66.2251 -22.3493
 66.7203 -22.9151
 66.7877 -22.9831
 66.7738 -23.0125
178 35 10
 18.7614 -75.8299
 18.5668 -76.9153
 18.8916 -77.4596
 19.0489 -78.1564
 18.9897 -78.4207
 19.9235 -78.2825
 20.7724 -77.888
 20.8939 -77.689
 20.9995 -77.6516
 21.0258 -77.6409
178 127 4
 18.7614 -75.8299
 18.9672 -73.9282
 18.9996 -72.9896
 19.0021 -72.8954
179 71 37
 23.8132 -78.3597
 24.7286 -78.0881
 24.7446 -78.8215
 25.4226 -78.5876
 26.3635 -78.9399
 26.8461 -79.0461
 26.98 -78.9678
 27.3004 -78.6485
 28.009 -78.5256
 28.548 -78.7571
 28.8811 -79.0312
 29.2038 -79.2242
 29.5535 -79.382
 29.9606 -79.5114
 30.0993 -79.5274
 30.9748 -79.8914
 31.9337 -80.2378
 32.1632 -80.1453
 32.4211 -79.8781
 32.6077 -79.7067
 32.6469 -79.6847
 32.846 -79.7016
 33.1705 -79.9909
 33.5438 -80.1775
 33.958 -80.1752
 34.2155 -80.2822
 34.3647 -80.396
 34.7589 -80.5753
 35.1105 -80.6391
 35.2307 -80.6913
 35.5385 -80.6917
 35.8601 -80.5773
 35.9911 -80.5953
 36.0308 -80.7132
 36.1208 -80.8462
 36.1718 -80.9258
 36.1408 -80.9412
179 35 7
 23.8132 -78.3597
 22.6617 -78.6536
 22.1957 -78.3951
 21.8925 -78.093
 21.3545 -77.6933
 21.0658 -77.6167
 21.0258 -77.6409
180 138 20
 37.9154 -47.3597
 36.7518 -47.2942
 35.9298 -46.5798
 35.2189 -45.845
 34.737 -46.0741
 34.3249 -46.3616
 34.3768 -46.5581
 33.9442 -46.1912
 33.2926 -45.9826
 32.7195 -46.1543
 31.8917 -46.6091
 31.0504 -46.972
 30.4206 -47.4198
 30.1075 -47.865
 30.041 -47.8542
 29.7222 -47.882
 28.9781 -47.73
 28.3438 -47.4596
 28.1721 -47.4042
 28.1537 -47.4356
180 155 8
 37.9154 -47.3597
 38.952 -47.4753
 39.1145 -47.4815
 39.3468 -47.4049
 39.4502 -47.2399
 39.4562 -47.1489
 39.4601 -47.0917
 39.4496 -47.0773
181 1 15
 25.0679 -15.2712
 23.9341 -14.8869
 23.5772 -14.5414
 23.3582 -13.9545
 23.7702 -12.9946
 23.8885 -12.2067
 23.3319 -11.7954
 22.5457 -11.5768
 21.6621 -11.0283
 21.4479 -10.472
 21.3398 -10.4336
 21.1576 -10.3751
 21.0444 -10.3173
 21.0229 -10.2854
 21.0153 -10.2777
181 121 5
 25.0679 -15.2712
 26.0215 -15.8381
 26.1954 -16.3872
 26.2499 -16.6437
 26.2598 -16.6634
182 44 3
 6.89495 -18.6839
 7.73115 -18.1493
 7.773 -18.1141
182 126 3
 6.89495 -18.6839
 6.09865 -19.1897
 6.0967 -19.196
183 97 55
 -5.7776 -22.9715
 -4.38595 -22.2342
 -3.9608 -22.1666
 -3.8086 -21.9025
 -3.7483 -21.6996
 -3.8143 -21.5436
 -4.01425 -21.3866
 -4.2222 -21.3107
 -4.35575 -21.3491
 -4.50215 -21.2768
 -4.55735 -20.7589
 -4.5647 -19.9555
 -4.4156 -19.5619
 -4.18545 -19.5373
 -3.89865 -19.3099
 -3.7658 -18.9058
 -4.05805 -18.51
 -4.31445 -18.0597
 -4.3313 -17.68
 -4.28605 -17.299
 -4.41925 -17.062
 -4.64055 -17.0247
 -4.7248 -16.8776
 -4.76325 -16.6747
 -4.8476 -16.5488
 -4.8935 -16.2962
 -4.8949 -15.7891
 -4.96175 -15.433
 -5.2629 -15.3225
 -5.49875 -15.242
 -5.5373 -15.1972
 -5.5572 -15.16
 -5.4021 -15.0516
 -5.1801 -14.8734
 -4.9178 -14.3331
 -4.7261 -13.8423
 -4.6272 -13.7629
 -4.7705 -13.7926
 -4.85785 -13.7003
 -5.27505 -13.4626
 -5.6586 -13.326
 -5.7331 -13.2514
 -5.8694 -13.0711
 -6.0401 -12.7396
 -6.12885 -12.414
 -6.1606 -12.2108
 -6.20355 -12.077
 -6.5954 -12.0438
 -6.97865 -12.0381
 -7.45 -12.0009
 -7.9668 -11.6768
 -8.50135 -11.5307
 -9.18845 -11.687
 -9.45815 -11.6797
 -9.5298 -11.6396
183 48 6
 -5.7776 -22.9715
 -7.13675 -23.7523
 -7.71315 -23.5876
 -8.06295 -23.4922
 -8.1979 -23.4473
 -8.264 -23.3941
184 40 33
 6.108 -11.8587
 6.30305 -10.4565
 6.3098 -9.8581
 6.11075 -8.2191
 5.76105 -6.52455
 5.51235 -6.19525
 5.56285 -5.55555
 5.27605 -4.856
 4.67455 -4.9433
 4.49295 -4.1442
 3.8124 -3.4799
 3.75355 -3.3306
 4.06655 -2.90565
 4.49625 -2.6436
 4.45615 -2.412
 4.23155 -1.30485
 4.3138 -0.47345
 4.28155 -0.36965
 4.2217 -0.2875
 3.87205 -0.2238
 3.3838 -0.2759
 3.18945 -0.21285
 3.02785 -0.1481
 2.9847 -0.4378
 2.6502 -0.6374
 2.18195 -0.67855
 2.00015 -0.5782
 1.7484 -0.56165
 1.5696 -0.56945
 1.46715 -0.54945
 1.42155 -0.66725
 1.4482 -0.7325
 1.4671 -0.7532
184 109 5
 6.108 -11.8587
 6.7092 -13.1554
 7.53675 -13.4616
 7.7596 -13.5083
 7.8042 -13.5078
185 49 25
 -3.64715 -2.4783
 -4.1992 -2.5508
 -4.8434 -2.90295
 -5.17625 -2.9833
 -5.2881 -3.0032
 -5.44805 -3.17245
 -5.63155 -3.26945
 -5.72645 -3.168
 -5.8633 -3.06685
 -6.0152 -3.0288
 -6.0506 -2.95205
 -6.0623 -2.8636
 -6.17625 -2.8086
 -6.2826 -2.8003
 -6.3038 -2.76995
 -6.3611 -2.7935
 -6.4438 -2.8084
 -6.4995 -2.85505
 -6.5405 -2.88305
 -6.5274 -2.9261
 -6.4973 -2.9785
 -6.49565 -3.0032
 -6.53765 -3.05535
 -6.54765 -3.1015
 -6.5431 -3.1119
185 40 36
 -3.64715 -2.4783
 -3.0531 -2.4864
 -2.5603 -2.4146
 -2.2257 -2.4211
 -1.75055 -2.42175
 -1.53705 -2.4756
 -1.4081 -2.5182
 -1.28735 -2.58025
 -1.258 -2.59435
 -1.17195 -2.6114
 -1.0769 -2.60395
 -0.98885 -2.3337
 -0.71205 -2.18735
 -0.4654 -2.2928
 -0.4274 -2.3979
 -0.13005 -2.7225
 0.2211 -2.96965
 0.39405 -2.8752
 0.52905 -2.6302
 0.51715 -2.4354
 0.38615 -2.33315
 0.5672 -2.31135
 0.72335 -2.21995
 0.8154 -2.1585
 0.65605 -2.04685
 0.48345 -1.6805
 0.57395 -1.34065
 0.67435 -1.25845
 0.6998 -1.23535
 0.8198 -1.06245
 0.93565 -0.8649
 1.038 -0.8635
 1.24225 -0.8934
 1.39215 -0.837
 1.45505 -0.76415
 1.4671 -0.7532
186 6 24
 2.0665 2.63465
 1.70045 3.0946
 1.6499 3.4106
 1.6689 3.51825
 1.62145 3.8566
 1.4996 4.22145
 1.4302 4.43135
 1.3311 4.5242
 1.17095 4.44835
 0.99985 4.4615
 0.7669 4.44615
 0.5761 4.3584
 0.4713 4.3919
 0.3167 4.46015
 0.19255 4.5215
 0.16135 4.68155
 0.1666 4.82095
 0.17425 4.9245
 0.1231 5.05645
 0.0277 5.1083
 -0.02375 5.164
 -0.03775 5.2055
 -0.0367 5.2376
 -0.0274 5.2678
186 40 39
 2.0665 2.63465
 2.44475 2.33805
 2.6081 2.197
 2.81835 2.17965
 3.0004 2.39645
 3.3989 2.63085
 4.13175 2.4053
 4.41195 1.9419
 4.28495 1.69085
 4.174 1.59935
 4.0474 1.5417
 4.04105 1.45385
 4.0727 1.3532
 4.13135 1.3099
 4.14005 1.2735
 4.0593 1.26735
 3.9694 1.22325
 3.9206 1.1487
 3.88645 1.0001
 3.91485 0.8767
 4.04415 0.74915
 4.34705 0.29715
 4.39885 -0.15865
 4.28155 -0.36965
 4.2217 -0.2875
 3.87205 -0.2238
 3.3838 -0.2759
 3.18945 -0.21285
 3.02785 -0.1481
 2.9847 -0.4378
 2.6502 -0.6374
 2.18195 -0.67855
 2.00015 -0.5782
 1.7484 -0.56165
 1.5696 -0.56945
 1.46715 -0.54945
 1.42155 -0.66725
 1.4482 -0.7325
 1.4671 -0.7532
187 9 21
 -8.5167 7.89275
 -7.84185 8.7605
 -6.7235 9.94165
 -5.9172 10.5465
 -5.78225 11.3073
 -5.5594 10.7086
 -5.40215 10.4532
 -4.36385 10.4819
 -3.2098 10.4788
 -2.6009 10.166
 -2.04045 9.99105
 -1.724 9.3165
 -2.46105 8.59425
 -2.67445 7.7281
 -1.7486 6.78725
 -1.55675 6.6172
 -1.49505 6.6259
 -1.332 6.5274
 -0.92015 6.4926
 -0.62585 6.59
 -0.6196 6.5983
187 58 9
 -8.5167 7.89275
 -9.36585 8.14955
 -10.0726 8.3897
 -11.0433 8.19775
 -11.8759 8.48475
 -11.7337 9.0366
 -11.7318 9.1567
 -11.7456 9.2245
 -11.7534 9.2726
188 78 6
 7.8229 9.78225
 7.43695 10.3608
 7.2008 10.5044
 7.1498 10.5651
 7.1113 10.6006
 7.1026 10.6321
188 39 5
 7.8229 9.78225
 8.0502 9.0213
 8.10155 8.69955
 8.09895 8.63505
 8.1013 8.6228
189 80 31
 19.1529 17.4809
 19.6468 18.4875
 20.0587 18.7552
 21.0634 19.1086
 21.9539 19.214
 22.2725 19.2269
 22.4822 19.2873
 22.7821 19.2425
 23.0385 19.153
 23.2551 18.7783
 23.7076 17.7222
 24.3233 17.4114
 24.5534 17.8685
 24.6282 18.1264
 25.1176 18.9545
 25.5993 19.7355
 26.0947 19.849
 26.6011 19.6155
 26.801 19.7171
 27.2451 20.2402
 28.1693 20.6924
 29.0093 20.9632
 29.4165 20.9225
 29.7066 20.9505
 30.1777 20.8282
 30.6674 20.6794
 31.1868 21.0188
 31.9709 21.5391
 32.4563 21.7934
 32.4832 21.8421
 32.4424 21.8605
189 105 6
 19.1529 17.4809
 18.7084 16.0377
 18.4523 16.77
 17.8382 17.2817
 17.5122 17.663
 17.5849 17.8222
190 128 8
 22.7624 33.3498
 24.8626 32.8171
 26.2891 33.2027
 27.1717 32.0349
 27.758 31.42
 27.9799 31.371
 28.1766 31.2291
 28.18 31.1809
190 38 4
 22.7624 33.3498
 21.5494 35.4077
 21.3074 36.0633
 21.2796 36.0874
191 128 4
 29.2454 28.5326
 28.3274 30.1964
 28.1771 31.0862
 28.18 31.1809
191 63 5
 29.2454 28.5326
 31.0654 28.0742
 32.2065 28.4399
 32.343 28.3774
 32.3935 28.3596
192 41 10
 23.792 -10.8099
 23.7483 -9.9841
 24.4653 -9.7975
 25.2108 -9.56625
 26.0803 -9.59745
 26.9053 -9.61335
 26.9785 -9.55315
 27.0528 -9.63505
 27.0882 -9.69485
 27.1013 -9.7003
192 1 10
 23.792 -10.8099
 23.5568 -11.5953
 22.5457 -11.5768
 21.6621 -11.0283
 21.4479 -10.472
 21.3398 -10.4336
 21.1576 -10.3751
 21.0444 -10.3173
 21.0229 -10.2854
 21.0153 -10.2777
193 1 10
 22.4228 -11.9685
 23.2606 -11.7705
 22.5457 -11.5768
 21.6621 -11.0283
 21.4479 -10.472
 21.3398 -10.4336
 21.1576 -10.3751
 21.0444 -10.3173
 21.0229 -10.2854
 21.0153 -10.2777
193 61 7
 22.4228 -11.9685
 21.0595 -12.3146
 20.426 -12.9528
 20.194 -13.4258
 20.0849 -13.6017
 19.9837 -13.6112
 19.888 -13.6156
194 93 13
 41.0751 -25.173
 39.3388 -25.4101
 38.9681 -26.1573
 38.6924 -27.0405
 37.7423 -27.3549
 36.0295 -27.8424
 35.1498 -27.6922
 35.5621 -28.9122
 34.3064 -30.5089
 32.8833 -31.4485
 32.7973 -32.1924
 32.8054 -32.9419
 32.9429 -33.0629
194 144 4
 41.0751 -25.173
 42.9698 -25.0066
 43.214 -25.1058
 43.2895 -25.1224
195 75 4
 57.8942 -25.7212
 57.9827 -25.0526
 58.0404 -24.9725
 58.0516 -24.9467
195 47 3
 57.8942 -25.7212
 57.9236 -26.3805
 57.9949 -26.4254
196 106 8
 58.1787 -0.713
 57.3238 -0.1532
 56.6227 0.2514
 56.3437 0.4572
 56.0581 0.51695
 56.1038 0.22935
 56.0868 -0.0283
 56.0565 -0.0711
196 114 13
 58.1787 -0.713
 58.2607 -1.72295
 58.5198 -2.8555
 58.9325 -3.57585
 59.0306 -3.7315
 59.4765 -3.50535
 60.0943 -3.45245
 60.3663 -3.9758
 60.5013 -4.53225
 60.7348 -4.8394
 60.9808 -5.0225
 61.0965 -5.03645
 61.1231 -5.0362
197 146 10
 52.833 0.5526
 51.9852 0.9794
 51.8201 1.0437
 51.8769 1.40065
 52.3475 2.2591
 52.8344 2.804
 52.9338 2.89955
 52.8666 3.14015
 52.7432 3.3083
 52.7114 3.3273
197 106 12
 52.833 0.5526
 53.7603 0.30235
 53.9317 -0.11095
 53.9741 -0.74255
 54.3101 -0.9914
 54.5821 -1.04395
 55.1116 -0.82145
 55.5998 -0.6021
 55.6563 -0.34935
 55.865 -0.1544
 56.0409 -0.07845
 56.0565 -0.0711
198 146 7
 53.795 3.28975
 53.3559 2.987
 53.0721 2.8629
 52.9338 2.89955
 52.8666 3.14015
 52.7432 3.3083
 52.7114 3.3273
198 56 3
 53.795 3.28975
 54.1809 3.53635
 54.2491 3.5495
199 56 3
 54.6868 4.14485
 54.3081 3.6426
 54.2491 3.5495
199 152 4
 54.6868 4.14485
 54.9813 4.6147
 54.9372 4.72665
 54.9182 4.7779
200 140 21
 47.4322 5.22
 47.0542 4.2606
 46.6788 3.6241
 46.2338 3.3651
 45.6673 3.47045
 44.6626 3.45675
 43.8758 3.41085
 43.141 3.6555
 42.5369 3.9611
 42.4333 4.00945
 42.251 4.15495
 41.868 4.3091
 41.1491 4.21315
 40.1469 4.05035
 39.2118 3.714
 38.3049 2.99765
 37.0057 2.55025
 36.1017 2.49825
 35.9975 2.5235
 35.9438 2.6047
 35.9205 2.6281
200 146 12
 47.4322 5.22
 48.1892 5.6158
 48.8636 4.78
 49.527 4.43655
 50.0294 4.78465
 50.25 3.83675
 50.7221 2.92085
 51.1839 2.88425
 51.983 3.19855
 52.586 3.3962
 52.694 3.33805
 52.7114 3.3273
201 88 7
 51.1182 10.1602
 52.0474 10.2134
 52.6338 10.049
 53.8269 9.763
 54.5266 9.46795
 54.5389 9.383
 54.529 9.3472
201 146 19
 51.1182 10.1602
 49.9572 10.3879
 48.9933 10.4198
 47.9464 9.812
 47.3795 9.42655
 47.5689 8.4614
 47.9599 6.96995
 47.8663 6.09525
 48.1892 5.6158
 48.8636 4.78
 49.527 4.43655
 50.0294 4.78465
 50.25 3.83675
 50.7221 2.92085
 51.1839 2.88425
 51.983 3.19855
 52.586 3.3962
 52.694 3.33805
 52.7114 3.3273
202 82 10
 62.8311 16.9845
 63.7641 16.9771
 63.9479 17.1782
 64.0784 17.0714
 64.1474 17.0317
 64.2589 17.1091
 64.3608 17.1827
 64.4068 17.1726
 64.4615 17.097
 64.4856 17.0626
202 104 3
 62.8311 16.9845
 61.963 17.359
 61.9307 17.4928
203 53 14
 68.5498 0.99855
 68.3985 1.8809
 68.5886 2.307
 68.675 3.15425
 68.4185 3.95335
 68.2901 4.2281
 68.1882 4.4014
 67.9807 4.7104
 68.1568 4.95125
 68.3962 5.28285
 68.4216 5.5645
 68.5415 5.5683
 68.6001 5.5086
 68.6069 5.4939
203 51 4
 68.5498 0.99855
 68.7489 -0.08025
 68.8459 -0.44715
 68.8699 -0.508
204 53 7
 71.3696 7.2371
 69.8676 6.47135
 68.6035 5.7951
 68.5097 5.64945
 68.5415 5.5683
 68.6001 5.5086
 68.6069 5.4939
204 29 14
 71.3696 7.2371
 72.2285 8.11455
 72.7841 8.8276
 73.3088 8.74405
 73.9297 8.6996
 74.111 8.6726
 74.5041 8.93435
 74.9329 9.4
 75.0068 9.57745
 74.7375 10.7643
 73.9178 12.3477
 73.3153 12.9552
 73.2713 13.0959
 73.2411 13.0999
205 4 12
 87.2497 7.72225
 87.132 6.15875
 86.5265 5.69215
 86.2244 5.7705
 85.8395 5.8292
 85.203 5.9716
 84.5143 6.0057
 83.7011 6.01955
 82.9603 6.075
 82.5984 5.9946
 82.3569 5.88985
 82.3374 5.8211
205 55 5
 87.2497 7.72225
 86.6386 8.89575
 85.9085 9.939
 85.23 11.0289
 85.2353 11.1102
206 103 21
 84.1661 -11.6844
 84.1992 -12.0243
 84.451 -12.7505
 84.8056 -13.5426
 84.6406 -14.3208
 84.4003 -14.9086
 84.2892 -15.0597
 83.6805 -15.6171
 83.0807 -16.1187
 82.9759 -16.2059
 82.9231 -16.2499
 82.8985 -16.2864
 83.0248 -16.4861
 83.215 -16.7038
 83.4288 -16.8703
 83.5623 -17.0061
 83.5861 -16.9767
 83.6992 -16.9515
 83.8837 -16.9209
 84.0201 -16.8734
 84.0601 -16.8667
206 125 8
 84.1661 -11.6844
 84.117 -11.486
 84.1356 -11.4086
 83.9919 -11.1824
 83.8324 -11.0111
 83.7356 -10.3479
 83.6564 -9.63945
 83.6549 -9.5891
207 125 8
 82.0158 -11.8054
 82.5022 -11.5524
 82.8924 -11.0765
 83.2176 -10.2833
 83.235 -9.57235
 83.3438 -9.55935
 83.5895 -9.59465
 83.6549 -9.5891
207 90 7
 82.0158 -11.8054
 81.5975 -11.4075
 81.9789 -12.1396
 82.3221 -12.9559
 81.7157 -13.4183
 81.0319 -13.5173
 81.0024 -13.5492
208 156 22
 72.4344 -10.8155
 72.0385 -10.8352
 71.6783 -10.8527
 71.5564 -10.816
 71.4454 -10.7582
 71.3723 -10.7211
 71.2776 -10.6209
 71.0948 -10.6332
 70.6468 -10.6767
 70.3205 -10.615
 70.1422 -10.436
 69.9335 -10.1005
 69.8378 -9.65125
 69.7736 -9.3679
 69.7346 -9.2945
 69.4585 -9.08305
 69.0977 -8.9449
 68.9133 -8.8329
 68.6779 -8.59225
 68.5424 -8.44815
 68.6693 -8.4268
 68.7639 -8.4171
208 136 9
 72.4344 -10.8155
 72.7655 -11.0029
 73.2211 -11.137
 73.5689 -11.4288
 73.7921 -11.7859
 74.5061 -12.0236
 75.2496 -12.204
 75.3599 -12.1521
 75.3625 -12.1445
209 79 21
 75.3193 -52.831
 74.4059 -53.0676
 73.7713 -53.1459
 73.8035 -53.4915
 73.8336 -53.8979
 73.9013 -54.0423
 74.5198 -54.1153
 75.1527 -54.4049
 75.0687 -54.7039
 75.1667 -55.2239
 75.257 -55.8572
 75.3086 -56.1185
 75.5258 -56.2663
 75.4507 -56.4536
 74.9119 -56.8225
 74.3703 -57.3227
 74.2123 -57.6376
 74.1452 -57.7169
 74.0732 -57.6759
 74.0036 -57.6597
 73.9845 -57.6789
209 83 6
 75.3193 -52.831
 75.8865 -52.8761
 76.1454 -52.9465
 76.5975 -53.1312
 77.0425 -53.3626
 77.0511 -53.3659
210 96 15
 69.4504 -42.1105
 68.5035 -42.4897
 68.2691 -42.56
 68.1601 -42.6199
 68.2241 -42.8545
 68.2433 -43.1083
 68.1942 -43.2374
 68.1225 -43.3001
 67.9377 -43.4646
 67.7729 -43.6758
 67.688 -43.7625
 67.4726 -43.8189
 67.2339 -43.9375
 67.1489 -44.0266
 67.1511 -44.028
210 27 6
 69.4504 -42.1105
 70.4187 -41.8792
 70.8771 -41.8633
 71.3986 -41.5159
 71.5657 -41.1644
 71.5488 -41.0687
211 148 27
 71.9314 -29.4205
 71.532 -28.8228
 71.1084 -28.1925
 70.9852 -27.6156
 70.977 -27.2125
 70.8945 -26.9579
 70.8733 -26.9172
 70.2147 -26.7192
 69.5459 -26.548
 69.3604 -26.3435
 68.9378 -26.0448
 68.5732 -26.1695
 68.4849 -26.4195
 68.4825 -26.5096
 68.3791 -26.5173
 68.129 -26.4002
 67.9313 -26.4103
 68.0594 -26.1566
 68.006 -25.866
 67.7823 -25.379
 67.8393 -24.5751
 68.0286 -24.1271
 67.8645 -24.085
 67.6543 -24.0352
 67.4373 -23.9812
 67.3129 -23.9221
 67.2991 -23.9151
211 142 11
 71.9314 -29.4205
 72.2766 -30.4522
 72.4512 -31.1997
 72.2578 -31.5915
 71.2065 -32.2578
 70.0864 -32.6041
 69.6152 -32.4538
 69.2666 -32.3137
 69.0257 -32.3862
 68.914 -32.5065
 68.9112 -32.5511
212 133 14
 45.7966 -27.8496
 45.5078 -29.4277
 45.0037 -30.269
 44.5222 -30.8515
 44.122 -31.1672
 43.8533 -31.6585
 43.7166 -31.7625
 42.9622 -31.4527
 42.0892 -31.3693
 41.4684 -31.6409
 41.1643 -31.7806
 40.8676 -31.6816
 40.5313 -31.5177
 40.4713 -31.456
212 144 6
 45.7966 -27.8496
 46.6499 -26.0268
 46.3954 -25.3616
 44.4131 -25.227
 43.3057 -25.1782
 43.2895 -25.1224
213 19 16
 46.5895 -39.0268
 47.3592 -38.7181
 47.6603 -38.6673
 48.4055 -38.5097
 48.8811 -38.3134
 49.063 -38.1873
 49.1866 -37.8345
 49.3253 -37.0447
 49.6717 -36.5272
 49.9165 -36.4191
 49.903 -36.4025
 49.8641 -35.6553
 49.4886 -35.0457
 48.9907 -34.6677
 48.7713 -34.2647
 48.7797 -34.2561
213 62 6
 46.5895 -39.0268
 45.278 -39.5778
 44.6188 -39.8569
 44.3399 -40.0578
 44.1437 -40.2543
 44.1252 -40.2464
214 62 15
 49.9452 -45.2774
 49.0027 -44.4184
 48.2115 -44.028
 47.655 -43.8308
 47.3991 -43.7395
 46.5543 -42.6267
 45.4791 -41.4348
 45.1046 -41.4245
 45.097 -41.4249
 44.9714 -41.2451
 44.6362 -40.8403
 44.2531 -40.5737
 44.1171 -40.4002
 44.1437 -40.2543
 44.1252 -40.2464
214 102 4
 49.9452 -45.2774
 50.5891 -45.7899
 50.768 -45.8033
 50.8841 -45.8163
215 20 26
 47.2374 -57.1988
 45.6067 -56.7128
 44.9919 -56.3222
 44.5036 -56.0599
 44.0145 -56.0475
 43.8258 -55.933
 43.7409 -55.9171
 43.6613 -56.0199
 43.5942 -56.0896
 43.4528 -56.293
 43.2686 -56.4706
 43.1772 -56.4971
 43.1648 -56.5733
 43.1743 -56.5902
 43.1067 -56.5987
 43.0062 -56.63
 42.9797 -56.6892
 42.9749 -56.7305
 42.9375 -56.7271
 42.8693 -56.7033
 42.6908 -56.7472
 42.5716 -56.828
 42.5165 -56.8743
 42.4506 -56.8027
 42.4611 -56.686
 42.4687 -56.6666
215 2 8
 47.2374 -57.1988
 48.7737 -57.6523
 49.2348 -57.4547
 49.3469 -57.1936
 49.4568 -57.181
 49.5652 -57.1611
 49.6219 -57.1386
 49.6475 -57.1506
216 2 9
 52.1446 -57.1096
 51.5123 -57.0965
 51.2334 -57.104
 51.1835 -57.1229
 50.8435 -57.0479
 50.2813 -57.0606
 49.8758 -57.1531
 49.6771 -57.1516
 49.6475 -57.1506
216 87 12
 52.1446 -57.1096
 52.9119 -56.8926
 53.9539 -57.3961
 54.9419 -58.357
 55.2849 -58.5994
 55.3588 -58.4388
 55.4779 -58.1869
 55.5678 -58.1171
 55.7036 -58.1888
 55.8423 -58.2601
 55.9076 -58.2983
 55.944 -58.3242
217 20 54
 42.219 -71.1041
 40.9128 -70.8361
 40.3949 -70.9086
 40.4542 -70.7783
 40.6665 -69.9193
 40.5317 -69.0545
 39.9295 -68.369
 39.1035 -68.1788
 37.8003 -68.3651
 36.2971 -67.8067
 35.6224 -67.3805
 35.5753 -67.3031
 35.6219 -67.3661
 36.2509 -66.8616
 37.0881 -66.0002
 37.2048 -65.0663
 36.9225 -64.1215
 36.5009 -63.8672
 36.3289 -63.5391
 36.4166 -63.0255
 36.5614 -62.8812
 37.1063 -62.5115
 37.4519 -62.1143
 37.1086 -61.1486
 36.4585 -60.6552
 36.9128 -60.2695
 37.5796 -60.3015
 38.1772 -60.3269
 38.1842 -60.2463
 38.2312 -60.3818
 38.4658 -60.3002
 38.7108 -60.0788
 38.9137 -59.9157
 39.0663 -59.2566
 38.9105 -58.6761
 39.4894 -58.7304
 40.2058 -58.3984
 40.8036 -58.0912
 41.0225 -58.2129
 41.2814 -58.5757
 41.7912 -58.9128
 42.1024 -58.8467
 42.406 -58.7411
 42.6534 -58.7656
 42.5748 -58.6882
 42.4012 -58.3596
 42.1805 -57.9454
 42.1347 -57.7633
 42.1985 -57.3787
 42.3538 -56.965
 42.5165 -56.8743
 42.4506 -56.8027
 42.4611 -56.686
 42.4687 -56.6666
217 11 3
 42.219 -71.1041
 43.1654 -71.3923
 43.2791 -71.3779
218 50 22
 71.1434 -70.0522
 70.7298 -70.5433
 70.9894 -70.8088
 70.9953 -71.0205
 70.8674 -71.2218
 70.8132 -71.7785
 70.5366 -72.2891
 69.7574 -72.4011
 69.1249 -72.8466
 68.9403 -73.2218
 68.5591 -73.2882
 68.0455 -73.3806
 67.9551 -73.6433
 67.8595 -74.1917
 67.8572 -74.764
 68.0782 -75.2381
 68.1243 -75.5251
 68.1196 -75.6469
 68.0695 -75.7923
 68.0103 -75.9472
 67.9867 -76.0508
 67.9782 -76.0728
218 145 22
 71.1434 -70.0522
 72.1644 -69.6879
 72.6478 -69.3746
 72.5608 -68.8725
 72.3831 -68.5938
 72.4138 -68.0474
 72.6739 -67.0396
 72.8265 -66.4995
 73.2115 -66.6221
 73.828 -66.8768
 74.4464 -67.178
 74.815 -67.3475
 75.1998 -67.5672
 75.5504 -67.2363
 75.6377 -66.7596
 75.9116 -67.4247
 76.2166 -68.1842
 76.9867 -68.0524
 77.6098 -67.6998
 77.7113 -67.3919
 77.8515 -67.183
 77.858 -67.1754
219 79 13
 73.3024 -61.3324
 73.7684 -59.9987
 73.5762 -59.4016
 72.984 -58.8267
 72.6916 -58.5522
 72.7356 -58.4502
 72.8948 -58.3912
 73.2526 -58.2505
 73.5614 -57.9241
 73.6532 -57.6531
 73.8315 -57.6653
 73.9565 -57.7088
 73.9845 -57.6789
219 145 28
 73.3024 -61.3324
 73.0345 -63.0776
 72.7077 -63.7816
 72.073 -64.2803
 71.5849 -64.8429
 71.3615 -65.0432
 70.6772 -65.4356
 69.7883 -65.8963
 69.8107 -65.9994
 70.5732 -66.4753
 71.1248 -66.9759
 71.5797 -67.155
 72.3904 -66.8969
 72.8265 -66.4995
 73.2115 -66.6221
 73.828 -66.8768
 74.4464 -67.178
 74.815 -67.3475
 75.1998 -67.5672
 75.5504 -67.2363
 75.6377 -66.7596
 75.9116 -67.4247
 76.2166 -68.1842
 76.9867 -68.0524
 77.6098 -67.6998
 77.7113 -67.3919
 77.8515 -67.183
 77.858 -67.1754
220 79 16
 76.6919 -55.1034
 75.3844 -54.8918
 75.1527 -54.4049
 75.0687 -54.7039
 75.1667 -55.2239
 75.257 -55.8572
 75.3086 -56.1185
 75.5258 -56.2663
 75.4507 -56.4536
 74.9119 -56.8225
 74.3703 -57.3227
 74.2123 -57.6376
 74.1452 -57.7169
 74.0732 -57.6759
 74.0036 -57.6597
 73.9845 -57.6789
220 134 8
 76.6919 -55.1034
 77.9106 -55.06
 78.0846 -55.2155
 78.6928 -55.3878
 79.5221 -54.7789
 79.9236 -53.6771
 80.052 -53.192
 80.0703 -53.1619
221 122 6
 86.6938 -6.48955
 85.4554 -6.6408
 85.429 -6.66695
 85.296 -7.2002
 85.0966 -7.8215
 85.0321 -7.9187
221 65 6
 86.6938 -6.48955
 88.2822 -6.77475
 88.6376 -7.347
 88.577 -7.6161
 88.4991 -7.75185
 88.459 -7.7713
222 70 21
 61.1651 4.3258
 60.9917 4.04785
 60.9503 3.8511
 60.5978 3.6209
 60.149 3.49795
 59.8937 3.41265
 59.6913 3.2147
 59.6703 3.05415
 59.5998 2.99925
 59.3086 2.8951
 59.1217 2.6861
 59.0681 2.55055
 59.0685 2.45395
 59.1385 2.34865
 59.1938 2.31755
 59.1643 2.28005
 59.113 2.16995
 59.1156 2.05595
 59.1817 1.99225
 59.1925 1.9348
 59.1764 1.9106
222 132 7
 61.1651 4.3258
 61.7481 4.73655
 62.305 5.1557
 62.4891 5.3599
 62.6612 5.40535
 62.8013 5.40715
 62.8117 5.3805
223 53 25
 64.7225 7.98835
 65.7614 7.95375
 66.1721 8.12505
 66.2515 8.2262
 66.3492 8.2844
 66.4825 8.32925
 66.5491 8.1607
 66.7059 8.05605
 66.6732 7.992
 66.6301 7.5945
 66.7549 7.0251
 66.859 6.65425
 66.6357 6.41805
 67.0074 6.342
 67.2713 6.10415
 67.5533 5.9817
 67.7822 5.8956
 67.9646 5.94605
 68.0589 5.97885
 68.3046 5.9325
 68.5209 5.787
 68.4917 5.64855
 68.5415 5.5683
 68.6001 5.5086
 68.6069 5.4939
223 132 10
 64.7225 7.98835
 63.8188 7.9275
 63.7954 7.9727
 63.4548 7.5209
 63.1344 7.0659
 62.8006 6.22675
 62.573 5.509
 62.6612 5.40535
 62.8013 5.40715
 62.8117 5.3805
224 151 19
 8.14465 -81.8462
 9.48495 -81.8797
 10.167 -81.9353
 11.3452 -82.1799
 12.0772 -82.095
 12.6831 -82.1297
 13.2529 -82.5655
 13.4962 -83.3479
 13.5719 -82.4034
 13.959 -81.8314
 14.3414 -81.4213
 14.6948 -81.1772
 15.019 -81.0624
 15.6281 -80.953
 16.2304 -80.8154
 16.5068 -80.7307
 16.7883 -80.6486
 16.9471 -80.6152
 16.9855 -80.6198
224 120 20
 8.14465 -81.8462
 6.80855 -81.7796
 5.9999 -81.6621
 4.82085 -81.2117
 4.09835 -80.8575
 3.63565 -82.0493
 3.0696 -83.3564
 2.1172 -83.611
 0.40815 -84.2209
 -1.1135 -84.704
 -2.28285 -84.5408
 -2.8989 -83.7778
 -3.52425 -84.465
 -4.2339 -84.4388
 -4.50465 -84.2694
 -4.0499 -82.8728
 -3.5437 -81.2775
 -3.1154 -79.9424
 -2.6903 -78.8103
 -2.6174 -78.7741
225 153 9
 39.9724 -54.3274
 40.3159 -54.8228
 40.4379 -54.9463
 40.406 -55.0914
 40.3965 -55.1755
 40.3602 -55.2772
 40.4123 -55.4183
 40.4908 -55.4662
 40.4974 -55.4666
225 155 18
 39.9724 -54.3274
 39.45 -53.4585
 39.1255 -52.9651
 39.2819 -52.3366
 39.4477 -51.3375
 39.5089 -50.6946
 39.525 -50.3663
 39.6402 -49.8026
 39.7323 -49.0399
 39.6237 -48.6283
 39.4478 -48.0989
 39.2859 -47.5911
 39.1145 -47.4815
 39.3468 -47.4049
 39.4502 -47.2399
 39.4562 -47.1489
 39.4601 -47.0917
 39.4496 -47.0773
226 118 11
 30.3046 -36.9114
 29.8125 -39.1605
 29.2645 -40.0758
 29.4693 -40.712
 29.4846 -41.3486
 30.548 -41.5582
 32.2715 -41.6998
 33.202 -41.5274
 33.3502 -40.9766
 33.3614 -40.5011
 33.3071 -40.4917
226 98 7
 30.3046 -36.9114
 29.9642 -34.8354
 29.5007 -34.0569
 28.8642 -34.8855
 27.5541 -35.8077
 26.5082 -35.7937
 26.3169 -35.7417
227 49 25
 -6.64295 -1.2051
 -6.0733 -1.57115
 -5.7963 -1.72175
 -5.57465 -1.8654
 -5.4023 -2.0269
 -5.4834 -2.15035
 -5.6227 -2.29385
 -5.78195 -2.32475
 -5.87825 -2.3178
 -5.9482 -2.4298
 -6.0295 -2.53415
 -6.1194 -2.583
 -6.22125 -2.68455
 -6.2865 -2.74745
 -6.3038 -2.76995
 -6.3611 -2.7935
 -6.4438 -2.8084
 -6.4995 -2.85505
 -6.5405 -2.88305
 -6.5274 -2.9261
 -6.4973 -2.9785
 -6.49565 -3.0032
 -6.53765 -3.05535
 -6.54765 -3.1015
 -6.5431 -3.1119
227 143 5
 -6.64295 -1.2051
 -7.1811 -0.66365
 -7.46245 -0.283
 -7.48745 -0.1647
 -7.4581 -0.1247
228 40 33
 4.71735 2.34815
 4.41195 1.9419
 4.28495 1.69085
 4.174 1.59935
 4.0474 1.5417
 4.04105 1.45385
 4.0727 1.3532
 4.13135 1.3099
 4.14005 1.2735
 4.0593 1.26735
 3.9694 1.22325
 3.9206 1.1487
 3.88645 1.0001
 3.91485 0.8767
 4.04415 0.74915
 4.34705 0.29715
 4.39885 -0.15865
 4.28155 -0.36965
 4.2217 -0.2875
 3.87205 -0.2238
 3.3838 -0.2759
 3.18945 -0.21285
 3.02785 -0.1481
 2.9847 -0.4378
 2.6502 -0.6374
 2.18195 -0.67855
 2.00015 -0.5782
 1.7484 -0.56165
 1.5696 -0.56945
 1.46715 -0.54945
 1.42155 -0.66725
 1.4482 -0.7325
 1.4671 -0.7532
228 92 11
 4.71735 2.34815
 4.90295 2.56605
 4.9837 2.6267
 5.15185 2.75725
 5.3522 2.8835
 5.5556 2.8781
 5.7983 2.9263
 6.02325 3.12285
 6.13565 3.07665
 6.19515 2.8815
 6.2286 2.8449
229 92 24
 12.0308 4.9375
 10.8361 4.5014
 9.89185 4.364
 9.8086 4.41315
 9.457 4.33385
 8.52975 4.03545
 7.84895 3.84735
 7.46615 3.6788
 7.1699 3.53445
 7.02555 3.48385
 6.8386 3.3486
 6.786 3.1777
 6.81085 3.0742
 6.8359 3.0135
 6.75295 2.97195
 6.61045 2.93825
 6.5314 2.9138
 6.47605 2.875
 6.4586 2.78485
 6.43645 2.66595
 6.3575 2.59415
 6.3438 2.69895
 6.29825 2.82185
 6.2286 2.8449
229 18 6
 12.0308 4.9375
 12.4678 5.4132
 12.5935 5.5741
 12.9639 5.88215
 13.3171 6.22375
 13.3131 6.2492
230 0 14
 55.1354 -22.5962
 53.8853 -22.2582
 53.5021 -21.1711
 53.4916 -20.3318
 52.9557 -19.5828
 52.6575 -19.3792
 52.6801 -19.2783
 52.4451 -18.555
 51.7523 -17.9556
 51.3272 -17.808
 50.6797 -17.5816
 49.8947 -17.1105
 49.7261 -17.042
 49.68 -17.0542
230 75 7
 55.1354 -22.5962
 56.3676 -22.0288
 57.2663 -21.737
 57.2865 -22.3053
 57.7667 -23.7532
 57.9986 -24.8762
 58.0516 -24.9467
231 34 7
 58.397 -28.1898
 59.0835 -28.9332
 59.1265 -29.1897
 59.1809 -29.3461
 59.2082 -29.4935
 59.2847 -29.6221
 59.351 -29.6699
231 47 6
 58.397 -28.1898
 57.5833 -27.6447
 57.3997 -27.6542
 57.6007 -26.9838
 57.9236 -26.3805
 57.9949 -26.4254
232 52 16
 62.5135 -10.6754
 62.5623 -10.1173
 62.3509 -9.996
 62.0598 -9.88765
 61.9766 -9.78765
 62.1083 -9.5383
 62.2233 -9.2448
 62.2174 -9.1112
 62.1566 -9.0143
 62.091 -8.91995
 62.0466 -8.86435
 61.9231 -8.8421
 61.83 -8.7877
 61.791 -8.75155
 61.7466 -8.7559
 61.72 -8.7547
232 150 13
 62.5135 -10.6754
 62.2208 -11.4208
 62.0982 -11.7353
 62.253 -11.8514
 62.3212 -11.9522
 62.3612 -12.0039
 62.4443 -12.043
 62.6686 -12.1388
 62.9604 -12.1972
 63.1205 -12.1879
 63.1656 -12.0653
 63.2354 -11.926
 63.2427 -11.9081
233 125 9
 84.256 -8.00505
 83.4822 -8.353
 83.0768 -8.5167
 82.4852 -8.74325
 83.0985 -8.74145
 83.3186 -9.2576
 83.3438 -9.55935
 83.5895 -9.59465
 83.6549 -9.5891
233 122 3
 84.256 -8.00505
 85.0049 -7.885
 85.0321 -7.9187
234 103 21
 78.4397 -16.4198
 79.4691 -16.4847
 80 -16.5427
 80.7029 -16.7346
 81.5137 -16.6784
 81.9061 -16.6137
 82.016 -16.6453
 82.3589 -16.4676
 82.6972 -16.2943
 82.7655 -16.2844
 82.845 -16.2721
 82.8985 -16.2864
 83.0248 -16.4861
 83.215 -16.7038
 83.4288 -16.8703
 83.5623 -17.0061
 83.5861 -16.9767
 83.6992 -16.9515
 83.8837 -16.9209
 84.0201 -16.8734
 84.0601 -16.8667
234 111 5
 78.4397 -16.4198
 77.7115 -16.2348
 77.5732 -16.2689
 77.4135 -16.3782
 77.3693 -16.4206
235 77 8
 70.4491 -19.4604
 69.7587 -19.9708
 69.4066 -20.2768
 69.2632 -20.2833
 69.1555 -20.3814
 69.0527 -20.4097
 68.9801 -20.3412
 68.9632 -20.3294
235 117 4
 70.4491 -19.4604
 70.8559 -18.7706
 71.0298 -18.1402
 71.0525 -17.9885
236 130 8
 88.0903 -27.3489
 87.6713 -28.8625
 87.1944 -29.8034
 87.0061 -29.9681
 86.8501 -30.1368
 86.8451 -30.3154
 86.7513 -30.6044
 86.6622 -30.7256
236 113 3
 88.0903 -27.3489
 88.1785 -26.6843
 88.2922 -26.5995
237 76 12
 58.0831 -41.5102
 58.4244 -40.1067
 58.4461 -39.5959
 59.2175 -39.421
 60.1407 -39.7142
 60.3315 -40.2122
 60.5839 -40.2661
 60.8886 -40.154
 61.2915 -40.7532
 62.119 -40.9339
 62.438 -40.5735
 62.4225 -40.5429
237 107 6
 58.0831 -41.5102
 57.8087 -42.5577
 56.7518 -42.6253
 55.8072 -42.3074
 55.8587 -41.7584
 55.8445 -41.7019
238 107 5
 56.461 -39.9016
 55.816 -41.0967
 55.7085 -41.4883
 55.8261 -41.6342
 55.8445 -41.7019
238 73 7
 56.461 -39.9016
 56.7948 -38.7241
 57.1157 -37.8405
 57.4861 -37.1971
 57.316 -37.056
 57.1903 -36.9581
 57.1796 -36.9457
239 23 3
 40.4627 -32.9841
 40.2047 -34.3876
 40.1553 -34.5848
239 133 4
 40.4627 -32.9841
 40.5738 -31.7374
 40.4738 -31.5765
 40.4713 -31.456
240 22 29
 62.5108 -49.8488
 63.7575 -49.2476
 64.303 -49.0564
 64.708 -49.1115
 65.172 -49.0059
 65.6587 -49.0861
 66.2276 -49.0844
 66.4855 -48.6694
 66.4899 -48.1047
 66.5495 -47.7214
 66.7325 -47.5491
 66.9996 -47.0763
 67.2354 -46.4947
 67.0855 -46.3268
 66.808 -46.2958
 66.7108 -46.1885
 66.6658 -46.0655
 66.6012 -46.0026
 66.5821 -45.9874
 66.5986 -45.8064
 66.4487 -45.667
 65.797 -45.6661
 65.2464 -45.6913
 65.2213 -45.5745
 65.4551 -45.0825
 65.6945 -44.7208
 65.7508 -44.6124
 65.7874 -44.5028
 65.7941 -44.4723
240 108 10
 62.5108 -49.8488
 61.4397 -49.9499
 60.7876 -50.2008
 60.3266 -50.6875
 60.0084 -50.6297
 59.5392 -50.6772
 59.2091 -50.8258
 59.3121 -50.6607
 59.2132 -50.4478
 59.0812 -50.3802
241 151 19
 11.0705 -80.0071
 10.2344 -81.4738
 10.167 -81.9353
 11.3452 -82.1799
 12.0772 -82.095
 12.6831 -82.1297
 13.2529 -82.5655
 13.4962 -83.3479
 13.5719 -82.4034
 13.959 -81.8314
 14.3414 -81.4213
 14.6948 -81.1772
 15.019 -81.0624
 15.6281 -80.953
 16.2304 -80.8154
 16.5068 -80.7307
 16.7883 -80.6486
 16.9471 -80.6152
 16.9855 -80.6198
241 7 6
 11.0705 -80.0071
 11.219 -78.9025
 12.0778 -78.6557
 12.9302 -78.4252
 12.979 -78.3659
 13.0094 -78.3198
242 119 25
 -10.5893 -68.6871
 -11.7972 -66.9343
 -9.82835 -66.3362
 -7.78905 -64.8335
 -6.9807 -64.1593
 -5.5243 -63.3428
 -3.09485 -62.5135
 -1.5819 -62.2776
 -2.39305 -61.3164
 -2.80355 -60.716
 -3.6057 -59.6516
 -4.7141 -58.4846
 -5.06415 -58.3306
 -5.29075 -58.2048
 -5.5438 -58.0787
 -5.6142 -57.9679
 -5.74215 -57.7169
 -5.90365 -56.9612
 -5.9584 -56.2502
 -5.95585 -56.1749
 -5.09325 -55.8518
 -4.14665 -55.5841
 -4.01005 -55.7415
 -3.9363 -55.7729
 -3.888 -55.7454
242 120 10
 -10.5893 -68.6871
 -9.65635 -70.5697
 -9.0133 -72.54
 -8.2067 -73.9174
 -7.6906 -74.295
 -6.83615 -74.3266
 -5.0491 -74.4803
 -3.2876 -76.5878
 -2.5543 -78.675
 -2.6174 -78.7741
243 86 9
 -8.2353 -50.0229
 -8.0213 -48.8584
 -8.12565 -48.1515
 -7.58765 -47.5359
 -6.76115 -46.6412
 -6.2932 -46.2118
 -5.8724 -45.8386
 -5.6331 -45.3703
 -5.6409 -45.3222
243 32 7
 -8.2353 -50.0229
 -8.85785 -51.1485
 -9.1454 -51.8935
 -9.4467 -52.0424
 -10.1072 -52.3493
 -10.6876 -52.8598
 -10.9197 -52.9379
244 154 7
 29.5641 -76.4554
 28.7868 -76.4952
 28.0352 -76.256
 27.651 -76.2405
 27.5327 -76.238
 27.4981 -76.2109
 27.5175 -76.1998
244 26 4
 29.5641 -76.4554
 29.9683 -76.113
 30.0765 -76.012
 30.1264 -76.0032
245 151 8
 19.1454 -78.7897
 18.7055 -79.3457
 17.8125 -80.0514
 17.3598 -80.5176
 17.23 -80.6006
 17.0904 -80.6228
 17.0187 -80.6066
 16.9855 -80.6198
245 35 7
 19.1454 -78.7897
 18.9897 -78.4207
 19.9235 -78.2825
 20.7724 -77.888
 20.8939 -77.689
 20.9995 -77.6516
 21.0258 -77.6409
246 12 11
 32.7982 -87.9943
 31.8857 -89.0001
 31.6413 -89.7591
 32.1779 -90.2515
 32.3193 -91.0345
 32.1992 -91.9519
 32.6796 -91.7989
 33.0129 -91.7699
 33.1561 -91.6828
 33.2752 -91.6296
 33.3363 -91.5986
246 74 16
 32.7982 -87.9943
 33.1471 -86.6086
 33.5125 -86.2551
 34.5126 -86.6384
 35.3445 -86.5823
 35.7255 -86.5469
 37.198 -87.4969
 38.4931 -88.0105
 38.8562 -87.6149
 40.2607 -87.9015
 41.5776 -88.2784
 42.3175 -87.8383
 42.9941 -87.2798
 42.5615 -86.737
 42.0558 -86.1402
 42.0002 -86.0423
247 20 45
 34.4422 -67.7664
 35.1711 -67.2047
 35.5753 -67.3031
 35.6219 -67.3661
 36.2509 -66.8616
 37.0881 -66.0002
 37.2048 -65.0663
 36.9225 -64.1215
 36.5009 -63.8672
 36.3289 -63.5391
 36.4166 -63.0255
 36.5614 -62.8812
 37.1063 -62.5115
 37.4519 -62.1143
 37.1086 -61.1486
 36.4585 -60.6552
 36.9128 -60.2695
 37.5796 -60.3015
 38.1772 -60.3269
 38.1842 -60.2463
 38.2312 -60.3818
 38.4658 -60.3002
 38.7108 -60.0788
 38.9137 -59.9157
 39.0663 -59.2566
 38.9105 -58.6761
 39.4894 -58.7304
 40.2058 -58.3984
 40.8036 -58.0912
 41.0225 -58.2129
 41.2814 -58.5757
 41.7912 -58.9128
 42.1024 -58.8467
 42.406 -58.7411
 42.6534 -58.7656
 42.5748 -58.6882
 42.4012 -58.3596
 42.1805 -57.9454
 42.1347 -57.7633
 42.1985 -57.3787
 42.3538 -56.965
 42.5165 -56.8743
 42.4506 -56.8027
 42.4611 -56.686
 42.4687 -56.6666
247 25 11
 34.4422 -67.7664
 33.9988 -68.7823
 33.4424 -68.9238
 33.0255 -69.105
 32.7813 -69.6013
 32.5704 -70.0466
 32.0974 -70.6291
 31.6605 -71.282
 31.9118 -71.727
 32.1312 -71.8444
 32.1503 -71.857
248 71 26
 37.2482 -77.537
 36.5982 -78.5658
 36.0319 -79.0264
 35.8376 -79.1537
 35.8473 -79.4228
 35.9728 -79.7458
 36.1578 -79.935
 36.3917 -80.0342
 36.4436 -80.1208
 36.3895 -80.2691
 36.403 -80.4332
 36.3986 -80.4805
 36.4177 -80.5336
 36.4585 -80.5793
 36.5074 -80.6149
 36.59 -80.6693
 36.5972 -80.7193
 36.486 -80.8201
 36.4121 -80.8979
 36.3853 -80.8893
 36.3008 -80.8791
 36.248 -80.8923
 36.252 -80.9567
 36.2041 -80.9791
 36.1516 -80.9437
 36.1408 -80.9412
248 45 13
 37.2482 -77.537
 37.5472 -76.9189
 37.782 -76.7144
 37.7155 -76.5677
 37.3998 -76.0953
 36.9134 -75.8298
 37.1915 -75.2948
 37.7227 -74.7556
 37.7267 -74.4232
 37.592 -74.0018
 37.1749 -73.5944
 36.5534 -73.3714
 36.3931 -73.3414
249 20 54
 39.2982 -71.4232
 39.8633 -71.1687
 40.2331 -71.0004
 40.4542 -70.7783
 40.6665 -69.9193
 40.5317 -69.0545
 39.9295 -68.369
 39.1035 -68.1788
 37.8003 -68.3651
 36.2971 -67.8067
 35.6224 -67.3805
 35.5753 -67.3031
 35.6219 -67.3661
 36.2509 -66.8616
 37.0881 -66.0002
 37.2048 -65.0663
 36.9225 -64.1215
 36.5009 -63.8672
 36.3289 -63.5391
 36.4166 -63.0255
 36.5614 -62.8812
 37.1063 -62.5115
 37.4519 -62.1143
 37.1086 -61.1486
 36.4585 -60.6552
 36.9128 -60.2695
 37.5796 -60.3015
 38.1772 -60.3269
 38.1842 -60.2463
 38.2312 -60.3818
 38.4658 -60.3002
 38.7108 -60.0788
 38.9137 -59.9157
 39.0663 -59.2566
 38.9105 -58.6761
 39.4894 -58.7304
 40.2058 -58.3984
 40.8036 -58.0912
 41.0225 -58.2129
 41.2814 -58.5757
 41.7912 -58.9128
 42.1024 -58.8467
 42.406 -58.7411
 42.6534 -58.7656
 42.5748 -58.6882
 42.4012 -58.3596
 42.1805 -57.9454
 42.1347 -57.7633
 42.1985 -57.3787
 42.3538 -56.965
 42.5165 -56.8743
 42.4506 -56.8027
 42.4611 -56.686
 42.4687 -56.6666
249 45 6
 39.2982 -71.4232
 38.4043 -71.6413
 37.1931 -72.4081
 36.4776 -73.2155
 36.3925 -73.338
 36.3931 -73.3414
250 71 23
 32.0897 -77.3365
 32.4567 -78.2895
 32.538 -79.151
 32.5378 -79.3112
 32.5828 -79.4532
 32.6095 -79.5923
 32.6469 -79.6847
 32.846 -79.7016
 33.1705 -79.9909
 33.5438 -80.1775
 33.958 -80.1752
 34.2155 -80.2822
 34.3647 -80.396
 34.7589 -80.5753
 35.1105 -80.6391
 35.2307 -80.6913
 35.5385 -80.6917
 35.8601 -80.5773
 35.9911 -80.5953
 36.0308 -80.7132
 36.1208 -80.8462
 36.1718 -80.9258
 36.1408 -80.9412
250 26 7
 32.0897 -77.3365
 31.4686 -77.2572
 30.9521 -77.0614
 30.7864 -76.5954
 30.465 -76.2052
 30.1458 -76.0087
 30.1264 -76.0032
251 138 19
 32.8238 -43.8582
 34.2607 -45.3931
 35.2189 -45.845
 34.737 -46.0741
 34.3249 -46.3616
 34.3768 -46.5581
 33.9442 -46.1912
 33.2926 -45.9826
 32.7195 -46.1543
 31.8917 -46.6091
 31.0504 -46.972
 30.4206 -47.4198
 30.1075 -47.865
 30.041 -47.8542
 29.7222 -47.882
 28.9781 -47.73
 28.3438 -47.4596
 28.1721 -47.4042
 28.1537 -47.4356
251 118 6
 32.8238 -43.8582
 32.7991 -42.2032
 33.24 -41.5687
 33.3502 -40.9766
 33.3614 -40.5011
 33.3071 -40.4917
252 155 9
 38.5041 -44.8376
 38.542 -45.5159
 38.6094 -46.055
 38.8242 -46.4124
 39.3128 -46.611
 39.5633 -46.8162
 39.5948 -46.9774
 39.5005 -47.0596
 39.4496 -47.0773
252 67 4
 38.5041 -44.8376
 38.1517 -44.1651
 37.6194 -43.9228
 37.5671 -43.9464
253 36 13
 6.78915 -31.0144
 5.9922 -32.3465
 4.99865 -33.4537
 3.7245 -34.9448
 2.5482 -35.8847
 1.9854 -36.1435
 1.62125 -35.9784
 1.39535 -35.809
 1.3298 -35.8087
 1.27615 -35.7131
 1.1868 -35.6593
 1.1362 -35.6491
 1.1435 -35.6324
253 95 16
 6.78915 -31.0144
 7.4735 -29.9066
 6.378 -29.3454
 5.688 -28.3094
 5.556 -27.7975
 5.389 -27.4109
 5.8397 -27.0912
 7.23945 -27.2457
 8.40345 -27.6587
 9.0558 -27.9754
 9.5861 -28.8244
 9.71605 -29.9371
 9.7333 -30.3421
 10.1498 -30.484
 10.5556 -30.6142
 10.5566 -30.6034
254 36 47
 -0.66135 -28.4674
 -0.50995 -29.3212
 -0.59045 -30.0131
 -0.67675 -30.1643
 -0.55055 -30.3955
 -0.5466 -30.6289
 -0.77505 -30.7752
 -0.92345 -30.8132
 -0.9786 -30.9548
 -1.3112 -31.3614
 -1.41565 -31.9571
 -1.2354 -32.2747
 -1.252 -32.3292
 -1.2743 -32.5606
 -1.31415 -32.708
 -1.30715 -32.9498
 -1.2599 -33.2593
 -1.2191 -33.2669
 -1.11205 -33.209
 -0.857 -33.2755
 -0.54825 -33.3946
 -0.3685 -33.3629
 -0.38015 -33.4828
 -0.14725 -33.5816
 0.0041 -33.7616
 0.0513 -34.0033
 0.25735 -34.1983
 0.3646 -34.3244
 0.28955 -34.4862
 0.19575 -34.6782
 0.18155 -34.8196
 0.23925 -34.9135
 0.3539 -34.9495
 0.509 -35.0415
 0.64 -35.143
 0.77395 -35.13
 0.88155 -35.0858
 0.919 -35.2004
 0.96605 -35.3613
 0.9878 -35.4176
 0.97115 -35.4373
 0.99035 -35.4707
 1.03135 -35.5024
 1.07045 -35.556
 1.11355 -35.6159
 1.13915 -35.6329
 1.1435 -35.6324
254 97 72
 -0.66135 -28.4674
 -1.0403 -28.1721
 -1.71765 -27.6803
 -2.0758 -27.2272
 -1.92125 -26.9858
 -1.82575 -26.4804
 -1.9065 -25.9846
 -2.4115 -25.8009
 -2.8766 -25.7057
 -2.95405 -25.4424
 -2.9666 -24.9819
 -2.87035 -24.6114
 -2.63885 -24.4024
 -2.32705 -24.3791
 -2.5599 -24.2633
 -3.008 -24.0039
 -3.34765 -23.5065
 -3.57375 -22.9007
 -3.93835 -22.448
 -3.9608 -22.1666
 -3.8086 -21.9025
 -3.7483 -21.6996
 -3.8143 -21.5436
 -4.01425 -21.3866
 -4.2222 -21.3107
 -4.35575 -21.3491
 -4.50215 -21.2768
 -4.55735 -20.7589
 -4.5647 -19.9555
 -4.4156 -19.5619
 -4.18545 -19.5373
 -3.89865 -19.3099
 -3.7658 -18.9058
 -4.05805 -18.51
 -4.31445 -18.0597
 -4.3313 -17.68
 -4.28605 -17.299
 -4.41925 -17.062
 -4.64055 -17.0247
 -4.7248 -16.8776
 -4.76325 -16.6747
 -4.8476 -16.5488
 -4.8935 -16.2962
 -4.8949 -15.7891
 -4.96175 -15.433
 -5.2629 -15.3225
 -5.49875 -15.242
 -5.5373 -15.1972
 -5.5572 -15.16
 -5.4021 -15.0516
 -5.1801 -14.8734
 -4.9178 -14.3331
 -4.7261 -13.8423
 -4.6272 -13.7629
 -4.7705 -13.7926
 -4.85785 -13.7003
 -5.27505 -13.4626
 -5.6586 -13.326
 -5.7331 -13.2514
 -5.8694 -13.0711
 -6.0401 -12.7396
 -6.12885 -12.414
 -6.1606 -12.2108
 -6.20355 -12.077
 -6.5954 -12.0438
 -6.97865 -12.0381
 -7.45 -12.0009
 -7.9668 -11.6768
 -8.50135 -11.5307
 -9.18845 -11.687
 -9.45815 -11.6797
 -9.5298 -11.6396
255 36 36
 -5.1298 -42.4809
 -4.2166 -41.7152
 -3.22695 -40.9244
 -2.33115 -40.5786
 -1.6547 -40.839
 -0.6105 -40.8652
 -0.02925 -40.9245
 0.0225 -41.2418
 -0.0118 -41.9039
 0.6399 -42.413
 1.19865 -42.1077
 1.9374 -41.2852
 2.843 -40.4779
 2.7106 -39.9177
 2.3782 -39.3932
 2.53935 -39.0329
 2.5148 -38.6405
 1.982 -38.0624
 2.0532 -37.5123
 1.6117 -37.2254
 1.4041 -36.7713
 1.1232 -36.7638
 0.8655 -36.7997
 0.9093 -36.5967
 0.80155 -36.3583
 0.8276 -36.1586
 0.9067 -36.0193
 0.9257 -35.9715
 1.03805 -35.9354
 1.13445 -35.9137
 1.13605 -35.8761
 1.2021 -35.7986
 1.25765 -35.6992
 1.1868 -35.6593
 1.1362 -35.6491
 1.1435 -35.6324
255 86 6
 -5.1298 -42.4809
 -5.9235 -42.9881
 -5.77695 -43.3532
 -5.48055 -44.4826
 -5.5055 -45.3577
 -5.6409 -45.3222
256 49 50
 -7.79415 -10.4163
 -7.26745 -9.88745
 -7.09795 -9.5335
 -7.1792 -9.28645
 -7.17355 -9.1612
 -7.24395 -8.81715
 -7.72565 -8.18545
 -8.1659 -7.46795
 -8.11705 -7.0195
 -7.7055 -6.51425
 -7.8871 -5.8247
 -8.3997 -5.4365
 -8.6378 -5.2871
 -8.8974 -5.26265
 -8.9851 -5.24445
 -9.12835 -5.02965
 -9.28255 -4.7869
 -9.27305 -4.57945
 -9.1735 -4.3588
 -9.1585 -4.26965
 -9.1339 -4.2963
 -8.964 -4.2205
 -8.7865 -4.14585
 -8.7201 -4.1352
 -8.56235 -4.1252
 -8.43975 -4.0357
 -8.43015 -3.7271
 -8.3572 -3.54495
 -8.17885 -3.5549
 -8.0206 -3.46685
 -7.76925 -3.2445
 -7.542 -3.1199
 -7.40005 -3.0859
 -7.22515 -2.94845
 -7.10805 -2.97585
 -7.0194 -3.08815
 -6.98765 -3.12555
 -6.9157 -3.17235
 -6.84845 -3.14525
 -6.78245 -2.99575
 -6.68165 -2.88725
 -6.64725 -2.8546
 -6.59905 -2.87705
 -6.5405 -2.88305
 -6.5274 -2.9261
 -6.4973 -2.9785
 -6.49565 -3.0032
 -6.53765 -3.05535
 -6.54765 -3.1015
 -6.5431 -3.1119
256 97 7
 -7.79415 -10.4163
 -8.0423 -11.0891
 -7.9668 -11.6768
 -8.50135 -11.5307
 -9.18845 -11.687
 -9.45815 -11.6797
 -9.5298 -11.6396
257 97 59
 4.5837 -13.0066
 3.0812 -13.1567
 2.63945 -14.0878
 2.27105 -15.0438
 2.2626 -15.1583
 2.26005 -15.4598
 1.72525 -16.0133
 1.12615 -16.3358
 1.0978 -16.3657
 0.6178 -16.5737
 0.06625 -16.9014
 -0.458 -17.2822
 -1.0385 -17.7403
 -1.3404 -18.1535
 -1.6273 -18.5862
 -1.94 -18.653
 -2.23465 -18.6658
 -2.2546 -18.5068
 -3.13585 -18.2141
 -3.98915 -18.0858
 -4.163 -18.2726
 -4.31445 -18.0597
 -4.3313 -17.68
 -4.28605 -17.299
 -4.41925 -17.062
 -4.64055 -17.0247
 -4.7248 -16.8776
 -4.76325 -16.6747
 -4.8476 -16.5488
 -4.8935 -16.2962
 -4.8949 -15.7891
 -4.96175 -15.433
 -5.2629 -15.3225
 -5.49875 -15.242
 -5.5373 -15.1972
 -5.5572 -15.16
 -5.4021 -15.0516
 -5.1801 -14.8734
 -4.9178 -14.3331
 -4.7261 -13.8423
 -4.6272 -13.7629
 -4.7705 -13.7926
 -4.85785 -13.7003
 -5.27505 -13.4626
 -5.6586 -13.326
 -5.7331 -13.2514
 -5.8694 -13.0711
 -6.0401 -12.7396
 -6.12885 -12.414
 -6.1606 -12.2108
 -6.20355 -12.077
 -6.5954 -12.0438
 -6.97865 -12.0381
 -7.45 -12.0009
 -7.9668 -11.6768
 -8.50135 -11.5307
 -9.18845 -11.687
 -9.45815 -11.6797
 -9.5298 -11.6396
257 109 5
 4.5837 -13.0066
 6.7092 -13.1554
 7.53675 -13.4616
 7.7596 -13.5083
 7.8042 -13.5078
258 6 10
 -0.6703 5.8802
 -0.43815 5.7265
 -0.34125 5.7272
 -0.2105 5.79485
 -0.3 5.7305
 -0.2739 5.46195
 -0.2456 5.26015
 -0.1395 5.22875
 -0.0367 5.2376
 -0.0274 5.2678
258 9 6
 -0.6703 5.8802
 -0.9138 5.9566
 -0.9488 6.11555
 -0.76925 6.42705
 -0.62585 6.59
 -0.6196 6.5983
259 6 30
 1.0484 8.375
 1.4714 7.94525
 1.5289 7.60915
 1.40805 6.98205
 1.3906 6.47725
 1.29315 6.1236
 1.1333 5.6772
 0.9748 5.46345
 0.97395 5.27685
 0.9733 5.11175
 0.9403 4.99495
 1.0435 4.76405
 1.2515 4.5753
 1.3311 4.5242
 1.17095 4.44835
 0.99985 4.4615
 0.7669 4.44615
 0.5761 4.3584
 0.4713 4.3919
 0.3167 4.46015
 0.19255 4.5215
 0.16135 4.68155
 0.1666 4.82095
 0.17425 4.9245
 0.1231 5.05645
 0.0277 5.1083
 -0.02375 5.164
 -0.03775 5.2055
 -0.0367 5.2376
 -0.0274 5.2678
259 28 8
 1.0484 8.375
 0.85995 8.75055
 0.52185 9.3626
 0.08405 10.0845
 0.0156 10.7135
 -0.2242 11.8247
 -0.24925 12.6181
 -0.067 12.7177
260 8 17
 34.4616 25.3881
 35.8199 24.6339
 36.3147 23.9193
 36.5462 23.6145
 36.944 24.0318
 36.6117 23.378
 36.6775 22.8602
 37.3462 21.8652
 37.6264 20.8684
 36.6842 20.423
 35.986 20.2677
 35.9815 20.149
 36.5925 19.8061
 37.5341 19.0094
 38.0912 18.0598
 38.1768 17.6243
 38.159 17.6151
260 63 8
 34.4616 25.3881
 33.1117 25.7024
 32.5745 26.1989
 32.283 26.8272
 32.2482 27.0096
 32.1101 27.3003
 32.1872 27.963
 32.3935 28.3596
261 8 11
 33.3489 22.8624
 34.1716 22.2082
 33.992 21.4062
 34.7949 20.6628
 35.7096 20.0995
 35.9815 20.149
 36.5925 19.8061
 37.5341 19.0094
 38.0912 18.0598
 38.1768 17.6243
 38.159 17.6151
261 80 7
 33.3489 22.8624
 32.2933 22.8046
 32.1995 22.7247
 32.1535 22.5973
 32.3264 22.2504
 32.4551 21.8914
 32.4424 21.8605
262 140 31
 30.1392 14.5276
 29.8902 13.7575
 29.7843 13.2045
 29.8848 12.5602
 29.9373 12.2668
 30.1514 12.0304
 30.5227 11.6244
 30.7338 10.6581
 30.5904 9.7426
 30.4589 9.53925
 30.2887 9.1593
 30.9138 8.2424
 31.5351 7.5107
 31.224 7.23495
 31.4511 7.34355
 31.8321 7.20795
 32.5833 7.1819
 33.1815 7.1248
 33.2777 6.8428
 33.0054 6.6173
 32.9501 5.94835
 33.326 5.21715
 33.4907 5.03045
 33.6052 4.99295
 33.8635 4.952
 33.8249 4.69855
 34.2413 4.26615
 35.2729 4.0725
 35.8333 3.42515
 35.9495 2.7034
 35.9205 2.6281
262 80 16
 30.1392 14.5276
 30.1855 15.2305
 30.1702 15.424
 30.1296 16.2983
 30.1095 17.1231
 30.4911 18.2083
 30.8254 19.2337
 30.9168 19.7661
 30.7641 20.462
 30.1777 20.8282
 30.6674 20.6794
 31.1868 21.0188
 31.9709 21.5391
 32.4563 21.7934
 32.4832 21.8421
 32.4424 21.8605
263 24 25
 30.388 6.28545
 29.8776 5.21925
 29.9401 4.8592
 29.8014 4.82
 29.4904 4.8079
 29.0033 4.7042
 28.6105 4.64485
 28.2511 4.55925
 27.8514 4.14095
 27.6676 3.9184
 27.3274 3.7115
 27.0033 3.44315
 26.8584 3.36825
 26.6335 3.33025
 26.4934 3.36875
 26.3827 3.37995
 26.2013 3.52295
 25.902 3.85655
 25.7351 4.04685
 25.5843 4.1124
 25.4118 4.1659
 25.3659 4.141
 25.2981 4.0891
 25.2248 4.0501
 25.2002 4.0543
263 140 21
 30.388 6.28545
 31.0592 7.0197
 31.1207 7.08055
 31.224 7.23495
 31.4511 7.34355
 31.8321 7.20795
 32.5833 7.1819
 33.1815 7.1248
 33.2777 6.8428
 33.0054 6.6173
 32.9501 5.94835
 33.326 5.21715
 33.4907 5.03045
 33.6052 4.99295
 33.8635 4.952
 33.8249 4.69855
 34.2413 4.26615
 35.2729 4.0725
 35.8333 3.42515
 35.9495 2.7034
 35.9205 2.6281
264 24 8
 23.6948 4.03355
 24.3961 3.83785
 24.8218 3.78205
 24.9823 3.8348
 25.0586 3.89125
 25.123 3.96515
 25.1819 4.0404
 25.2002 4.0543
264 42 5
 23.6948 4.03355
 23.1184 4.43715
 22.7486 4.6484
 22.5456 4.5513
 22.5196 4.5155
265 21 30
 21.7481 3.8633
 20.9418 3.35505
 20.8229 2.9007
 20.786 2.8592
 20.2007 3.11815
 19.2472 3.343
 18.6817 3.5776
 18.484 3.6322
 18.578 2.97765
 18.8314 2.1822
 19.1396 1.7577
 18.5457 1.4838
 17.8717 1.436
 17.7254 1.49765
 16.8843 1.35355
 16.0718 0.96135
 16.0697 0.6769
 15.8714 0.7244
 15.5876 0.7098
 14.9956 0.6267
 14.4513 0.3876
 14.3881 0.22275
 14.233 -0.02485
 13.9403 -0.38355
 13.739 -0.56005
 13.5191 -0.7363
 13.2093 -1.0099
 13.1014 -1.3561
 13.1596 -1.57415
 13.1744 -1.5763
265 42 4
 21.7481 3.8633
 22.3647 4.3466
 22.4686 4.48305
 22.5196 4.5155
266 129 5
 12.2941 -0.7594
 12.1994 -0.0297
 12.5715 0.59555
 12.6941 0.6838
 12.6898 0.6848
266 21 5
 12.2941 -0.7594
 12.8458 -1.04565
 13.1014 -1.3561
 13.1596 -1.57415
 13.1744 -1.5763
267 41 22
 21.6133 -4.32235
 22.022 -5.2587
 22.5349 -5.9493
 22.7141 -6.02545
 22.9962 -6.14095
 23.3296 -6.2678
 23.5372 -6.383
 24.0275 -6.9518
 24.4578 -7.5357
 24.6748 -7.70195
 24.6994 -7.6392
 24.9513 -7.666
 25.591 -7.5881
 26.2467 -7.8041
 26.448 -8.1397
 26.5536 -8.6846
 26.7425 -9.2475
 26.9046 -9.4736
 26.9785 -9.55315
 27.0528 -9.63505
 27.0882 -9.69485
 27.1013 -9.7003
267 89 6
 21.6133 -4.32235
 20.8591 -3.5904
 19.8216 -3.5279
 19.4118 -3.83985
 19.2832 -3.7216
 19.2332 -3.6701
268 21 20
 18.1805 -1.7895
 17.2716 -1.16685
 16.9442 -0.5732
 16.9026 -0.287
 16.7253 0.16425
 16.3307 0.4591
 16.0697 0.6769
 15.8714 0.7244
 15.5876 0.7098
 14.9956 0.6267
 14.4513 0.3876
 14.3881 0.22275
 14.233 -0.02485
 13.9403 -0.38355
 13.739 -0.56005
 13.5191 -0.7363
 13.2093 -1.0099
 13.1014 -1.3561
 13.1596 -1.57415
 13.1744 -1.5763
268 89 4
 18.1805 -1.7895
 19.0117 -2.73275
 19.2368 -3.6597
 19.2332 -3.6701
269 109 20
 17.168 -14.1533
 15.9624 -14.7209
 15.6679 -14.7111
 15.3885 -14.542
 14.8263 -14.5809
 13.5888 -14.9247
 12.3837 -15.4384
 12.1537 -15.8854
 12.5882 -16.6036
 13.0173 -17.298
 12.0762 -17.7358
 11.1446 -18.2703
 10.7586 -18.072
 10.6355 -17.5793
 10.4347 -16.8515
 9.58585 -16.0707
 8.5801 -14.9381
 7.9209 -13.8382
 7.8349 -13.5424
 7.8042 -13.5078
269 61 4
 17.168 -14.1533
 18.8462 -13.6782
 19.7452 -13.699
 19.888 -13.6156
270 41 16
 32.5259 -11.3282
 32.0005 -11.4346
 31.318 -11.7155
 30.8353 -11.5329
 30.2401 -11.2167
 29.6721 -11.1553
 29.4888 -11.1383
 29.4539 -10.9489
 28.9493 -10.2819
 28.4276 -9.7841
 28.3633 -9.77065
 28.1954 -9.81335
 27.8407 -9.855
 27.3716 -9.76475
 27.1068 -9.6908
 27.1013 -9.7003
270 14 6
 32.5259 -11.3282
 32.9916 -11.8128
 33.806 -11.6917
 34.6484 -11.625
 35.0021 -12.0875
 34.9883 -12.1091
271 14 27
 46.3968 -11.4056
 44.5162 -12.4214
 43.4597 -13.5452
 43.3896 -14.4174
 43.2621 -15.372
 43.2434 -16.0623
 43.2556 -16.6977
 42.5163 -17.347
 41.0748 -17.9894
 40.2509 -18.0623
 39.9708 -17.9236
 39.826 -17.7561
 39.7644 -17.6211
 39.5364 -16.7397
 39.3858 -15.9018
 39.1494 -15.9715
 38.468 -16.3485
 37.9993 -16.6507
 37.98 -16.5979
 37.4683 -16.1744
 36.7343 -15.6754
 35.8438 -15.2373
 35.297 -14.5301
 34.9897 -13.8804
 34.3161 -12.9223
 34.526 -12.1461
 34.9883 -12.1091
271 112 5
 46.3968 -11.4056
 47.5984 -11.078
 48.0399 -10.4924
 48.1721 -10.2277
 48.253 -10.1894
272 0 12
 47.6579 -13.8363
 48.7049 -14.1292
 49.3979 -14.5427
 50.0648 -14.833
 50.434 -14.7197
 50.2918 -15.6539
 50.0315 -16.4781
 49.9327 -16.5985
 49.8812 -16.8046
 49.8139 -16.9658
 49.7261 -17.042
 49.68 -17.0542
272 112 6
 47.6579 -13.8363
 47.0846 -12.4342
 47.5984 -11.078
 48.0399 -10.4924
 48.1721 -10.2277
 48.253 -10.1894
273 8 8
 38.8708 15.8268
 38.4049 16.1443
 37.9053 16.2304
 37.2761 16.2888
 37.2994 16.3085
 37.7584 16.8922
 38.083 17.5208
 38.159 17.6151
273 68 3
 38.8708 15.8268
 39.3074 15.41
 39.3355 15.3127
274 8 29
 48.1722 31.6812
 47.6451 30.6183
 47.1409 28.2671
 47.1452 26.7554
 46.4815 26.4066
 45.5334 27.2748
 43.9045 28.1577
 41.6847 27.8035
 40.3953 27.6758
 39.8785 27.4155
 38.8738 25.9612
 37.7667 24.8427
 37.1394 24.6321
 36.4154 24.3117
 36.3147 23.9193
 36.5462 23.6145
 36.944 24.0318
 36.6117 23.378
 36.6775 22.8602
 37.3462 21.8652
 37.6264 20.8684
 36.6842 20.423
 35.986 20.2677
 35.9815 20.149
 36.5925 19.8061
 37.5341 19.0094
 38.0912 18.0598
 38.1768 17.6243
 38.159 17.6151
274 139 5
 48.1722 31.6812
 48.8158 32.6274
 49.6509 33.6074
 49.8428 33.6261
 49.8379 33.6049
275 82 17
 63.0571 11.4328
 62.4889 12.5096
 61.9193 13.1162
 62.01 13.4846
 62.1631 13.9427
 62.8739 14.8176
 64.104 15.451
 64.3696 16.088
 64.0642 16.8286
 64.1009 16.9858
 64.0784 17.0714
 64.1474 17.0317
 64.2589 17.1091
 64.3608 17.1827
 64.4068 17.1726
 64.4615 17.097
 64.4856 17.0626
275 132 15
 63.0571 11.4328
 63.4051 10.3765
 63.6937 9.88925
 63.6877 9.64115
 63.7776 9.0476
 63.8704 8.59075
 63.9481 8.39885
 63.7954 7.9727
 63.4548 7.5209
 63.1344 7.0659
 62.8006 6.22675
 62.573 5.509
 62.6612 5.40535
 62.8013 5.40715
 62.8117 5.3805
276 132 15
 63.5541 11.1413
 63.4051 10.3765
 63.6937 9.88925
 63.6877 9.64115
 63.7776 9.0476
 63.8704 8.59075
 63.9481 8.39885
 63.7954 7.9727
 63.4548 7.5209
 63.1344 7.0659
 62.8006 6.22675
 62.573 5.509
 62.6612 5.40535
 62.8013 5.40715
 62.8117 5.3805
276 60 8
 63.5541 11.1413
 64.5093 11.8437
 65.2106 12.3552
 65.5558 12.8121
 65.8208 13.3643
 66.0646 13.6549
 66.1899 13.6558
 66.2402 13.6432
277 106 7
 57.4558 2.18715
 56.983 1.36095
 56.3183 0.51325
 56.0581 0.51695
 56.1038 0.22935
 56.0868 -0.0283
 56.0565 -0.0711
277 70 10
 57.4558 2.18715
 57.891 2.1047
 58.4996 1.9224
 58.7421 1.8067
 58.8048 1.72205
 58.9506 1.7988
 59.0621 1.9128
 59.1087 1.9195
 59.1682 1.9104
 59.1764 1.9106
278 52 20
 66.7466 -8.3718
 65.6745 -8.54665
 64.7681 -8.2109
 64.3107 -8.2567
 63.8628 -8.55095
 63.6257 -8.68905
 63.2666 -8.75185
 62.8381 -8.76815
 62.6377 -8.8189
 62.6339 -8.99835
 62.4856 -9.09525
 62.268 -9.07865
 62.1566 -9.0143
 62.091 -8.91995
 62.0466 -8.86435
 61.9231 -8.8421
 61.83 -8.7877
 61.791 -8.75155
 61.7466 -8.7559
 61.72 -8.7547
278 156 8
 66.7466 -8.3718
 67.1846 -8.0197
 67.6481 -8.2617
 68.1769 -8.51265
 68.437 -8.50715
 68.5424 -8.44815
 68.6693 -8.4268
 68.7639 -8.4171
279 82 9
 66.0712 17.7389
 64.9682 17.3698
 64.6409 17.3652
 64.5691 17.2973
 64.5154 17.2449
 64.4152 17.2181
 64.4068 17.1726
 64.4615 17.097
 64.4856 17.0626
279 123 10
 66.0712 17.7389
 67.7009 18.0369
 68.7724 19.1595
 69.7408 20.4484
 70.1666 20.732
 70.6516 20.3136
 71.3998 20.4673
 71.6897 21.9757
 71.4764 23.1502
 71.4822 23.1662
280 101 8
 80.7757 5.64065
 80.1963 5.11875
 80.0639 4.66345
 79.3069 5.11435
 78.5369 5.62395
 78.1848 5.448
 77.9044 5.32535
 77.8145 5.3607
280 4 4
 80.7757 5.64065
 81.8051 5.8104
 82.288 5.829
 82.3374 5.8211
281 4 17
 82.4245 -0.73885
 84.1357 -0.2009
 84.5657 -0.03005
 85.0486 1.3354
 84.7556 3.4289
 85.0419 5.0371
 86.2439 5.75655
 86.5265 5.69215
 86.2244 5.7705
 85.8395 5.8292
 85.203 5.9716
 84.5143 6.0057
 83.7011 6.01955
 82.9603 6.075
 82.5984 5.9946
 82.3569 5.88985
 82.3374 5.8211
281 137 10
 82.4245 -0.73885
 80.8797 -1.71215
 79.6444 -2.0345
 78.1764 -3.009
 77.6166 -4.18645
 77.4785 -4.2398
 76.7553 -4.6213
 75.9745 -5.1604
 75.824 -5.34515
 75.7397 -5.3763
282 122 8
 88.0529 -4.86895
 86.3035 -5.4772
 85.6375 -6.1434
 85.4554 -6.6408
 85.429 -6.66695
 85.296 -7.2002
 85.0966 -7.8215
 85.0321 -7.9187
282 115 7
 88.0529 -4.86895
 89.8488 -4.77135
 90.7073 -4.7094
 91.6087 -4.232
 92.3727 -4.12715
 92.5611 -4.1028
 92.5867 -4.0927
283 137 20
 79.0346 -11.6644
 79.5 -10.6954
 79.8112 -10.336
 79.9357 -9.9778
 80.1065 -9.35575
 80.0863 -8.9663
 80.1718 -8.41835
 80.0975 -7.4983
 79.5399 -6.97075
 79.0166 -6.51565
 78.8511 -6.0575
 78.8184 -6.07395
 78.4201 -6.26615
 77.9608 -6.59295
 77.8212 -6.8046
 77.464 -6.68715
 76.8862 -6.2483
 76.2784 -5.6235
 75.824 -5.34515
 75.7397 -5.3763
283 90 5
 79.0346 -11.6644
 79.0198 -12.5058
 80.1111 -13.1006
 81.0319 -13.5173
 81.0024 -13.5492
284 156 12
 70.3167 -8.49585
 69.7858 -9.04215
 69.8147 -9.30085
 69.7736 -9.3679
 69.7346 -9.2945
 69.4585 -9.08305
 69.0977 -8.9449
 68.9133 -8.8329
 68.6779 -8.59225
 68.5424 -8.44815
 68.6693 -8.4268
 68.7639 -8.4171
284 141 13
 70.3167 -8.49585
 71.0741 -8.0383
 71.3116 -8.00155
 71.7593 -7.4888
 72.7044 -7.1042
 72.7664 -6.934
 71.8834 -6.67775
 71.3618 -6.5108
 71.0104 -5.82375
 70.6792 -5.34265
 70.5878 -5.2306
 70.6208 -5.1299
 70.6175 -5.0683
285 156 17
 70.1761 -12.6031
 69.1967 -12.2852
 68.521 -12.4062
 68.8447 -12.0995
 69.0838 -11.0746
 69.187 -10.1243
 69.1603 -10.0081
 69.4411 -9.72195
 69.7331 -9.4111
 69.7346 -9.2945
 69.4585 -9.08305
 69.0977 -8.9449
 68.9133 -8.8329
 68.6779 -8.59225
 68.5424 -8.44815
 68.6693 -8.4268
 68.7639 -8.4171
285 117 11
 70.1761 -12.6031
 70.7238 -12.9146
 70.4546 -13.8952
 70.131 -14.9981
 70.0648 -15.6402
 70.1731 -16.4032
 70.4632 -16.8661
 70.9108 -17.3748
 71.0968 -17.815
 71.0253 -17.9756
 71.0525 -17.9885
286 99 7
 69.9816 -21.2809
 70.8885 -21.1835
 71.6759 -21.034
 71.898 -21.0765
 71.8325 -21.3342
 71.8161 -21.6125
 71.8227 -21.6486
286 77 8
 69.9816 -21.2809
 69.2294 -21.1133
 68.8112 -20.9956
 68.8291 -20.7997
 68.8988 -20.5462
 68.9912 -20.3908
 68.9801 -20.3412
 68.9632 -20.3294
287 3 8
 68.4333 -21.8637
 68.1945 -22.3014
 67.9469 -22.4512
 67.4627 -22.7151
 67.1161 -22.9829
 66.8694 -23.0034
 66.7877 -22.9831
 66.7738 -23.0125
287 77 9
 68.4333 -21.8637
 68.7327 -21.4134
 68.7505 -21.1866
 68.8112 -20.9956
 68.8291 -20.7997
 68.8988 -20.5462
 68.9912 -20.3908
 68.9801 -20.3412
 68.9632 -20.3294
288 3 5
 66.5878 -23.7148
 66.2518 -23.5122
 66.5957 -23.2714
 66.7941 -23.0227
 66.7738 -23.0125
288 148 4
 66.5878 -23.7148
 67.0107 -23.938
 67.261 -23.9357
 67.2991 -23.9151
289 103 26
 83.3251 -23.0972
 83.2742 -21.7387
 83.6866 -20.9193
 83.9883 -20.9643
 84.029 -20.9838
 84.5071 -21.1378
 85.044 -21.2351
 85.5505 -21.0307
 86.0293 -20.4537
 85.8838 -19.4184
 85.4521 -18.9499
 84.8401 -18.8907
 84.3499 -18.6863
 84.0023 -18.6304
 83.7007 -18.4689
 83.7231 -18.1727
 83.8815 -17.793
 83.9221 -17.6088
 83.7618 -17.4914
 83.6024 -17.2413
 83.576 -17.0568
 83.5861 -16.9767
 83.6992 -16.9515
 83.8837 -16.9209
 84.0201 -16.8734
 84.0601 -16.8667
289 72 10
 83.3251 -23.0972
 83.3408 -23.667
 83.1537 -23.7565
 83.1234 -23.9299
 83.045 -24.1246
 83.0309 -24.6629
 83.0943 -25.2892
 83.1661 -25.4596
 83.2169 -25.5166
 83.2203 -25.5259
290 130 7
 85.006 -27.7901
 85.1154 -29.3757
 84.7547 -30.1673
 85.4104 -30.5347
 86.3308 -30.8071
 86.6217 -30.7368
 86.6622 -30.7256
290 72 5
 85.006 -27.7901
 84.01 -26.4857
 83.3528 -25.7791
 83.2279 -25.5364
 83.2203 -25.5259
291 72 6
 81.7663 -26.8527
 82.5895 -25.8494
 83.101 -25.3967
 83.1661 -25.4596
 83.2169 -25.5166
 83.2203 -25.5259
291 135 9
 81.7663 -26.8527
 81.2724 -27.8681
 81.092 -28.3784
 80.9958 -28.7892
 80.8116 -29.2443
 80.7407 -29.3885
 80.7592 -29.5485
 80.7532 -29.6511
 80.7619 -29.6637
292 33 5
 78.9802 -29.6153
 78.4478 -29.5742
 77.6086 -29.3072
 77.1482 -29.1809
 77.1182 -29.1761
292 135 6
 78.9802 -29.6153
 79.7627 -29.6001
 80.5391 -29.6275
 80.7006 -29.6022
 80.7532 -29.6511
 80.7619 -29.6637
293 135 8
 79.1262 -32.8596
 79.6226 -31.695
 79.9797 -31.1018
 80.2978 -30.674
 80.4696 -30.3964
 80.5441 -29.8967
 80.6215 -29.6862
 80.7619 -29.6637
293 116 3
 79.1262 -32.8596
 78.6976 -33.9026
 78.6922 -33.9121
294 17 6
 86.4574 -36.1074
 84.5321 -36.3453
 83.811 -36.1642
 83.2583 -36.074
 83.1321 -36.0817
 83.1151 -36.0982
294 94 3
 86.4574 -36.1074
 88.284 -35.2344
 88.463 -34.6988
295 131 10
 82.4227 -36.7178
 81.0643 -36.9894
 80.1856 -36.9394
 79.545 -37.1779
 79.2152 -37.4211
 78.8723 -37.1282
 77.9773 -36.6471
 77.406 -36.4524
 77.3873 -36.2571
 77.3694 -36.0725
295 17 4
 82.4227 -36.7178
 83.2137 -36.3597
 83.1553 -36.2105
 83.1151 -36.0982
296 131 8
 75.9963 -38.916
 75.9518 -38.1304
 76.2456 -38.0034
 76.5771 -37.3972
 76.8792 -36.6258
 77.1051 -36.2994
 77.2809 -36.1438
 77.3694 -36.0725
296 27 13
 75.9963 -38.916
 75.6891 -39.9571
 75.4818 -40.5443
 75.4558 -40.9105
 74.7746 -41.4406
 74.2888 -41.9189
 73.6436 -41.9004
 72.8551 -41.7345
 72.1615 -41.5273
 71.7186 -41.2867
 71.6503 -41.1052
 71.5622 -41.0702
 71.5488 -41.0687
297 79 31
 71.4459 -49.5005
 71.8156 -50.0344
 71.9743 -50.3059
 72.4743 -50.8109
 73.0989 -51.3587
 73.4375 -51.5756
 73.5347 -51.7663
 73.5686 -51.95
 73.5609 -52.1565
 73.2206 -52.5574
 73.0332 -52.9013
 73.4552 -52.9734
 73.7713 -53.1459
 73.8035 -53.4915
 73.8336 -53.8979
 73.9013 -54.0423
 74.5198 -54.1153
 75.1527 -54.4049
 75.0687 -54.7039
 75.1667 -55.2239
 75.257 -55.8572
 75.3086 -56.1185
 75.5258 -56.2663
 75.4507 -56.4536
 74.9119 -56.8225
 74.3703 -57.3227
 74.2123 -57.6376
 74.1452 -57.7169
 74.0732 -57.6759
 74.0036 -57.6597
 73.9845 -57.6789
297 31 7
 71.4459 -49.5005
 70.6367 -48.7952
 70.23 -48.2557
 70.082 -48.2889
 69.5994 -48.653
 69.2857 -48.8899
 69.2717 -48.8984
298 96 12
 69.5513 -47.5413
 69.5637 -46.3937
 69.6781 -45.7783
 69.6912 -45.6666
 69.6115 -45.373
 68.8612 -44.5795
 67.9535 -43.8857
 67.688 -43.7625
 67.4726 -43.8189
 67.2339 -43.9375
 67.1489 -44.0266
 67.1511 -44.028
298 31 6
 69.5513 -47.5413
 69.9349 -48.1466
 70.082 -48.2889
 69.5994 -48.653
 69.2857 -48.8899
 69.2717 -48.8984
299 96 22
 66.7807 -40.1338
 67.0432 -40.808
 67.1655 -41.0018
 67.5124 -41.1048
 67.8054 -41.1526
 67.8036 -41.2297
 67.7168 -41.4458
 67.6434 -41.7182
 67.8206 -42.079
 68.072 -42.4364
 68.1601 -42.6199
 68.2241 -42.8545
 68.2433 -43.1083
 68.1942 -43.2374
 68.1225 -43.3001
 67.9377 -43.4646
 67.7729 -43.6758
 67.688 -43.7625
 67.4726 -43.8189
 67.2339 -43.9375
 67.1489 -44.0266
 67.1511 -44.028
299 57 5
 66.7807 -40.1338
 66.452 -39.2141
 66.4404 -38.6707
 66.5483 -38.4822
 66.5573 -38.4615
300 142 10
 67.4397 -36.3746
 67.4773 -35.3395
 67.8408 -35.1414
 68.4142 -34.9137
 68.8813 -34.554
 68.9292 -34.1653
 69.0387 -33.712
 69.013 -33.1039
 68.8983 -32.5843
 68.9112 -32.5511
300 57 7
 67.4397 -36.3746
 67.5067 -37.221
 67.0623 -37.3969
 66.5515 -37.7283
 66.4335 -38.227
 66.5257 -38.4738
 66.5573 -38.4615
301 34 12
 62.7527 -24.9755
 62.5974 -26.1351
 62.4539 -26.3968
 62.0239 -26.5103
 61.2229 -26.9417
 60.606 -27.7339
 60.3591 -28.1891
 60.2345 -28.1936
 59.9721 -28.5597
 59.57 -29.1994
 59.3351 -29.5723
 59.351 -29.6699
301 3 14
 62.7527 -24.9755
 62.784 -23.9292
 62.8351 -23.7836
 63.4921 -23.7308
 64.1122 -23.6747
 64.6944 -23.1689
 65.2953 -22.6679
 64.9687 -22.2561
 65.2137 -21.8421
 65.7943 -21.601
 66.2251 -22.3493
 66.7203 -22.9151
 66.7877 -22.9831
 66.7738 -23.0125
302 62 21
 39.631 -36.4157
 39.1595 -37.8074
 38.9464 -38.1893
 39.031 -38.4751
 38.7636 -38.9263
 38.4261 -39.1869
 38.6341 -39.4425
 38.9878 -40.3504
 39.2687 -41.1152
 39.697 -40.9435
 40.0461 -40.6824
 40.5301 -40.6236
 41.0322 -40.8139
 41.4181 -40.6359
 41.9155 -40.6981
 41.9754 -40.6993
 42.8859 -40.6243
 43.9318 -40.5393
 44.1171 -40.4002
 44.1437 -40.2543
 44.1252 -40.2464
302 23 4
 39.631 -36.4157
 39.9914 -34.9917
 40.1226 -34.6166
 40.1553 -34.5848
303 19 16
 46.8442 -38.0304
 47.3867 -38.624
 47.6603 -38.6673
 48.4055 -38.5097
 48.8811 -38.3134
 49.063 -38.1873
 49.1866 -37.8345
 49.3253 -37.0447
 49.6717 -36.5272
 49.9165 -36.4191
 49.903 -36.4025
 49.8641 -35.6553
 49.4886 -35.0457
 48.9907 -34.6677
 48.7713 -34.2647
 48.7797 -34.2561
303 147 4
 46.8442 -38.0304
 46.0592 -37.2605
 45.8266 -37.0248
 45.8252 -37.0191
304 69 15
 53.2495 -52.4668
 53.9075 -51.9839
 54.4482 -52.2057
 55.2428 -52.3716
 55.7002 -52.1225
 55.8745 -51.6662
 55.6536 -50.882
 55.6301 -49.7605
 55.9455 -49.0069
 56.0826 -48.6327
 55.8848 -48.0507
 55.5239 -47.6622
 55.3934 -47.6221
 55.3385 -47.6978
 55.3116 -47.708
304 2 15
 53.2495 -52.4668
 52.5695 -53.0346
 51.8348 -52.4303
 50.7359 -52.4334
 50.6851 -53.2121
 50.8065 -53.7393
 50.4771 -54.0624
 50.2222 -54.1862
 49.6421 -54.5697
 49.8127 -55.7475
 49.9996 -56.6699
 49.4894 -56.8959
 49.5577 -57.0572
 49.6219 -57.1386
 49.6475 -57.1506
305 69 11
 58.9156 -48.9954
 58.2558 -48.5357
 57.9104 -48.2129
 57.6729 -48.1975
 56.8685 -48.2438
 56.2015 -48.3028
 55.8848 -48.0507
 55.5239 -47.6622
 55.3934 -47.6221
 55.3385 -47.6978
 55.3116 -47.708
305 108 5
 58.9156 -48.9954
 59.6293 -49.361
 59.666 -50.0357
 59.2132 -50.4478
 59.0812 -50.3802
306 69 10
 55.702 -44.033
 55.1826 -45.1516
 55.0069 -45.5469
 55.014 -45.5748
 54.9529 -45.7563
 54.9764 -46.6077
 55.0089 -47.3062
 55.1701 -47.5228
 55.2928 -47.694
 55.3116 -47.708
306 107 5
 55.702 -44.033
 55.835 -43.0256
 55.8072 -42.3074
 55.8587 -41.7584
 55.8445 -41.7019
307 22 11
 61.6083 -41.7231
 61.732 -42.5448
 62.0997 -42.918
 63.0061 -43.4602
 63.9588 -43.9968
 64.4144 -44.1001
 65.0798 -44.4007
 65.5623 -44.6475
 65.7508 -44.6124
 65.7874 -44.5028
 65.7941 -44.4723
307 76 4
 61.6083 -41.7231
 62.119 -40.9339
 62.438 -40.5735
 62.4225 -40.5429
308 81 5
 59.3214 -59.8563
 59.4194 -61.154
 59.6169 -61.4476
 59.8328 -61.7701
 59.8648 -61.8697
308 100 3
 59.3214 -59.8563
 59.5575 -58.4235
 59.8781 -58.2178
309 87 10
 58.0022 -58.0873
 57.1857 -58.374
 56.8171 -58.1687
 56.5159 -58.1711
 56.3608 -58.2294
 56.2229 -58.1811
 56.1461 -58.0683
 56.0567 -58.1184
 55.9664 -58.267
 55.944 -58.3242
309 100 4
 58.0022 -58.0873
 59.2463 -57.8952
 59.8461 -58.19
 59.8781 -58.2178
310 20 7
 41.499 -56.5424
 41.997 -56.6822
 42.3204 -56.6497
 42.3765 -56.676
 42.4355 -56.6735
 42.4632 -56.6612
 42.4687 -56.6666
310 153 8
 41.499 -56.5424
 41.1259 -55.9429
 40.811 -55.5305
 40.6554 -55.6243
 40.591 -55.7546
 40.6096 -55.6243
 40.5406 -55.5003
 40.4974 -55.4666
311 71 23
 45.3955 -80.7124
 43.997 -81.3107
 43.0342 -81.6111
 41.6761 -81.5545
 40.3789 -81.5878
 40.1988 -81.748
 39.6386 -81.9847
 38.7816 -82.1531
 38.0253 -82.1481
 37.3568 -81.7461
 37.0586 -81.2766
 36.9022 -81.1308
 36.7581 -81.1416
 36.661 -81.2067
 36.5635 -81.2281
 36.4986 -81.1914
 36.389 -81.1675
 36.2948 -81.1422
 36.2188 -81.1367
 36.2542 -81.0641
 36.2041 -80.9791
 36.1516 -80.9437
 36.1408 -80.9412
311 16 7
 45.3955 -80.7124
 45.8445 -79.7031
 45.4784 -78.9334
 46.1227 -79.6948
 47.1314 -79.8585
 47.7451 -79.2489
 47.7964 -79.2299
312 74 9
 44.2736 -91.9466
 43.3617 -91.068
 43.1447 -90.481
 42.812 -89.6139
 42.8287 -88.3155
 42.9941 -87.2798
 42.5615 -86.737
 42.0558 -86.1402
 42.0002 -86.0423
312 124 4
 44.2736 -91.9466
 46.3004 -93.3533
 47.4957 -93.9268
 47.5604 -93.9459
313 5 8
 48.5555 -79.1956
 49.7486 -79.4352
 50.3451 -79.5508
 50.0915 -79.7564
 50.1374 -80.0472
 50.3862 -80.2702
 50.436 -80.3719
 50.4335 -80.3851
313 16 3
 48.5555 -79.1956
 47.8261 -79.1754
 47.7964 -79.2299
314 46 8
 73.0489 -83.1396
 72.1344 -83.7274
 71.4519 -84.5475
 70.4978 -85.5267
 70.1647 -85.7579
 70.6524 -86.5119
 71.1992 -87.1819
 71.2151 -87.1915
314 15 8
 73.0489 -83.1396
 73.8479 -82.3835
 73.6262 -82.1109
 73.4065 -81.9092
 73.2905 -81.7759
 73.4081 -81.4032
 73.5286 -81.0676
 73.5107 -81.0474
315 50 15
 69.4825 -74.2797
 69.1315 -73.6888
 68.9403 -73.2218
 68.5591 -73.2882
 68.0455 -73.3806
 67.9551 -73.6433
 67.8595 -74.1917
 67.8572 -74.764
 68.0782 -75.2381
 68.1243 -75.5251
 68.1196 -75.6469
 68.0695 -75.7923
 68.0103 -75.9472
 67.9867 -76.0508
 67.9782 -76.0728
315 91 7
 69.4825 -74.2797
 69.6837 -74.4265
 69.7407 -74.4796
 70.4459 -74.7527
 71.1261 -75.1053
 71.1556 -75.2197
 71.1537 -75.2489
316 59 4
 81.2336 -53.264
 81.9409 -52.948
 81.966 -52.8259
 81.942 -52.8057
316 134 4
 81.2336 -53.264
 80.335 -53.3243
 80.0825 -53.1662
 80.0703 -53.1619
317 84 10
 81.5201 -56.5625
 81.8243 -56.7668
 81.9805 -56.7006
 82.5804 -57.003
 83.2856 -57.4803
 83.7494 -57.6088
 84.2304 -57.7975
 84.4503 -58.0612
 84.4604 -58.1735
 84.5036 -58.1903
317 134 6
 81.5201 -56.5625
 81.0063 -55.3148
 80.5953 -54.0707
 80.2266 -53.5463
 80.052 -53.192
 80.0703 -53.1619
318 145 13
 80.8682 -67.8031
 80.4365 -66.7798
 80.3243 -66.4914
 80.2514 -66.1643
 80.2466 -66.0821
 80.2285 -65.8665
 80.145 -65.6855
 79.4368 -65.9939
 78.5208 -66.4513
 78.0722 -66.7485
 77.8743 -67.0027
 77.8538 -67.153
 77.858 -67.1754
318 110 3
 80.8682 -67.8031
 81.1571 -68.9272
 81.0564 -69.0589
319 91 13
 72.8831 -80.718
 72.0351 -80.2042
 71.6904 -79.8667
 72.097 -79.3092
 72.377 -78.5423
 71.8056 -77.7714
 71.3159 -77.2262
 71.0384 -76.951
 70.9151 -76.6342
 71.0146 -76.1309
 71.0457 -75.5336
 71.1161 -75.2756
 71.1537 -75.2489
319 15 3
 72.8831 -80.718
 73.4525 -81.0268
 73.5107 -81.0474
327 123 20
 90.4244 25.9586
 89.9266 25.7931
 89.1837 25.4349
 88.2956 25.2547
 85.3887 24.6063
 82.6102 24.1895
 81.672 23.3395
 80.265 21.8102
 77.523 20.9763
 75.0032 20.4755
 73.7685 20.0796
 72.6448 19.5338
 71.7802 19.2485
 71.9669 20.0233
 71.4151 20.4411
 70.6516 20.3136
 71.3998 20.4673
 71.6897 21.9757
 71.4764 23.1502
 71.4822 23.1662
328 30 4
 77.1373 -93.2728
 77.098 -92.9681
 77.0549 -92.604
 77.051 -92.5444
329 12 14
 26.9422 -93.6164
 26.9282 -93.5947
 26.9505 -93.4799
 27.5886 -92.7102
 28.1847 -92.6084
 29.8393 -92.6018
 31.7252 -92.0818
 31.9589 -92.1421
 32.1992 -91.9519
 32.6796 -91.7989
 33.0129 -91.7699
 33.1561 -91.6828
 33.2752 -91.6296
 33.3363 -91.5986
