   5.3513516401967900     
   3.3292612715779200     
   1.7993389830491866     
   6.1974989735949579     
   3.6089133551042516     
   3.0099646085239158     
   3.7428674818305012     
   2.3544568409038074     
   4.3843874478977769     
  0.81396742165924707     
   10.127032982649979     
   3.8396060656002091     
   5.8656147320759038     
   2.3138387113968073     
   4.4149598936280672     
  0.76102332202189515     
   2.3720119259882302     
  0.55280419510494416     
   1.0413664793808730     
  0.95469627582712679     
  0.76048728772464091     
  0.63177814942389299     
   1.9964104717631919     
  0.92832146236985014     
   2.6152827308828708     
  0.94360757167075726     
   3.8522063396164916     
   3.5672751384394612     
   5.0139134378834598     
   2.6011077724630072     
   1.7219783508697188     
   3.4970756174631634     
   5.0550890688789982     
   7.1061241203388805     
   6.4746183102506807     
   1.9463838402067792     
   2.4414459647519147     
   1.8916667638977409     
   3.1698242818068403     
   3.8646334933211817     
   5.0278978206123792     
   2.3333120483446042     
   3.0509582683963239     
   2.1012696536404722     
   7.5123034395273489     
   1.9618671735537123     
   6.3986634087933520     
   1.4144701226530734     
   4.2731061217839699     
   1.3936557898763902     
   1.0471706880225247     
  0.94995448177754926     
   10.031455645200612     
   2.0997370076240718     
   8.7349845358303551     
   1.7015842582052121     
   1.8864106288924973     
   4.0906554358153331     
   2.2506887257134820     
   4.8603822411981898     
   6.8736889142762578     
   2.5644228289814692     
  0.84010905442050055     
  0.87119840000001014     
   9.0880760910486416     
   2.6594766996715951     
   3.9543999176411173     
   2.4623747497026134     
   2.0897399377696564     
   2.0805140722923028     
   2.5716089690006898     
   2.1233200170270226     
   2.1643380400510290     
   2.1308251677385837     
   8.3842629290237838     
   2.0565996422302302     
  0.73068405707392048     
  0.74421490541310431     
   1.7646545458630414     
   3.4622202041400634     
   2.3652510124059960     
   2.7258178172091534     
  0.92204273805604431     
  0.52741947578327220     
  0.73924279350081412     
  0.66383435158788195     
   7.0593960570745242     
   3.7132125869885693     
   2.2806011848116219     
   7.9742948364822901     
   1.3684917607935803     
   1.0830787641826825     
   2.9836914033605137     
   1.2278426903708430     
   1.9590267881553631     
   4.7090259932505294     
   3.8592185076706169     
   2.6883940311403172     
   3.6304634670763236     
   1.2433425262368758     
   1.6463840398347440     
   2.1972119502728491     
   2.7581215279242461     
   1.7169107061546200     
   4.0830984023856800     
   1.0757863342902820     
   2.1104531598792384     
   1.8165209894731007     
   4.9675438887665813     
   3.2818121085568648     
   4.8980841294551496     
   4.1157128048203253     
   4.2791918831171989     
   1.8065007196920515     
   4.4918932392956927     
   1.0566112887197694     
   3.4709395734780952     
   2.0527409966087631     
   1.4764610121456851     
   2.7115121888944449     
   15.088411323663060     
   1.1039171965094292     
   4.5550210695153970     
   6.1017612713881819     
   3.1931206523906113     
   9.2514147904786643     
   3.6798326201846807     
   3.0947347520928297     
   2.0304953957340786     
   1.9787761400443495     
   2.0104388195228111     
   1.1568212947061425     
   3.6497051475047586     
   2.5679635272218495     
   6.1993531183162611     
   11.185180126403839     
  0.95795937761269900     
   4.2127881166022192     
   5.5315926255762777     
   4.3928070142485272     
   1.8391041862144322     
  0.93392150958925768     
   3.6731334921548267     
   1.2549047629883274     
   3.7456601806953209     
   1.1792393077071825     
   4.7168285318021193     
   3.1601144003963686     
   1.4088511089137825     
   1.8478119634486214     
   1.6333976354915700     
   1.6390883363039186     
   2.3569031078549321     
  0.80176847140029672     
   3.4487472568812585     
   1.0061025067725593     
   1.1499756756761625     
   1.1075964715900908     
   2.3002137687335256     
  0.81226753711811650     
   4.0089512616553682     
   2.1960176320923055     
   1.6155960810861569     
   2.1420050244488369     
   1.6303099396689369     
   1.4926924250604343     
   5.6990949024533890     
   2.7090308093143278     
   6.5469094161654153     
   2.1079948039825251     
   12.557557689590194     
   7.5339991841032870     
   3.2112964335793079     
   2.6402278588169628     
   1.2291314988063500     
  0.63107146310180529     
   1.5716171595908059     
   1.4770130546706755     
   3.5450734263538193     
   7.4894606003713893     
   10.228045887969927     
   3.1130537902406106     
   2.7230530184621689     
   3.4245260684419776     
   14.544997166583453     
   2.0058390983364793     
   3.3780688300465749     
   1.5157241208985073     
   6.2844483970619773     
   2.3676673069813994     
   1.5991435180000630     
  0.87399404569830674     
   4.5949118343778537     
   6.6833865375974604     
   4.9048095045494131     
   12.807977475649601     
   8.7934624910966175     
   2.3895180516488645     
   6.2238102200766221     
   1.6231669475755814     
   12.422648266250814     
   2.4029955684811459     
  0.86929696902441422     
  0.63552629383534542     
   3.4202645140110648     
   2.8166205374365960     
   6.7268682376927114     
   3.2945644115172241     
   4.1189747979328004     
   1.6074116621775398     
   8.9563241878776463     
   5.2194962314223519     
   4.0152579056009303     
   5.5998273402863497     
   1.0410238729328245     
  0.97292748985857791     
   6.8588081778675782     
  0.90433427669655631     
  0.89129314498523005     
  0.86217883557428532     
   4.5132821627941571     
   1.7095660091097333     
   3.9991028429447195     
   1.2792356287422757     
   8.3725274899689808     
   2.0748955809106406     
   3.2100416255558137     
   1.5683969598254182     
   11.093223171321693     
   1.6308421195766525     
   3.1853099867614154     
   2.4271781295323347     
   2.1804844492269853     
  0.70488367728060930     
   14.348932187074412     
   1.3589084751941005     
   3.9163689750484179     
   3.7573638497201021     
   3.4243946985214739     
   2.2413288434991268     
   1.5227934698698979     
  0.93987960227789624     
   2.9937049002159299     
   1.4582839643306797     
   1.5009773151284305     
   5.4794589077393905     
   2.2477260218944495     
   1.1433575568544407     
   7.3218890082270942     
   4.8644747293923416     
   3.1647045427791096     
   3.0360535815122445     
   5.4884397945685874     
   1.8956782005424158     
   1.7919260239871193     
   3.0461196184455996     
   3.8957949531945388     
   3.4336126007876673     
   1.4537262345051065     
   1.1893806862097354     
   1.3626418080378877     
   1.0755094209072094     
  0.73321576565316904     
  0.56481177454308340     
   5.8564802800613451     
   1.4892415066953535     
   2.6822787616084951     
   1.9270958803944307     
   1.4081210231695858     
   1.8298357014484767     
   1.0417751476553021     
  0.97674082722222588     
   2.5886908099982984     
   1.1385563988657019     
   2.5473357286731808     
   2.5892188067539701     
   3.4943073193105230     
   1.1068404589269523     
   2.1020242133620335     
   3.5524190303636844     
   6.0424957629584464     
   1.6345889254660673     
   2.9166386118216474     
   1.3539141197836657     
   2.9033735664586398     
   1.2164430037732685     
   2.7242581313529337     
   1.7553033031555667     
   3.6967793409260015     
   4.4483144245419499     
   5.8198748812874266     
   1.5601246160942814     
   4.2540509328157086     
   1.1112710022646508     
   4.2891919683819992     
   4.6892115726060579     
   2.3643009518958413     
   1.5624485215293697     
   2.4307010607330404     
   1.6258089443585453     
   3.0430480493327021     
   1.0086306948681527     
   1.7941061862678889     
   1.8330380615949826     
   1.5380361538600669     
   1.3436219033755290     
  0.61722519189120750     
   1.1290054635316213     
   5.4328704273677886     
   3.0218032069080034     
   4.1386830259485317     
   2.6020492366096315     
   1.9043738824238357     
  0.79174687736244087     
   3.3894060753420705     
   1.8430795478969737     
   2.4986580243452194     
   1.1527001985026160     
  0.83741894478814383     
  0.92649214422642456     
   1.9555767805948610     
   2.0608450943369974     
   3.1471525860318819     
   1.3264180242510626     
   3.8585186197474011     
  0.70948332270005765     
   13.277869503182037     
  0.42667891868753932     
   3.7304092179108057     
