290
139 28 9
 31.25 24.8664
 30.0629 25.1637
 29.5147 25.3068
 29.3357 25.303
 29.4273 25.4309
 29.0623 25.6807
 28.4268 25.9687
 28.146 26.0797
 28.1152 26.0723
139 51 13
 31.25 24.8664
 32.2086 25.3186
 32.6038 25.916
 32.7913 25.8377
 32.8471 25.8757
 32.9575 26.0303
 32.9678 26.2213
 32.9583 26.9194
 32.707 27.9227
 32.3082 28.7938
 31.875 29.3254
 31.5159 29.373
 31.4809 29.3545
140 131 8
 21.6107 -43.6547
 21.4548 -43.1097
 21.1971 -42.6553
 20.7499 -41.9773
 19.7127 -41.5373
 18.5253 -41.4211
 18.3068 -41.4595
 18.292 -41.428
140 48 4
 21.6107 -43.6547
 22.26 -44.5248
 22.6484 -44.9321
 22.6794 -44.984
141 71 10
 29.366 -41.5154
 29.1888 -41.9388
 29.2227 -42.0814
 29.3256 -42.9963
 28.9315 -43.5958
 28.2612 -43.4771
 28.4932 -44.0985
 29.959 -44.7405
 31.0508 -44.9601
 31.1426 -45.0243
141 74 6
 29.366 -41.5154
 29.2479 -40.3096
 28.9965 -39.24
 29.4816 -38.6337
 30.0067 -38.2796
 30.0641 -38.3254
142 41 19
 25.282 -24.9133
 25.1348 -24.0725
 25.6517 -22.8193
 25.9762 -22.1559
 26.6339 -21.7148
 27.14 -21.3373
 27.1138 -20.8744
 27.4464 -19.9792
 27.8743 -19.4428
 28.4211 -19.2088
 28.9623 -18.9817
 29.005 -18.8284
 29.2482 -19.041
 29.6894 -19.1255
 30.0895 -19.3726
 30.5888 -19.7462
 30.929 -19.9253
 30.9785 -19.9799
 30.9776 -19.9904
142 117 5
 25.282 -24.9133
 26.035 -26.0496
 26.5196 -27.3376
 26.7455 -27.6852
 26.7197 -27.774
143 1 26
 -4.4645 -28.5335
 -4.36205 -27.4794
 -4.5509 -26.6043
 -4.44615 -25.9779
 -3.96955 -25.3601
 -3.9401 -25.3224
 -3.84555 -25.0911
 -3.6181 -24.5476
 -3.43585 -24.23
 -3.06865 -24.1345
 -2.71955 -24.0098
 -2.66165 -23.9949
 -2.60935 -24.0149
 -2.54365 -24.028
 -2.47625 -24.0131
 -2.4155 -23.9956
 -2.1944 -24.0582
 -1.96885 -24.0986
 -1.8515 -24.0815
 -1.4851 -24.1154
 -0.861 -23.9883
 -0.3582 -23.768
 -0.1469 -23.6837
 -0.0543 -23.7093
 0.00545 -23.7457
 0.0167 -23.7448
143 59 11
 -4.4645 -28.5335
 -4.6091 -29.2202
 -4.9271 -29.9806
 -4.9219 -30.3298
 -4.63685 -31.0171
 -4.31515 -31.2659
 -3.2188 -30.909
 -2.27425 -30.9519
 -1.78375 -31.7223
 -1.3435 -32.5307
 -1.383 -32.5988
144 1 24
 -4.9716 -22.4409
 -4.9603 -23.1714
 -4.8598 -23.4713
 -4.6329 -23.5668
 -4.15365 -23.8852
 -3.6715 -24.2044
 -3.43585 -24.23
 -3.06865 -24.1345
 -2.71955 -24.0098
 -2.66165 -23.9949
 -2.60935 -24.0149
 -2.54365 -24.028
 -2.47625 -24.0131
 -2.4155 -23.9956
 -2.1944 -24.0582
 -1.96885 -24.0986
 -1.8515 -24.0815
 -1.4851 -24.1154
 -0.861 -23.9883
 -0.3582 -23.768
 -0.1469 -23.6837
 -0.0543 -23.7093
 0.00545 -23.7457
 0.0167 -23.7448
144 61 8
 -4.9716 -22.4409
 -4.90775 -21.6077
 -4.5677 -21.3463
 -4.20375 -21.1064
 -3.9537 -20.6278
 -3.7437 -20.4221
 -3.74495 -20.3792
 -3.7466 -20.3611
145 103 28
 -15.2273 -11.8269
 -16.1213 -12.4739
 -15.9788 -12.6952
 -15.29 -13.6523
 -15.0413 -14.6245
 -15.0366 -15.4334
 -15.5922 -16.9281
 -16.2975 -18.0573
 -16.5172 -18.4897
 -16.429 -18.6838
 -16.4436 -18.7674
 -16.4928 -18.8155
 -16.6754 -18.8873
 -17.0502 -19.2218
 -17.2412 -19.5811
 -17.1664 -19.6959
 -17.0674 -19.7747
 -16.9917 -19.8863
 -16.9306 -19.9848
 -16.7981 -20.0681
 -16.6842 -20.1511
 -16.5957 -20.2168
 -16.5014 -20.2534
 -16.7062 -20.5149
 -17.1365 -20.7785
 -17.4485 -20.9203
 -17.6079 -21.0411
 -17.6644 -21.035
145 25 9
 -15.2273 -11.8269
 -14.8382 -10.8536
 -14.7967 -10.1973
 -14.5546 -9.8933
 -14.074 -9.86125
 -13.4718 -9.61065
 -13.1941 -9.1866
 -13.0898 -9.05275
 -13.0016 -9.0776
146 91 9
 29.3496 19.4704
 28.2206 19.2024
 28.012 18.9118
 27.7308 18.9604
 27.0632 19.2309
 26.4517 19.4974
 26.2246 19.592
 26.0329 19.8154
 25.9121 20.0063
146 38 5
 29.3496 19.4704
 30.4374 19.4543
 30.5921 19.4811
 30.6678 19.5599
 30.6872 19.6009
147 17 8
 18.4615 -2.9369
 19.8893 -3.21875
 20.8845 -3.8758
 21.5782 -4.20195
 21.6112 -3.90305
 21.657 -4.1128
 21.705 -4.2486
 21.7094 -4.3236
147 58 20
 18.4615 -2.9369
 17.3578 -2.87455
 17.3784 -3.66915
 17.2599 -4.6545
 17.2014 -5.07055
 17.3181 -6.6081
 17.2891 -8.215
 17.2164 -8.5232
 16.7041 -8.41665
 15.7253 -7.85115
 14.7181 -7.1358
 14.7327 -6.56885
 14.1803 -6.8223
 13.1854 -7.60755
 11.856 -8.36685
 11.1194 -8.30145
 9.63715 -8.3362
 8.4331 -7.835
 8.18435 -7.2502
 8.0421 -7.2358
148 132 35
 13.1912 -0.0116
 13.6138 0.75665
 12.9752 1.2037
 12.1525 1.7176
 12.0143 1.93
 11.7554 2.1496
 11.198 2.39055
 10.761 2.43925
 10.9205 2.5039
 11.3965 2.9612
 12.0728 3.44275
 12.7176 3.0836
 13.2787 2.9079
 13.7684 3.21775
 14.123 3.2123
 14.5623 3.3111
 15.0667 3.39405
 15.3595 3.4222
 15.564 3.5815
 15.5746 3.8968
 16.0539 4.1587
 16.6974 4.16935
 16.9589 4.32125
 17.0978 4.53445
 17.2472 4.4973
 17.4715 4.2791
 17.8748 3.9576
 18.2302 3.61675
 18.3107 3.4088
 18.5341 3.54845
 18.9889 3.4407
 19.448 3.2827
 19.6214 3.39245
 19.5623 3.51515
 19.5683 3.569
148 34 16
 13.1912 -0.0116
 12.7815 -0.73155
 12.5865 -0.97825
 12.4704 -1.86405
 12.2511 -2.35785
 11.6068 -2.54365
 10.9197 -3.3746
 10.1145 -3.999
 9.55685 -4.2079
 9.2808 -4.5072
 8.1251 -4.63975
 7.1507 -4.44025
 6.9996 -4.4432
 6.90225 -4.51605
 6.88475 -4.57245
 6.878 -4.5941
149 50 3
 62.4285 26.8423
 63.2812 27.3989
 63.4077 27.3371
149 80 6
 62.4285 26.8423
 61.6823 25.8534
 61.7523 25.3204
 61.8531 25.1339
 61.8565 25.1045
 61.8488 25.099
150 112 8
 91.1051 12.0028
 89.6646 12.9968
 89.3354 12.9916
 89.2469 12.9711
 88.4614 13.2487
 87.493 13.7288
 87.197 13.959
 87.158 13.9841
150 104 5
 91.1051 12.0028
 92.198 10.8368
 92.17 10.5967
 92.2175 10.3947
 92.2601 10.2427
151 14 24
 66.111 4.1919
 66.8407 5.8279
 66.9883 5.92325
 67.5128 5.78825
 68.1814 5.7298
 68.5536 5.76145
 68.7887 5.53925
 68.9377 4.70925
 69.2268 3.9064
 69.8567 3.79085
 70.2756 3.9905
 70.235 3.8062
 70.3067 3.358
 70.2919 2.6519
 70.482 2.3313
 71.24 2.0737
 72.453 1.5536
 73.198 1.22475
 73.8076 1.3871
 74.4327 1.96945
 74.5937 2.72075
 74.9265 3.54135
 75.1853 4.0235
 75.2213 4.0469
151 101 3
 66.111 4.1919
 65.3382 2.5753
 65.2741 2.4917
152 138 8
 70.8148 -13.7115
 70.8868 -15.1149
 71.0719 -15.2906
 71.2284 -15.3213
 71.3385 -15.4887
 71.4214 -15.6516
 71.4615 -15.7083
 71.4599 -15.7239
152 111 4
 70.8148 -13.7115
 70.9156 -12.296
 70.9831 -12.0865
 70.9753 -12.0799
153 90 3
 104.865 -45.1091
 103.861 -46.5787
 103.458 -46.6657
153 72 3
 104.865 -45.1091
 105.452 -43.7132
 105.438 -43.6998
154 102 3
 11.863 -74.4423
 11.7302 -73.503
 11.8099 -73.4771
154 99 3
 11.863 -74.4423
 12.0047 -75.4289
 11.934 -75.5021
155 82 8
 7.8366 -80.4463
 7.0539 -79.9073
 6.1959 -79.3116
 5.633 -78.9921
 5.3077 -79.0188
 4.61605 -79.4682
 3.89445 -79.9632
 3.8124 -80.1805
155 97 9
 7.8366 -80.4463
 8.35395 -81.1931
 8.97155 -82.5522
 9.6151 -83.2709
 10.6087 -82.9114
 12.4334 -82.5632
 13.9154 -82.0585
 14.2573 -81.5329
 14.2773 -81.5116
156 38 7
 31.8933 19.9753
 31.0077 19.3278
 30.9207 19.3619
 30.8396 19.3468
 30.7185 19.4256
 30.6678 19.5599
 30.6872 19.6009
156 51 17
 31.8933 19.9753
 32.661 20.9601
 32.7739 21.7036
 32.4825 23.1272
 32.007 24.3892
 32.2086 25.3186
 32.6038 25.916
 32.7913 25.8377
 32.8471 25.8757
 32.9575 26.0303
 32.9678 26.2213
 32.9583 26.9194
 32.707 27.9227
 32.3082 28.7938
 31.875 29.3254
 31.5159 29.373
 31.4809 29.3545
157 129 15
 56.5534 35.1031
 56.1238 35.1358
 55.746 35.6664
 55.3996 36.4957
 54.7889 36.5234
 54.1984 36.4344
 53.972 37.0045
 53.6572 37.6791
 53.682 38.0989
 53.9401 38.5592
 54.0534 38.7038
 54.0463 38.7312
 53.9174 38.8427
 53.8931 39.0004
 53.9112 39.0531
157 55 11
 56.5534 35.1031
 57.1887 34.5547
 57.5816 34.1665
 57.8287 33.8351
 58.2364 32.9419
 58.3368 32.087
 58.2172 31.5415
 58.2651 31.123
 58.436 30.9576
 58.5294 30.8769
 58.5346 30.8713
158 63 7
 59.3898 35.7047
 60.5425 36.9038
 60.5445 37.8743
 60.4003 38.0151
 60.6358 37.9781
 60.8885 37.8445
 60.9285 37.8437
158 55 11
 59.3898 35.7047
 57.9816 34.8368
 57.5816 34.1665
 57.8287 33.8351
 58.2364 32.9419
 58.3368 32.087
 58.2172 31.5415
 58.2651 31.123
 58.436 30.9576
 58.5294 30.8769
 58.5346 30.8713
159 64 3
 63.7504 2.6568
 63.4444 3.3962
 63.4472 3.4289
159 101 4
 63.7504 2.6568
 64.6618 2.21185
 65.2692 2.48265
 65.2741 2.4917
160 47 33
 77.5187 -0.6554
 78.3504 -1.6037
 78.6642 -1.84325
 79.3428 -2.5884
 80.1441 -3.7738
 80.3997 -4.27955
 80.6347 -4.2174
 80.8094 -4.38065
 81.138 -4.84155
 81.8135 -5.13575
 82.5066 -5.39515
 82.7968 -6.20395
 82.9371 -7.0762
 83.2741 -7.46025
 83.8954 -7.78005
 84.3539 -8.00965
 84.623 -8.19315
 85.1722 -8.65025
 85.4834 -9.07145
 85.6792 -10.2297
 86.0748 -11.7165
 86.1678 -12.3919
 85.4799 -12.3953
 84.6227 -12.3794
 83.9339 -12.7605
 83.6073 -13.4816
 83.9685 -14.1121
 84.2545 -14.4508
 84.2487 -14.7018
 84.3711 -14.9704
 84.5047 -15.2608
 84.4691 -15.3175
 84.4446 -15.3207
160 13 5
 77.5187 -0.6554
 77.6922 0.65885
 78.1564 1.64375
 77.9312 2.14515
 77.9473 2.1633
161 128 18
 56.3754 -23.2648
 55.2021 -23.4382
 54.9885 -23.5676
 54.333 -23.6019
 53.7754 -23.7062
 53.4382 -23.4349
 52.8771 -22.9901
 52.3064 -22.701
 51.9249 -22.5533
 51.75 -22.5425
 51.4878 -22.698
 50.9032 -22.9879
 50.3288 -22.8946
 49.8064 -22.7678
 49.1693 -22.7866
 48.9549 -22.5432
 48.9995 -22.4018
 49.0199 -22.397
161 43 29
 56.3754 -23.2648
 57.3748 -22.9178
 57.8108 -22.7271
 58.9978 -22.4455
 59.748 -22.0121
 59.8222 -22.0192
 60.1847 -22.0602
 60.8768 -22.3123
 61.3563 -22.3916
 61.5979 -22.2588
 61.9933 -21.7029
 62.3709 -21.2496
 63.7768 -21.3442
 65.1924 -21.6308
 65.3072 -22.0276
 65.253 -22.2799
 65.0738 -22.503
 64.7882 -22.9281
 64.3627 -23.3494
 64.0815 -23.4347
 63.8183 -23.5296
 63.5414 -23.7865
 63.3841 -24.0635
 63.0965 -24.2525
 62.8465 -24.5204
 62.6572 -24.738
 62.2923 -24.7788
 62.0529 -24.809
 62.0523 -24.8098
162 83 16
 49.3763 -37.0858
 48.2334 -36.702
 47.6848 -36.6345
 46.6158 -36.9406
 45.7667 -37.1342
 45.2646 -37.0718
 44.7934 -36.9649
 44.4986 -36.7341
 44.2332 -36.5577
 43.842 -36.4391
 43.3564 -36.2522
 43.0444 -35.3267
 42.007 -35.4464
 41.0322 -36.4652
 40.9572 -36.6698
 40.9334 -36.7826
162 94 3
 49.3763 -37.0858
 50.4085 -37.1628
 50.4628 -36.9761
163 24 6
 34.7952 -52.5891
 35.2177 -52.1548
 35.3619 -52.1502
 35.4942 -52.0498
 35.6149 -51.9478
 35.6672 -51.8817
163 23 4
 34.7952 -52.5891
 34.1373 -53.3503
 33.8193 -53.6334
 33.8169 -53.6499
164 43 40
 57.3277 -32.9414
 58.2496 -32.6636
 58.7883 -32.4546
 59.2371 -31.9041
 59.7407 -31.6032
 59.9711 -31.5968
 60.1794 -31.5011
 61.1035 -31.1632
 62.0174 -30.8775
 62.4685 -30.0342
 63.3339 -29.1947
 64.4068 -28.0997
 65.6871 -26.8902
 66.5784 -26.585
 66.1577 -26.3545
 66.1504 -24.8533
 66.6494 -23.5112
 67.0639 -23.0944
 67.4446 -22.8114
 67.1837 -22.6115
 66.9157 -22.1741
 66.4916 -21.6447
 66.1741 -21.475
 65.9025 -21.7746
 65.5888 -21.9995
 65.3792 -22.1073
 65.253 -22.2799
 65.0738 -22.503
 64.7882 -22.9281
 64.3627 -23.3494
 64.0815 -23.4347
 63.8183 -23.5296
 63.5414 -23.7865
 63.3841 -24.0635
 63.0965 -24.2525
 62.8465 -24.5204
 62.6572 -24.738
 62.2923 -24.7788
 62.0529 -24.809
 62.0523 -24.8098
164 108 6
 57.3277 -32.9414
 56.1625 -33.187
 54.8624 -33.4948
 54.0505 -34.0798
 53.8196 -34.182
 53.805 -34.1657
165 26 9
 9.884 -67.8585
 10.5513 -68.9289
 10.6967 -69.3486
 10.679 -69.462
 10.806 -69.4979
 10.862 -69.7204
 11.2006 -70.0849
 11.6716 -70.3173
 11.7337 -70.3965
165 27 11
 9.884 -67.8585
 9.11635 -67.4039
 8.8446 -67.3294
 8.6797 -66.7428
 8.6949 -66.2964
 8.91005 -65.9702
 8.8808 -65.8158
 8.72455 -65.4921
 8.5538 -65.1376
 8.47185 -65.0504
 8.4765 -65.0412
166 97 14
 16.8139 -78.184
 16.3524 -78.5744
 16.237 -79.6013
 15.6533 -80.438
 15.5634 -80.4599
 15.2332 -80.5733
 14.9847 -80.7477
 15.0559 -80.9245
 15.0618 -81.0663
 14.9116 -81.1706
 14.8431 -81.3316
 14.5957 -81.4359
 14.3102 -81.4937
 14.2773 -81.5116
166 35 6
 16.8139 -78.184
 18.197 -77.2657
 18.6651 -76.5097
 18.7617 -76.4883
 18.8482 -76.4653
 18.8557 -76.466
167 135 36
 28.1802 -59.6239
 28.3109 -57.9804
 28.0748 -57.2177
 27.688 -56.752
 27.4724 -55.6315
 27.7847 -54.0034
 27.7431 -53.213
 26.6027 -53.0862
 25.6014 -53.427
 25.7486 -53.1351
 25.2549 -52.4121
 24.5201 -51.3218
 24.2069 -50.6909
 24.2897 -50.39
 24.8109 -49.4263
 25.0332 -48.3069
 24.8743 -47.9308
 25.2701 -48.1202
 25.7062 -48.4827
 26.0147 -48.7402
 26.4354 -48.8165
 26.8918 -48.7361
 27.3791 -48.4823
 27.5796 -48.3274
 27.8438 -48.243
 28.1583 -48.4045
 28.3036 -48.6561
 28.9007 -48.7614
 29.4148 -48.9001
 29.3988 -49.1395
 29.5186 -49.3858
 30.0459 -49.4756
 30.5348 -49.594
 30.6497 -49.6644
 30.7393 -49.6777
 30.8095 -49.6835
167 36 18
 28.1802 -59.6239
 27.8225 -61.1412
 27.6441 -61.4546
 27.2341 -62.0195
 26.8031 -62.6947
 26.8697 -63.6882
 27.1289 -64.4882
 27.2111 -64.6028
 27.5579 -64.7934
 27.9527 -64.979
 28.0375 -64.91
 28.1417 -64.8393
 28.2402 -64.8985
 28.3074 -64.9865
 28.3726 -65.0791
 28.3942 -65.1454
 28.3917 -65.1795
 28.3866 -65.1993
168 135 17
 31.6782 -46.1708
 31.4822 -47.2022
 31.4534 -47.5308
 31.8081 -48.1873
 31.6416 -48.6122
 31.4127 -48.8416
 31.5187 -49.0019
 31.7198 -49.1637
 31.7953 -49.2374
 31.614 -49.4492
 31.253 -49.685
 31.0788 -49.6778
 31.0041 -49.642
 30.9598 -49.6651
 30.9414 -49.7243
 30.8634 -49.7246
 30.8095 -49.6835
168 71 3
 31.6782 -46.1708
 31.3232 -45.047
 31.1426 -45.0243
169 135 29
 22.9869 -46.4403
 23.6047 -46.841
 23.8922 -46.8693
 24.2078 -47.0972
 24.5435 -47.2325
 24.7512 -47.3244
 24.7593 -47.4864
 24.7836 -47.7099
 24.8302 -47.8651
 24.8743 -47.9308
 25.2701 -48.1202
 25.7062 -48.4827
 26.0147 -48.7402
 26.4354 -48.8165
 26.8918 -48.7361
 27.3791 -48.4823
 27.5796 -48.3274
 27.8438 -48.243
 28.1583 -48.4045
 28.3036 -48.6561
 28.9007 -48.7614
 29.4148 -48.9001
 29.3988 -49.1395
 29.5186 -49.3858
 30.0459 -49.4756
 30.5348 -49.594
 30.6497 -49.6644
 30.7393 -49.6777
 30.8095 -49.6835
169 48 9
 22.9869 -46.4403
 22.6684 -45.7841
 22.8924 -45.5333
 22.9177 -45.3735
 22.8925 -45.2231
 22.8806 -45.1328
 22.8492 -45.0813
 22.7502 -45.0141
 22.6794 -44.984
170 136 11
 30.8992 -37.7503
 31.6185 -37.3635
 31.8214 -37.3164
 32.5357 -36.9967
 32.8828 -36.5714
 32.6804 -36.4054
 32.6429 -36.3238
 32.4927 -36.1588
 32.3365 -36.0508
 32.2963 -36.0552
 32.2865 -36.0578
170 74 3
 30.8992 -37.7503
 30.1346 -38.2246
 30.0641 -38.3254
171 32 19
 21.0592 -25.8763
 20.93 -26.809
 21.2712 -27.0852
 20.8759 -27.1919
 19.736 -27.4781
 18.9814 -28.062
 19.3307 -28.6532
 19.5949 -28.8211
 19.7362 -28.8905
 19.7565 -29.043
 19.861 -29.3723
 19.6511 -29.7404
 19.1108 -30.2091
 18.7354 -30.6348
 18.5626 -30.8524
 18.5352 -31.0956
 18.5024 -31.2634
 18.4335 -31.2962
 18.4044 -31.3348
171 107 3
 21.0592 -25.8763
 21.3181 -24.9664
 21.3338 -24.8009
172 131 50
 15.4533 -32.0448
 14.6116 -32.0358
 14.3505 -31.9552
 14.5335 -32.402
 14.4613 -32.8631
 14.4825 -33.0111
 14.6371 -33.3848
 14.674 -34.0469
 14.6081 -34.5517
 14.2281 -35.0277
 13.7239 -35.2744
 13.5088 -35.1999
 13.3382 -35.2804
 13.2558 -35.3947
 13.0926 -35.4714
 12.7092 -35.9624
 12.4546 -36.4608
 12.4289 -36.7055
 12.5405 -37.0989
 12.8067 -37.5014
 13.0689 -37.6521
 13.2013 -37.594
 13.2613 -37.6606
 13.5831 -37.9153
 13.9594 -38.2467
 14.1451 -38.2458
 14.7397 -37.6784
 15.2441 -37.2259
 15.222 -37.0575
 15.3514 -37.1359
 15.5705 -36.9856
 16.0877 -36.9484
 16.5332 -37.3456
 16.7874 -37.6115
 17.1254 -37.6756
 17.2836 -37.8349
 17.3909 -38.1386
 17.4001 -38.5721
 17.423 -38.8496
 17.7636 -39.0793
 17.9222 -39.2839
 17.8407 -39.401
 17.9797 -39.5687
 18.1787 -39.7652
 18.4405 -40.2057
 18.5399 -40.7454
 18.4298 -40.9804
 18.3533 -41.2319
 18.2942 -41.416
 18.292 -41.428
172 32 7
 15.4533 -32.0448
 16.7785 -31.9947
 17.3077 -31.9094
 17.4959 -31.6059
 17.9732 -31.3357
 18.3428 -31.3404
 18.4044 -31.3348
173 29 15
 11.6333 -29.177
 11.1873 -28.1469
 10.882 -27.5275
 10.4321 -27.3083
 10.3955 -26.6386
 10.8085 -26.0957
 11.2153 -25.9521
 11.6649 -25.995
 11.7212 -26.0429
 11.7269 -25.9509
 11.6828 -25.8314
 11.5292 -25.5815
 11.2957 -25.3689
 11.1406 -25.3093
 11.1052 -25.2905
173 131 58
 11.6333 -29.177
 11.5157 -30.2456
 10.6877 -30.5943
 11.7137 -30.7159
 12.422 -30.7925
 12.6996 -31.0756
 13.2736 -31.4112
 13.8127 -31.7601
 13.8186 -31.8331
 13.9732 -31.8703
 14.3505 -31.9552
 14.5335 -32.402
 14.4613 -32.8631
 14.4825 -33.0111
 14.6371 -33.3848
 14.674 -34.0469
 14.6081 -34.5517
 14.2281 -35.0277
 13.7239 -35.2744
 13.5088 -35.1999
 13.3382 -35.2804
 13.2558 -35.3947
 13.0926 -35.4714
 12.7092 -35.9624
 12.4546 -36.4608
 12.4289 -36.7055
 12.5405 -37.0989
 12.8067 -37.5014
 13.0689 -37.6521
 13.2013 -37.594
 13.2613 -37.6606
 13.5831 -37.9153
 13.9594 -38.2467
 14.1451 -38.2458
 14.7397 -37.6784
 15.2441 -37.2259
 15.222 -37.0575
 15.3514 -37.1359
 15.5705 -36.9856
 16.0877 -36.9484
 16.5332 -37.3456
 16.7874 -37.6115
 17.1254 -37.6756
 17.2836 -37.8349
 17.3909 -38.1386
 17.4001 -38.5721
 17.423 -38.8496
 17.7636 -39.0793
 17.9222 -39.2839
 17.8407 -39.401
 17.9797 -39.5687
 18.1787 -39.7652
 18.4405 -40.2057
 18.5399 -40.7454
 18.4298 -40.9804
 18.3533 -41.2319
 18.2942 -41.416
 18.292 -41.428
174 29 17
 9.08985 -25.0776
 9.22945 -25.6695
 9.27945 -25.8158
 9.2957 -25.9153
 9.51105 -26.4942
 9.7733 -27.0261
 10.3119 -26.6121
 10.8085 -26.0957
 11.2153 -25.9521
 11.6649 -25.995
 11.7212 -26.0429
 11.7269 -25.9509
 11.6828 -25.8314
 11.5292 -25.5815
 11.2957 -25.3689
 11.1406 -25.3093
 11.1052 -25.2905
174 19 18
 9.08985 -25.0776
 9.02255 -24.2412
 9.0417 -23.8912
 8.76425 -23.9709
 8.4859 -24.0518
 8.26405 -23.9342
 8.01125 -23.7083
 7.65985 -23.5555
 7.19815 -23.6091
 6.83105 -23.7542
 6.381 -23.5065
 5.92795 -23.1708
 5.60845 -22.973
 5.44685 -22.7833
 5.3417 -22.8062
 5.1079 -22.7072
 4.9312 -22.5328
 4.9323 -22.5164
175 131 49
 9.84505 -43.8857
 10.8941 -43.8748
 11.0842 -44.0205
 11.1656 -42.8089
 11.1609 -41.5408
 11.0091 -41.3993
 10.9272 -41.3147
 10.8724 -41.134
 10.4965 -40.0903
 10.1051 -38.8986
 10.0492 -38.5628
 10.2943 -38.3932
 11.0781 -37.8312
 11.6259 -37.4
 11.6166 -37.3686
 12.0199 -37.1188
 12.4289 -36.7055
 12.5405 -37.0989
 12.8067 -37.5014
 13.0689 -37.6521
 13.2013 -37.594
 13.2613 -37.6606
 13.5831 -37.9153
 13.9594 -38.2467
 14.1451 -38.2458
 14.7397 -37.6784
 15.2441 -37.2259
 15.222 -37.0575
 15.3514 -37.1359
 15.5705 -36.9856
 16.0877 -36.9484
 16.5332 -37.3456
 16.7874 -37.6115
 17.1254 -37.6756
 17.2836 -37.8349
 17.3909 -38.1386
 17.4001 -38.5721
 17.423 -38.8496
 17.7636 -39.0793
 17.9222 -39.2839
 17.8407 -39.401
 17.9797 -39.5687
 18.1787 -39.7652
 18.4405 -40.2057
 18.5399 -40.7454
 18.4298 -40.9804
 18.3533 -41.2319
 18.2942 -41.416
 18.292 -41.428
175 133 29
 9.84505 -43.8857
 8.9442 -44.0613
 8.3656 -43.5566
 7.8375 -42.9053
 7.51485 -42.765
 7.13235 -42.3854
 6.86845 -41.9874
 6.4704 -41.9662
 6.05025 -41.6628
 5.72115 -41.3465
 5.6026 -41.3186
 5.02355 -41.075
 4.3866 -40.8157
 4.30835 -40.7833
 3.8291 -40.4494
 3.27935 -40.08
 3.1293 -40.0329
 2.77565 -39.628
 2.53825 -39.1922
 2.33265 -39.6248
 1.45575 -40.1683
 0.46165 -40.2073
 -0.41135 -40.2095
 -1.1203 -40.4349
 -1.2072 -40.4594
 -1.1351 -40.3545
 -1.18765 -40.2402
 -1.28405 -40.1248
 -1.2688 -40.092
176 85 11
 -5.49985 -38.9829
 -6.2602 -39.0738
 -7.17235 -39.2096
 -7.7733 -39.3236
 -7.99175 -39.1757
 -8.24745 -39.0574
 -8.5224 -39.1323
 -8.7161 -39.1339
 -8.79565 -39.1283
 -8.87055 -39.0979
 -8.8964 -39.0625
176 87 6
 -5.49985 -38.9829
 -4.5189 -38.6009
 -3.27725 -37.8683
 -2.536 -37.4555
 -2.38345 -37.3688
 -2.3368 -37.3082
177 76 8
 -16.385 -30.3793
 -16.0222 -29.905
 -15.831 -29.9529
 -15.6695 -30.2907
 -15.3735 -30.6039
 -14.9703 -30.6896
 -14.7837 -30.7859
 -14.7655 -30.7879
177 30 4
 -16.385 -30.3793
 -16.8009 -30.8526
 -17.0433 -30.8021
 -17.1417 -30.7845
178 103 28
 -13.5639 -13.6605
 -15.0294 -13.1532
 -15.9788 -12.6952
 -15.29 -13.6523
 -15.0413 -14.6245
 -15.0366 -15.4334
 -15.5922 -16.9281
 -16.2975 -18.0573
 -16.5172 -18.4897
 -16.429 -18.6838
 -16.4436 -18.7674
 -16.4928 -18.8155
 -16.6754 -18.8873
 -17.0502 -19.2218
 -17.2412 -19.5811
 -17.1664 -19.6959
 -17.0674 -19.7747
 -16.9917 -19.8863
 -16.9306 -19.9848
 -16.7981 -20.0681
 -16.6842 -20.1511
 -16.5957 -20.2168
 -16.5014 -20.2534
 -16.7062 -20.5149
 -17.1365 -20.7785
 -17.4485 -20.9203
 -17.6079 -21.0411
 -17.6644 -21.035
178 115 7
 -13.5639 -13.6605
 -12.4084 -13.8503
 -11.9348 -14.4307
 -11.5118 -15.1838
 -11.1308 -15.5764
 -10.6964 -15.8607
 -10.6407 -15.9166
179 105 9
 -8.79545 -10.3011
 -7.92795 -10.497
 -7.43705 -10.5658
 -7.7273 -9.8769
 -7.84955 -9.2342
 -7.4145 -9.36905
 -6.6663 -9.23965
 -6.17705 -9.0955
 -6.1309 -9.0725
179 125 3
 -8.79545 -10.3011
 -9.5131 -10.0093
 -9.5562 -10.0339
180 25 8
 -11.0239 -5.0073
 -11.3755 -5.7448
 -11.2386 -6.59485
 -11.119 -7.39805
 -11.4322 -8.157
 -12.3583 -9.0007
 -12.9895 -9.09405
 -13.0016 -9.0776
180 9 4
 -11.0239 -5.0073
 -10.6421 -4.06985
 -10.6288 -3.74855
 -10.6347 -3.6991
181 16 9
 -9.91565 -3.6398
 -9.287 -3.6609
 -8.5469 -3.6793
 -8.2151 -3.6896
 -8.13875 -3.7689
 -8.0803 -3.79785
 -8.0124 -3.82665
 -7.9241 -3.80915
 -7.8593 -3.7876
181 9 4
 -9.91565 -3.6398
 -10.3484 -3.74995
 -10.6288 -3.74855
 -10.6347 -3.6991
182 39 38
 1.3145 7.5038
 0.8213 7.0358
 -0.07035 6.89965
 -0.7673 6.929
 -0.91075 6.63975
 -0.8801 6.0962
 -0.9612 5.87535
 -1.04805 5.7228
 -1.11785 5.50975
 -1.2651 5.37835
 -1.37565 5.336
 -1.43895 5.2037
 -1.4771 5.08295
 -1.634 5.13015
 -1.8944 5.1519
 -1.93375 5.1946
 -1.81675 5.45935
 -1.7181 5.6773
 -1.6157 5.80665
 -1.5951 5.96455
 -1.6418 6.03715
 -1.68835 6.00345
 -1.80425 5.97525
 -1.9174 5.99515
 -1.9767 6.13375
 -2.038 6.2753
 -2.20305 6.38225
 -2.3303 6.49085
 -2.248 6.63445
 -2.11325 6.75605
 -2.08605 6.8176
 -2.1451 6.8567
 -2.2472 6.84465
 -2.34345 6.83485
 -2.3874 6.88605
 -2.4085 6.7102
 -2.43755 6.57705
 -2.4487 6.5609
182 37 22
 1.3145 7.5038
 1.3889 8.0211
 1.31005 8.36415
 1.32515 9.08665
 1.48335 9.68555
 1.6718 9.76675
 1.7879 9.71865
 2.22675 9.6706
 2.6011 9.5554
 2.6534 9.55065
 2.8038 9.86195
 2.94385 10.1192
 3.6022 10.4431
 4.38935 10.5728
 4.8817 10.4973
 5.7674 10.9396
 5.2017 10.5017
 5.2334 10.0479
 5.33865 9.26975
 5.5203 8.81935
 5.71215 8.65465
 5.8186 8.5541
183 18 7
 27.3241 6.7919
 28.3459 6.79095
 28.8161 6.67735
 28.9195 6.39455
 29.048 5.97375
 29.2347 5.8238
 29.2474 5.8183
183 46 6
 27.3241 6.7919
 26.5829 6.68135
 26.1954 6.4973
 25.7841 6.27225
 25.7149 6.16175
 25.7102 6.0966
184 46 15
 24.2439 1.90215
 24.5716 2.1358
 24.7835 2.90675
 25.5366 3.43135
 26.3309 3.3498
 25.7979 3.8543
 25.8118 4.7316
 26.3978 5.0265
 26.6285 5.30015
 26.7202 5.8045
 26.587 6.1498
 26.1038 6.25145
 25.8045 6.1816
 25.727 6.1032
 25.7102 6.0966
184 12 3
 24.2439 1.90215
 23.8839 1.53495
 23.8097 1.3294
185 84 15
 6.41315 -8.7693
 5.65435 -8.57235
 4.3628 -8.31555
 3.6956 -8.20705
 3.57395 -8.175
 3.3468 -7.9863
 3.1253 -7.7295
 2.7084 -7.05075
 2.18935 -6.38095
 2.048 -6.3078
 1.88365 -6.21435
 1.7029 -6.18395
 1.61275 -6.14195
 1.5868 -6.05425
 1.6066 -6.0147
185 58 6
 6.41315 -8.7693
 6.93775 -8.47795
 7.4434 -8.2083
 7.7504 -7.74435
 8.0444 -7.2604
 8.0421 -7.2358
186 18 13
 34.9151 7.04285
 33.7814 6.673
 33.7105 6.3391
 33.1847 6.0049
 32.7464 5.4904
 32.3773 5.6428
 31.9188 5.2884
 31.5036 5.30505
 30.4831 5.5589
 29.7184 5.7492
 29.5341 5.77285
 29.3263 5.81475
 29.2474 5.8183
186 53 4
 34.9151 7.04285
 36.1018 7.44265
 36.1898 7.64665
 36.2265 7.7811
187 68 16
 41.0201 -4.7585
 39.851 -5.5441
 39.4518 -6.15815
 39.5223 -6.40015
 39.6206 -6.9653
 39.8469 -7.9223
 39.7669 -8.41735
 38.7131 -8.73395
 37.5951 -9.5087
 37.052 -9.1999
 35.8131 -7.26725
 34.6204 -6.7765
 34.1798 -7.5033
 33.044 -8.185
 31.9035 -8.777
 31.6507 -8.7337
187 20 19
 41.0201 -4.7585
 43.1545 -4.2469
 44.6969 -3.7706
 44.845 -3.46205
 44.6451 -2.8175
 45.5058 -3.2536
 47.6052 -2.56705
 49.0892 -1.91325
 49.3439 -1.69045
 50.1992 -1.75885
 51.4503 -1.44965
 52.5778 -1.3525
 53.0937 -1.7191
 53.5377 -1.8286
 54.0608 -1.9602
 54.4328 -2.158
 55.5114 -2.4803
 56.4032 -2.58765
 56.5069 -2.5483
188 134 30
 37.7794 11.4592
 38.1133 12.6797
 37.547 13.2081
 38.7024 13.0285
 39.4927 13.0091
 40.0115 12.6255
 40.5375 11.7335
 40.5528 10.9788
 40.5347 10.9261
 40.6505 10.8735
 40.786 10.8191
 40.9399 10.8203
 41.2305 11.2812
 41.6722 11.849
 41.9867 11.9795
 42.4986 12.3775
 43.0679 12.7831
 43.1453 12.8576
 43.0747 13.5187
 43.5118 13.866
 44.1114 13.5418
 44.2578 13.3167
 44.3905 13.0881
 44.4928 12.8868
 44.4048 12.6236
 44.39 12.4909
 44.4292 12.4825
 44.4976 12.4711
 44.5576 12.4558
 44.5587 12.4525
188 53 11
 37.7794 11.4592
 37.3372 10.3783
 36.8116 10.0971
 36.4869 9.1314
 36.702 8.3559
 36.749 8.2068
 36.7931 8.07035
 36.6637 7.87875
 36.43 7.7309
 36.2776 7.7555
 36.2265 7.7811
189 4 58
 52.9983 20.9839
 53.4552 20.6335
 53.594 20.3248
 53.6143 20.0218
 53.6572 19.959
 53.7657 19.8623
 53.8606 19.8405
 53.9711 19.8577
 54.0994 19.8552
 54.1542 19.8347
 54.1638 19.7414
 54.163 19.6548
 54.1339 19.5949
 54.1549 19.5367
 54.223 19.5018
 54.2854 19.5494
 54.3213 19.6038
 54.3771 19.5948
 54.4723 19.5592
 54.5547 19.5299
 54.6224 19.4655
 54.7076 19.3022
 54.8265 19.1278
 55.0023 18.9129
 55.0945 18.7276
 55.1119 18.6734
 55.2298 18.6927
 55.3225 18.7533
 55.3406 18.8494
 55.4263 18.9597
 55.5169 19.0229
 55.5975 19.055
 55.6411 19.0977
 55.6713 19.1973
 55.7132 19.3007
 55.804 19.337
 55.8722 19.269
 55.8928 19.2504
 55.8507 19.1658
 55.8736 19.1067
 55.8803 18.9892
 55.8954 18.7853
 55.9932 18.6427
 56.0964 18.5728
 56.181 18.5321
 56.2034 18.6504
 56.2024 18.7874
 56.2948 18.8205
 56.4004 18.849
 56.4423 18.8563
 56.4762 18.8755
 56.5152 18.9249
 56.4976 18.9722
 56.453 19.0123
 56.3634 19.0647
 56.3484 19.1237
 56.397 19.1876
 56.4013 19.2142
189 3 8
 52.9983 20.9839
 52.5986 21.3619
 52.5764 21.4584
 52.5526 21.5015
 52.3952 21.59
 52.2551 21.8349
 52.2582 22.027
 52.2754 22.0588
190 4 35
 58.9024 21.0274
 58.9002 20.6151
 58.7057 20.2684
 58.4128 20.0237
 58.155 19.9538
 58.0652 19.934
 57.9729 19.8687
 57.9079 19.6047
 57.8168 19.3092
 57.8189 19.104
 57.8689 18.8302
 57.711 18.6632
 57.5631 18.6485
 57.436 18.7531
 57.292 18.837
 57.2583 18.854
 57.109 18.8831
 56.9462 18.8993
 56.8563 18.8661
 56.7567 18.8363
 56.6656 18.8252
 56.6054 18.7827
 56.5864 18.736
 56.5463 18.743
 56.5129 18.7598
 56.4735 18.8014
 56.4423 18.8563
 56.4762 18.8755
 56.5152 18.9249
 56.4976 18.9722
 56.453 19.0123
 56.3634 19.0647
 56.3484 19.1237
 56.397 19.1876
 56.4013 19.2142
190 45 21
 58.9024 21.0274
 58.8534 21.4031
 58.9985 21.7979
 58.9815 22.1902
 58.9726 22.4078
 59.0562 22.5154
 59.1474 22.5667
 59.3174 22.5993
 59.4335 22.6483
 59.5068 22.7542
 59.4754 22.9625
 59.4132 23.0974
 59.4473 23.165
 59.554 23.1455
 59.7479 23.0692
 59.936 23.1184
 60.0354 23.2003
 60.0796 23.4165
 60.0849 23.594
 60.0612 23.5928
 60.045 23.5959
191 123 7
 66.7145 21.2878
 66.3109 21.5299
 66.0111 21.5526
 65.8376 21.4654
 65.8003 21.5307
 65.7458 21.5703
 65.704 21.6014
191 60 6
 66.7145 21.2878
 67.2079 21.2691
 67.5152 21.4112
 67.8934 21.6089
 68.2337 21.8002
 68.2625 21.8787
192 130 5
 73.8176 4.7589
 72.8941 5.37985
 72.8039 5.50855
 72.7767 5.6219
 72.822 5.6647
192 14 4
 73.8176 4.7589
 74.9363 4.0981
 75.1853 4.0235
 75.2213 4.0469
193 14 30
 66.3159 10.8883
 67.1068 10.3216
 67.5681 9.6153
 67.8984 8.8877
 68.1883 8.32865
 67.6705 7.663
 67.023 6.8727
 66.9988 6.29135
 66.9883 5.92325
 67.5128 5.78825
 68.1814 5.7298
 68.5536 5.76145
 68.7887 5.53925
 68.9377 4.70925
 69.2268 3.9064
 69.8567 3.79085
 70.2756 3.9905
 70.235 3.8062
 70.3067 3.358
 70.2919 2.6519
 70.482 2.3313
 71.24 2.0737
 72.453 1.5536
 73.198 1.22475
 73.8076 1.3871
 74.4327 1.96945
 74.5937 2.72075
 74.9265 3.54135
 75.1853 4.0235
 75.2213 4.0469
193 75 5
 66.3159 10.8883
 66.1424 11.9219
 66.3043 12.892
 66.1938 13.1369
 66.1073 13.3354
194 47 15
 88.9227 -11.441
 87.5153 -12.5271
 86.789 -13.0005
 86.1179 -12.8139
 85.4799 -12.3953
 84.6227 -12.3794
 83.9339 -12.7605
 83.6073 -13.4816
 83.9685 -14.1121
 84.2545 -14.4508
 84.2487 -14.7018
 84.3711 -14.9704
 84.5047 -15.2608
 84.4691 -15.3175
 84.4446 -15.3207
194 49 6
 88.9227 -11.441
 90.5197 -10.789
 90.9064 -10.7764
 91.0952 -10.7357
 91.1966 -10.7213
 91.2 -10.7295
195 7 38
 84.6629 -16.3335
 84.1757 -16.6204
 83.7863 -16.5694
 83.5073 -17.0904
 83.0368 -17.5127
 82.8987 -17.5279
 82.6012 -17.2682
 82.2686 -17.2169
 82.0936 -17.2224
 81.9088 -17.1944
 81.7061 -17.2873
 81.5394 -17.3051
 81.4001 -16.9743
 80.8552 -16.4685
 80.2413 -16.3221
 79.9183 -16.4311
 79.7214 -16.7204
 79.946 -17.1279
 79.8307 -17.6735
 79.382 -17.9516
 78.9944 -17.8176
 78.6684 -17.7627
 78.5699 -17.9365
 78.5256 -18.1594
 78.6225 -18.1851
 78.7776 -18.2745
 78.7749 -18.448
 78.6621 -18.5261
 78.5627 -18.5289
 78.4704 -18.521
 78.3934 -18.5433
 78.3743 -18.5639
 78.3535 -18.5789
 78.3134 -18.6031
 78.3172 -18.6296
 78.3513 -18.6821
 78.3694 -18.7464
 78.375 -18.7704
195 47 4
 84.6629 -16.3335
 84.6459 -15.6737
 84.4682 -15.3378
 84.4446 -15.3207
196 120 5
 90.6693 -24.09
 92.0794 -24.4054
 93.1359 -24.3984
 93.3285 -24.5043
 93.3428 -24.4974
196 56 4
 90.6693 -24.09
 90.1335 -22.9707
 90.0907 -22.254
 90.0518 -22.221
197 7 45
 89.0871 -20.8218
 88.2933 -20.2145
 88.879 -18.8981
 88.1125 -20.0907
 87.3217 -19.6754
 85.9805 -19.5041
 85.3241 -19.5027
 84.5602 -18.6418
 83.8167 -17.8846
 83.7448 -17.1611
 83.5073 -17.0904
 83.0368 -17.5127
 82.8987 -17.5279
 82.6012 -17.2682
 82.2686 -17.2169
 82.0936 -17.2224
 81.9088 -17.1944
 81.7061 -17.2873
 81.5394 -17.3051
 81.4001 -16.9743
 80.8552 -16.4685
 80.2413 -16.3221
 79.9183 -16.4311
 79.7214 -16.7204
 79.946 -17.1279
 79.8307 -17.6735
 79.382 -17.9516
 78.9944 -17.8176
 78.6684 -17.7627
 78.5699 -17.9365
 78.5256 -18.1594
 78.6225 -18.1851
 78.7776 -18.2745
 78.7749 -18.448
 78.6621 -18.5261
 78.5627 -18.5289
 78.4704 -18.521
 78.3934 -18.5433
 78.3743 -18.5639
 78.3535 -18.5789
 78.3134 -18.6031
 78.3172 -18.6296
 78.3513 -18.6821
 78.3694 -18.7464
 78.375 -18.7704
197 56 4
 89.0871 -20.8218
 89.8908 -21.7375
 90.0609 -22.1919
 90.0518 -22.221
198 7 24
 74.6934 -19.6412
 75.0785 -19.3442
 75.188 -18.9127
 75.6184 -18.6848
 76.2513 -18.9079
 76.7866 -18.9555
 77.0245 -18.8299
 77.0501 -18.595
 77.3174 -18.3447
 77.5486 -18.2778
 77.6422 -18.3879
 77.7113 -18.4613
 77.7876 -18.4973
 77.8831 -18.5272
 77.9424 -18.5134
 78.0684 -18.525
 78.1923 -18.5666
 78.2479 -18.5866
 78.2804 -18.6074
 78.3134 -18.6031
 78.3172 -18.6296
 78.3513 -18.6821
 78.3694 -18.7464
 78.375 -18.7704
198 52 8
 74.6934 -19.6412
 74.0955 -19.7201
 73.7912 -20.2841
 73.6469 -20.8657
 73.6616 -21.0115
 73.7517 -21.1191
 73.8251 -21.1885
 73.8554 -21.2411
199 52 22
 69.0813 -23.3732
 69.6819 -23.1987
 70.0082 -23.2377
 70.2064 -23.2591
 70.487 -23.6602
 70.6752 -23.961
 70.7151 -23.9146
 70.8332 -23.8081
 70.9639 -23.5288
 71.1854 -23.112
 71.4527 -22.9558
 71.5315 -23.017
 71.5992 -23.041
 72.1394 -22.9335
 72.6541 -22.6798
 72.9238 -22.5053
 73.6507 -22.2103
 74.1826 -21.9774
 74.1151 -21.8881
 73.9167 -21.5219
 73.8472 -21.2565
 73.8554 -21.2411
199 43 28
 69.0813 -23.3732
 68.4559 -23.5358
 68.0674 -23.3462
 67.8925 -23.2272
 67.7603 -22.9905
 67.6832 -22.806
 67.4446 -22.8114
 67.1837 -22.6115
 66.9157 -22.1741
 66.4916 -21.6447
 66.1741 -21.475
 65.9025 -21.7746
 65.5888 -21.9995
 65.3792 -22.1073
 65.253 -22.2799
 65.0738 -22.503
 64.7882 -22.9281
 64.3627 -23.3494
 64.0815 -23.4347
 63.8183 -23.5296
 63.5414 -23.7865
 63.3841 -24.0635
 63.0965 -24.2525
 62.8465 -24.5204
 62.6572 -24.738
 62.2923 -24.7788
 62.0529 -24.809
 62.0523 -24.8098
200 136 15
 37.9112 -33.9482
 36.8498 -33.1784
 36.4781 -34.1737
 35.6363 -34.6802
 35.148 -34.3029
 34.4775 -34.8284
 33.2671 -35.2741
 32.9388 -35.9595
 32.8004 -36.2828
 32.6894 -36.3211
 32.6429 -36.3238
 32.4927 -36.1588
 32.3365 -36.0508
 32.2963 -36.0552
 32.2865 -36.0578
200 66 5
 37.9112 -33.9482
 38.8103 -34.3149
 38.8813 -34.5002
 38.908 -34.5479
 38.9441 -34.541
201 88 24
 38.0149 -54.3664
 37.4051 -55.9345
 36.685 -56.563
 36.8192 -56.9411
 37.035 -58.3164
 37.5756 -59.3488
 38.5398 -59.8186
 38.8098 -61.0826
 39.0545 -60.262
 40.3524 -60.8414
 41.6449 -61.7488
 42.1828 -62.256
 42.8415 -62.6673
 43.0894 -63.174
 43.8211 -63.6011
 44.4656 -63.7404
 44.6114 -64.0884
 44.9774 -64.3837
 46.402 -64.5114
 47.6027 -64.6821
 47.7197 -65.2009
 47.4785 -66.5093
 47.1804 -67.3093
 47.2129 -67.3224
201 24 9
 38.0149 -54.3664
 37.9821 -53.2621
 37.9624 -52.9091
 37.6578 -52.6763
 37.1178 -52.6768
 36.4286 -52.4929
 35.8722 -52.0984
 35.672 -51.8929
 35.6672 -51.8817
202 24 20
 49.0305 -55.1184
 47.7614 -54.2602
 46.8992 -54.2169
 46.0087 -54.1552
 45.0388 -54.3209
 44.8768 -54.0597
 44.5446 -53.0509
 43.7713 -52.9295
 43.5146 -53.0976
 42.9491 -53.1777
 41.9615 -52.4955
 41.3156 -51.8126
 40.4606 -51.4959
 39.5649 -50.9688
 38.8663 -51.2155
 37.6312 -51.8672
 36.4399 -52.1925
 35.8722 -52.0984
 35.672 -51.8929
 35.6672 -51.8817
202 5 4
 49.0305 -55.1184
 49.4485 -56.3116
 49.1366 -57.0271
 49.0633 -57.0843
203 119 6
 53.8887 -35.0231
 53.9324 -35.1196
 53.8908 -36.0506
 53.9144 -36.9718
 53.9838 -37.028
 53.9916 -37.0359
203 108 4
 53.8887 -35.0231
 53.8197 -34.6155
 53.8015 -34.2061
 53.805 -34.1657
204 116 19
 73.8687 -31.5068
 75.1069 -31.8394
 75.4222 -32.0557
 75.551 -31.0759
 76.5153 -30.2619
 78.2053 -30.464
 79.243 -30.709
 79.5829 -30.8569
 79.8553 -30.9376
 79.7797 -31.127
 79.7519 -31.5647
 79.6931 -31.8377
 79.6335 -31.893
 79.6342 -32.1162
 79.5967 -32.4102
 79.6611 -32.4916
 79.8564 -32.7331
 79.9731 -32.9703
 80.0058 -32.9717
204 65 4
 73.8687 -31.5068
 72.6167 -31.3822
 72.226 -31.2694
 72.2244 -31.2802
205 120 15
 92.7977 -29.1067
 93.4785 -28.3759
 93.5367 -28.209
 93.5974 -28.0392
 93.607 -27.7965
 93.5532 -27.4942
 93.3927 -27.0224
 93.25 -26.6654
 93.285 -26.5294
 93.2853 -26.1609
 93.1852 -25.8092
 93.2918 -25.2274
 93.3792 -24.653
 93.3245 -24.5296
 93.3428 -24.4974
205 8 4
 92.7977 -29.1067
 91.7915 -29.9458
 91.3389 -30.225
 91.2433 -30.3227
206 32 11
 21.3527 -29.8423
 20.1068 -29.7267
 19.861 -29.3723
 19.6511 -29.7404
 19.1108 -30.2091
 18.7354 -30.6348
 18.5626 -30.8524
 18.5352 -31.0956
 18.5024 -31.2634
 18.4335 -31.2962
 18.4044 -31.3348
206 22 3
 21.3527 -29.8423
 22.4513 -29.797
 22.4563 -29.8132
207 73 28
 95.1898 -50.5699
 93.3517 -50.4457
 94.8251 -51.1749
 94.4538 -52.4487
 92.1678 -52.7031
 90.7436 -52.0083
 89.517 -51.7603
 89.013 -51.4634
 88.3429 -50.4949
 88.3492 -49.8633
 89.3549 -48.9335
 90.6933 -47.6562
 91.5235 -46.9949
 92.0107 -45.7479
 92.1176 -44.5846
 91.2784 -44.2079
 89.0872 -43.9793
 86.7592 -42.925
 85.4478 -41.5632
 84.876 -41.1431
 84.8514 -40.6473
 84.5966 -40.1715
 84.4623 -39.8821
 84.2007 -39.638
 84.1814 -39.5279
 84.5867 -39.3548
 84.7894 -39.2107
 84.8567 -39.2114
207 90 6
 95.1898 -50.5699
 98.0488 -50.0883
 99.0967 -49.4953
 101.362 -48.1962
 103.532 -46.7754
 103.458 -46.6657
208 36 25
 19.0163 -67.724
 19.858 -66.8895
 21.1204 -66.996
 21.9012 -67.1768
 21.9326 -67.5118
 22.0117 -67.1869
 22.5801 -66.1376
 23.271 -65.4192
 24.0022 -65.4586
 25.061 -65.1504
 25.6813 -64.8917
 25.8907 -64.8694
 26.3362 -64.8942
 26.9068 -64.7878
 27.2111 -64.6028
 27.5579 -64.7934
 27.9527 -64.979
 28.0375 -64.91
 28.1417 -64.8393
 28.2402 -64.8985
 28.3074 -64.9865
 28.3726 -65.0791
 28.3942 -65.1454
 28.3917 -65.1795
 28.3866 -65.1993
208 98 4
 19.0163 -67.724
 18.625 -69.076
 18.6367 -69.4175
 18.6403 -69.4324
209 131 17
 18.366 -37.3945
 17.9261 -38.1498
 17.5785 -38.4395
 17.3909 -38.1386
 17.4001 -38.5721
 17.423 -38.8496
 17.7636 -39.0793
 17.9222 -39.2839
 17.8407 -39.401
 17.9797 -39.5687
 18.1787 -39.7652
 18.4405 -40.2057
 18.5399 -40.7454
 18.4298 -40.9804
 18.3533 -41.2319
 18.2942 -41.416
 18.292 -41.428
209 21 3
 18.366 -37.3945
 18.5804 -36.95
 18.5897 -36.9406
210 136 8
 33.0508 -34.025
 32.9499 -35.0275
 32.472 -35.295
 32.5156 -35.3782
 32.5215 -35.7083
 32.3492 -36.0017
 32.2721 -36.0401
 32.2865 -36.0578
210 117 25
 33.0508 -34.025
 32.795 -32.9701
 32.5206 -32.41
 32.0756 -31.9606
 31.7001 -31.7623
 31.3586 -31.7545
 31.4576 -31.4564
 31.6937 -30.9015
 31.5908 -30.4852
 30.7164 -30.0205
 29.8113 -29.6014
 29.5332 -29.4014
 29.6655 -28.7861
 30.1532 -27.8553
 30.5158 -27.5677
 30.2229 -26.9925
 30.0301 -26.4893
 29.6091 -26.8601
 29.2353 -27.3117
 29.211 -27.3966
 28.8774 -27.3638
 28.3888 -27.6049
 27.4707 -27.8014
 26.7361 -27.7647
 26.7197 -27.774
211 117 8
 27.3624 -30.6555
 26.6472 -29.5126
 26.8139 -29.3069
 26.8032 -29.1704
 26.4198 -28.792
 26.3992 -28.1777
 26.6855 -27.8094
 26.7197 -27.774
211 57 6
 27.3624 -30.6555
 28.2265 -31.5954
 28.4067 -31.5886
 28.5902 -31.6924
 28.6831 -31.7781
 28.6908 -31.7899
212 86 11
 -15.1256 -32.6982
 -15.2151 -33.9827
 -16.038 -33.5304
 -17.4811 -32.7766
 -18.7987 -33.1616
 -19.3786 -33.665
 -20.1737 -32.7477
 -21.18 -32.1544
 -21.3504 -32.0338
 -21.2665 -31.7127
 -21.311 -31.6553
212 76 5
 -15.1256 -32.6982
 -15.0779 -31.3257
 -14.8582 -31.0097
 -14.7837 -30.7859
 -14.7655 -30.7879
213 81 5
 2.66065 16.171
 2.30885 15.2977
 2.42885 15.2304
 2.5146 15.1887
 2.5657 15.1605
213 33 8
 2.66065 16.171
 2.9567 17.2281
 3.01335 17.7455
 3.2041 18.0261
 3.3101 18.2689
 3.5339 18.4313
 3.66535 18.3529
 3.672 18.3557
214 33 57
 25.0914 18.9821
 24.4507 18.6
 24.3405 18.5623
 24.3361 18.5173
 24.0789 18.3367
 23.5448 18.0387
 22.9065 18.2518
 22.172 18.2847
 21.1954 18.1069
 20.617 18.0635
 20.5386 17.5238
 20.4605 17.0788
 20.2556 16.9833
 19.6425 16.9628
 19.0819 16.9918
 18.6577 17.0186
 17.9427 17.0524
 16.7669 16.8383
 16.0672 16.4437
 15.8204 16.2772
 15.2167 15.8519
 14.7727 15.3377
 14.4571 15.4307
 14.2764 15.6466
 14.0271 15.6669
 13.6062 15.6014
 13.3385 15.4977
 13.2477 15.5641
 13.2072 15.9738
 13.0553 17.0331
 12.2834 17.2467
 11.5944 16.6013
 11.3309 16.2517
 10.635 16.3399
 10.1201 16.839
 10.1045 17.0504
 10.0241 17.0616
 9.9016 17.0195
 9.47855 16.6573
 8.71815 16.3104
 7.9007 16.4877
 6.9633 17.0514
 5.80595 17.2879
 5.0556 17.1031
 4.79675 16.995
 4.9141 17.1286
 4.5954 17.5205
 4.33175 17.997
 4.27995 18.1348
 4.1663 18.3144
 4.066 18.6043
 3.9551 18.7035
 3.84695 18.6693
 3.80575 18.4935
 3.74305 18.3417
 3.6939 18.3493
 3.672 18.3557
214 91 4
 25.0914 18.9821
 25.7244 19.6814
 25.8912 19.9982
 25.9121 20.0063
215 132 31
 10.0128 4.3045
 10.4365 3.34315
 10.6427 2.72335
 10.761 2.43925
 10.9205 2.5039
 11.3965 2.9612
 12.0728 3.44275
 12.7176 3.0836
 13.2787 2.9079
 13.7684 3.21775
 14.123 3.2123
 14.5623 3.3111
 15.0667 3.39405
 15.3595 3.4222
 15.564 3.5815
 15.5746 3.8968
 16.0539 4.1587
 16.6974 4.16935
 16.9589 4.32125
 17.0978 4.53445
 17.2472 4.4973
 17.4715 4.2791
 17.8748 3.9576
 18.2302 3.61675
 18.3107 3.4088
 18.5341 3.54845
 18.9889 3.4407
 19.448 3.2827
 19.6214 3.39245
 19.5623 3.51515
 19.5683 3.569
215 37 12
 10.0128 4.3045
 9.10595 5.41185
 8.2461 5.97605
 7.8457 6.00055
 7.23305 6.53825
 6.77785 7.1479
 6.68105 7.58825
 6.4637 8.07515
 6.07935 8.24925
 5.85475 8.45565
 5.825 8.5573
 5.8186 8.5541
216 29 6
 13.8853 -23.1955
 13.2163 -23.049
 12.2269 -23.2474
 11.391 -24.2941
 11.0887 -25.2552
 11.1052 -25.2905
216 106 4
 13.8853 -23.1955
 14.3628 -23.7554
 14.6733 -24.1958
 14.703 -24.3005
217 45 14
 61.6088 24.9867
 61.3545 24.8154
 61.2994 24.7381
 61.1476 24.6105
 60.9094 24.4917
 60.7281 24.3673
 60.5447 24.1363
 60.369 24.0136
 60.2626 23.9125
 60.224 23.7948
 60.2271 23.7499
 60.148 23.6867
 60.0572 23.6213
 60.045 23.5959
217 80 3
 61.6088 24.9867
 61.8399 25.0998
 61.8488 25.099
218 109 13
 57.2324 -41.6278
 55.9467 -43.0355
 55.0173 -43.1416
 55.0387 -43.5736
 55.0001 -44.0302
 54.9961 -44.4355
 55.3625 -45.094
 55.6798 -45.4709
 56.1854 -45.6308
 57.1732 -45.9641
 58.1856 -45.8998
 58.7276 -45.5984
 58.7714 -45.5938
218 119 9
 57.2324 -41.6278
 57.4571 -39.8947
 57.0294 -39.3903
 55.9713 -38.7141
 54.788 -37.8175
 54.2652 -37.421
 54.0425 -37.2139
 53.969 -37.053
 53.9916 -37.0359
219 135 22
 35.1311 -49.532
 35.1931 -49.3379
 34.7215 -48.384
 34.4002 -47.5177
 34.1603 -47.4015
 33.8422 -47.6165
 33.2786 -48.1442
 32.6542 -48.4914
 32.1667 -48.4901
 31.6416 -48.6122
 31.4127 -48.8416
 31.5187 -49.0019
 31.7198 -49.1637
 31.7953 -49.2374
 31.614 -49.4492
 31.253 -49.685
 31.0788 -49.6778
 31.0041 -49.642
 30.9598 -49.6651
 30.9414 -49.7243
 30.8634 -49.7246
 30.8095 -49.6835
219 24 8
 35.1311 -49.532
 34.7889 -50.3013
 34.8342 -51.403
 35.1251 -51.675
 35.2561 -51.6049
 35.4514 -51.6973
 35.6507 -51.8407
 35.6672 -51.8817
220 92 7
 38.1516 -68.6418
 39.3767 -68.0034
 39.5456 -67.7656
 39.6858 -67.7736
 39.8338 -67.7789
 39.9498 -67.7987
 40.0008 -67.7771
220 89 13
 38.1516 -68.6418
 37.1173 -69.1375
 37.0816 -69.1889
 37.0469 -69.1044
 36.7915 -68.8581
 36.5382 -68.6949
 36.5879 -68.4355
 36.435 -68.1949
 36.1844 -68.2186
 35.9188 -68.2188
 35.6245 -68.2096
 35.5238 -68.2028
 35.4677 -68.1988
221 100 4
 61.0633 -26.7279
 60.2042 -27.3687
 59.5882 -27.9738
 59.5527 -28.1062
221 43 4
 61.0633 -26.7279
 61.7933 -25.8468
 62.1486 -24.9718
 62.0523 -24.8098
222 116 3
 81.0342 -33.074
 80.0471 -32.9267
 80.0058 -32.9717
222 95 3
 81.0342 -33.074
 81.9893 -33.2485
 81.9986 -33.2307
223 102 8
 11.3339 -71.3396
 10.8791 -71.8466
 10.8383 -72.1926
 11.0897 -72.3488
 11.4977 -72.5665
 11.7309 -73.0096
 11.8113 -73.4262
 11.8099 -73.4771
223 26 5
 11.3339 -71.3396
 11.7893 -71.1227
 11.7936 -70.8064
 11.7476 -70.4632
 11.7337 -70.3965
224 70 33
 10.6208 -61.5507
 10.4441 -60.0815
 10.3345 -59.2612
 10.8006 -57.9975
 11.389 -57.4389
 11.3484 -57.0877
 11.1427 -56.4504
 10.7875 -55.7655
 10.0325 -55.1468
 8.86565 -54.5567
 8.96445 -54.0199
 9.8954 -53.8732
 11.1725 -54.2212
 11.4203 -53.7141
 11.5415 -52.1824
 12.5006 -51.3707
 12.4703 -51.26
 12.5056 -51.2617
 13.0441 -51.5767
 13.9323 -51.643
 14.7462 -51.2019
 15.4295 -50.8076
 15.8192 -50.6831
 16.0662 -50.7589
 16.1849 -50.7906
 16.2206 -50.6736
 16.298 -50.5536
 16.3707 -50.5047
 16.3362 -50.4735
 16.3339 -50.4058
 16.3827 -50.298
 16.3836 -50.1795
 16.3817 -50.1055
224 27 9
 10.6208 -61.5507
 10.6854 -62.9831
 9.8307 -63.3349
 9.06075 -63.9928
 9.0902 -64.3947
 9.059 -64.7146
 8.78955 -64.9715
 8.50885 -65.011
 8.4765 -65.0412
225 2 12
 14.1904 -46.1197
 15.1702 -45.9932
 15.8297 -46.1798
 16.2954 -46.3293
 16.6667 -46.5332
 17.1102 -46.8415
 17.1715 -46.3978
 17.7408 -46.071
 18.3164 -46.0169
 18.594 -46.0888
 18.6338 -46.2127
 18.6219 -46.2242
225 124 4
 14.1904 -46.1197
 13.2334 -46.3514
 12.7683 -46.4937
 12.5603 -46.5939
226 2 20
 17.9886 -49.3356
 18.3264 -49.3156
 18.5781 -49.2572
 19.3102 -49.1993
 19.9543 -49.167
 20.1228 -49.0846
 20.3111 -49.0438
 20.2849 -48.8478
 20.1408 -48.4013
 19.8647 -48.0717
 19.7637 -47.7709
 19.5831 -47.5156
 19.4405 -47.2868
 19.3134 -47.0211
 19.1114 -46.7864
 18.8521 -46.4739
 18.749 -46.3072
 18.741 -46.2787
 18.6682 -46.2596
 18.6219 -46.2242
226 70 8
 17.9886 -49.3356
 17.4137 -49.4756
 17.1397 -49.7024
 16.9174 -49.8189
 16.6531 -49.9091
 16.5453 -49.9804
 16.4362 -50.0469
 16.3817 -50.1055
227 102 16
 19.059 -71.7364
 17.9691 -72.6526
 16.9487 -72.6836
 16.8235 -72.5984
 16.2531 -73.2307
 15.3757 -73.6637
 14.872 -73.5466
 14.7019 -73.4281
 14.0236 -72.8568
 13.4009 -72.2133
 13.0339 -72.0708
 12.7701 -72.2822
 12.5547 -72.8761
 12.1151 -73.3771
 11.8553 -73.4951
 11.8099 -73.4771
227 98 5
 19.059 -71.7364
 18.7821 -70.6344
 18.4904 -69.9673
 18.5674 -69.591
 18.6403 -69.4324
228 67 15
 21.3006 -75.9864
 22.1181 -75.3997
 22.3354 -75.2211
 22.8698 -74.6172
 23.4049 -73.792
 23.7443 -74.3768
 24.0832 -75.2402
 24.641 -75.7338
 25.4394 -75.7304
 25.7556 -75.9514
 25.9816 -76.1716
 26.1563 -76.2032
 26.2686 -76.3138
 26.4002 -76.4258
 26.4583 -76.458
228 35 5
 21.3006 -75.9864
 20.5532 -76.2971
 19.7508 -76.2829
 18.9688 -76.4155
 18.8557 -76.466
229 67 15
 27.3827 -73.3842
 27.0329 -73.8621
 26.9831 -74.1137
 27.0351 -74.3181
 27.0934 -74.4295
 26.898 -74.6322
 26.8134 -75.0843
 26.9492 -75.3071
 26.7626 -75.6012
 26.5355 -75.9946
 26.3289 -76.1517
 26.2126 -76.2113
 26.2686 -76.3138
 26.4002 -76.4258
 26.4583 -76.458
229 11 9
 27.3827 -73.3842
 27.9207 -72.9529
 28.3899 -72.5948
 28.5222 -72.1483
 28.4198 -71.6418
 28.626 -71.0769
 28.8741 -70.6208
 28.9944 -70.4222
 29.0277 -70.4151
230 11 11
 30.0211 -66.8254
 30.3999 -67.6965
 30.3027 -68.0089
 30.201 -68.2729
 30.3538 -69.0629
 30.1432 -69.8427
 29.5197 -69.776
 29.2706 -69.9257
 29.1278 -70.3169
 29.0339 -70.4097
 29.0277 -70.4151
230 36 8
 30.0211 -66.8254
 29.5731 -66.0085
 29.4673 -65.7632
 28.9046 -65.5987
 28.473 -65.4595
 28.4592 -65.2765
 28.3995 -65.2106
 28.3866 -65.1993
231 2 19
 20.8377 -50.6668
 20.7752 -49.5808
 20.9473 -49.3151
 20.8726 -49.2766
 20.6383 -49.1782
 20.3111 -49.0438
 20.2849 -48.8478
 20.1408 -48.4013
 19.8647 -48.0717
 19.7637 -47.7709
 19.5831 -47.5156
 19.4405 -47.2868
 19.3134 -47.0211
 19.1114 -46.7864
 18.8521 -46.4739
 18.749 -46.3072
 18.741 -46.2787
 18.6682 -46.2596
 18.6219 -46.2242
231 31 15
 20.8377 -50.6668
 21.0575 -51.8055
 21.0528 -52.0811
 20.9566 -52.5544
 20.819 -53.0472
 21.2451 -53.8484
 21.6656 -54.6623
 21.3353 -54.8781
 20.7731 -55.0315
 20.2999 -55.0954
 20.006 -55.5245
 19.7104 -56.0477
 19.4273 -56.4035
 19.3179 -56.5895
 19.2751 -56.6017
232 2 12
 21.0746 -47.4194
 20.1423 -47.8518
 19.7637 -47.7709
 19.5831 -47.5156
 19.4405 -47.2868
 19.3134 -47.0211
 19.1114 -46.7864
 18.8521 -46.4739
 18.749 -46.3072
 18.741 -46.2787
 18.6682 -46.2596
 18.6219 -46.2242
232 48 13
 21.0746 -47.4194
 21.7366 -46.8351
 21.7212 -46.4918
 21.781 -46.4614
 22.0692 -46.145
 22.5625 -45.7267
 22.8924 -45.5333
 22.9177 -45.3735
 22.8925 -45.2231
 22.8806 -45.1328
 22.8492 -45.0813
 22.7502 -45.0141
 22.6794 -44.984
233 57 6
 27.6162 -32.7072
 27.8957 -32.3373
 27.9527 -32.0312
 28.3029 -31.921
 28.6432 -31.7914
 28.6908 -31.7899
233 118 3
 27.6162 -32.7072
 27.259 -32.8176
 27.182 -32.8824
234 87 6
 -1.69445 -35.8983
 -2.33735 -36.5972
 -2.3964 -36.969
 -2.38185 -37.1001
 -2.34425 -37.2644
 -2.3368 -37.3082
234 59 7
 -1.69445 -35.8983
 -1.4611 -34.9111
 -1.82405 -33.9307
 -1.83855 -33.5855
 -1.63665 -33.103
 -1.40005 -32.6168
 -1.383 -32.5988
235 87 8
 -2.1122 -39.0019
 -2.41495 -38.2387
 -2.38275 -37.8541
 -2.40095 -37.7617
 -2.4253 -37.6537
 -2.4196 -37.5138
 -2.3752 -37.3765
 -2.3368 -37.3082
235 133 7
 -2.1122 -39.0019
 -1.5287 -39.5002
 -1.2784 -39.6182
 -1.31465 -39.7814
 -1.29615 -39.9706
 -1.25715 -40.0712
 -1.2688 -40.092
236 103 18
 -17.3281 -28.5449
 -18.8577 -27.9792
 -19.801 -27.0182
 -19.4302 -26.2126
 -19.4212 -26.0029
 -19.4155 -25.5995
 -18.8656 -24.6327
 -18.3986 -23.7804
 -18.4274 -23.5516
 -18.2761 -23.2956
 -17.9117 -22.9171
 -17.5605 -22.1504
 -17.4184 -21.4659
 -17.3051 -21.1918
 -17.3228 -21.0266
 -17.4748 -21.0175
 -17.6079 -21.0411
 -17.6644 -21.035
236 76 9
 -17.3281 -28.5449
 -16.6428 -28.644
 -15.9219 -28.8034
 -15.6978 -29.6004
 -15.6695 -30.2907
 -15.3735 -30.6039
 -14.9703 -30.6896
 -14.7837 -30.7859
 -14.7655 -30.7879
237 61 16
 -11.0422 -22.897
 -10.2111 -22.4968
 -9.1659 -22.2812
 -7.82105 -21.8791
 -7.0951 -21.3989
 -6.7902 -21.01
 -6.74005 -20.702
 -6.77585 -19.8806
 -6.80975 -19.0821
 -6.5383 -19.0048
 -5.86015 -19.0975
 -5.0923 -19.3366
 -4.67515 -19.494
 -4.2078 -19.924
 -3.74955 -20.3465
 -3.7466 -20.3611
237 6 4
 -11.0422 -22.897
 -11.9159 -23.131
 -12.1842 -23.0504
 -12.1924 -23.0122
238 125 5
 -11.3349 -9.49895
 -10.4571 -10.1871
 -9.82485 -10.1996
 -9.61115 -10.083
 -9.5562 -10.0339
238 25 4
 -11.3349 -9.49895
 -12.3583 -9.0007
 -12.9895 -9.09405
 -13.0016 -9.0776
239 61 9
 -7.05555 -17.7772
 -6.9151 -18.99
 -6.5383 -19.0048
 -5.86015 -19.0975
 -5.0923 -19.3366
 -4.67515 -19.494
 -4.2078 -19.924
 -3.74955 -20.3465
 -3.7466 -20.3611
239 115 13
 -7.05555 -17.7772
 -7.2445 -15.9763
 -7.02955 -15.6809
 -7.3676 -15.3603
 -7.7705 -15.635
 -8.69715 -15.3785
 -9.22775 -14.7152
 -9.24105 -14.8632
 -9.57105 -15.3482
 -10.0384 -15.7283
 -10.3579 -15.7625
 -10.5869 -15.9
 -10.6407 -15.9166
240 19 16
 1.25075 -21.6369
 1.6515 -21.4581
 2.1354 -21.1966
 2.51585 -21.0308
 2.70545 -21.0047
 3.01805 -21.0784
 3.16895 -21.1576
 3.23025 -21.0958
 3.1957 -21.1823
 3.41225 -21.2703
 3.77035 -21.5326
 4.0967 -21.9021
 4.3563 -22.1469
 4.6299 -22.3457
 4.8729 -22.4864
 4.9323 -22.5164
240 1 7
 1.25075 -21.6369
 0.71755 -21.9948
 0.4554 -22.6655
 0.2313 -23.215
 -0.0016 -23.4598
 -0.0018 -23.6446
 0.0167 -23.7448
241 84 23
 -3.8448 -7.875
 -3.7334 -7.3587
 -3.9479 -6.84395
 -4.24375 -6.30435
 -3.33285 -6.3429
 -2.3093 -6.25765
 -1.7098 -6.3411
 -1.33345 -6.18615
 -0.93065 -6.13325
 -0.61295 -6.31015
 -0.30475 -6.42255
 -0.0351 -6.51195
 0.28195 -6.47925
 0.57 -6.45935
 0.67655 -6.3445
 0.80005 -6.2501
 0.99335 -6.2321
 1.131 -6.17465
 1.2855 -6.1479
 1.4419 -6.15335
 1.5128 -6.128
 1.5868 -6.05425
 1.6066 -6.0147
241 105 19
 -3.8448 -7.875
 -4.1665 -8.58515
 -3.87845 -9.0452
 -3.93455 -9.88225
 -4.2932 -10.5926
 -5.3919 -10.9057
 -6.6207 -11.2566
 -6.8134 -11.285
 -6.9131 -11.2605
 -7.0338 -11.2584
 -7.1492 -11.1639
 -7.1798 -10.9187
 -7.43705 -10.5658
 -7.7273 -9.8769
 -7.84955 -9.2342
 -7.4145 -9.36905
 -6.6663 -9.23965
 -6.17705 -9.0955
 -6.1309 -9.0725
242 78 10
 -12.2737 -4.25525
 -13.2841 -3.81345
 -13.2938 -3.4261
 -13.7015 -3.01675
 -14.4114 -2.32475
 -14.7953 -1.6652
 -14.5424 -1.53305
 -13.9792 -0.83325
 -13.5075 -0.26475
 -13.4704 -0.2724
242 25 9
 -12.2737 -4.25525
 -11.351 -5.184
 -11.3755 -5.7448
 -11.2386 -6.59485
 -11.119 -7.39805
 -11.4322 -8.157
 -12.3583 -9.0007
 -12.9895 -9.09405
 -13.0016 -9.0776
243 44 24
 -19.3218 5.19785
 -19.555 6.2344
 -19.8448 7.08995
 -19.8046 7.6812
 -19.5709 8.31485
 -19.3736 8.53675
 -19.3351 8.90065
 -19.4466 9.4539
 -19.4792 9.45575
 -20.0612 9.7698
 -20.686 9.6844
 -20.9314 9.53715
 -21.0944 9.45185
 -21.3288 9.40265
 -21.7698 9.4545
 -22.1347 9.5054
 -22.39 9.5922
 -22.691 9.82925
 -22.7907 9.9851
 -22.8778 9.8419
 -22.9517 9.6357
 -22.9578 9.5085
 -22.924 9.4457
 -22.9188 9.4412
243 78 21
 -19.3218 5.19785
 -19.1505 4.30935
 -18.9408 3.70465
 -18.9564 3.57535
 -19.0611 2.43285
 -18.7928 1.2452
 -18.2976 0.63235
 -18.0643 0.0102
 -17.8582 -0.2033
 -17.7308 -0.31775
 -17.3372 -0.49185
 -16.7226 -0.9651
 -16.3783 -1.0013
 -16.3791 -1.41155
 -15.6336 -1.55635
 -14.941 -1.6601
 -14.7953 -1.6652
 -14.5424 -1.53305
 -13.9792 -0.83325
 -13.5075 -0.26475
 -13.4704 -0.2724
244 39 42
 -9.19185 13.7057
 -8.91345 13.3934
 -8.76905 13.1505
 -8.5663 12.9329
 -8.37675 12.8624
 -8.05845 12.6973
 -7.09785 12.742
 -6.4396 13.0941
 -6.3808 13.0944
 -5.84745 12.8894
 -5.4889 12.7419
 -5.4263 12.4289
 -5.43165 12.1514
 -5.21375 11.6434
 -4.8314 11.216
 -4.7335 10.9011
 -4.56135 10.3973
 -4.52335 10.0268
 -4.20405 10.0421
 -4.01105 9.66385
 -3.7514 9.3521
 -3.5955 8.9861
 -3.5746 8.65215
 -3.47555 8.54745
 -3.45035 8.2357
 -3.426 7.96735
 -3.4427 7.795
 -3.4478 7.64705
 -3.4297 7.5691
 -3.29195 7.3861
 -3.1726 7.2584
 -3.0752 7.287
 -2.9962 7.28615
 -3.0159 7.1954
 -2.9899 7.06085
 -2.7814 7.01475
 -2.57305 7.02125
 -2.4562 6.9742
 -2.3874 6.88605
 -2.4085 6.7102
 -2.43755 6.57705
 -2.4487 6.5609
244 114 4
 -9.19185 13.7057
 -9.7894 14.0602
 -10.1852 14.1254
 -10.253 14.1404
245 33 22
 6.6422 14.7495
 7.5215 14.9139
 7.8232 15.4126
 8.17405 16.1217
 8.71815 16.3104
 7.9007 16.4877
 6.9633 17.0514
 5.80595 17.2879
 5.0556 17.1031
 4.79675 16.995
 4.9141 17.1286
 4.5954 17.5205
 4.33175 17.997
 4.27995 18.1348
 4.1663 18.3144
 4.066 18.6043
 3.9551 18.7035
 3.84695 18.6693
 3.80575 18.4935
 3.74305 18.3417
 3.6939 18.3493
 3.672 18.3557
245 37 17
 6.6422 14.7495
 5.65895 14.5402
 5.59635 14.4493
 5.6736 14.0725
 5.53455 13.7323
 5.1524 13.4666
 4.6093 12.9522
 4.40975 12.4715
 5.0619 11.9058
 6.04245 11.4317
 5.7674 10.9396
 5.2017 10.5017
 5.2334 10.0479
 5.33865 9.26975
 5.5203 8.81935
 5.71215 8.65465
 5.8186 8.5541
246 28 7
 24.1315 25.4629
 24.9949 26.3649
 25.8517 26.4674
 26.1735 26.2454
 27.1911 26.1555
 28.0817 26.0863
 28.1152 26.0723
246 10 4
 24.1315 25.4629
 24.0967 24.2086
 24.3025 23.4264
 24.375 23.2861
247 33 48
 23.3969 10.617
 22.4158 10.8267
 20.7585 10.892
 19.9277 10.8218
 19.5672 10.9387
 18.5424 10.9715
 17.9825 12.1567
 18.235 13.4221
 18.2375 13.7059
 17.9257 13.9688
 16.9501 14.1555
 16.0483 13.9829
 15.1912 13.8957
 13.8773 14.0343
 13.3095 13.7451
 13.2865 14.1845
 13.2859 14.9169
 13.2657 15.4372
 13.2477 15.5641
 13.2072 15.9738
 13.0553 17.0331
 12.2834 17.2467
 11.5944 16.6013
 11.3309 16.2517
 10.635 16.3399
 10.1201 16.839
 10.1045 17.0504
 10.0241 17.0616
 9.9016 17.0195
 9.47855 16.6573
 8.71815 16.3104
 7.9007 16.4877
 6.9633 17.0514
 5.80595 17.2879
 5.0556 17.1031
 4.79675 16.995
 4.9141 17.1286
 4.5954 17.5205
 4.33175 17.997
 4.27995 18.1348
 4.1663 18.3144
 4.066 18.6043
 3.9551 18.7035
 3.84695 18.6693
 3.80575 18.4935
 3.74305 18.3417
 3.6939 18.3493
 3.672 18.3557
247 46 18
 23.3969 10.617
 24.208 10.3649
 25.6965 10.5333
 27.0553 10.3931
 27.6602 9.94925
 27.6795 9.95925
 27.7533 9.7686
 27.644 9.50175
 26.7262 8.949
 25.9611 8.66005
 25.4465 8.16345
 25.4026 7.67545
 26.212 7.33985
 26.5245 6.87705
 26.1954 6.4973
 25.7841 6.27225
 25.7149 6.16175
 25.7102 6.0966
248 46 11
 22.3101 4.94105
 23.1577 5.24585
 23.2778 5.2877
 23.8055 5.66225
 24.2704 6.00735
 24.3674 6.0841
 24.5139 6.03795
 24.8836 5.9812
 25.3465 6.08095
 25.6305 6.13745
 25.7102 6.0966
248 132 7
 22.3101 4.94105
 21.4634 4.4519
 21.2819 4.2494
 20.6576 3.9118
 19.9529 3.60265
 19.627 3.5653
 19.5683 3.569
249 18 23
 30.8689 0.77015
 31.9324 1.873
 33.2309 1.6533
 33.6717 1.96315
 34.0889 2.256
 34.1697 2.27875
 34.0475 2.9278
 33.9193 3.8072
 33.6248 3.88625
 33.3283 3.68945
 33.0431 3.4453
 32.7658 3.38255
 32.6553 3.88965
 32.6581 4.6269
 32.7464 5.4904
 32.3773 5.6428
 31.9188 5.2884
 31.5036 5.30505
 30.4831 5.5589
 29.7184 5.7492
 29.5341 5.77285
 29.3263 5.81475
 29.2474 5.8183
249 68 13
 30.8689 0.77015
 30.9841 -0.8606
 30.5466 -1.55335
 29.9661 -2.55925
 30.8288 -3.6241
 32.243 -4.67545
 32.5616 -5.53725
 33.321 -6.61405
 34.2968 -7.43845
 34.1798 -7.5033
 33.044 -8.185
 31.9035 -8.777
 31.6507 -8.7337
250 34 4
 7.6636 -5.98845
 7.20695 -4.87765
 6.9134 -4.5959
 6.878 -4.5941
250 58 4
 7.6636 -5.98845
 7.9368 -6.9842
 8.0268 -7.19245
 8.0421 -7.2358
251 19 22
 9.1083 -18.2206
 7.8152 -18.3948
 7.26445 -18.8517
 6.54025 -19.0084
 5.9742 -18.7896
 5.74995 -18.6912
 5.69525 -18.7094
 5.51035 -18.954
 5.0416 -19.5919
 4.776 -20.067
 4.1909 -20.5433
 3.42775 -20.9916
 3.2781 -21.027
 3.23025 -21.0958
 3.1957 -21.1823
 3.41225 -21.2703
 3.77035 -21.5326
 4.0967 -21.9021
 4.3563 -22.1469
 4.6299 -22.3457
 4.8729 -22.4864
 4.9323 -22.5164
251 137 35
 9.1083 -18.2206
 10.2027 -18.2103
 10.2235 -18.255
 10.5222 -18.4885
 11.3334 -18.7459
 11.8808 -18.7416
 12.6777 -18.6254
 13.6431 -18.4946
 13.9456 -18.3737
 14.1442 -18.2612
 14.2288 -18.1439
 14.2273 -17.9584
 14.1816 -17.4539
 14.4236 -16.8351
 14.8904 -16.5388
 15.0646 -16.7487
 15.3396 -16.8203
 15.6121 -16.6371
 15.6202 -16.6425
 15.9638 -16.854
 16.459 -16.9472
 16.952 -16.9142
 17.3986 -17.0295
 17.5719 -17.1783
 17.8408 -17.5559
 18.7672 -17.7079
 19.6122 -17.7109
 19.8989 -17.9072
 20.1057 -17.9581
 20.3067 -17.6673
 20.4195 -17.3113
 20.4753 -17.1666
 20.8637 -17.0327
 21.2251 -16.956
 21.2963 -16.959
252 69 7
 20.8243 -16.0271
 20.3281 -15.167
 20.11 -14.7529
 19.9725 -14.7545
 19.7657 -14.7642
 19.5921 -14.7198
 19.5144 -14.6629
252 137 4
 20.8243 -16.0271
 21.2278 -16.701
 21.3116 -16.9462
 21.2963 -16.959
253 117 17
 31.1098 -21.8272
 30.8643 -23.3231
 30.5323 -24.1796
 30.6856 -24.9074
 30.9451 -25.5854
 31.0028 -25.7731
 30.7263 -25.6535
 30.2849 -25.961
 30.0301 -26.4893
 29.6091 -26.8601
 29.2353 -27.3117
 29.211 -27.3966
 28.8774 -27.3638
 28.3888 -27.6049
 27.4707 -27.8014
 26.7361 -27.7647
 26.7197 -27.774
253 41 5
 31.1098 -21.8272
 31.0709 -20.7689
 31.2066 -20.3755
 31.1291 -20.1099
 30.9776 -19.9904
254 121 5
 37.5058 3.739
 38.4874 4.42245
 38.5928 4.57555
 38.8031 4.69395
 38.9203 4.6822
254 18 24
 37.5058 3.739
 36.5152 3.0696
 36.3737 2.86315
 35.4365 3.13485
 34.4979 2.90985
 34.2783 2.23575
 34.1697 2.27875
 34.0475 2.9278
 33.9193 3.8072
 33.6248 3.88625
 33.3283 3.68945
 33.0431 3.4453
 32.7658 3.38255
 32.6553 3.88965
 32.6581 4.6269
 32.7464 5.4904
 32.3773 5.6428
 31.9188 5.2884
 31.5036 5.30505
 30.4831 5.5589
 29.7184 5.7492
 29.5341 5.77285
 29.3263 5.81475
 29.2474 5.8183
255 20 11
 50.984 2.12305
 50.963 1.1707
 52.0765 0.23995
 52.9006 -0.89315
 53.2365 -1.47855
 53.5377 -1.8286
 54.0608 -1.9602
 54.4328 -2.158
 55.5114 -2.4803
 56.4032 -2.58765
 56.5069 -2.5483
255 42 7
 50.984 2.12305
 51.9874 3.4488
 52.4723 4.13725
 51.6144 5.52965
 50.0707 6.64945
 49.5939 6.71335
 49.5347 6.8772
256 4 45
 52.3521 17.2561
 52.9836 17.4335
 53.4985 17.6143
 54.0555 18.0994
 54.4258 18.498
 54.5469 18.6149
 54.776 18.5515
 54.9481 18.3888
 55.0849 18.3093
 55.1857 18.361
 55.262 18.4063
 55.3452 18.52
 55.4126 18.6448
 55.363 18.6759
 55.3225 18.7533
 55.3406 18.8494
 55.4263 18.9597
 55.5169 19.0229
 55.5975 19.055
 55.6411 19.0977
 55.6713 19.1973
 55.7132 19.3007
 55.804 19.337
 55.8722 19.269
 55.8928 19.2504
 55.8507 19.1658
 55.8736 19.1067
 55.8803 18.9892
 55.8954 18.7853
 55.9932 18.6427
 56.0964 18.5728
 56.181 18.5321
 56.2034 18.6504
 56.2024 18.7874
 56.2948 18.8205
 56.4004 18.849
 56.4423 18.8563
 56.4762 18.8755
 56.5152 18.9249
 56.4976 18.9722
 56.453 19.0123
 56.3634 19.0647
 56.3484 19.1237
 56.397 19.1876
 56.4013 19.2142
256 127 17
 52.3521 17.2561
 52.0628 16.9211
 52.0304 16.7594
 51.9544 16.7585
 51.6972 16.6563
 51.2309 16.4999
 50.6081 16.2575
 50.0265 16.0219
 49.7264 15.8931
 49.6437 15.762
 49.6108 15.5763
 49.5523 15.3887
 49.5541 15.3182
 49.4308 15.0761
 49.2023 14.8762
 49.1111 14.8767
 49.1022 14.871
257 134 20
 47.1686 14.5079
 46.7505 14.6684
 46.4238 14.8517
 46.1613 14.7124
 45.9073 14.8195
 45.9746 14.572
 45.8677 14.4841
 45.6721 14.42
 45.6615 14.1463
 45.6583 13.4546
 45.4501 12.9989
 45.2507 12.8172
 45.1812 12.5868
 45.1701 12.4795
 45.044 12.4718
 44.8904 12.5105
 44.7445 12.573
 44.627 12.5429
 44.5817 12.4723
 44.5587 12.4525
257 127 8
 47.1686 14.5079
 47.8604 14.7243
 48.4249 14.8128
 48.6132 14.6752
 48.7702 14.6325
 48.9438 14.7273
 49.1008 14.8483
 49.1022 14.871
258 51 11
 35.7985 30.5518
 35.714 28.8138
 35.0734 28.0263
 34.6729 27.7527
 34.5353 27.824
 33.8786 28.0318
 32.8891 28.2594
 32.3082 28.7938
 31.875 29.3254
 31.5159 29.373
 31.4809 29.3545
258 110 4
 35.7985 30.5518
 35.6724 31.8101
 35.6884 31.8816
 35.6734 31.8968
259 45 23
 60.4341 21.3249
 60.1517 21.4384
 60.0502 21.557
 59.8768 21.9596
 59.7104 22.2048
 59.4512 22.2889
 59.1651 22.4436
 59.0562 22.5154
 59.1474 22.5667
 59.3174 22.5993
 59.4335 22.6483
 59.5068 22.7542
 59.4754 22.9625
 59.4132 23.0974
 59.4473 23.165
 59.554 23.1455
 59.7479 23.0692
 59.936 23.1184
 60.0354 23.2003
 60.0796 23.4165
 60.0849 23.594
 60.0612 23.5928
 60.045 23.5959
259 54 13
 60.4341 21.3249
 60.7646 21.2467
 61.0806 21.2499
 61.4995 20.9619
 61.6842 20.6931
 61.8731 20.5924
 62.0701 20.5008
 62.1539 20.4963
 62.3883 20.3854
 62.6041 20.2248
 62.6615 20.1772
 62.6834 20.1884
 62.6883 20.1924
260 45 15
 58.852 26.2729
 59.2222 25.2339
 59.5654 25.1542
 59.7694 24.8515
 59.6714 24.4111
 59.4075 24.1884
 59.4841 23.9128
 59.6478 23.7831
 59.7066 23.8162
 59.7919 23.8399
 59.8359 23.8197
 59.8721 23.7481
 59.9559 23.6177
 60.0267 23.5757
 60.045 23.5959
260 55 12
 58.852 26.2729
 58.4013 27.2036
 58.2624 27.3253
 58.9441 28.0547
 59.3551 29.0132
 59.3757 29.4706
 59.2964 29.917
 59.0305 30.3765
 58.9789 30.565
 58.7491 30.5841
 58.535 30.752
 58.5346 30.8713
261 54 40
 64.7406 21.1642
 64.563 20.8737
 64.0507 20.7241
 63.5597 20.4923
 63.4694 20.2708
 63.4295 20.1486
 63.4674 20.0034
 63.4586 19.8781
 63.5242 19.7889
 63.6383 19.6994
 63.7521 19.6683
 63.6217 19.6433
 63.5873 19.5555
 63.5248 19.4241
 63.4682 19.3415
 63.4714 19.3272
 63.4611 19.2934
 63.402 19.2295
 63.2943 19.2354
 63.201 19.273
 63.1816 19.295
 63.1634 19.373
 63.1031 19.4418
 63.0398 19.5317
 63.0297 19.6568
 62.9909 19.6173
 62.9635 19.6258
 62.9366 19.6446
 62.8854 19.6631
 62.821 19.6717
 62.7785 19.6721
 62.7517 19.7026
 62.7599 19.7838
 62.7881 19.8716
 62.739 19.9198
 62.5918 19.9705
 62.5765 20.0905
 62.6615 20.1772
 62.6834 20.1884
 62.6883 20.1924
261 123 4
 64.7406 21.1642
 65.2503 21.5158
 65.6699 21.6263
 65.704 21.6014
262 54 47
 66.1982 14.9876
 66.3139 16.5427
 66.4714 17.4825
 66.6326 17.7856
 66.7029 18.0528
 66.6661 18.3391
 66.5148 18.5836
 66.284 18.7866
 66.1055 18.8606
 65.9312 18.9601
 65.7424 19.0434
 65.539 19.0436
 65.3443 19.0435
 65.1283 19.121
 64.9361 19.1065
 64.8058 19.0166
 64.6293 18.9399
 64.4835 18.93
 64.2152 18.8685
 63.9501 18.7756
 63.8517 18.7998
 63.6672 18.9553
 63.5022 19.1679
 63.4611 19.2934
 63.402 19.2295
 63.2943 19.2354
 63.201 19.273
 63.1816 19.295
 63.1634 19.373
 63.1031 19.4418
 63.0398 19.5317
 63.0297 19.6568
 62.9909 19.6173
 62.9635 19.6258
 62.9366 19.6446
 62.8854 19.6631
 62.821 19.6717
 62.7785 19.6721
 62.7517 19.7026
 62.7599 19.7838
 62.7881 19.8716
 62.739 19.9198
 62.5918 19.9705
 62.5765 20.0905
 62.6615 20.1772
 62.6834 20.1884
 62.6883 20.1924
262 75 6
 66.1982 14.9876
 65.9972 13.9853
 65.9146 13.6744
 66.0329 13.4164
 66.0845 13.3412
 66.1073 13.3354
263 13 6
 76.4976 3.15595
 77.4876 2.254
 77.6581 2.2255
 77.8777 2.2084
 77.9503 2.19435
 77.9473 2.1633
263 14 7
 76.4976 3.15595
 75.6504 4.2702
 75.653 4.50575
 75.4202 4.32115
 75.2807 4.0967
 75.241 4.0663
 75.2213 4.0469
264 14 12
 71.5858 -0.59775
 71.6357 0.45705
 71.7979 0.756
 72.5555 1.0766
 72.453 1.5536
 73.198 1.22475
 73.8076 1.3871
 74.4327 1.96945
 74.5937 2.72075
 74.9265 3.54135
 75.1853 4.0235
 75.2213 4.0469
264 79 6
 71.5858 -0.59775
 71.8671 -1.48525
 72.2502 -1.53765
 72.2874 -1.6885
 72.3098 -1.7978
 72.3582 -1.8189
265 7 38
 79.2146 -9.55045
 78.8971 -10.3641
 78.4053 -10.6383
 77.6457 -10.855
 77.414 -10.8906
 77.4214 -11.1152
 77.838 -11.8148
 78.183 -12.4909
 78.4692 -12.6315
 79.0634 -12.7996
 79.4395 -13.42
 79.4995 -14.0056
 79.2028 -14.667
 79.0058 -15.1819
 79.3105 -15.7458
 79.6467 -16.3999
 79.7214 -16.7204
 79.946 -17.1279
 79.8307 -17.6735
 79.382 -17.9516
 78.9944 -17.8176
 78.6684 -17.7627
 78.5699 -17.9365
 78.5256 -18.1594
 78.6225 -18.1851
 78.7776 -18.2745
 78.7749 -18.448
 78.6621 -18.5261
 78.5627 -18.5289
 78.4704 -18.521
 78.3934 -18.5433
 78.3743 -18.5639
 78.3535 -18.5789
 78.3134 -18.6031
 78.3172 -18.6296
 78.3513 -18.6821
 78.3694 -18.7464
 78.375 -18.7704
265 113 3
 79.2146 -9.55045
 79.5679 -8.78955
 79.5706 -8.7856
266 49 18
 94.2314 -1.38235
 94.0383 -2.96875
 94.2535 -3.33945
 93.7952 -3.56425
 93.2734 -4.8712
 93.5623 -6.52555
 93.7367 -7.2685
 93.2981 -7.8101
 92.9976 -8.2018
 92.6577 -8.5233
 92.3567 -8.8866
 92.2316 -9.12665
 91.8911 -9.7239
 91.5537 -10.1968
 91.3766 -10.2621
 91.289 -10.4608
 91.2189 -10.6783
 91.2 -10.7295
266 104 9
 94.2314 -1.38235
 94.7839 0.49955
 94.7002 1.32565
 94.6651 2.2087
 94.6635 3.6836
 94.2162 6.31995
 93.2592 9.2837
 92.3979 10.3128
 92.2601 10.2427
267 49 17
 97.0337 -9.0962
 96.5255 -10.0035
 96.3722 -10.2003
 95.5931 -10.095
 94.0762 -9.98925
 93.4282 -9.795
 93.566 -9.5739
 93.3604 -8.81825
 92.6577 -8.5233
 92.3567 -8.8866
 92.2316 -9.12665
 91.8911 -9.7239
 91.5537 -10.1968
 91.3766 -10.2621
 91.289 -10.4608
 91.2189 -10.6783
 91.2 -10.7295
267 15 10
 97.0337 -9.0962
 97.7912 -8.0654
 98.1575 -7.60065
 98.276 -7.26205
 98.784 -7.0128
 99.4887 -6.85395
 99.5851 -6.6696
 99.9561 -5.69705
 100.62 -4.9216
 100.787 -4.8853
268 126 6
 80.0857 -25.5141
 80.817 -25.6535
 80.9825 -25.8973
 81.3227 -26.5226
 81.3657 -27.0764
 81.3443 -27.1318
268 96 5
 80.0857 -25.5141
 79.3126 -25.2577
 79.0937 -25.3085
 78.9841 -25.3444
 78.9414 -25.3291
269 43 20
 66.4798 -20.8206
 66.3171 -21.2399
 66.1741 -21.475
 65.9025 -21.7746
 65.5888 -21.9995
 65.3792 -22.1073
 65.253 -22.2799
 65.0738 -22.503
 64.7882 -22.9281
 64.3627 -23.3494
 64.0815 -23.4347
 63.8183 -23.5296
 63.5414 -23.7865
 63.3841 -24.0635
 63.0965 -24.2525
 62.8465 -24.5204
 62.6572 -24.738
 62.2923 -24.7788
 62.0529 -24.809
 62.0523 -24.8098
269 138 22
 66.4798 -20.8206
 66.6992 -20.2505
 67.0454 -20.215
 67.375 -20.3876
 67.5496 -20.2096
 67.7975 -19.8862
 67.9548 -19.5345
 68.2673 -19.1446
 68.363 -18.5974
 68.1464 -17.9642
 68.3302 -17.2264
 68.5355 -16.7948
 68.5247 -16.7546
 69.2323 -16.6687
 70.2397 -16.6106
 70.674 -16.4541
 70.8593 -16.1941
 71.0972 -16.1068
 71.2396 -15.8962
 71.298 -15.7261
 71.4257 -15.7239
 71.4599 -15.7239
270 117 30
 39.9864 -25.2245
 38.6653 -25.5184
 37.6964 -25.8437
 37.4956 -25.7419
 37.0505 -25.285
 36.4753 -24.7807
 35.9687 -24.6601
 35.4719 -24.8708
 35.15 -24.9391
 35.055 -24.9536
 34.5679 -24.792
 33.9137 -24.5341
 33.562 -24.5816
 33.1723 -24.8566
 32.6999 -25.0291
 32.1566 -25.0394
 31.5991 -25.2048
 31.2209 -25.5455
 31.0028 -25.7731
 30.7263 -25.6535
 30.2849 -25.961
 30.0301 -26.4893
 29.6091 -26.8601
 29.2353 -27.3117
 29.211 -27.3966
 28.8774 -27.3638
 28.3888 -27.6049
 27.4707 -27.8014
 26.7361 -27.7647
 26.7197 -27.774
270 128 17
 39.9864 -25.2245
 40.4685 -24.8416
 40.7825 -24.3917
 41.531 -24.016
 42.3228 -23.7939
 43.1283 -23.5145
 44.3086 -23.2484
 45.0625 -23.2986
 45.8673 -23.0588
 46.5762 -22.9188
 47.1427 -23.1617
 48.1907 -23.2612
 48.7015 -23.2468
 48.8207 -22.9634
 48.9549 -22.5432
 48.9995 -22.4018
 49.0199 -22.397
271 0 4
 50.8821 -28.1978
 51.9759 -26.9873
 52.0515 -26.891
 52.0692 -26.8642
271 62 5
 50.8821 -28.1978
 49.8133 -29.3606
 49.7374 -29.4576
 49.693 -29.5396
 49.6915 -29.5467
272 128 15
 51.0149 -26.3432
 50.5289 -26.4024
 50.3901 -26.0591
 50.2873 -25.4413
 50.1129 -25.1068
 50.025 -24.9501
 49.9319 -24.8004
 49.739 -24.688
 49.5477 -24.386
 49.6594 -23.6731
 49.6461 -23.0175
 49.1693 -22.7866
 48.9549 -22.5432
 48.9995 -22.4018
 49.0199 -22.397
272 0 5
 51.0149 -26.3432
 51.3453 -26.4589
 51.6681 -26.7191
 52.0574 -26.8036
 52.0692 -26.8642
273 126 21
 75.931 -22.1974
 76.6059 -22.3958
 77.2695 -22.6142
 77.8704 -22.7639
 77.9911 -22.7828
 78.7012 -22.6842
 79.4445 -22.5813
 79.7378 -22.7562
 79.8935 -23.0089
 80.0185 -23.1376
 80.2536 -23.4659
 80.3835 -24.1969
 80.3795 -24.7048
 80.6114 -25.1589
 80.9091 -25.538
 81.0224 -25.5309
 80.817 -25.6535
 80.9825 -25.8973
 81.3227 -26.5226
 81.3657 -27.0764
 81.3443 -27.1318
273 52 7
 75.931 -22.1974
 75.0106 -22.1919
 74.4491 -22.1625
 74.1151 -21.8881
 73.9167 -21.5219
 73.8472 -21.2565
 73.8554 -21.2411
274 119 7
 51.071 -37.0867
 51.6765 -37.4698
 52.0658 -37.7109
 52.9083 -37.5529
 53.6909 -37.2445
 53.969 -37.053
 53.9916 -37.0359
274 94 3
 51.071 -37.0867
 50.5011 -36.9724
 50.4628 -36.9761
275 83 9
 38.9876 -35.6003
 39.1298 -36.6101
 39.3752 -36.9803
 39.6096 -37.03
 39.9921 -36.6972
 40.4728 -36.4974
 40.8299 -36.5329
 40.9572 -36.6698
 40.9334 -36.7826
275 66 4
 38.9876 -35.6003
 38.9158 -34.6866
 38.9057 -34.5622
 38.9441 -34.541
276 122 6
 40.8499 -66.7939
 41.3911 -66.1469
 41.5826 -66.189
 41.8438 -66.3763
 41.9494 -66.5468
 41.9018 -66.6045
276 92 5
 40.8499 -66.7939
 40.2622 -67.4937
 40.058 -67.6382
 39.9923 -67.7374
 40.0008 -67.7771
277 88 16
 44.431 -67.6828
 45.6247 -67.7646
 46.0348 -67.5705
 46.268 -67.5805
 46.375 -67.5299
 46.6479 -67.5205
 46.8451 -67.6344
 46.9294 -67.8761
 46.9878 -68.0274
 47.0914 -67.9194
 47.2343 -67.7912
 47.2779 -67.7424
 47.2899 -67.6264
 47.2585 -67.4451
 47.215 -67.3353
 47.2129 -67.3224
277 122 7
 44.431 -67.6828
 43.5616 -67.1431
 43.1858 -67.1634
 42.4723 -66.8857
 42.1381 -66.4218
 41.9494 -66.5468
 41.9018 -66.6045
278 77 5
 48.238 -66.7088
 48.9923 -65.9843
 49.5426 -65.6272
 50.1557 -65.4508
 50.3286 -65.4766
278 88 3
 48.238 -66.7088
 47.4034 -67.3004
 47.2129 -67.3224
279 126 6
 81.6416 -28.5717
 81.4052 -27.5634
 81.4222 -27.3535
 81.3411 -27.2248
 81.3428 -27.1589
 81.3443 -27.1318
279 116 17
 81.6416 -28.5717
 81.6139 -29.649
 80.7281 -29.9675
 80.1107 -30.109
 80.067 -30.1469
 80.014 -30.5682
 79.8553 -30.9376
 79.7797 -31.127
 79.7519 -31.5647
 79.6931 -31.8377
 79.6335 -31.893
 79.6342 -32.1162
 79.5967 -32.4102
 79.6611 -32.4916
 79.8564 -32.7331
 79.9731 -32.9703
 80.0058 -32.9717
280 120 26
 95.9756 -34.7873
 95.468 -34.1282
 95.3532 -33.8917
 95.3071 -33.4799
 95.1911 -33.3184
 95.4269 -32.872
 95.6864 -32.495
 96.1516 -31.5142
 96.6019 -30.1105
 96.2607 -29.651
 95.3551 -29.2721
 94.182 -28.6243
 93.4785 -28.3759
 93.5367 -28.209
 93.5974 -28.0392
 93.607 -27.7965
 93.5532 -27.4942
 93.3927 -27.0224
 93.25 -26.6654
 93.285 -26.5294
 93.2853 -26.1609
 93.1852 -25.8092
 93.2918 -25.2274
 93.3792 -24.653
 93.3245 -24.5296
 93.3428 -24.4974
280 93 3
 95.9756 -34.7873
 96.4231 -35.2871
 96.4299 -35.3136
281 73 11
 83.2652 -36.8879
 83.9574 -37.4785
 84.1947 -38.1421
 84.4178 -38.3668
 84.5508 -38.5062
 84.7896 -38.6028
 84.8076 -38.7607
 84.8188 -38.9567
 84.9236 -39.0738
 84.8971 -39.1524
 84.8567 -39.2114
281 95 8
 83.2652 -36.8879
 82.6012 -36.1945
 82.5387 -35.5171
 81.977 -34.9866
 81.4892 -34.4796
 81.7291 -33.8681
 81.9893 -33.2485
 81.9986 -33.2307
282 73 8
 80.5381 -40.6518
 82.0634 -40.7454
 83.1593 -40.399
 83.8977 -39.7707
 84.1814 -39.5279
 84.5867 -39.3548
 84.7894 -39.2107
 84.8567 -39.2114
282 40 6
 80.5381 -40.6518
 79.2068 -40.5618
 78.6307 -41.2853
 78.1385 -42.7186
 78.0174 -43.3702
 77.9897 -43.3761
289 97 8
 12.3866 -84.6237
 12.3484 -84.6116
 12.0208 -84.0893
 11.5023 -83.0714
 12.4334 -82.5632
 13.9154 -82.0585
 14.2573 -81.5329
 14.2773 -81.5116
290 51 16
 17.9513 27.8595
 20.8246 28.6488
 23.6874 29.4182
 23.7523 29.312
 24.1614 28.607
 24.6521 28.4277
 25.4061 28.7821
 26.0225 28.9426
 27.1575 29.4599
 28.2818 29.7439
 28.6014 29.7695
 29.035 29.4518
 29.7379 29.4147
 30.8758 29.563
 31.4571 29.3857
 31.4809 29.3545
