   2.1787172323582480     
   3.5111118930962926     
   2.6417408026148785     
   1.2065699023107481     
   3.8846553212719854     
   2.1349159996373652     
   5.0894294242120903     
   1.8701811365067149     
   4.1652878563787112     
   3.4024383734866817     
   3.3891120811869526     
   1.6018562357502928     
   6.5345174326506266     
   2.3504025574950607     
   2.6330757136663072     
   1.2425472548231273     
   2.5868494751402795     
   9.2512013613643340     
   8.3063252272719872     
   4.9799492646304753     
   1.1590720992075023     
   1.4697677866155265     
   3.0146426312155983     
   1.9634860570651320     
   8.5257957148484032     
   1.8971649737642431     
   1.7788729266712502     
   1.4395197889581446     
   2.1920985248142046     
   1.5336798063196877     
   1.0324440519294837     
   1.0984918789655154     
   2.8869666165480519     
   4.3870760069739445     
   1.3684645546556218     
   6.1040151178207083     
   3.4424973020195364     
   2.6657204725668464     
   2.1906881809513417     
   3.4806354309458922     
  0.83303735412334368     
   1.0347969691519994     
   10.744838648949788     
   1.8995662449421293     
   4.6465902049107850     
   7.7155932409036740     
   6.2240020794337187     
   1.2295040927381353     
  0.94056559627003045     
   1.0394575211332040     
   12.274030694780521     
   2.2352707594394272     
   2.2314366747779224     
   2.3816704860300266     
   2.6906467325670329     
   1.7742001053597938     
   11.722069996750584     
   4.1771788724651620     
   3.0271194347663428     
   1.3605588551379062     
   5.2391242690869468     
   1.1788680776912395     
   2.1347568587390180     
   1.0227707903991423     
   4.1327697662075114     
   1.1122595158040249     
   9.2497170186811726     
   2.1147461101601190     
   3.3484901655096522     
   11.713860266564394     
   3.0618194074856460     
   3.2566249772262514     
   10.939159878130006     
   7.5946729339691421     
   1.9775459074977830     
   2.0540995451925492     
   1.4203940960630126     
  0.82999119745059158     
   6.9817775644885689     
   2.6328244215929923     
   2.6539701385766894     
  0.82433190081710550     
   2.9227150332410359     
   1.1118186965767101     
   1.1844972442650672     
  0.54614998061147102     
   4.1211660504245966     
   5.2585487295338300     
   1.5762121904090631     
   1.3488820736291922     
   3.8448756061763145     
  0.73276572917068794     
   3.0299049396211082     
   1.2058155393021788     
   3.7093684631174515     
   1.5309745866198701     
   7.4964198281670962     
   9.0011071297859591     
   6.8534285951134866     
   2.7857433807104321     
   3.5429034503137755     
  0.95381458409642828     
   2.5349173477951816     
   1.9220411733188780     
  0.78429223644001000     
   1.0877427129148183     
   1.2917372455410625     
   1.3851602495751105     
   9.9316558579506520     
   1.5332639873232734     
   4.9533991207655195     
   1.9358584844175821     
   5.2175076257070385     
  0.71830687554562000     
   1.6806146566796145     
   1.3429564888393493     
   10.177210299791760     
   1.2793553828789757     
   2.5193966375460772     
   1.4640646956543186     
   3.8144766215182289     
   4.9236612073555541     
   4.2965872293463070     
   1.0624222310556262     
   11.009316270872896     
   2.5005590280952843     
   8.0615008655252165     
   1.4502523995801069     
   1.0496395135567660     
  0.49450168341775447     
   5.4503175302924625     
   1.2800206176820377     
   3.0026174098456950     
   1.5835466756321310     
   2.6119579375558266     
   1.1164876157592489     
   14.817070327683941     
   5.7752989343083456     
   5.9994528546784496     
   1.4381444747602874     
   2.9612808943517690     
  0.50672851644071049     
   1.4873834759640596     
   7.6401524839877544     
   2.1982406454838523     
   1.5157501559031572     
   5.2563331044566217     
   1.6275125051994033     
   1.0952132813488615     
   1.7280146682137316     
   14.296987948345915     
  0.98807358524995959     
   7.0386285190083084     
   3.4458392617720719     
   2.1023029446718287     
  0.95352487532076036     
   1.2205688186534946     
  0.26622719621583496     
   4.9437250048173853     
   3.8647039452963292     
   3.7744832233822225     
   1.5446769310635537     
   1.6949487209383500     
   2.2474650569043662     
   1.3459170247370920     
   1.5211417900514785     
   1.0591092839589606     
  0.99099309388130652     
   1.5796276842907577     
  0.91881726195240898     
   10.466162632424544     
   3.0957415446065006     
   2.9934589582050055     
   1.4464024743209087     
   3.0475441638332255     
   1.1319767387907893     
   4.7587184199632606     
   1.6949051138217086     
   4.0361762350585799     
   1.7264327302775324     
   2.1697825837069917     
   2.0228266553842844     
   2.4714090845455510     
   1.7357514579337456     
   3.2208538288041186     
   4.2834223752739504     
   2.1871855654363506     
   2.0462950599340841     
  0.92599974293128429     
  0.47450979946065225     
   1.1703849127314916     
   1.9254143764165266     
   1.2119560218959105     
   1.0662297914227929     
   5.5961915395298725     
   2.1795697462597152     
   5.3937833260237538     
  0.98263344339572600     
   1.4325159032259049     
   1.1790863032943706     
   2.9894115765085685     
   4.3125928043239234     
   2.4600757239122193     
   1.5223132621565323     
   4.1239116575256975     
   5.0882152278577157     
   3.4176968142862876     
   3.6497050762851759     
   4.7636760482655296     
   6.0365988846204033     
   6.3298003021717513     
  0.83367117701942106     
   5.2663297445277939     
   5.3648797702800906     
   2.5691633640880989     
   1.5706328801224738     
   14.346806555762802     
   4.9912172093194611     
   2.4246970275475870     
   2.0744238574955558     
   6.3148153166655998     
   7.5512727310549099     
   1.2718934906941597     
   1.1244900079614046     
   5.3084617016723215     
   8.0360936343201175     
   1.4059720410769581     
  0.82536021596772768     
   4.9425375120348871     
   1.5286479345637836     
   1.5552214863816096     
   7.5830081448830065     
   4.2459403622503347     
   3.9534079000285707     
   3.6154155083694972     
   2.3629451808887461     
   2.6170820460987247     
   1.2013581550256609     
   4.1050299831617343     
   1.3073129300863502     
   2.1598821861121524     
   1.4458873923693984     
   2.3005089568262629     
   3.4904001825391342     
   2.5289690059097287     
  0.70365337438631959     
   4.8731303032881623     
   1.3531367830596543     
   1.6219126307142999     
   1.7745092135006435     
   4.5186952469607906     
   1.1919811852816697     
   7.2867130665305053     
  0.84370635918361192     
   6.1306661862068665     
   7.0156768903313225     
   4.9168620807739520     
   3.7430293259086529     
   1.5751007602314435     
  0.97519697291510765     
   3.3087203987409022     
   4.7133304632042110     
   7.9976505306804269     
   5.3132818015251848     
   1.6957092729528682     
   1.6798843991702725     
   2.9394036520034263     
  0.81017559023537000     
   4.8359225691791519     
   1.6444756297384679     
   1.9397005593824483     
  0.61972739159678314     
   2.0821679930075194     
   1.0042435862336572     
   1.3145221881743847     
   1.0734277512387227     
   2.3841897200362232     
   2.0900780488176753     
   1.8586683632192795     
   1.2147752831299119     
   1.2420460530475106     
   3.2429544354547586     
   6.8282508283545553     
  0.69822089330974280     
   1.8349332355868386     
   2.4297096948365047     
   3.0730273443194713     
   2.9064383491415366     
   2.8064378428709618     
   7.1867389947115381     
