339
164 42 39
 5.85935 -41.7747
 5.72985 -42.3707
 5.57215 -42.6573
 6.10235 -42.7752
 6.7677 -42.8544
 7.14555 -42.8801
 7.239 -43.2661
 7.35695 -43.8236
 7.51465 -44.0668
 7.5247 -44.3162
 7.40625 -44.5152
 7.3549 -44.6012
 7.37555 -44.7713
 7.50955 -44.9397
 7.65025 -45.0362
 7.7907 -45.1403
 7.9827 -45.1715
 8.1677 -45.1762
 8.23865 -45.2219
 8.2803 -45.1625
 8.33975 -45.0898
 8.44125 -45.0426
 8.55785 -44.9858
 8.7091 -44.8822
 8.86865 -44.844
 8.78505 -44.5946
 8.72635 -44.3042
 8.74485 -44.1651
 9.0568 -44.1369
 9.46 -44.1676
 9.6836 -44.1752
 9.98165 -44.1054
 10.3712 -44.0649
 10.5931 -44.121
 10.7106 -44.1699
 10.8077 -44.1193
 10.853 -43.9444
 10.8446 -43.8446
 10.8216 -43.8337
164 157 24
 5.85935 -41.7747
 5.4058 -41.1787
 5.2142 -40.8867
 5.146 -40.7906
 5.0224 -40.7205
 4.8462 -40.6025
 4.70995 -40.4229
 4.3978 -40.0218
 4.0825 -39.518
 3.5505 -39.1767
 2.9019 -39.0795
 2.686 -39.0303
 2.40815 -38.9005
 2.04115 -38.8764
 1.7581 -38.6589
 1.5994 -38.219
 1.29025 -37.9717
 0.3493 -38.0182
 -0.3766 -38.2393
 -0.48525 -38.4338
 -0.5543 -38.509
 -0.5832 -38.6138
 -0.71695 -38.7142
 -0.837 -38.7297
165 157 24
 -3.65745 -33.4888
 -3.115 -33.9183
 -2.8005 -34.216
 -2.61965 -34.4435
 -2.5406 -34.5879
 -2.52035 -34.7394
 -2.49745 -35.0523
 -2.3103 -35.262
 -2.06775 -35.5121
 -1.895 -35.758
 -1.77735 -35.9261
 -1.61615 -36.1655
 -1.46035 -36.2797
 -1.13475 -36.1586
 -0.48665 -36.1563
 0.01465 -36.2771
 0.00845 -36.3761
 -0.2333 -37.2016
 -0.40865 -38.1368
 -0.48525 -38.4338
 -0.5543 -38.509
 -0.5832 -38.6138
 -0.71695 -38.7142
 -0.837 -38.7297
165 19 17
 -3.65745 -33.4888
 -4.15845 -33.1919
 -4.52605 -32.9546
 -4.7507 -32.5989
 -4.5917 -32.3831
 -4.7089 -32.2551
 -5.0317 -32.0848
 -5.2191 -31.9632
 -5.34295 -31.9953
 -5.34255 -32.1702
 -5.5692 -32.368
 -5.86335 -32.4615
 -5.90055 -32.5463
 -6.0206 -32.6106
 -6.2016 -32.6038
 -6.3029 -32.6225
 -6.3201 -32.6383
166 2 33
 19.3537 -41.7811
 19.4356 -41.4071
 19.5217 -41.155
 19.5024 -40.9305
 19.5538 -40.8314
 19.3792 -40.8615
 18.9949 -40.5583
 18.6432 -39.9659
 18.5243 -39.5258
 18.5404 -39.2791
 18.5231 -39.1951
 18.4046 -39.1465
 18.2831 -39.0602
 18.1457 -38.9997
 18.2574 -38.9753
 18.2978 -38.8765
 18.3119 -38.7072
 18.3237 -38.5675
 18.3601 -38.4924
 18.4276 -38.4222
 18.5761 -38.4296
 18.9342 -38.4402
 19.423 -38.459
 19.7063 -38.4675
 19.714 -38.486
 19.671 -38.7104
 19.7905 -38.9583
 19.9795 -39.0094
 20.0694 -39.013
 20.1059 -39.0622
 20.1815 -39.1263
 20.2585 -39.1738
 20.2706 -39.1786
166 15 22
 19.3537 -41.7811
 19.7455 -42.1142
 20.0847 -42.3437
 20.1617 -42.7634
 20.2057 -43.1947
 20.2005 -43.4939
 20.3012 -43.5328
 20.4314 -43.4234
 20.4706 -43.4268
 20.4643 -43.5477
 20.4215 -43.6703
 20.4334 -43.9332
 20.4818 -44.2146
 20.3871 -44.2615
 20.3507 -44.2915
 20.3415 -44.4129
 20.2808 -44.551
 20.2096 -44.6564
 20.1603 -44.7698
 20.1664 -44.8479
 20.2034 -44.8976
 20.2258 -44.9139
167 60 5
 14.9702 -17.5975
 14.434 -17.8736
 13.9016 -18.9592
 13.2472 -20.0124
 13.2208 -20.0378
167 139 4
 14.9702 -17.5975
 16.0065 -17.3583
 16.451 -17.2969
 16.4912 -17.2563
168 76 11
 -2.06475 -6.0187
 -1.72085 -7.96045
 -2.56245 -9.34295
 -2.87485 -9.99635
 -2.04395 -10.1082
 -1.08845 -9.78585
 -0.2147 -9.8874
 0.13075 -9.914
 1.3921 -10.1715
 2.6829 -10.5005
 2.7546 -10.5549
168 110 4
 -2.06475 -6.0187
 -2.64695 -4.58205
 -2.86795 -3.74075
 -2.9339 -3.6155
169 159 26
 -33.3061 4.09295
 -31.502 1.35755
 -30.7784 -1.0863
 -30.6463 -1.21345
 -30.6168 -1.79685
 -30.3599 -2.64475
 -30.111 -3.28205
 -29.5536 -2.4564
 -28.4312 -2.28435
 -27.2603 -2.2892
 -26.5915 -1.99725
 -25.7934 -2.15395
 -26.1498 -3.25285
 -27.6637 -5.29115
 -28.2156 -6.4348
 -28.6557 -6.4891
 -29.3405 -6.9308
 -30.2816 -7.9777
 -30.8053 -9.02595
 -30.9992 -9.76105
 -31.2063 -10.2367
 -31.2323 -10.5131
 -31.2066 -10.6223
 -31.1242 -10.7287
 -31.0561 -10.7727
 -31.0185 -10.7246
169 133 14
 -33.3061 4.09295
 -34.9738 5.8111
 -35.6747 6.96025
 -36.6224 5.77455
 -38.1937 4.6759
 -39.3699 4.2589
 -39.7687 3.88765
 -41.4249 3.5469
 -43.5378 3.3117
 -44.342 4.50585
 -44.5927 6.3764
 -44.0793 7.54645
 -43.6654 7.99525
 -43.7681 8.0181
170 65 25
 2.6275 72.9607
 3.34735 71.362
 3.67775 70.6646
 3.69165 70.1436
 2.24245 70.7925
 0.509 71.1272
 -0.37965 70.3732
 -0.82025 70.1367
 -1.57055 70.8239
 -2.48945 71.3685
 -2.51505 71.3351
 -1.886 70.6909
 -2.2135 69.6934
 -3.0812 69.29
 -3.4147 69.2209
 -3.83255 68.3096
 -4.3716 66.808
 -4.21695 66.2151
 -3.6243 66.0286
 -3.63525 65.6385
 -3.6488 65.3205
 -3.4733 64.9166
 -3.25975 64.6754
 -3.1843 64.6308
 -3.1539 64.5919
170 44 5
 2.6275 72.9607
 1.1799 77.3394
 0.09475 80.7018
 -0.09645 81.0457
 -0.1108 81.0414
171 107 11
 16.4448 33.4022
 17.7056 33.6444
 18.143 33.742
 18.3683 33.7248
 18.5273 33.6996
 18.7866 33.5442
 19.0058 33.4472
 19.08 33.5336
 19.0223 33.9561
 18.979 34.398
 18.9969 34.4585
171 21 6
 16.4448 33.4022
 15.3375 33.2067
 15.1565 32.7291
 15.2148 32.2609
 15.354 32.1963
 15.3606 32.1779
172 147 28
 44.1154 12.7687
 45.2389 13.9163
 45.7726 14.2483
 46.1041 14.4579
 46.0193 14.8898
 45.9305 15.2893
 46.249 15.5747
 46.6236 16.2304
 46.7857 16.7643
 47.2283 16.8744
 47.6585 16.9894
 47.7388 17.1213
 47.7138 17.2106
 47.7621 17.328
 48.0747 17.672
 48.6903 18.1671
 49.0448 18.4138
 49.0817 18.784
 49.1856 19.1839
 49.4231 19.327
 49.8587 19.5462
 50.3377 20.3189
 50.7035 21.0853
 50.9306 21.5997
 51.2391 22.2873
 51.6521 22.6581
 51.8287 22.7544
 51.8184 22.7912
172 144 3
 44.1154 12.7687
 43.2125 11.6201
 43.2333 11.5948
173 36 28
 33.1822 55.1907
 31.9557 55.6908
 31.7395 55.7034
 30.3461 54.9567
 28.4595 54.5956
 28.4887 54.4851
 29.4513 54.0085
 29.8878 53.2376
 29.6303 52.3889
 29.4161 51.6604
 29.3404 51.0209
 29.213 50.544
 29.2829 50.6822
 29.535 50.177
 29.8466 49.6291
 29.8881 49.4521
 29.8031 49.2108
 29.9805 49.211
 30.2975 49.0579
 30.5454 49.1467
 30.6737 49.2177
 30.7714 49.106
 30.8829 48.9671
 30.9942 48.8885
 31.0261 48.8641
 31.0521 48.778
 31.1122 48.703
 31.1386 48.7019
173 126 3
 33.1822 55.1907
 34.1604 55.04
 34.1575 55.0322
174 3 58
 74.8819 4.628
 74.14 4.80885
 73.0971 4.8668
 72.2381 4.93065
 72.1124 5.0486
 72.2789 5.7426
 71.8117 6.31755
 71.0777 6.1945
 70.5563 5.8024
 69.756 5.5257
 69.0757 5.803
 68.849 6.14685
 68.9289 6.34565
 69.0266 6.6454
 68.4554 7.4156
 67.6737 7.778
 67.355 7.6192
 66.7007 7.59615
 66.0304 7.54755
 65.6904 7.41095
 65.5621 7.30775
 65.5213 7.26655
 65.4274 7.1517
 65.3705 7.0704
 65.3205 7.0643
 65.235 7.01785
 64.8711 7.12565
 64.4724 7.14505
 64.3544 6.96975
 64.2572 6.7611
 64.1062 6.7873
 63.9982 7.0606
 63.8857 7.19465
 63.7567 7.22995
 63.6869 7.2409
 63.6111 7.2553
 63.5409 7.2253
 63.518 7.24515
 63.4416 7.33625
 63.3311 7.4044
 63.2367 7.41315
 63.0717 7.43555
 62.8826 7.5212
 62.7764 7.52905
 62.5994 7.47385
 62.4435 7.45575
 62.3755 7.4521
 62.2311 7.43595
 62.0119 7.4551
 61.851 7.42895
 61.7768 7.377
 61.6965 7.38185
 61.6866 7.40705
 61.6825 7.52895
 61.5973 7.6397
 61.5095 7.7003
 61.4964 7.79165
 61.5083 7.8353
174 86 11
 74.8819 4.628
 75.768 4.31835
 76.5118 3.85985
 77.2068 3.1582
 77.7363 1.88655
 77.8588 1.0756
 77.9821 -0.29855
 78.0546 -1.67645
 77.9961 -1.7123
 77.9295 -1.7316
 77.8917 -1.7403
175 61 21
 37.6152 -22.5592
 37.1997 -22.893
 36.4574 -23.181
 36.0078 -23.5135
 35.5956 -23.8634
 35.2801 -24.2844
 35.1705 -25.0024
 35.0617 -25.553
 34.2243 -25.6915
 33.4393 -25.7929
 33.2537 -25.8018
 33.0089 -25.8893
 32.957 -25.9648
 33.0058 -26.0307
 32.9825 -26.1248
 32.9306 -26.1798
 32.8768 -26.1803
 32.7899 -26.1426
 32.7337 -26.1226
 32.6977 -26.2016
 32.6808 -26.274
175 57 8
 37.6152 -22.5592
 37.7733 -22.1095
 38.195 -21.8108
 38.5639 -21.9245
 39.0016 -22.6481
 39.2472 -23.2505
 39.1749 -23.3671
 39.1452 -23.3788
176 114 27
 38.8831 -29.6586
 39.9268 -29.3711
 39.934 -29.1985
 39.824 -28.924
 39.7972 -28.3587
 40.147 -27.7568
 40.5076 -27.4827
 40.7682 -27.4331
 41.2207 -27.3072
 41.8798 -27.0891
 42.0989 -26.6429
 42.0133 -26.2275
 42.1912 -26.1658
 42.7651 -26.6717
 43.227 -27.1843
 43.2184 -27.3257
 43.427 -27.6272
 44.0102 -27.6304
 44.4581 -27.3587
 44.6357 -27.677
 45.024 -28.0238
 45.5052 -27.9542
 45.9601 -27.4786
 46.2585 -26.8722
 46.8635 -26.5513
 47.4379 -26.3451
 47.4502 -26.3209
176 31 5
 38.8831 -29.6586
 37.6933 -30.0423
 37.4548 -30.1814
 37.3691 -30.0568
 37.3597 -29.9937
177 114 35
 43.3379 -32.4294
 42.12 -31.9483
 41.4714 -31.6743
 41.4117 -31.521
 41.318 -31.0839
 41.468 -30.5343
 41.0042 -30.6014
 40.8503 -30.4107
 40.6847 -29.6215
 40.1932 -29.0767
 39.934 -29.1985
 39.824 -28.924
 39.7972 -28.3587
 40.147 -27.7568
 40.5076 -27.4827
 40.7682 -27.4331
 41.2207 -27.3072
 41.8798 -27.0891
 42.0989 -26.6429
 42.0133 -26.2275
 42.1912 -26.1658
 42.7651 -26.6717
 43.227 -27.1843
 43.2184 -27.3257
 43.427 -27.6272
 44.0102 -27.6304
 44.4581 -27.3587
 44.6357 -27.677
 45.024 -28.0238
 45.5052 -27.9542
 45.9601 -27.4786
 46.2585 -26.8722
 46.8635 -26.5513
 47.4379 -26.3451
 47.4502 -26.3209
177 103 36
 43.3379 -32.4294
 43.9422 -33.534
 44.3945 -33.9882
 45.133 -33.9897
 45.8058 -34.8451
 46.2093 -35.3194
 45.8071 -35.8107
 45.2197 -36.4163
 45.0098 -36.3598
 44.2654 -35.9346
 43.2496 -36.1271
 42.9313 -36.5863
 42.7771 -36.6759
 42.5231 -36.8366
 42.8359 -37.3607
 42.9514 -38.6224
 42.2874 -39.0513
 41.9254 -38.6763
 41.5202 -38.7712
 40.7195 -38.6899
 40.3885 -38.3298
 40.4511 -38.1276
 39.842 -38.258
 38.7042 -39.5609
 38.1415 -40.8317
 38.3978 -41.1651
 38.6163 -41.9461
 38.0812 -42.1308
 37.1954 -42.0711
 36.5057 -42.5335
 36.0424 -42.338
 35.5272 -41.9138
 34.9812 -41.1978
 34.9776 -39.7879
 35.2831 -39.0354
 35.3839 -39.0434
178 39 13
 5.9167 58.631
 7.70825 58.2778
 8.26095 58.6993
 8.56105 59.0836
 9.21295 59.4594
 9.80365 59.4001
 10.066 59.4019
 10.2364 59.3258
 10.3847 59.2808
 10.6943 59.2382
 10.9806 59.2157
 11.0791 59.339
 11.0754 59.3515
178 94 9
 5.9167 58.631
 4.25975 59.5524
 4.0441 59.9543
 4.29935 59.8503
 3.8264 60.2936
 3.429 60.6695
 2.99945 60.8411
 2.52545 60.7736
 2.3799 60.8191
179 131 11
 74.6804 23.7043
 73.6644 22.2345
 74.5587 21.4155
 74.1624 20.2292
 73.0936 19.0993
 72.6981 18.6446
 72.3665 18.0674
 71.989 17.625
 71.6457 17.5543
 71.4706 17.5643
 71.4534 17.5484
179 98 6
 74.6804 23.7043
 77.0308 23.7363
 78.0147 22.7553
 78.5069 21.9988
 78.5432 20.7765
 78.2146 20.2282
180 139 9
 18.7453 -19.4966
 18.1813 -19.1968
 17.7542 -18.7645
 17.4325 -18.2686
 17.165 -17.8069
 16.8584 -17.408
 16.615 -17.2949
 16.4979 -17.2583
 16.4912 -17.2563
180 124 4
 18.7453 -19.4966
 19.3298 -20.2098
 19.7051 -20.6665
 19.8603 -20.6324
181 88 19
 -17.9475 20.6483
 -16.8635 19.3619
 -16.7006 19.2594
 -16.1665 18.1558
 -15.3544 16.5017
 -14.9464 15.6645
 -14.5456 14.2669
 -13.7407 12.821
 -13.1122 11.6283
 -12.9605 10.6215
 -12.4925 10.3765
 -11.427 8.4573
 -10.8563 6.7406
 -10.4839 5.9255
 -9.6374 5.8596
 -8.80135 6.681
 -8.35995 6.73045
 -8.2696 6.66725
 -8.2623 6.6386
181 4 5
 -17.9475 20.6483
 -18.4408 22.9457
 -18.2004 24.5533
 -18.4744 25.2552
 -18.4733 25.3446
182 54 5
 -26.8048 28.101
 -27.0794 29.1175
 -27.3771 29.9379
 -27.2255 30.2761
 -27.1819 30.4063
182 49 8
 -26.8048 28.101
 -27.5023 27.2421
 -28.8476 26.6193
 -29.6681 26.4496
 -29.8204 26.3073
 -29.987 26.1761
 -30.1225 26.1614
 -30.202 26.1374
183 33 8
 -28.2188 43.835
 -28.3203 44.7816
 -28.5124 45.6135
 -28.7534 45.5166
 -29.2177 45.2817
 -29.5907 45.0387
 -29.6369 44.9823
 -29.6444 44.9758
183 5 17
 -28.2188 43.835
 -28.0806 43.1518
 -27.7033 42.1692
 -28.1227 41.4764
 -28.4787 40.9711
 -27.6599 40.1994
 -27.0326 38.7708
 -26.4559 38.4322
 -25.2895 38.8224
 -24.4776 38.3843
 -24.3117 37.9616
 -24.1969 37.9024
 -23.9988 37.9468
 -23.5889 38.0241
 -23.2915 38.1179
 -23.213 38.1776
 -23.1801 38.2017
184 59 10
 25.0585 20.3837
 23.6832 21.6733
 22.7206 22.4105
 21.4932 22.6751
 20.9118 22.6558
 20.3947 22.11
 19.9751 21.0496
 20.1407 20.5438
 20.2738 20.5142
 20.2842 20.4972
184 62 8
 25.0585 20.3837
 26.3713 19.6343
 26.456 19.397
 26.7168 18.444
 27.0829 17.7872
 27.0284 17.3437
 27.0806 16.8054
 27.178 16.6611
185 107 6
 19.713 33.3228
 19.1474 33.4991
 19.08 33.5336
 19.0223 33.9561
 18.979 34.398
 18.9969 34.4585
185 1 6
 19.713 33.3228
 20.2509 33.1119
 20.3236 33.0213
 20.535 32.863
 20.7265 32.7644
 20.7359 32.7615
186 43 6
 37.86 48.1549
 38.5476 49.5817
 38.8615 49.7201
 38.8441 49.8357
 38.844 49.9396
 38.8631 49.9854
186 36 13
 37.86 48.1549
 36.7384 46.7831
 35.8704 47.0088
 35.176 47.695
 33.771 48.0071
 32.6659 48.0698
 32.2083 48.2523
 31.6806 48.2185
 31.3723 48.3832
 31.3349 48.6381
 31.2132 48.6931
 31.1509 48.6955
 31.1386 48.7019
187 151 7
 48.8691 36.285
 49.5953 35.6219
 48.5979 35.5574
 47.9034 35.2956
 47.6493 35.4148
 47.3985 35.5542
 47.3403 35.5944
187 122 5
 48.8691 36.285
 48.548 36.8263
 48.5844 37.4964
 48.5933 38.0993
 48.6067 38.1279
188 127 10
 64.4935 25.1867
 63.8102 24.7517
 63.3753 24.6575
 63.3316 24.4694
 63.1552 24.0884
 63.1158 23.6791
 63.2706 23.3291
 63.544 22.7789
 63.7728 22.3843
 63.7797 22.3812
188 37 4
 64.4935 25.1867
 64.7977 25.9401
 64.7773 26.3834
 64.7109 26.4393
189 152 4
 -1.98525 -38.9453
 -2.9659 -38.8461
 -3.1997 -38.9317
 -3.2226 -38.9811
189 157 4
 -1.98525 -38.9453
 -1.0469 -38.8975
 -0.85765 -38.722
 -0.837 -38.7297
190 58 37
 -13.1318 -26.788
 -13.9014 -25.9219
 -14.5279 -25.5371
 -14.7448 -25.4234
 -14.9923 -25.5814
 -14.799 -25.2747
 -14.9642 -24.841
 -15.1468 -24.4729
 -15.4184 -24.0963
 -15.6225 -23.7318
 -15.6301 -23.6651
 -15.7584 -23.4839
 -16.034 -23.3493
 -16.2446 -23.3654
 -16.3909 -23.349
 -16.6579 -23.3559
 -16.8279 -23.3715
 -16.8695 -23.4585
 -16.8913 -23.6686
 -16.8172 -23.8276
 -16.93 -23.8316
 -17.004 -23.8972
 -17.19 -23.9166
 -17.3724 -23.7677
 -17.4359 -23.5849
 -17.5595 -23.4603
 -17.6525 -23.4044
 -17.716 -23.3934
 -17.7764 -23.3438
 -17.7042 -23.2598
 -17.6228 -23.164
 -17.694 -23.1096
 -17.7708 -23.091
 -17.7959 -23.0791
 -17.8274 -23.0514
 -17.8493 -23.0315
 -17.8561 -23.0197
190 19 22
 -13.1318 -26.788
 -12.1666 -27.5732
 -11.309 -27.8423
 -10.9442 -28.1685
 -10.7113 -28.6061
 -10.5414 -28.7882
 -10.2932 -29.2229
 -9.87165 -29.7056
 -9.1835 -29.7406
 -8.4618 -29.8127
 -8.0991 -30.0106
 -7.9945 -30.3568
 -7.77255 -30.8046
 -6.9771 -31.4279
 -6.32645 -31.9463
 -6.1742 -32.2073
 -5.981 -32.4216
 -5.90055 -32.5463
 -6.0206 -32.6106
 -6.2016 -32.6038
 -6.3029 -32.6225
 -6.3201 -32.6383
191 149 6
 11.5947 -46.2471
 11.6911 -46.8184
 11.7353 -46.8983
 11.7829 -46.9583
 11.8391 -46.9566
 11.8537 -46.9401
191 42 15
 11.5947 -46.2471
 11.5262 -45.6583
 11.4173 -45.3424
 11.4272 -44.9883
 11.415 -44.8036
 11.2113 -44.5692
 11.0178 -44.426
 10.8839 -44.3658
 10.8446 -44.2817
 10.8119 -44.2365
 10.7862 -44.2119
 10.8077 -44.1193
 10.853 -43.9444
 10.8446 -43.8446
 10.8216 -43.8337
192 19 43
 -3.8808 -13.1068
 -5.16095 -14.3523
 -5.51695 -14.8661
 -6.0121 -15.7581
 -6.59145 -16.6011
 -6.8911 -17.1416
 -7.1357 -17.7925
 -7.48065 -18.8121
 -7.82345 -19.337
 -7.89825 -19.4432
 -8.26515 -20.0182
 -8.7694 -20.4949
 -8.7014 -20.7243
 -8.69485 -21.0508
 -9.0572 -21.4406
 -9.8198 -21.9035
 -10.3916 -21.977
 -10.3225 -22.209
 -10.4505 -22.5554
 -10.1683 -23.1996
 -9.25755 -24.1626
 -8.5369 -24.8153
 -7.97325 -25.1916
 -6.62335 -26.0115
 -5.60665 -26.5845
 -5.82015 -27.1024
 -5.15735 -27.5231
 -4.5382 -28.096
 -4.8006 -28.7646
 -4.78205 -28.8295
 -5.35055 -29.8116
 -6.0032 -31.1959
 -5.6657 -31.6907
 -5.27475 -31.8412
 -5.34295 -31.9953
 -5.34255 -32.1702
 -5.5692 -32.368
 -5.86335 -32.4615
 -5.90055 -32.5463
 -6.0206 -32.6106
 -6.2016 -32.6038
 -6.3029 -32.6225
 -6.3201 -32.6383
192 76 11
 -3.8808 -13.1068
 -2.54345 -11.7309
 -2.3506 -10.9963
 -2.87485 -9.99635
 -2.04395 -10.1082
 -1.08845 -9.78585
 -0.2147 -9.8874
 0.13075 -9.914
 1.3921 -10.1715
 2.6829 -10.5005
 2.7546 -10.5549
193 97 3
 16.9554 8.54515
 17.5815 9.00065
 17.7035 9.0117
193 67 4
 16.9554 8.54515
 15.8779 8.5148
 15.3155 8.98105
 15.3265 9.0332
194 110 6
 -2.0776 1.77645
 -2.04055 -0.092
 -1.94585 -1.80435
 -2.42525 -2.943
 -2.9244 -3.5347
 -2.9339 -3.6155
194 128 5
 -2.0776 1.77645
 -1.6216 3.4253
 -1.55145 4.50225
 -1.91445 4.71445
 -1.939 4.7147
195 132 11
 -15.8846 -5.06065
 -17.3997 -5.30365
 -18.6355 -5.4459
 -18.9489 -5.17715
 -19.4641 -3.9559
 -20.3144 -3.27135
 -21.191 -3.3134
 -21.258 -3.6476
 -21.7719 -4.10495
 -22.1005 -4.5023
 -22.1076 -4.4896
195 90 4
 -15.8846 -5.06065
 -15.3969 -4.7263
 -15.0744 -4.255
 -14.8578 -3.9563
196 88 28
 -15.7025 -2.19795
 -15.6923 -0.81095
 -16.3558 -0.22365
 -16.8291 0.9186
 -16.2062 2.10395
 -15.0398 2.999
 -14.4665 3.74795
 -14.7204 3.861
 -16.3434 4.5424
 -16.7899 5.99455
 -16.1875 6.9567
 -16.3512 7.26775
 -15.9365 7.8563
 -15.2416 8.3422
 -14.7083 8.2117
 -14.3056 8.04335
 -14.2068 8.62115
 -13.5697 9.8738
 -13.1087 10.5847
 -12.4925 10.3765
 -11.427 8.4573
 -10.8563 6.7406
 -10.4839 5.9255
 -9.6374 5.8596
 -8.80135 6.681
 -8.35995 6.73045
 -8.2696 6.66725
 -8.2623 6.6386
196 90 4
 -15.7025 -2.19795
 -15.427 -3.5727
 -14.8634 -3.9395
 -14.8578 -3.9563
197 159 17
 -23.6178 -3.4366
 -24.9898 -2.31415
 -25.7934 -2.15395
 -26.1498 -3.25285
 -27.6637 -5.29115
 -28.2156 -6.4348
 -28.6557 -6.4891
 -29.3405 -6.9308
 -30.2816 -7.9777
 -30.8053 -9.02595
 -30.9992 -9.76105
 -31.2063 -10.2367
 -31.2323 -10.5131
 -31.2066 -10.6223
 -31.1242 -10.7287
 -31.0561 -10.7727
 -31.0185 -10.7246
197 132 4
 -23.6178 -3.4366
 -22.2509 -4.54225
 -22.1623 -4.51145
 -22.1076 -4.4896
198 26 10
 -19.5591 -18.7905
 -20.2844 -19.8659
 -20.3731 -20.3281
 -20.5611 -20.4319
 -20.8596 -20.392
 -21.184 -20.152
 -21.713 -19.8353
 -22.0779 -19.5772
 -21.9953 -19.5128
 -21.8682 -19.5204
198 102 6
 -19.5591 -18.7905
 -18.4539 -18.1144
 -17.9317 -18.0026
 -17.6201 -17.9463
 -17.3616 -17.9216
 -17.3562 -17.8698
199 69 5
 -28.3819 -23.3262
 -27.1606 -24.2924
 -26.0988 -26.0004
 -25.9811 -27.2514
 -25.963 -27.2877
199 7 4
 -28.3819 -23.3262
 -28.8159 -22.2477
 -29.014 -21.5901
 -29.037 -21.5382
200 49 14
 -32.5933 22.6334
 -32.7285 23.1644
 -32.6297 23.5306
 -32.5841 24.3335
 -32.2926 24.7072
 -31.7519 24.8482
 -31.4385 25.1234
 -31.2435 25.2072
 -31.1272 25.2717
 -30.9402 25.4885
 -30.667 25.7273
 -30.3998 25.9054
 -30.2238 26.0759
 -30.202 26.1374
200 11 9
 -32.5933 22.6334
 -32.1782 21.8882
 -31.8705 21.7029
 -31.8771 21.562
 -31.9212 21.1815
 -31.977 20.9242
 -32.1063 20.7947
 -32.1946 20.7118
 -32.2118 20.7068
201 4 6
 -20.6293 25.9944
 -20.2118 24.66
 -20.1078 24.584
 -19.2814 24.8628
 -18.4744 25.2552
 -18.4733 25.3446
201 129 4
 -20.6293 25.9944
 -20.9888 27.49
 -21.0067 27.7206
 -20.9992 27.7382
202 17 22
 -3.5967 29.2484
 -3.32525 30.3151
 -3.60715 30.9489
 -4.13555 31.3169
 -4.37205 31.7927
 -4.82265 32.2573
 -5.57885 32.5482
 -6.02 32.7348
 -6.18545 32.8996
 -6.7265 33.2241
 -7.18945 33.4563
 -7.7856 33.4702
 -8.35905 33.4904
 -8.4559 33.5249
 -9.036 34.091
 -9.77855 34.7593
 -10.5554 35.4263
 -11.3953 35.7978
 -10.6751 36.3585
 -10.399 37.1948
 -10.6654 37.6853
 -10.7318 37.7717
202 105 6
 -3.5967 29.2484
 -4.71725 28.3244
 -5.73555 27.9584
 -6.064 27.8957
 -6.4697 27.8845
 -6.5571 27.9178
203 104 7
 -22.4172 43.9206
 -23.0742 42.7429
 -22.7296 42.1495
 -21.8853 41.5557
 -21.6236 40.8586
 -21.5222 40.5022
 -21.4685 40.4834
203 134 5
 -22.4172 43.9206
 -22.1288 44.7863
 -22.5084 45.4846
 -22.7654 46.1525
 -22.7254 46.1694
204 9 24
 -6.4639 53.0085
 -7.71145 51.5022
 -8.5109 51.5322
 -8.574 51.7605
 -9.24915 51.883
 -10.2155 52.1
 -10.6673 52.3368
 -11.0002 52.2471
 -11.4871 52.0116
 -11.7977 51.9761
 -12.1761 52.1638
 -12.7773 52.7085
 -13.3566 52.5085
 -13.9441 51.4696
 -14.6547 50.9287
 -15.1644 50.8141
 -14.8252 50.3191
 -14.7914 49.7591
 -14.9041 49.438
 -14.7815 48.8279
 -14.7762 48.3866
 -14.7465 48.1562
 -14.669 48.0525
 -14.654 48.0452
204 84 6
 -6.4639 53.0085
 -6.0143 54.391
 -5.93555 54.526
 -5.91115 54.7426
 -5.95735 54.8629
 -5.97 54.8684
205 9 5
 -15.0461 46.926
 -14.664 47.4157
 -14.5937 47.6861
 -14.635 47.9237
 -14.654 48.0452
205 142 5
 -15.0461 46.926
 -15.1892 46.1621
 -15.019 45.6443
 -15.0163 45.5265
 -15.0375 45.4978
206 46 11
 8.62775 37.9578
 8.65585 38.4914
 8.67895 38.8505
 8.60005 39.1656
 8.6103 39.447
 8.6615 39.7028
 8.7101 39.8259
 8.79185 39.9373
 8.85275 40.0197
 8.8127 40.087
 8.7699 40.144
206 51 9
 8.62775 37.9578
 8.83205 37.4319
 8.77535 37.1553
 8.59645 36.8327
 8.19305 36.2067
 7.44025 35.5637
 7.0623 35.4166
 6.99325 35.4795
 6.9769 35.4805
207 89 10
 -0.37635 55.9185
 -0.1311 54.5524
 0.29685 54.0185
 0.28975 53.9265
 -0.3219 53.5355
 -1.41505 52.9954
 -1.98375 52.7051
 -2.1605 52.8326
 -2.30085 53.037
 -2.3354 53.0552
207 77 6
 -0.37635 55.9185
 -0.08275 57.3138
 0.05765 57.9074
 -0.4241 58.7355
 -1.224 59.5345
 -1.5218 59.5459
208 77 6
 0.90935 61.2153
 -0.2319 60.8839
 -0.7768 60.2291
 -1.1463 59.9741
 -1.45015 59.623
 -1.5218 59.5459
208 94 4
 0.90935 61.2153
 1.9639 60.8318
 2.33235 60.8048
 2.3799 60.8191
209 39 10
 16.9448 59.3109
 15.8675 60.1644
 14.929 60.1283
 14.6334 59.8657
 13.3296 59.2234
 11.8917 58.857
 11.4312 58.9708
 11.2168 59.177
 11.0791 59.339
 11.0754 59.3515
209 92 6
 16.9448 59.3109
 17.2453 58.508
 17.8158 58.5002
 18.3026 58.1511
 18.3978 57.7441
 18.4644 57.6351
210 40 7
 17.2408 46.2093
 17.0998 45.2228
 17.1832 44.6613
 17.1357 44.6438
 16.6474 44.329
 16.1923 43.9833
 16.1626 43.9693
210 87 10
 17.2408 46.2093
 17.6709 46.9874
 18.0282 47.8195
 18.2333 48.3714
 18.3274 48.4362
 18.2276 48.7503
 18.278 49.202
 18.4532 49.4004
 18.4487 49.4995
 18.4446 49.5643
211 45 24
 10.4269 37.0385
 10.882 36.9277
 11.2642 36.5805
 11.856 36.2337
 12.4635 36.3947
 12.8355 36.4281
 13.1193 36.2509
 13.3053 36.211
 13.5933 36.102
 13.8745 35.9437
 13.994 35.9508
 14.2338 36.3937
 14.7992 36.884
 15.2411 37.0714
 15.5968 37.3559
 15.8897 37.5946
 16.2313 37.3513
 16.529 37.3064
 16.4143 37.584
 16.3363 38.1961
 16.4094 38.7633
 16.397 38.9754
 16.3479 39.2001
 16.3656 39.2573
211 51 10
 10.4269 37.0385
 9.6539 37.1076
 9.04625 37.205
 8.77535 37.1553
 8.59645 36.8327
 8.19305 36.2067
 7.44025 35.5637
 7.0623 35.4166
 6.99325 35.4795
 6.9769 35.4805
212 45 11
 17.5634 36.5024
 17.3003 36.96
 16.6786 37.1632
 16.2313 37.3513
 16.529 37.3064
 16.4143 37.584
 16.3363 38.1961
 16.4094 38.7633
 16.397 38.9754
 16.3479 39.2001
 16.3656 39.2573
212 107 7
 17.5634 36.5024
 17.5947 36.1633
 18.3192 35.8133
 18.8688 35.4352
 18.9745 34.8821
 18.9967 34.4726
 18.9969 34.4585
213 70 9
 12.0808 13.7002
 12.2953 14.9012
 12.433 15.2259
 12.6612 15.4891
 13.2409 15.8797
 13.3985 16.4503
 13.1067 17.5023
 13.0124 18.139
 13.0105 18.1441
213 32 3
 12.0808 13.7002
 11.743 12.3896
 11.4877 11.9784
214 70 8
 14.1714 15.1847
 13.372 15.702
 12.9932 15.7088
 13.2409 15.8797
 13.3985 16.4503
 13.1067 17.5023
 13.0124 18.139
 13.0105 18.1441
214 116 6
 14.1714 15.1847
 15.0999 14.23
 15.5998 13.6697
 15.9595 13.3743
 16.3002 13.177
 16.3826 13.1386
215 91 11
 44.519 25.94
 44.199 26.3034
 43.9656 26.453
 43.7016 26.1675
 43.3424 26.0092
 43.0077 25.9809
 42.7057 26.0553
 42.4928 26.0717
 42.3918 25.9878
 42.3523 25.897
 42.3598 25.8708
215 161 7
 44.519 25.94
 44.8152 25.9844
 45.0371 25.9132
 45.2396 25.7789
 45.4171 25.7924
 45.5387 25.7882
 45.5763 25.7719
216 66 17
 28.0229 44.657
 28.2993 44.1796
 28.5016 43.7147
 28.5329 43.3967
 28.4975 43.2475
 28.487 43.1763
 28.5725 43.1061
 28.6803 43.0603
 28.729 43.0402
 28.8878 42.9655
 29.092 42.9174
 29.1431 42.748
 29.4646 42.4046
 29.9531 42.1445
 30.1272 42.0245
 30.1068 41.965
 30.0926 41.9484
216 163 10
 28.0229 44.657
 27.7148 45.0401
 27.4014 45.2951
 27.249 45.7089
 27.1499 46.0131
 27.1982 46.086
 27.3975 46.3015
 27.443 46.54
 27.3844 46.6332
 27.3839 46.6361
217 13 10
 33.1817 58.3122
 32.7012 59.0096
 32.5021 59.5744
 32.452 59.901
 32.2003 60.1604
 31.969 60.6559
 31.9113 61.0408
 31.8286 61.23
 31.8137 61.317
 31.8052 61.3227
217 126 4
 33.1817 58.3122
 33.8373 56.4708
 34.1604 55.04
 34.1575 55.0322
218 27 11
 44.3661 42.8124
 44.5168 42.321
 44.148 41.1908
 44.3548 40.7286
 45.4668 40.7865
 46.0816 40.5196
 46.3081 40.3697
 46.5127 40.4128
 46.5309 40.3617
 46.5393 40.2727
 46.5731 40.2279
218 71 7
 44.3661 42.8124
 44.2013 42.9427
 43.8815 43.2418
 43.4863 43.492
 43.2706 44.2213
 43.1328 44.8217
 43.1338 44.8258
219 29 6
 49.707 26.9124
 49.3132 26.736
 49.0404 25.9615
 48.6474 24.8608
 48.5227 24.4758
 48.494 24.5067
219 121 4
 49.707 26.9124
 50.2169 27.1701
 50.3209 27.3787
 50.3328 27.4166
220 122 4
 48.0206 39.0985
 48.4349 38.5715
 48.5774 38.1393
 48.6067 38.1279
220 27 4
 48.0206 39.0985
 47.1654 39.7956
 46.5921 40.3072
 46.5731 40.2279
221 10 8
 56.0995 31.2241
 55.8832 32.0581
 55.8105 32.1003
 55.3905 31.908
 54.8066 31.9245
 54.6437 31.9687
 54.6349 32.0437
 54.6348 32.0498
221 73 5
 56.0995 31.2241
 57.1721 30.6573
 58.1776 30.6394
 58.3005 30.6476
 58.3566 30.665
222 12 14
 55.1124 37.3211
 55.7948 38.0332
 56.1457 38.1657
 56.7424 38.4324
 57.773 38.4826
 58.5259 38.3634
 58.73 38.1011
 59.3209 37.6035
 59.7371 37.3655
 59.7359 37.3147
 59.7854 37.3393
 59.8363 37.4199
 59.875 37.4449
 59.8889 37.4423
222 10 21
 55.1124 37.3211
 54.0487 36.7371
 53.4348 36.7868
 53.2947 36.6954
 53.2429 36.4939
 53.2617 35.8886
 53.3385 35.2549
 53.1362 34.9222
 52.7202 34.2798
 52.5317 33.7687
 52.7784 33.0892
 53.2034 32.3484
 53.5742 31.9402
 53.7465 31.6082
 53.8015 31.6215
 54.0672 31.7165
 54.3886 31.8304
 54.5043 31.9139
 54.542 31.9654
 54.6023 32.0196
 54.6348 32.0498
223 74 16
 61.5563 21.2632
 61.066 20.9392
 60.8004 20.618
 60.7635 20.5553
 60.8232 20.4743
 60.9986 20.2985
 61.0013 19.9925
 60.8834 19.7803
 60.9108 19.6562
 60.958 19.4487
 60.9688 19.3349
 61.0574 19.2171
 61.1502 19.1062
 61.0938 19.0707
 60.9949 19.034
 60.9587 19.0261
223 127 8
 61.5563 21.2632
 62.2728 21.7389
 62.8175 22.0819
 62.9435 21.9724
 63.1064 22.0374
 63.4772 22.2076
 63.7533 22.3335
 63.7797 22.3812
224 74 19
 68.9838 20.4585
 67.9525 21.2473
 67.0285 21.9501
 66.9527 21.5136
 66.3051 21.3871
 65.8262 21.1888
 65.1181 20.101
 64.3506 19.1113
 64.3266 19.0788
 63.9178 19.1779
 63.056 18.6908
 62.3087 18.117
 61.7532 18.4657
 61.3609 18.8916
 61.2177 18.9517
 61.1549 19.0335
 61.0938 19.0707
 60.9949 19.034
 60.9587 19.0261
224 125 3
 68.9838 20.4585
 69.2057 19.9191
 69.3145 19.7987
225 74 23
 58.0187 15.5654
 57.8324 17.021
 58.8903 16.0293
 59.8186 15.7781
 60.4514 16.0422
 61.3911 15.364
 61.762 14.7337
 61.7017 14.5206
 62.037 14.326
 63.1893 14.4922
 64.0985 14.3791
 64.0451 14.7728
 63.611 15.6722
 62.8611 17.3437
 62.5554 18.1392
 62.3087 18.117
 61.7532 18.4657
 61.3609 18.8916
 61.2177 18.9517
 61.1549 19.0335
 61.0938 19.0707
 60.9949 19.034
 60.9587 19.0261
225 79 11
 58.0187 15.5654
 57.1288 14.6418
 56.022 14.7198
 55.5786 14.5661
 55.1851 14.613
 54.8066 14.5396
 54.5695 14.4352
 54.2313 14.4102
 54.1306 14.503
 54.2304 14.6591
 54.21 14.6736
226 147 20
 49.2131 15.5856
 48.2726 16.3439
 47.7997 16.9741
 47.7388 17.1213
 47.7138 17.2106
 47.7621 17.328
 48.0747 17.672
 48.6903 18.1671
 49.0448 18.4138
 49.0817 18.784
 49.1856 19.1839
 49.4231 19.327
 49.8587 19.5462
 50.3377 20.3189
 50.7035 21.0853
 50.9306 21.5997
 51.2391 22.2873
 51.6521 22.6581
 51.8287 22.7544
 51.8184 22.7912
226 111 7
 49.2131 15.5856
 50.0391 14.941
 50.3737 14.5434
 50.6512 14.1216
 51.0706 13.4645
 51.2589 13.1935
 51.2829 13.1571
227 3 15
 60.3514 5.44565
 60.9484 5.64765
 61.0109 5.8961
 61.0997 6.39135
 61.1852 6.7902
 61.07 6.90655
 61.1095 7.05955
 61.4964 7.1999
 61.7116 7.306
 61.6866 7.40705
 61.6825 7.52895
 61.5973 7.6397
 61.5095 7.7003
 61.4964 7.79165
 61.5083 7.8353
227 75 21
 60.3514 5.44565
 59.3892 4.9647
 58.8408 4.61885
 58.6073 4.5113
 58.4358 4.21795
 58.18 3.91695
 57.8291 3.60425
 57.6646 2.9491
 57.4356 2.49395
 57.246 2.3721
 57.1976 2.1448
 56.8764 1.97625
 56.528 1.8541
 56.3806 1.6447
 56.2043 1.79735
 55.4855 2.14765
 54.7305 2.9454
 54.3382 3.56675
 54.2699 3.18675
 54.0171 2.87035
 53.9458 2.7493
228 55 9
 52.6068 -9.37
 53.155 -8.7616
 53.4035 -8.31985
 53.4263 -8.2294
 53.4681 -8.1136
 53.4053 -7.56455
 52.9049 -7.06405
 52.4709 -7.03175
 52.457 -7.0395
228 23 3
 52.6068 -9.37
 52.2807 -9.6712
 52.2531 -9.7425
229 108 63
 54.3611 -21.3849
 53.4018 -20.5704
 53.1778 -20.4067
 52.9944 -20.326
 52.8237 -20.3895
 52.2004 -20.6291
 51.4952 -20.8589
 51.1629 -21.5284
 50.6441 -20.2507
 50.0101 -19.5683
 49.9903 -19.4426
 49.9717 -19.3022
 49.7331 -19.0784
 48.9363 -18.6735
 48.0124 -18.1596
 47.6175 -17.6823
 47.4541 -17.5688
 47.5034 -17.4815
 47.4375 -17.074
 47.8851 -16.4235
 48.3228 -16.1078
 48.5734 -15.591
 48.895 -14.7505
 48.832 -14.2049
 48.932 -13.7541
 49.3229 -12.9493
 49.2724 -11.9976
 49.046 -11.8349
 48.7059 -11.8855
 47.9978 -11.6151
 47.5593 -11.5363
 47.7407 -11.0417
 47.935 -10.2824
 48.1729 -9.5427
 48.4778 -9.11255
 48.5099 -9.1765
 48.8625 -9.3897
 49.349 -9.55175
 49.5016 -9.54765
 49.7824 -9.516
 50.0348 -9.5021
 50.1907 -9.44235
 50.3891 -9.35115
 50.5669 -9.40785
 50.4966 -9.12675
 50.96 -8.60165
 51.45 -8.11645
 51.5292 -7.6353
 51.5085 -7.1101
 51.3553 -6.841
 51.0977 -6.7036
 50.81 -6.61255
 50.7383 -6.43405
 50.8725 -6.28775
 50.9236 -6.32075
 51.2262 -6.16715
 51.4471 -5.84145
 51.4041 -5.69145
 51.6494 -5.706
 51.8727 -5.7322
 51.924 -5.6802
 51.9916 -5.6602
 52.0064 -5.6783
229 38 3
 54.3611 -21.3849
 55.3291 -22.1511
 55.4215 -22.1689
230 50 16
 49.7811 -1.94565
 51.5862 -2.15935
 51.9682 -2.3382
 52.0324 -2.4785
 52.0905 -2.6435
 52.1259 -2.76955
 52.1151 -2.82835
 52.0956 -2.9464
 52.1296 -3.07545
 52.2075 -3.20685
 52.3106 -3.40475
 52.4121 -3.5012
 52.4937 -3.5936
 52.7357 -3.644
 52.9942 -3.556
 53.0621 -3.5144
230 153 7
 49.7811 -1.94565
 47.8371 -1.82815
 47.1878 -1.0811
 46.6439 -0.0724
 46.2335 0.20175
 46.1318 0.21025
 46.07 0.223
231 153 6
 44.3763 1.6179
 44.5552 1.00675
 45.3343 0.53115
 45.8507 0.2558
 46.0482 0.2283
 46.07 0.223
231 109 3
 44.3763 1.6179
 44.5522 2.45605
 44.4686 2.9055
232 25 9
 42.6076 -0.14175
 41.5659 -0.3053
 41.1769 -0.98475
 40.6036 -0.2308
 39.8154 -0.26695
 39.0734 -0.6137
 38.5361 -0.61645
 38.3185 -0.64335
 38.2959 -0.6385
232 153 9
 42.6076 -0.14175
 43.3153 0.02195
 44.228 0.5182
 44.5088 0.9892
 44.5552 1.00675
 45.3343 0.53115
 45.8507 0.2558
 46.0482 0.2283
 46.07 0.223
233 93 10
 30.1222 -6.90205
 30.8751 -7.4915
 31.5128 -7.93165
 31.8414 -7.96335
 31.8314 -8.18585
 31.9916 -9.05825
 32.3738 -9.653
 32.5084 -9.77845
 32.4598 -10.0159
 32.477 -10.0623
233 135 8
 30.1222 -6.90205
 29.2994 -6.71115
 28.7356 -6.39155
 28.5316 -5.8646
 28.4639 -5.5695
 28.3406 -5.3563
 28.2467 -5.19725
 28.2391 -5.1841
234 93 10
 30.6571 -12.3769
 31.5751 -11.5252
 32.2607 -11.1356
 32.5825 -10.7359
 32.4485 -10.3927
 32.5506 -10.2715
 32.6266 -10.2476
 32.5931 -10.134
 32.4904 -10.0534
 32.477 -10.0623
234 99 32
 30.6571 -12.3769
 29.3773 -13.1638
 28.9888 -12.972
 29.3516 -13.3624
 30.1683 -13.8259
 30.4572 -14.4086
 30.0019 -14.9707
 29.6221 -15.4036
 29.711 -15.9126
 29.3958 -16.8157
 28.9909 -17.3253
 28.9562 -17.4774
 28.9552 -17.6313
 28.8261 -17.7731
 27.8447 -17.5586
 26.9256 -17.303
 26.3662 -17.3103
 25.7156 -17.4483
 25.5343 -17.4723
 24.9565 -17.1918
 24.3191 -17.003
 24.2806 -16.9021
 24.3646 -16.7402
 24.4104 -16.5778
 24.4171 -16.4906
 24.568 -15.4985
 24.7515 -14.3074
 24.823 -13.9097
 24.7666 -13.5514
 25.0778 -12.9532
 25.5376 -12.4906
 25.5931 -12.4406
235 103 22
 36.5408 -50.3254
 36.7886 -49.1114
 37.6778 -48.2453
 38.7276 -47.5891
 38.3335 -47.5602
 38.4855 -47.0081
 38.4335 -46.3123
 38.3754 -46.0059
 38.4256 -45.4809
 38.6574 -44.5913
 38.769 -43.5402
 38.5379 -42.735
 38.6163 -41.9461
 38.0812 -42.1308
 37.1954 -42.0711
 36.5057 -42.5335
 36.0424 -42.338
 35.5272 -41.9138
 34.9812 -41.1978
 34.9776 -39.7879
 35.2831 -39.0354
 35.3839 -39.0434
235 156 6
 36.5408 -50.3254
 36.4986 -51.5382
 36.5637 -52.2679
 36.4842 -52.9184
 36.2471 -53.0822
 36.1425 -53.1079
236 103 32
 48.2561 -34.1748
 46.5933 -35.36
 45.8071 -35.8107
 45.2197 -36.4163
 45.0098 -36.3598
 44.2654 -35.9346
 43.2496 -36.1271
 42.9313 -36.5863
 42.7771 -36.6759
 42.5231 -36.8366
 42.8359 -37.3607
 42.9514 -38.6224
 42.2874 -39.0513
 41.9254 -38.6763
 41.5202 -38.7712
 40.7195 -38.6899
 40.3885 -38.3298
 40.4511 -38.1276
 39.842 -38.258
 38.7042 -39.5609
 38.1415 -40.8317
 38.3978 -41.1651
 38.6163 -41.9461
 38.0812 -42.1308
 37.1954 -42.0711
 36.5057 -42.5335
 36.0424 -42.338
 35.5272 -41.9138
 34.9812 -41.1978
 34.9776 -39.7879
 35.2831 -39.0354
 35.3839 -39.0434
236 96 4
 48.2561 -34.1748
 49.9249 -32.7494
 50.6431 -32.2592
 50.9723 -31.9705
237 42 36
 15.0583 -41.5289
 14.191 -42.0546
 13.4466 -42.3587
 13.1066 -42.5664
 13.0165 -42.8249
 12.9067 -43.0706
 12.82 -43.2781
 12.7927 -43.4013
 12.6842 -43.4427
 12.5131 -43.6198
 12.4307 -43.6204
 12.3306 -43.5087
 12.1174 -43.5323
 11.9471 -43.6066
 11.9485 -43.7268
 11.9121 -43.5714
 11.8254 -43.5443
 11.708 -43.5791
 11.6627 -43.5895
 11.6617 -43.6585
 11.6824 -43.7252
 11.6123 -43.7574
 11.5102 -43.757
 11.4593 -43.7519
 11.4162 -43.763
 11.3722 -43.823
 11.3348 -43.8724
 11.2977 -43.8735
 11.248 -43.9397
 11.2051 -44.0105
 11.109 -43.9479
 10.9832 -43.8423
 10.9578 -43.7341
 10.9039 -43.8328
 10.8446 -43.8446
 10.8216 -43.8337
237 2 39
 15.0583 -41.5289
 15.8642 -41.1769
 16.3276 -40.9762
 16.0844 -40.3655
 16.0884 -39.6568
 16.4807 -39.2287
 16.4325 -39.008
 16.38 -38.8821
 16.457 -38.7932
 16.5988 -38.7797
 16.7348 -38.9552
 16.9876 -39.2828
 17.2267 -39.4706
 17.285 -39.3971
 17.5887 -39.276
 17.8708 -39.1743
 17.9097 -39.1022
 17.9366 -39.0216
 18.0122 -38.9963
 18.1457 -38.9997
 18.2574 -38.9753
 18.2978 -38.8765
 18.3119 -38.7072
 18.3237 -38.5675
 18.3601 -38.4924
 18.4276 -38.4222
 18.5761 -38.4296
 18.9342 -38.4402
 19.423 -38.459
 19.7063 -38.4675
 19.714 -38.486
 19.671 -38.7104
 19.7905 -38.9583
 19.9795 -39.0094
 20.0694 -39.013
 20.1059 -39.0622
 20.1815 -39.1263
 20.2585 -39.1738
 20.2706 -39.1786
238 101 4
 -27.898 -19.1166
 -28.8301 -18.1853
 -29.182 -17.8109
 -29.1724 -17.7667
238 7 7
 -27.898 -19.1166
 -27.858 -20.3228
 -28.6042 -20.7388
 -29.1719 -20.887
 -29.3132 -21.3606
 -29.0697 -21.5176
 -29.037 -21.5382
239 139 11
 17.6321 -21.6303
 18.119 -20.5968
 18.2712 -19.7938
 18.1813 -19.1968
 17.7542 -18.7645
 17.4325 -18.2686
 17.165 -17.8069
 16.8584 -17.408
 16.615 -17.2949
 16.4979 -17.2583
 16.4912 -17.2563
239 119 4
 17.6321 -21.6303
 17.1171 -22.5704
 17.1151 -22.7202
 17.1838 -22.68
240 148 5
 26.9703 28.1221
 28.1206 29.0924
 28.7337 29.3662
 29.2713 28.9829
 29.3059 28.9724
240 95 3
 26.9703 28.1221
 25.8249 27.7649
 25.7197 27.7313
241 33 5
 -32.118 42.4305
 -31.7201 42.7901
 -30.9704 43.8694
 -29.6464 44.8233
 -29.6444 44.9758
241 8 3
 -32.118 42.4305
 -33.1069 42.4299
 -33.1255 42.511
242 9 23
 -22.4987 46.6759
 -21.8799 47.1666
 -21.2454 47.4298
 -20.7803 47.7668
 -20.4873 48.4454
 -20.5413 49.0608
 -20.2659 49.596
 -20.0037 50.0046
 -19.4843 49.6704
 -18.61 50.09
 -18.2574 50.8743
 -17.9284 51.1518
 -16.541 51.053
 -15.3874 50.7376
 -15.1644 50.8141
 -14.8252 50.3191
 -14.7914 49.7591
 -14.9041 49.438
 -14.7815 48.8279
 -14.7762 48.3866
 -14.7465 48.1562
 -14.669 48.0525
 -14.654 48.0452
242 134 3
 -22.4987 46.6759
 -22.6483 46.2351
 -22.7254 46.1694
243 70 8
 15.7022 18.3106
 14.3158 18.5831
 13.629 18.3247
 13.4466 18.347
 13.2788 18.5868
 13.141 18.4832
 13.0323 18.1741
 13.0105 18.1441
243 52 4
 15.7022 18.3106
 16.5249 17.6271
 16.6677 17.4594
 16.7531 17.4865
244 154 6
 51.6712 11.9571
 51.8532 11.548
 52.0303 11.0804
 52.3363 10.7136
 52.589 10.6462
 52.6051 10.5766
244 111 4
 51.6712 11.9571
 51.4135 12.6582
 51.2566 13.1031
 51.2829 13.1571
245 50 18
 52.1211 -0.4708
 51.9594 -1.11885
 52.3046 -1.67785
 52.3685 -1.9792
 52.17 -2.2883
 52.0324 -2.4785
 52.0905 -2.6435
 52.1259 -2.76955
 52.1151 -2.82835
 52.0956 -2.9464
 52.1296 -3.07545
 52.2075 -3.20685
 52.3106 -3.40475
 52.4121 -3.5012
 52.4937 -3.5936
 52.7357 -3.644
 52.9942 -3.556
 53.0621 -3.5144
245 113 3
 52.1211 -0.4708
 52.6365 -0.35155
 52.7506 -0.4294
246 130 4
 36.1969 -37.8957
 36.8752 -36.9837
 37.0415 -36.6197
 37.0435 -36.6005
246 103 4
 36.1969 -37.8957
 35.5312 -38.7379
 35.3816 -39.0282
 35.3839 -39.0434
247 159 17
 -25.3403 -9.14745
 -25.5206 -6.8999
 -26.5233 -7.0638
 -27.5036 -7.02075
 -28.0683 -6.8221
 -28.3575 -6.62705
 -28.6557 -6.4891
 -29.3405 -6.9308
 -30.2816 -7.9777
 -30.8053 -9.02595
 -30.9992 -9.76105
 -31.2063 -10.2367
 -31.2323 -10.5131
 -31.2066 -10.6223
 -31.1242 -10.7287
 -31.0561 -10.7727
 -31.0185 -10.7246
247 101 10
 -25.3403 -9.14745
 -25.5056 -11.7742
 -25.5023 -12.1544
 -25.6556 -12.8206
 -26.2374 -13.8024
 -26.6394 -14.1972
 -26.9576 -14.6161
 -27.7089 -16.4231
 -28.6609 -17.7965
 -29.1724 -17.7667
248 26 13
 -27.5616 -20.6573
 -26.007 -20.5681
 -25.2037 -20.7407
 -25.1416 -20.6942
 -24.7983 -19.7658
 -24.068 -18.7112
 -23.6635 -18.4639
 -23.2917 -18.6157
 -22.8986 -19.0424
 -22.7013 -19.2752
 -22.3614 -19.3363
 -22.0173 -19.4381
 -21.8682 -19.5204
248 7 6
 -27.5616 -20.6573
 -28.6042 -20.7388
 -29.1719 -20.887
 -29.3132 -21.3606
 -29.0697 -21.5176
 -29.037 -21.5382
249 160 9
 -20.6106 29.2798
 -20.1052 29.9473
 -19.8276 30.4643
 -19.8092 31.0275
 -19.4935 31.6484
 -19.3027 31.9367
 -19.2249 32.0463
 -19.1696 32.0745
 -19.152 32.0804
249 129 4
 -20.6106 29.2798
 -20.8531 28.3951
 -21.0066 27.7711
 -20.9992 27.7382
250 5 28
 -18.9343 35.5999
 -19.1748 36.1273
 -19.144 36.3547
 -19.0412 36.4408
 -19.1363 36.4325
 -19.5985 36.5732
 -19.8652 37.0475
 -19.8685 37.3103
 -20.2376 37.3542
 -20.6044 37.5132
 -21.1045 37.5131
 -21.7161 37.4983
 -21.9156 37.5732
 -22.0577 37.6003
 -22.341 37.5889
 -22.5133 37.576
 -22.5788 37.6254
 -22.656 37.6684
 -22.6843 37.7071
 -22.739 37.6777
 -22.8482 37.7564
 -22.9683 37.8419
 -23.0332 37.94
 -23.0327 38.0338
 -23.0301 38.1007
 -23.1015 38.1757
 -23.165 38.2041
 -23.1801 38.2017
250 24 10
 -18.9343 35.5999
 -18.709 35.1536
 -18.4468 34.8136
 -18.4995 34.4095
 -18.7863 33.9604
 -18.8097 33.6361
 -18.7644 33.5903
 -18.4688 33.4931
 -18.1904 33.427
 -18.1655 33.4187
251 123 6
 -25.4396 29.1446
 -24.5318 28.4398
 -24.1384 28.2897
 -23.9459 28.2344
 -23.8091 28.3682
 -23.7815 28.4122
251 54 4
 -25.4396 29.1446
 -26.6532 29.9951
 -27.2255 30.2761
 -27.1819 30.4063
252 5 34
 -25.411 32.8774
 -24.9614 33.796
 -24.8952 34.0079
 -24.889 34.0302
 -24.7644 33.964
 -24.6329 33.9707
 -24.4065 34.2673
 -23.9067 34.8671
 -23.6582 35.4266
 -23.7971 35.897
 -23.7915 36.0798
 -23.5099 36.0737
 -22.9783 36.0709
 -22.6647 36.1348
 -22.5345 36.435
 -22.3786 36.7261
 -22.1196 36.99
 -21.9407 37.3522
 -21.9526 37.5684
 -22.0577 37.6003
 -22.341 37.5889
 -22.5133 37.576
 -22.5788 37.6254
 -22.656 37.6684
 -22.6843 37.7071
 -22.739 37.6777
 -22.8482 37.7564
 -22.9683 37.8419
 -23.0332 37.94
 -23.0327 38.0338
 -23.0301 38.1007
 -23.1015 38.1757
 -23.165 38.2041
 -23.1801 38.2017
252 54 6
 -25.411 32.8774
 -25.8738 31.9809
 -25.9585 31.5967
 -26.3849 30.9234
 -27.0122 30.4729
 -27.1819 30.4063
253 9 19
 -19.3312 55.5397
 -19.3745 54.5959
 -19.2735 53.9144
 -19.2284 52.8348
 -19.1681 52.1909
 -18.674 51.4367
 -18.2574 50.8743
 -17.9284 51.1518
 -16.541 51.053
 -15.3874 50.7376
 -15.1644 50.8141
 -14.8252 50.3191
 -14.7914 49.7591
 -14.9041 49.438
 -14.7815 48.8279
 -14.7762 48.3866
 -14.7465 48.1562
 -14.669 48.0525
 -14.654 48.0452
253 138 8
 -19.3312 55.5397
 -19.0921 57.4575
 -18.7746 58.5965
 -18.5243 58.7953
 -19.0676 58.9772
 -19.5978 59.1526
 -19.7342 59.1077
 -19.7745 59.1263
254 84 15
 -2.7965 53.112
 -3.16835 53.0695
 -3.23805 53.2093
 -3.46775 53.4266
 -3.81385 53.5479
 -4.01025 53.5113
 -4.593 53.9871
 -5.1814 54.524
 -5.2888 54.6459
 -5.4169 54.7528
 -5.5813 54.7966
 -5.70355 54.838
 -5.8449 54.882
 -5.9615 54.8848
 -5.97 54.8684
254 89 3
 -2.7965 53.112
 -2.3994 53.1354
 -2.3354 53.0552
255 77 7
 -2.9335 63.6703
 -2.83305 62.857
 -2.85945 62.3495
 -2.69495 61.6828
 -2.00365 60.4934
 -1.52355 59.5625
 -1.5218 59.5459
255 65 3
 -2.9335 63.6703
 -3.0829 64.4798
 -3.1539 64.5919
256 34 16
 3.37625 30.9961
 3.7239 30.634
 4.04005 30.5396
 4.1812 30.4977
 4.2002 30.4979
 4.2658 30.4708
 4.3275 30.4677
 4.358 30.569
 4.49535 30.7123
 4.5815 30.806
 4.5627 30.9201
 4.589 30.9949
 4.61025 31.0082
 4.7117 31.0461
 4.81185 31.0669
 4.8146 31.0692
256 6 9
 3.37625 30.9961
 3.1962 31.3504
 2.82355 31.5541
 2.39415 31.6832
 2.18485 31.613
 1.94065 31.3836
 1.7456 31.2234
 1.6433 31.2896
 1.6291 31.321
257 106 12
 64.323 27.5338
 63.7438 27.9916
 63.6092 28.4333
 63.4755 28.8922
 63.594 29.4473
 63.5989 30.23
 63.5162 30.5228
 63.3339 30.3617
 62.7583 30.4758
 62.2732 30.8751
 62.1619 31.1638
 62.0968 31.2814
257 37 6
 64.323 27.5338
 64.7842 26.9487
 64.7182 26.8008
 64.7861 26.6649
 64.7643 26.4942
 64.7109 26.4393
258 79 25
 57.0894 8.161
 56.0436 8.84145
 55.6072 9.4272
 55.4884 10.0351
 55.4362 10.772
 55.217 11.3238
 54.9152 11.6095
 54.6716 11.8731
 54.3016 12.3104
 54.1338 12.6452
 54.2022 12.8212
 54.3839 13.002
 54.4966 13.1465
 54.2303 13.1672
 53.9669 13.1936
 53.6917 13.6721
 53.453 14.1638
 53.5361 14.3078
 53.6656 14.4131
 53.7965 14.4408
 53.9187 14.5594
 54.0324 14.7243
 54.1509 14.7627
 54.191 14.7085
 54.21 14.6736
258 75 29
 57.0894 8.161
 57.8839 7.94445
 58.2868 7.82075
 58.1291 7.704
 58.2542 6.84095
 58.2554 6.2833
 58.1819 6.0434
 58.0769 5.71805
 58.1806 5.44495
 58.5189 4.94725
 58.8408 4.61885
 58.6073 4.5113
 58.4358 4.21795
 58.18 3.91695
 57.8291 3.60425
 57.6646 2.9491
 57.4356 2.49395
 57.246 2.3721
 57.1976 2.1448
 56.8764 1.97625
 56.528 1.8541
 56.3806 1.6447
 56.2043 1.79735
 55.4855 2.14765
 54.7305 2.9454
 54.3382 3.56675
 54.2699 3.18675
 54.0171 2.87035
 53.9458 2.7493
259 74 21
 69.967 15.8131
 68.8175 16.4397
 68.1766 15.7553
 67.7397 15.1947
 67.5807 15.3652
 67.2096 16.5549
 66.7113 17.826
 66.2888 18.5761
 65.2801 19.0227
 64.3991 19.0098
 64.3266 19.0788
 63.9178 19.1779
 63.056 18.6908
 62.3087 18.117
 61.7532 18.4657
 61.3609 18.8916
 61.2177 18.9517
 61.1549 19.0335
 61.0938 19.0707
 60.9949 19.034
 60.9587 19.0261
259 85 9
 69.967 15.8131
 70.5784 14.5084
 70.6261 13.8949
 70.587 14.5042
 71.4679 15.1317
 72.2173 15.5501
 72.7593 16.4201
 73.1201 16.988
 73.1379 17.0117
260 50 10
 52.8865 -6.9164
 53.336 -6.3962
 53.3861 -5.96975
 53.421 -5.68345
 53.4993 -5.12645
 53.4886 -4.82425
 53.3142 -4.26745
 53.1667 -3.6449
 53.0998 -3.53795
 53.0621 -3.5144
260 55 3
 52.8865 -6.9164
 52.4709 -7.03175
 52.457 -7.0395
261 28 3
 25.7212 -30.7602
 25.3664 -31.5733
 25.4172 -31.7084
261 35 6
 25.7212 -30.7602
 25.9669 -29.8633
 25.7083 -29.5083
 25.4445 -29.2338
 25.2679 -29.08
 25.2564 -29.0647
262 83 17
 24.3168 -36.3125
 23.7079 -36.3876
 23.3608 -36.6507
 23.2162 -36.9104
 23.1385 -37.1122
 23.0228 -37.3626
 22.8586 -37.6591
 22.7421 -37.7981
 22.7048 -37.9054
 22.7473 -37.9816
 22.7556 -38.0296
 22.7585 -38.093
 22.8101 -38.1557
 22.889 -38.1561
 22.9571 -38.0764
 23.0091 -38.0175
 23.0227 -38.0263
262 41 9
 24.3168 -36.3125
 24.8246 -36.5815
 25.0331 -36.8355
 25.0916 -37.0084
 25.0616 -37.1519
 24.9635 -37.2147
 25.065 -37.2356
 25.1487 -37.299
 25.166 -37.3374
263 15 27
 21.1559 -51.7455
 20.9919 -51.0346
 21.1481 -50.3641
 21.2564 -50.0075
 21.1367 -49.4589
 21.2075 -49.057
 21.5504 -48.6036
 21.6213 -47.909
 21.1047 -47.2692
 20.3822 -47.0361
 20.0055 -47.1464
 20.0308 -46.9184
 20.0487 -46.5917
 20.0577 -46.3335
 20.0028 -46.1104
 19.9418 -45.9758
 19.9116 -45.8416
 20.0148 -45.6594
 20.2041 -45.5107
 20.3461 -45.451
 20.4015 -45.3857
 20.3737 -45.2784
 20.2864 -45.1451
 20.1995 -45.0585
 20.177 -44.968
 20.1992 -44.9054
 20.2258 -44.9139
263 100 6
 21.1559 -51.7455
 21.3927 -52.0247
 21.5449 -52.2608
 21.6991 -52.4878
 21.7981 -52.5345
 21.8129 -52.5002
264 99 33
 27.1792 -23.8298
 27.4984 -22.9935
 27.5882 -22.8985
 27.7236 -22.769
 27.7129 -22.6262
 28.0956 -21.4774
 28.5559 -20.3732
 28.6201 -19.5984
 28.7297 -18.6685
 28.819 -18.4406
 28.7993 -18.3476
 28.7488 -18.2648
 28.8439 -17.9691
 28.9552 -17.6313
 28.8261 -17.7731
 27.8447 -17.5586
 26.9256 -17.303
 26.3662 -17.3103
 25.7156 -17.4483
 25.5343 -17.4723
 24.9565 -17.1918
 24.3191 -17.003
 24.2806 -16.9021
 24.3646 -16.7402
 24.4104 -16.5778
 24.4171 -16.4906
 24.568 -15.4985
 24.7515 -14.3074
 24.823 -13.9097
 24.7666 -13.5514
 25.0778 -12.9532
 25.5376 -12.4906
 25.5931 -12.4406
264 35 22
 27.1792 -23.8298
 26.2742 -24.7434
 25.9408 -25.1611
 26.4798 -25.7131
 27.5212 -26.4207
 28.4232 -27.116
 28.7831 -27.6405
 29.1803 -27.964
 29.3148 -28.2623
 28.9836 -28.6977
 28.5 -28.7967
 28.2524 -28.7133
 27.8202 -28.647
 27.1619 -28.6342
 26.7311 -28.93
 26.5321 -29.2018
 26.4516 -29.3654
 26.104 -29.5784
 25.7083 -29.5083
 25.4445 -29.2338
 25.2679 -29.08
 25.2564 -29.0647
265 117 12
 -7.3072 -36.8573
 -7.555 -36.3609
 -7.7693 -36.3593
 -8.0078 -36.2217
 -8.3287 -35.9219
 -8.45125 -35.6042
 -8.66415 -35.5024
 -9.1109 -35.1331
 -9.56145 -34.6551
 -10.0343 -34.5877
 -10.2961 -34.6687
 -10.3321 -34.689
265 16 7
 -7.3072 -36.8573
 -6.96465 -38.3222
 -6.84145 -39.5378
 -6.54535 -39.5048
 -5.98525 -39.158
 -5.77265 -39.1327
 -5.7087 -39.1026
266 152 5
 -4.3419 -38.8122
 -3.3171 -38.8018
 -3.2197 -38.8864
 -3.22355 -38.9538
 -3.2226 -38.9811
266 16 4
 -4.3419 -38.8122
 -5.44955 -38.952
 -5.67165 -39.0699
 -5.7087 -39.1026
267 157 26
 0.4331 -32.3468
 -0.96475 -32.8753
 -1.8104 -33.104
 -1.91175 -33.1352
 -2.2759 -33.7646
 -2.61965 -34.4435
 -2.5406 -34.5879
 -2.52035 -34.7394
 -2.49745 -35.0523
 -2.3103 -35.262
 -2.06775 -35.5121
 -1.895 -35.758
 -1.77735 -35.9261
 -1.61615 -36.1655
 -1.46035 -36.2797
 -1.13475 -36.1586
 -0.48665 -36.1563
 0.01465 -36.2771
 0.00845 -36.3761
 -0.2333 -37.2016
 -0.40865 -38.1368
 -0.48525 -38.4338
 -0.5543 -38.509
 -0.5832 -38.6138
 -0.71695 -38.7142
 -0.837 -38.7297
267 141 10
 0.4331 -32.3468
 1.40705 -31.9531
 2.0392 -31.7136
 2.35055 -31.5936
 2.91195 -30.9922
 3.48675 -30.0474
 3.8938 -29.0688
 3.81915 -30.2187
 4.2098 -30.9377
 4.3207 -31.1401
268 63 8
 14.9783 -25.7491
 13.6408 -25.8428
 13.5067 -26.6824
 11.9396 -27.5651
 11.3581 -28.2572
 11.7896 -29.2268
 12.0798 -30.0331
 12.0954 -30.1911
268 119 7
 14.9783 -25.7491
 15.993 -24.8897
 16.3741 -23.6385
 16.413 -22.8281
 16.7444 -22.7956
 17.1151 -22.7202
 17.1838 -22.68
269 102 18
 -15.597 -10.2645
 -14.5504 -11.4804
 -13.2586 -11.8567
 -13.3772 -12.6688
 -13.4222 -13.5206
 -13.6614 -14.3228
 -14.2443 -15.0289
 -14.6684 -15.4494
 -14.7091 -15.7232
 -14.7731 -15.9653
 -14.9287 -15.6678
 -15.8552 -15.812
 -17.009 -15.835
 -17.3539 -15.1156
 -17.1739 -16.1418
 -17.1559 -17.3724
 -17.3428 -17.8501
 -17.3562 -17.8698
269 64 3
 -15.597 -10.2645
 -15.167 -8.99395
 -15.1327 -8.961
270 99 20
 19.4086 -16.5492
 20.3757 -16.5476
 20.6298 -16.526
 21.0718 -16.0975
 21.5841 -15.6115
 21.6772 -15.5292
 22.1344 -15.5204
 22.6106 -15.5539
 23.2558 -15.4124
 23.9582 -15.9377
 24.2357 -16.5736
 24.4104 -16.5778
 24.4171 -16.4906
 24.568 -15.4985
 24.7515 -14.3074
 24.823 -13.9097
 24.7666 -13.5514
 25.0778 -12.9532
 25.5376 -12.4906
 25.5931 -12.4406
270 139 8
 19.4086 -16.5492
 18.4146 -16.5577
 17.5654 -16.4002
 16.8265 -16.2094
 16.8607 -16.7762
 16.615 -17.2949
 16.4979 -17.2583
 16.4912 -17.2563
271 67 14
 9.83465 3.37005
 11.4739 3.05425
 11.2875 3.7526
 11.2826 4.7342
 11.4594 5.13795
 11.8213 5.7938
 12.6542 6.56675
 13.5097 7.06805
 13.9965 7.3965
 14.698 7.7003
 15.2472 8.46735
 15.2797 8.90885
 15.3155 8.98105
 15.3265 9.0332
271 143 3
 9.83465 3.37005
 8.23945 3.61545
 8.2214 3.6516
272 97 10
 17.0771 12.4062
 18.0091 12.0812
 17.9983 11.7947
 17.6509 11.125
 17.9597 10.8638
 18.1298 10.2794
 17.8373 9.42155
 17.7425 9.2078
 17.7205 9.03885
 17.7035 9.0117
272 116 4
 17.0771 12.4062
 16.372 12.8483
 16.3545 13.0919
 16.3826 13.1386
273 58 23
 -20.195 -21.3084
 -20 -21.9637
 -19.8272 -22.2201
 -19.7137 -22.3242
 -19.5043 -22.3884
 -19.2701 -22.3605
 -19.118 -22.3489
 -19.0539 -22.443
 -19.0317 -22.6276
 -18.9363 -22.7213
 -18.6947 -22.8074
 -18.5204 -22.9664
 -18.4592 -23.0206
 -18.3242 -23.0031
 -18.2556 -23.0035
 -18.1939 -23.133
 -18.0749 -23.2292
 -17.9895 -23.2339
 -17.9648 -23.203
 -17.9215 -23.1292
 -17.8592 -23.0564
 -17.8493 -23.0315
 -17.8561 -23.0197
273 26 9
 -20.195 -21.3084
 -20.3292 -20.5944
 -20.5611 -20.4319
 -20.8596 -20.392
 -21.184 -20.152
 -21.713 -19.8353
 -22.0779 -19.5772
 -21.9953 -19.5128
 -21.8682 -19.5204
274 47 7
 -30.8474 -19.717
 -31.6241 -18.425
 -32.2009 -18.1539
 -32.7312 -17.7654
 -33.389 -18.0744
 -34.3496 -18.2698
 -34.5304 -18.3829
274 7 6
 -30.8474 -19.717
 -29.9709 -21.0233
 -29.6133 -21.1856
 -29.3132 -21.3606
 -29.0697 -21.5176
 -29.037 -21.5382
275 56 5
 -46.4076 -0.42885
 -47.6116 -0.6255
 -48.062 -0.92185
 -48.3896 -1.61085
 -48.552 -2.0516
275 133 9
 -46.4076 -0.42885
 -44.6225 0.674
 -43.5755 1.938
 -43.7446 2.81355
 -44.342 4.50585
 -44.5927 6.3764
 -44.0793 7.54645
 -43.6654 7.99525
 -43.7681 8.0181
276 145 4
 -44.0755 9.4932
 -45.8842 10.7913
 -46.9543 11.5188
 -47.0017 11.5249
276 133 4
 -44.0755 9.4932
 -43.508 8.5137
 -43.7474 8.0645
 -43.7681 8.0181
277 11 17
 -38.7813 16.9168
 -37.3867 16.9224
 -36.1317 17.1975
 -36.1033 17.5809
 -35.4865 18.3526
 -34.6157 18.377
 -34.4211 17.8288
 -34.2847 17.369
 -33.859 17.51
 -33.097 18.7875
 -33.0517 19.7396
 -32.9599 20.2639
 -32.4233 20.5345
 -32.3074 20.5075
 -32.2269 20.626
 -32.1992 20.6972
 -32.2118 20.7068
277 145 13
 -38.7813 16.9168
 -39.374 17.5303
 -40.1325 17.68
 -41.0374 16.9118
 -42.5942 16.6705
 -44.5762 16.7052
 -45.3055 15.9578
 -44.9337 15.1209
 -44.9275 14.5648
 -45.6253 13.5
 -46.5502 12.3596
 -46.9977 11.7808
 -47.0017 11.5249
278 11 13
 -34.6659 16.2203
 -34.133 16.3137
 -34.2175 16.9627
 -34.2847 17.369
 -33.859 17.51
 -33.097 18.7875
 -33.0517 19.7396
 -32.9599 20.2639
 -32.4233 20.5345
 -32.3074 20.5075
 -32.2269 20.626
 -32.1992 20.6972
 -32.2118 20.7068
278 53 4
 -34.6659 16.2203
 -35.3885 15.1768
 -35.689 14.7842
 -35.7044 14.7447
279 72 20
 -2.81125 19.2169
 -1.7587 21.4338
 -1.3265 23.3941
 -1.26075 24.4342
 -1.67365 24.6907
 -1.45565 26.3181
 -0.3174 27.7804
 0.7252 28.038
 2.29615 27.8811
 3.43505 27.9119
 3.6511 28.299
 3.7884 28.2341
 3.8173 28.1826
 3.87405 28.1322
 3.94505 27.9963
 3.8854 27.8825
 4.0218 27.9377
 4.1237 27.861
 4.1657 27.7398
 4.1638 27.7302
279 88 28
 -2.81125 19.2169
 -3.845 18.2604
 -4.4447 18.6433
 -4.97505 17.8964
 -4.943 16.6557
 -4.5257 15.3071
 -5.9589 14.3059
 -6.93735 13.5937
 -8.03855 12.0691
 -9.21235 10.9653
 -9.3716 11.1011
 -9.6801 11.4254
 -9.7538 11.6725
 -10.1175 11.9874
 -10.7876 12.2776
 -11.1845 12.2066
 -11.4792 12.0277
 -12.2615 11.3269
 -12.9605 10.6215
 -12.4925 10.3765
 -11.427 8.4573
 -10.8563 6.7406
 -10.4839 5.9255
 -9.6374 5.8596
 -8.80135 6.681
 -8.35995 6.73045
 -8.2696 6.66725
 -8.2623 6.6386
280 5 37
 -15.8638 35.2875
 -16.6376 35.5456
 -16.6545 35.9484
 -16.6199 36.5532
 -17.0798 36.8366
 -17.532 37.0812
 -17.611 37.3208
 -17.7605 37.3697
 -18.0827 37.2068
 -18.3351 37.0441
 -18.5394 36.7127
 -18.8204 36.4043
 -19.0057 36.4134
 -19.1363 36.4325
 -19.5985 36.5732
 -19.8652 37.0475
 -19.8685 37.3103
 -20.2376 37.3542
 -20.6044 37.5132
 -21.1045 37.5131
 -21.7161 37.4983
 -21.9156 37.5732
 -22.0577 37.6003
 -22.341 37.5889
 -22.5133 37.576
 -22.5788 37.6254
 -22.656 37.6684
 -22.6843 37.7071
 -22.739 37.6777
 -22.8482 37.7564
 -22.9683 37.8419
 -23.0332 37.94
 -23.0327 38.0338
 -23.0301 38.1007
 -23.1015 38.1757
 -23.165 38.2041
 -23.1801 38.2017
280 155 6
 -15.8638 35.2875
 -14.5633 34.4905
 -13.673 33.5826
 -13.3041 33.0957
 -13.1336 33.0053
 -13.1021 33.0123
281 24 7
 -19.1155 32.6749
 -19.0895 33.0981
 -18.9474 33.4118
 -18.7644 33.5903
 -18.4688 33.4931
 -18.1904 33.427
 -18.1655 33.4187
281 160 5
 -19.1155 32.6749
 -19.1785 32.2362
 -19.1794 32.1142
 -19.1473 32.0919
 -19.152 32.0804
282 17 12
 -10.8607 31.8419
 -9.64215 31.968
 -8.7178 32.9841
 -8.4559 33.5249
 -9.036 34.091
 -9.77855 34.7593
 -10.5554 35.4263
 -11.3953 35.7978
 -10.6751 36.3585
 -10.399 37.1948
 -10.6654 37.6853
 -10.7318 37.7717
282 155 6
 -10.8607 31.8419
 -12.0065 32.4857
 -12.7401 32.7836
 -12.9714 32.8792
 -13.0712 32.9594
 -13.1021 33.0123
283 6 14
 -2.73725 30.6648
 -1.92295 31.0872
 -1.37595 31.5876
 -0.6089 31.595
 0.1152 31.8845
 0.19205 31.9197
 0.128 31.6574
 0.36355 31.0022
 0.77325 30.4466
 1.0114 30.5223
 1.28625 30.851
 1.51655 31.1937
 1.59365 31.2913
 1.6291 31.321
283 17 21
 -2.73725 30.6648
 -3.60715 30.9489
 -4.13555 31.3169
 -4.37205 31.7927
 -4.82265 32.2573
 -5.57885 32.5482
 -6.02 32.7348
 -6.18545 32.8996
 -6.7265 33.2241
 -7.18945 33.4563
 -7.7856 33.4702
 -8.35905 33.4904
 -8.4559 33.5249
 -9.036 34.091
 -9.77855 34.7593
 -10.5554 35.4263
 -11.3953 35.7978
 -10.6751 36.3585
 -10.399 37.1948
 -10.6654 37.6853
 -10.7318 37.7717
284 5 13
 -21.9302 40.2561
 -22.3124 39.6993
 -22.4842 39.2178
 -22.7435 38.8862
 -22.8467 38.6973
 -22.8688 38.6171
 -22.9198 38.5282
 -22.9828 38.4516
 -23.0477 38.3813
 -23.0866 38.2803
 -23.1283 38.2177
 -23.165 38.2041
 -23.1801 38.2017
284 104 3
 -21.9302 40.2561
 -21.5222 40.5022
 -21.4685 40.4834
285 22 7
 -18.9144 40.875
 -17.9467 40.794
 -17.5374 40.9204
 -17.4639 41.0358
 -17.2275 41.1777
 -17.0788 41.2843
 -17.088 41.2892
285 104 11
 -18.9144 40.875
 -19.7421 40.9997
 -20.1328 40.756
 -20.2267 40.2303
 -20.1596 39.8459
 -20.3491 39.883
 -20.7377 39.8127
 -20.9896 39.8055
 -21.2301 40.1439
 -21.4653 40.4799
 -21.4685 40.4834
286 142 13
 -9.19895 41.1115
 -9.3868 41.0924
 -9.83105 42.7094
 -11.3316 42.9675
 -12.6853 42.0927
 -12.8968 42.4442
 -12.7458 42.9319
 -12.7924 43.2934
 -13.1993 43.9126
 -14.0177 44.6412
 -14.6952 45.0471
 -14.9476 45.3459
 -15.0375 45.4978
286 112 4
 -9.19895 41.1115
 -8.1629 40.6588
 -7.3334 39.7681
 -7.3437 39.7572
287 39 8
 9.8208 60.8843
 10.4551 59.978
 10.5512 59.6023
 10.3847 59.2808
 10.6943 59.2382
 10.9806 59.2157
 11.0791 59.339
 11.0754 59.3515
287 120 3
 9.8208 60.8843
 9.20575 61.6825
 9.0878 61.7191
288 92 12
 18.9878 53.775
 18.7665 54.2957
 19.1081 55.0968
 19.2448 55.9847
 19.2491 56.2946
 19.2527 56.6763
 19.2292 57.0408
 19.3778 57.2438
 19.1223 57.1884
 18.7417 57.4133
 18.504 57.6407
 18.4644 57.6351
288 87 7
 18.9878 53.775
 19.2246 52.7042
 18.9789 51.5256
 18.6324 50.5401
 18.4412 49.8789
 18.4433 49.5947
 18.4446 49.5643
289 48 6
 16.3737 50.4316
 15.5562 50.8626
 15.2146 51.3642
 14.8766 52.0087
 14.8626 52.1762
 14.8472 52.2057
289 87 4
 16.3737 50.4316
 17.7845 49.7749
 18.4122 49.5592
 18.4446 49.5643
290 40 10
 16.1821 40.2161
 16.0329 41.3124
 15.9795 41.799
 15.946 42.1693
 16.2719 42.7153
 16.4308 43.2772
 16.1953 43.6974
 16.1108 43.8736
 16.1397 43.9333
 16.1626 43.9693
290 45 3
 16.1821 40.2161
 16.3495 39.3728
 16.3656 39.2573
291 115 3
 18.1095 39.4866
 18.8507 40.2003
 19.0087 40.035
291 45 5
 18.1095 39.4866
 17.0425 38.9143
 16.4814 39.2472
 16.3849 39.2653
 16.3656 39.2573
292 34 16
 4.79475 33.4267
 4.4481 33.0968
 4.21455 32.831
 4.0515 32.5124
 3.919 31.9753
 3.9783 31.6082
 4.18785 31.6805
 4.08265 31.6195
 4.17205 31.2311
 4.4112 30.9272
 4.52925 30.9782
 4.589 30.9949
 4.61025 31.0082
 4.7117 31.0461
 4.81185 31.0669
 4.8146 31.0692
292 51 8
 4.79475 33.4267
 5.2192 33.7339
 5.4102 33.829
 5.77365 34.4316
 6.4209 35.112
 6.8366 35.3503
 6.95795 35.4616
 6.9769 35.4805
293 34 15
 3.81155 29.7557
 3.9683 30.1973
 4.1923 30.4418
 4.2002 30.4979
 4.2658 30.4708
 4.3275 30.4677
 4.358 30.569
 4.49535 30.7123
 4.5815 30.806
 4.5627 30.9201
 4.589 30.9949
 4.61025 31.0082
 4.7117 31.0461
 4.81185 31.0669
 4.8146 31.0692
293 72 14
 3.81155 29.7557
 3.799 29.1954
 3.70405 28.771
 3.7128 28.5616
 3.75985 28.3709
 3.7884 28.2341
 3.8173 28.1826
 3.87405 28.1322
 3.94505 27.9963
 3.8854 27.8825
 4.0218 27.9377
 4.1237 27.861
 4.1657 27.7398
 4.1638 27.7302
294 162 9
 5.86605 17.0809
 5.9338 17.9584
 5.96455 18.4524
 5.8566 18.551
 5.6443 18.8008
 5.47885 19.0707
 5.3537 19.1679
 5.2653 19.1698
 5.233 19.1505
294 78 7
 5.86605 17.0809
 5.218 16.4607
 4.58425 16.07
 4.37205 15.2469
 3.99665 14.3316
 3.8051 14.0035
 3.8074 13.964
295 70 16
 8.18015 16.111
 9.09285 16.2287
 9.9407 16.1628
 10.1454 15.9071
 10.2594 15.8386
 10.5422 15.9964
 10.7848 16.2346
 10.867 16.4573
 11.2857 15.9279
 12.0479 15.3026
 12.6612 15.4891
 13.2409 15.8797
 13.3985 16.4503
 13.1067 17.5023
 13.0124 18.139
 13.0105 18.1441
295 78 11
 8.18015 16.111
 7.5816 15.9356
 7.01355 15.7324
 6.511 15.7073
 6.01495 16.2304
 5.218 16.4607
 4.58425 16.07
 4.37205 15.2469
 3.99665 14.3316
 3.8051 14.0035
 3.8074 13.964
296 70 14
 13.6187 22.2572
 13.6826 21.0391
 13.6849 20.6802
 13.3586 20.2156
 13.1205 19.9129
 13.0534 19.8665
 13.0138 19.7726
 13.2744 19.5863
 13.4904 19.1556
 13.3443 18.8099
 13.2788 18.5868
 13.141 18.4832
 13.0323 18.1741
 13.0105 18.1441
296 118 7
 13.6187 22.2572
 14.2449 23.7868
 14.8984 24.3421
 14.6562 24.6565
 14.0585 24.8971
 13.7598 24.8624
 13.7496 24.8487
297 51 23
 12.0319 25.6113
 10.7444 25.4683
 10.5566 25.6144
 10.1403 25.8238
 9.3644 26.4272
 9.05935 26.9641
 8.9721 27.9056
 8.5832 29.1523
 9.1612 30.4389
 9.9749 31.3093
 10.1698 31.6536
 10.1677 32.4343
 10.4539 33.3524
 10.6244 34.0964
 10.398 34.4138
 9.86485 34.5979
 9.33405 34.8607
 8.5944 35.2813
 7.52845 35.5127
 7.00795 35.3223
 6.92115 35.3586
 6.96955 35.4411
 6.9769 35.4805
297 118 5
 12.0319 25.6113
 13.316 25.7526
 13.5725 25.2561
 13.7118 24.8531
 13.7496 24.8487
298 20 18
 29.9699 23.9352
 30.9401 23.8877
 31.6702 23.966
 31.9972 24.2177
 32.2115 24.3459
 32.4244 24.4337
 32.5213 24.3141
 32.5898 24.2118
 32.6398 24.1488
 32.8234 24.0438
 33.0443 23.9769
 33.1471 23.8228
 33.1915 23.6
 33.3072 22.9564
 33.8462 22.3127
 34.3974 22.1544
 34.5538 22.0495
 34.5886 22.0335
298 59 18
 29.9699 23.9352
 28.7369 23.7947
 28.0039 23.7769
 27.6996 23.7237
 27.2948 23.7939
 26.4473 24.1525
 25.6208 24.3701
 25.423 23.7691
 24.7178 22.8956
 23.7687 22.3533
 22.7206 22.4105
 21.4932 22.6751
 20.9118 22.6558
 20.3947 22.11
 19.9751 21.0496
 20.1407 20.5438
 20.2738 20.5142
 20.2842 20.4972
299 80 3
 27.2608 15.8992
 27.2018 15.1036
 27.0823 14.9308
299 62 3
 27.2608 15.8992
 27.1891 16.5915
 27.178 16.6611
300 137 7
 38.1867 25.5136
 38.5474 26.2741
 38.6307 26.2985
 38.8139 26.4141
 39.202 26.0858
 39.7017 25.8715
 39.7113 25.8927
300 20 11
 38.1867 25.5136
 37.4907 24.7594
 37.1136 24.5354
 37.2067 23.3288
 37.6045 22.3835
 37.0118 21.9378
 36.582 21.5676
 35.7222 21.8518
 34.7801 22.0586
 34.5921 22.0287
 34.5886 22.0335
301 91 10
 40.9027 25.7294
 41.5551 25.7291
 41.6621 26.1292
 41.5809 26.5973
 41.7931 26.564
 42.1418 26.481
 42.4351 26.2074
 42.3918 25.9878
 42.3523 25.897
 42.3598 25.8708
301 137 4
 40.9027 25.7294
 40.132 25.7281
 39.8448 25.8092
 39.7113 25.8927
302 66 25
 36.5864 34.2867
 35.4494 35.1068
 34.7113 35.4817
 34.1375 36.146
 33.6729 37.0519
 33.6486 37.2481
 33.4412 37.1313
 32.9474 37.1514
 32.7292 38.054
 32.9197 39.0729
 32.9534 39.4849
 32.9202 40.1498
 32.2754 40.7909
 31.3349 40.9726
 30.8866 41.0149
 30.5889 41.1328
 30.2999 41.2321
 30.1764 41.3091
 30.1811 41.4306
 30.2431 41.5774
 30.3237 41.6657
 30.335 41.779
 30.2073 41.9135
 30.1068 41.965
 30.0926 41.9484
302 148 27
 36.5864 34.2867
 37.046 33.7992
 36.6607 33.6189
 36.1017 33.4262
 36.3441 33.0091
 36.2435 32.5768
 35.9862 32.1394
 35.8625 31.6437
 35.954 31.3868
 36.0707 31.171
 35.9029 31.1436
 35.6605 31.1064
 34.897 31.3881
 33.9626 31.7729
 33.4216 31.5712
 33.0201 31.2239
 32.8795 31.077
 32.8504 30.9417
 32.5723 30.2021
 32.0168 29.6059
 31.3906 29.6611
 30.8657 29.6376
 30.2729 29.4691
 29.7208 29.1018
 29.4683 28.932
 29.3368 28.9428
 29.3059 28.9724
303 20 17
 32.1485 26.4811
 32.4162 25.3937
 32.736 24.47
 32.7178 24.4166
 32.4916 24.4635
 32.5213 24.3141
 32.5898 24.2118
 32.6398 24.1488
 32.8234 24.0438
 33.0443 23.9769
 33.1471 23.8228
 33.1915 23.6
 33.3072 22.9564
 33.8462 22.3127
 34.3974 22.1544
 34.5538 22.0495
 34.5886 22.0335
303 148 14
 32.1485 26.4811
 32.0564 27.1529
 32.2706 27.8706
 32.4159 28.8126
 32.3527 29.4264
 32.5723 30.2021
 32.0168 29.6059
 31.3906 29.6611
 30.8657 29.6376
 30.2729 29.4691
 29.7208 29.1018
 29.4683 28.932
 29.3368 28.9428
 29.3059 28.9724
304 148 7
 26.355 31.1132
 27.4017 30.7515
 27.8367 30.4171
 28.0466 30.0746
 28.7337 29.3662
 29.2713 28.9829
 29.3059 28.9724
304 1 10
 26.355 31.1132
 25.5027 31.3892
 24.2827 31.1846
 22.896 31.2709
 22.0765 32.1012
 21.417 32.4799
 21.1043 32.637
 20.8737 32.7276
 20.7351 32.7518
 20.7359 32.7615
305 163 23
 21.5919 49.276
 22.2754 48.9425
 22.1875 48.3783
 22.3983 48.1172
 23.1149 47.9596
 23.3763 47.3848
 23.6632 46.7287
 23.3199 46.1497
 24.135 46.2018
 24.6087 46.0907
 24.9229 46.221
 25.2004 46.3813
 25.6012 46.2232
 26.0737 46.1263
 26.2812 46.3848
 26.452 46.7156
 26.5825 46.8068
 26.792 46.7337
 26.9278 46.7299
 27.0427 46.7073
 27.2369 46.6412
 27.3535 46.6254
 27.3839 46.6361
305 87 6
 21.5919 49.276
 19.943 49.3873
 18.524 49.3426
 18.4585 49.4242
 18.4487 49.4995
 18.4446 49.5643
306 36 24
 28.0377 47.8736
 28.3235 48.7098
 28.6103 49.0187
 28.4608 49.2271
 28.7626 49.5251
 29.0041 49.9284
 29.0915 50.1709
 29.213 50.544
 29.2829 50.6822
 29.535 50.177
 29.8466 49.6291
 29.8881 49.4521
 29.8031 49.2108
 29.9805 49.211
 30.2975 49.0579
 30.5454 49.1467
 30.6737 49.2177
 30.7714 49.106
 30.8829 48.9671
 30.9942 48.8885
 31.0261 48.8641
 31.0521 48.778
 31.1122 48.703
 31.1386 48.7019
306 163 10
 28.0377 47.8736
 27.988 47.063
 27.7961 46.8275
 27.7024 46.7356
 27.6337 46.6905
 27.5784 46.6817
 27.5394 46.6971
 27.4757 46.6648
 27.4067 46.6426
 27.3839 46.6361
307 27 19
 41.1936 41.9597
 41.3493 40.5764
 41.5464 40.0178
 41.4841 39.9427
 41.5694 39.9627
 42.3503 39.7991
 43.1227 39.407
 43.244 38.9802
 44.0416 38.8956
 44.7665 39.0286
 44.7966 39.0219
 45.2038 39.5124
 45.8092 40.3612
 46.0816 40.5196
 46.3081 40.3697
 46.5127 40.4128
 46.5309 40.3617
 46.5393 40.2727
 46.5731 40.2279
307 146 11
 41.1936 41.9597
 41.3335 42.8705
 41.1897 43.2792
 41.0525 43.7122
 40.5702 43.8549
 40.0414 43.9081
 39.8832 43.6765
 39.7296 43.492
 39.4469 43.6555
 39.206 43.8741
 39.1991 43.9283
308 147 9
 49.3258 24.3346
 50.1679 24.3136
 50.3614 24.3261
 50.275 23.8741
 49.9816 23.3361
 50.0645 23.2657
 50.8716 22.9976
 51.6311 22.7444
 51.8184 22.7912
308 29 4
 49.3258 24.3346
 48.5868 24.4146
 48.5227 24.4758
 48.494 24.5067
309 10 16
 50.9722 28.0209
 51.5745 29.0198
 51.4291 29.7348
 51.1817 30.2062
 51.8064 30.442
 52.6139 30.6616
 52.9229 30.8495
 53.2308 31.0475
 53.62 31.4268
 53.8015 31.6215
 54.0672 31.7165
 54.3886 31.8304
 54.5043 31.9139
 54.542 31.9654
 54.6023 32.0196
 54.6348 32.0498
309 121 3
 50.9722 28.0209
 50.4404 27.4549
 50.3328 27.4166
310 161 7
 47.2403 25.8853
 46.315 25.8852
 45.8111 25.9422
 45.7208 25.8643
 45.6623 25.7972
 45.6103 25.777
 45.5763 25.7719
310 29 5
 47.2403 25.8853
 48.0578 25.4229
 48.4778 24.6611
 48.5227 24.4758
 48.494 24.5067
311 158 9
 45.9668 27.6047
 45.9136 28.0716
 45.6321 28.5947
 45.3876 29.0648
 45.3735 29.4097
 45.1056 29.7569
 44.7307 29.8158
 44.5033 29.8319
 44.4127 29.8296
311 161 8
 45.9668 27.6047
 46.0732 26.7224
 45.975 26.1593
 45.7817 26.0094
 45.7208 25.8643
 45.6623 25.7972
 45.6103 25.777
 45.5763 25.7719
312 151 14
 45.7831 30.7059
 45.8036 31.8583
 45.43 32.5086
 45.0682 32.9634
 44.7966 33.4257
 44.7954 33.4658
 45.029 33.9215
 45.4778 34.6455
 45.8225 35.1417
 46.4806 35.1728
 47.1359 35.2277
 47.282 35.5087
 47.3236 35.5784
 47.3403 35.5944
312 158 6
 45.7831 30.7059
 45.4473 30.0877
 45.1381 29.8886
 44.7307 29.8158
 44.5033 29.8319
 44.4127 29.8296
313 71 7
 45.5939 43.7253
 44.2556 43.1227
 43.8815 43.2418
 43.4863 43.492
 43.2706 44.2213
 43.1328 44.8217
 43.1338 44.8258
313 81 4
 45.5939 43.7253
 46.6912 44.9919
 46.4567 45.6736
 46.4079 45.6933
314 85 5
 72.6196 17.6586
 73.0887 17.4704
 73.1227 17.2796
 73.1353 17.1129
 73.1379 17.0117
314 131 5
 72.6196 17.6586
 71.989 17.625
 71.6457 17.5543
 71.4706 17.5643
 71.4534 17.5484
315 79 20
 53.2221 11.0416
 53.7298 11.6409
 53.7253 12.1439
 53.9272 12.4273
 54.1338 12.6452
 54.2022 12.8212
 54.3839 13.002
 54.4966 13.1465
 54.2303 13.1672
 53.9669 13.1936
 53.6917 13.6721
 53.453 14.1638
 53.5361 14.3078
 53.6656 14.4131
 53.7965 14.4408
 53.9187 14.5594
 54.0324 14.7243
 54.1509 14.7627
 54.191 14.7085
 54.21 14.6736
315 154 4
 53.2221 11.0416
 52.6134 10.7459
 52.589 10.6462
 52.6051 10.5766
316 154 9
 50.7562 8.4736
 52.6185 9.2053
 53.091 9.6911
 52.9425 9.92705
 52.8955 9.991
 52.7835 10.1735
 52.6477 10.4184
 52.6063 10.5421
 52.6051 10.5766
316 14 3
 50.7562 8.4736
 49.4856 8.02315
 49.4869 8.0172
317 3 31
 64.4758 6.302
 64.2141 6.524
 64.2572 6.7611
 64.1062 6.7873
 63.9982 7.0606
 63.8857 7.19465
 63.7567 7.22995
 63.6869 7.2409
 63.6111 7.2553
 63.5409 7.2253
 63.518 7.24515
 63.4416 7.33625
 63.3311 7.4044
 63.2367 7.41315
 63.0717 7.43555
 62.8826 7.5212
 62.7764 7.52905
 62.5994 7.47385
 62.4435 7.45575
 62.3755 7.4521
 62.2311 7.43595
 62.0119 7.4551
 61.851 7.42895
 61.7768 7.377
 61.6965 7.38185
 61.6866 7.40705
 61.6825 7.52895
 61.5973 7.6397
 61.5095 7.7003
 61.4964 7.79165
 61.5083 7.8353
317 136 4
 64.4758 6.302
 64.6017 6.062
 64.4617 5.9466
 64.4291 5.9368
318 108 16
 52.0298 -7.10565
 51.5716 -7.00775
 51.3553 -6.841
 51.0977 -6.7036
 50.81 -6.61255
 50.7383 -6.43405
 50.8725 -6.28775
 50.9236 -6.32075
 51.2262 -6.16715
 51.4471 -5.84145
 51.4041 -5.69145
 51.6494 -5.706
 51.8727 -5.7322
 51.924 -5.6802
 51.9916 -5.6602
 52.0064 -5.6783
318 55 3
 52.0298 -7.10565
 52.4344 -7.07085
 52.457 -7.0395
319 50 21
 51.7943 1.53245
 51.7167 0.9572
 51.741 0.18765
 51.7561 -0.5682
 51.9594 -1.11885
 52.3046 -1.67785
 52.3685 -1.9792
 52.17 -2.2883
 52.0324 -2.4785
 52.0905 -2.6435
 52.1259 -2.76955
 52.1151 -2.82835
 52.0956 -2.9464
 52.1296 -3.07545
 52.2075 -3.20685
 52.3106 -3.40475
 52.4121 -3.5012
 52.4937 -3.5936
 52.7357 -3.644
 52.9942 -3.556
 53.0621 -3.5144
319 75 8
 51.7943 1.53245
 52.5137 2.1864
 53.298 2.3685
 53.5568 2.33265
 53.6956 2.3764
 53.7963 2.5916
 53.9238 2.74325
 53.9458 2.7493
320 97 7
 21.5518 7.4256
 21.0015 6.5821
 20.4096 7.06895
 19.4381 7.8641
 18.3443 8.4592
 17.7311 8.84235
 17.7035 9.0117
320 150 4
 21.5518 7.4256
 23.0746 8.19985
 24.2012 8.00475
 24.2267 7.9519
321 108 61
 45.6457 -22.7311
 46.8361 -22.6165
 47.9009 -22.299
 48.8638 -21.1898
 49.3298 -20.2607
 49.5183 -19.8111
 49.8604 -19.4493
 50.0101 -19.5683
 49.9903 -19.4426
 49.9717 -19.3022
 49.7331 -19.0784
 48.9363 -18.6735
 48.0124 -18.1596
 47.6175 -17.6823
 47.4541 -17.5688
 47.5034 -17.4815
 47.4375 -17.074
 47.8851 -16.4235
 48.3228 -16.1078
 48.5734 -15.591
 48.895 -14.7505
 48.832 -14.2049
 48.932 -13.7541
 49.3229 -12.9493
 49.2724 -11.9976
 49.046 -11.8349
 48.7059 -11.8855
 47.9978 -11.6151
 47.5593 -11.5363
 47.7407 -11.0417
 47.935 -10.2824
 48.1729 -9.5427
 48.4778 -9.11255
 48.5099 -9.1765
 48.8625 -9.3897
 49.349 -9.55175
 49.5016 -9.54765
 49.7824 -9.516
 50.0348 -9.5021
 50.1907 -9.44235
 50.3891 -9.35115
 50.5669 -9.40785
 50.4966 -9.12675
 50.96 -8.60165
 51.45 -8.11645
 51.5292 -7.6353
 51.5085 -7.1101
 51.3553 -6.841
 51.0977 -6.7036
 50.81 -6.61255
 50.7383 -6.43405
 50.8725 -6.28775
 50.9236 -6.32075
 51.2262 -6.16715
 51.4471 -5.84145
 51.4041 -5.69145
 51.6494 -5.706
 51.8727 -5.7322
 51.924 -5.6802
 51.9916 -5.6602
 52.0064 -5.6783
321 114 22
 45.6457 -22.7311
 43.9764 -23.236
 42.9207 -23.8934
 42.5488 -24.3802
 42.0435 -25.3614
 41.8722 -26.0638
 41.9686 -26.1418
 42.1912 -26.1658
 42.7651 -26.6717
 43.227 -27.1843
 43.2184 -27.3257
 43.427 -27.6272
 44.0102 -27.6304
 44.4581 -27.3587
 44.6357 -27.677
 45.024 -28.0238
 45.5052 -27.9542
 45.9601 -27.4786
 46.2585 -26.8722
 46.8635 -26.5513
 47.4379 -26.3451
 47.4502 -26.3209
322 83 25
 21.5035 -35.6977
 21.0854 -36.2928
 20.8651 -36.4257
 20.8109 -36.5575
 20.9927 -36.6916
 21.1787 -36.8725
 21.3438 -37.2435
 21.4982 -37.5653
 21.5021 -37.7211
 21.5694 -37.886
 21.8041 -37.9612
 22.0295 -37.972
 22.0425 -38.143
 22.1803 -38.0151
 22.4382 -37.9542
 22.6323 -37.8834
 22.7048 -37.9054
 22.7473 -37.9816
 22.7556 -38.0296
 22.7585 -38.093
 22.8101 -38.1557
 22.889 -38.1561
 22.9571 -38.0764
 23.0091 -38.0175
 23.0227 -38.0263
322 28 15
 21.5035 -35.6977
 22.3031 -34.8747
 23.0606 -34.604
 23.3741 -34.1448
 23.6676 -33.447
 23.6884 -33.2189
 23.5089 -33.1334
 23.4886 -33.0194
 23.5608 -32.9136
 23.7759 -32.8635
 24.1313 -32.7197
 24.8335 -32.3157
 25.3805 -31.8743
 25.4333 -31.716
 25.4172 -31.7084
323 83 17
 21.0612 -38.3403
 21.4772 -38.1391
 21.8041 -37.9612
 22.0295 -37.972
 22.0425 -38.143
 22.1803 -38.0151
 22.4382 -37.9542
 22.6323 -37.8834
 22.7048 -37.9054
 22.7473 -37.9816
 22.7556 -38.0296
 22.7585 -38.093
 22.8101 -38.1557
 22.889 -38.1561
 22.9571 -38.0764
 23.0091 -38.0175
 23.0227 -38.0263
323 2 12
 21.0612 -38.3403
 20.5681 -38.4291
 20.3009 -38.458
 20.2507 -38.5723
 20.2444 -38.7625
 20.1384 -38.8914
 20.0358 -38.9623
 20.0694 -39.013
 20.1059 -39.0622
 20.1815 -39.1263
 20.2585 -39.1738
 20.2706 -39.1786
324 15 27
 25.0385 -44.5811
 24.7714 -44.5909
 24.3026 -44.7877
 23.5063 -44.7245
 23.0779 -44.594
 23.0682 -44.1628
 22.9369 -43.8259
 22.9035 -43.506
 22.607 -43.2843
 21.9291 -43.3444
 21.4564 -43.4986
 21.3658 -43.6878
 21.4101 -43.8284
 21.3909 -43.9934
 21.3248 -44.0392
 21.1731 -44.0793
 20.8652 -44.1415
 20.5752 -44.2037
 20.3871 -44.2615
 20.3507 -44.2915
 20.3415 -44.4129
 20.2808 -44.551
 20.2096 -44.6564
 20.1603 -44.7698
 20.1664 -44.8479
 20.2034 -44.8976
 20.2258 -44.9139
324 0 5
 25.0385 -44.5811
 25.4626 -44.6223
 25.7403 -44.6763
 25.8568 -44.671
 25.8654 -44.6597
325 82 7
 24.9004 -42.7145
 25.4531 -41.9669
 25.7433 -41.8095
 25.9009 -41.7865
 26.0705 -41.8456
 26.2366 -41.8792
 26.2963 -41.8743
325 15 29
 24.9004 -42.7145
 24.5339 -43.6008
 24.6543 -44.2206
 24.7714 -44.5909
 24.3026 -44.7877
 23.5063 -44.7245
 23.0779 -44.594
 23.0682 -44.1628
 22.9369 -43.8259
 22.9035 -43.506
 22.607 -43.2843
 21.9291 -43.3444
 21.4564 -43.4986
 21.3658 -43.6878
 21.4101 -43.8284
 21.3909 -43.9934
 21.3248 -44.0392
 21.1731 -44.0793
 20.8652 -44.1415
 20.5752 -44.2037
 20.3871 -44.2615
 20.3507 -44.2915
 20.3415 -44.4129
 20.2808 -44.551
 20.2096 -44.6564
 20.1603 -44.7698
 20.1664 -44.8479
 20.2034 -44.8976
 20.2258 -44.9139
326 35 18
 31.4298 -30.3716
 30.9844 -29.4688
 30.7838 -28.8179
 29.9524 -28.1554
 29.3148 -28.2623
 28.9836 -28.6977
 28.5 -28.7967
 28.2524 -28.7133
 27.8202 -28.647
 27.1619 -28.6342
 26.7311 -28.93
 26.5321 -29.2018
 26.4516 -29.3654
 26.104 -29.5784
 25.7083 -29.5083
 25.4445 -29.2338
 25.2679 -29.08
 25.2564 -29.0647
326 31 10
 31.4298 -30.3716
 32.8831 -31.3125
 34.0103 -31.428
 34.7991 -30.9129
 35.5666 -30.3218
 35.8063 -30.3027
 36.2219 -30.431
 36.9632 -30.2761
 37.3691 -30.0568
 37.3597 -29.9937
327 35 14
 28.7425 -29.0678
 28.9836 -28.6977
 28.5 -28.7967
 28.2524 -28.7133
 27.8202 -28.647
 27.1619 -28.6342
 26.7311 -28.93
 26.5321 -29.2018
 26.4516 -29.3654
 26.104 -29.5784
 25.7083 -29.5083
 25.4445 -29.2338
 25.2679 -29.08
 25.2564 -29.0647
327 18 6
 28.7425 -29.0678
 28.8307 -29.9231
 29.0104 -30.7528
 28.9422 -30.9637
 28.7425 -30.9774
 28.7334 -30.9549
328 61 11
 30.0868 -27.5063
 30.9665 -27.1844
 31.5189 -26.9716
 31.8258 -26.777
 31.9482 -26.6223
 32.2264 -26.5441
 32.4864 -26.4843
 32.663 -26.4179
 32.7183 -26.3541
 32.7001 -26.2812
 32.6808 -26.274
328 35 16
 30.0868 -27.5063
 29.4042 -27.8695
 29.3148 -28.2623
 28.9836 -28.6977
 28.5 -28.7967
 28.2524 -28.7133
 27.8202 -28.647
 27.1619 -28.6342
 26.7311 -28.93
 26.5321 -29.2018
 26.4516 -29.3654
 26.104 -29.5784
 25.7083 -29.5083
 25.4445 -29.2338
 25.2679 -29.08
 25.2564 -29.0647
329 114 33
 40.8544 -31.5774
 41.4117 -31.521
 41.318 -31.0839
 41.468 -30.5343
 41.0042 -30.6014
 40.8503 -30.4107
 40.6847 -29.6215
 40.1932 -29.0767
 39.934 -29.1985
 39.824 -28.924
 39.7972 -28.3587
 40.147 -27.7568
 40.5076 -27.4827
 40.7682 -27.4331
 41.2207 -27.3072
 41.8798 -27.0891
 42.0989 -26.6429
 42.0133 -26.2275
 42.1912 -26.1658
 42.7651 -26.6717
 43.227 -27.1843
 43.2184 -27.3257
 43.427 -27.6272
 44.0102 -27.6304
 44.4581 -27.3587
 44.6357 -27.677
 45.024 -28.0238
 45.5052 -27.9542
 45.9601 -27.4786
 46.2585 -26.8722
 46.8635 -26.5513
 47.4379 -26.3451
 47.4502 -26.3209
329 30 4
 40.8544 -31.5774
 39.6735 -31.7667
 39.0499 -32.0026
 39.0409 -32.0146
330 114 11
 47.8701 -30.0102
 46.6272 -29.9203
 45.7938 -29.0815
 45.2747 -28.0838
 45.024 -28.0238
 45.5052 -27.9542
 45.9601 -27.4786
 46.2585 -26.8722
 46.8635 -26.5513
 47.4379 -26.3451
 47.4502 -26.3209
330 68 4
 47.8701 -30.0102
 48.9993 -30.108
 49.2636 -29.8932
 49.3584 -29.7075
331 103 31
 47.5998 -39.2362
 46.3565 -36.6794
 45.2359 -36.4574
 45.0098 -36.3598
 44.2654 -35.9346
 43.2496 -36.1271
 42.9313 -36.5863
 42.7771 -36.6759
 42.5231 -36.8366
 42.8359 -37.3607
 42.9514 -38.6224
 42.2874 -39.0513
 41.9254 -38.6763
 41.5202 -38.7712
 40.7195 -38.6899
 40.3885 -38.3298
 40.4511 -38.1276
 39.842 -38.258
 38.7042 -39.5609
 38.1415 -40.8317
 38.3978 -41.1651
 38.6163 -41.9461
 38.0812 -42.1308
 37.1954 -42.0711
 36.5057 -42.5335
 36.0424 -42.338
 35.5272 -41.9138
 34.9812 -41.1978
 34.9776 -39.7879
 35.2831 -39.0354
 35.3839 -39.0434
331 140 5
 47.5998 -39.2362
 48.4496 -42.7749
 49.436 -44.3515
 50.0252 -44.6754
 50.1548 -44.7015
337 98 17
 84.6063 7.1987
 84.5019 7.2583
 83.9888 8.37595
 83.3605 9.80855
 82.3833 11.234
 80.8576 13.0187
 79.8337 14.829
 78.3327 16.1281
 77.1025 16.4149
 78.0586 16.9338
 78.9413 17.484
 78.5485 18.1204
 78.1107 18.9808
 78.0132 19.3047
 78.1131 19.71
 78.2108 20.1695
 78.2146 20.2282
338 156 14
 35.6069 -64.8152
 35.81 -63.0888
 35.0224 -60.8645
 34.4951 -60.0721
 34.9076 -58.8686
 33.9804 -57.7994
 34.9838 -57.784
 35.2033 -57.1887
 35.4362 -55.5874
 35.7146 -53.8761
 35.9591 -53.2828
 36.0754 -53.1877
 36.1137 -53.132
 36.1425 -53.1079
339 47 10
 -43.5187 -17.1224
 -42.4204 -16.9971
 -41.5395 -16.6595
 -41.0055 -17.4167
 -39.203 -18.0103
 -36.7584 -17.7415
 -35.3595 -17.7738
 -34.8008 -18.2103
 -34.6062 -18.3399
 -34.5304 -18.3829
