   4.9721165695955412     
   4.7917390152231230     
   4.3863016187757236     
   2.1461196912063984     
   3.5747634239181019     
   2.2828670278946372     
   1.8796923559029728     
   1.1778178474374548     
   5.4731615280234145     
   1.8332394719426983     
   13.011222840569925     
   9.7789976183239453     
   10.048356513539643     
   5.0202428841130340     
   2.4331061235520881     
   1.6353374308293618     
   7.4422642731065887     
   1.4937489192283169     
   6.7731275781908282     
  0.99806189208522000     
   9.2261932483306879     
   4.2343223678665707     
   3.6445150256789249     
   1.5770915566864412     
   7.1120095216899379     
   1.4651633477149082     
   9.0519296862143310     
   13.811496521358874     
   3.5772837670939794     
   3.3498254964165111     
   4.4205369215257750     
   4.5315972938387130     
   1.8626308778221528     
   1.2399181691896319     
   10.915745514412050     
   3.1926559127247911     
   1.5608672705285227     
   2.3224543329215797     
   1.6767985244114374     
   4.9090487481730225     
   4.4648744627125012     
   3.2947047199211745     
   1.1450466426971357     
  0.86154186907670638     
   1.7999892410479370     
   4.7177024785000077     
   2.0832731516491001     
   1.2639226458342208     
   2.0438289875471463     
  0.98609024669589185     
   1.0945540396438540     
  0.98364446086819379     
   4.4125440963429305     
   5.3994458010178397     
  0.70002838088893404     
   1.6808194112365942     
   14.206866595906165     
   5.8247457954694575     
  0.89676127871898581     
   1.1845223314086344     
   3.2669850689827511     
   2.1557678328300609     
   3.9099480051961035     
   1.3292403038264022     
   12.743985963062187     
   1.4375008926566901     
   6.9575266979911641     
   1.8758943065159557     
   2.6170180496339746     
   1.7164062911249574     
   2.8543654220362993     
   1.2760842446075147     
   2.8610825070885468     
   1.3963773962620045     
   2.4491634195089160     
   1.5764628959146587     
   7.2168777569101081     
   1.9738190235924420     
   2.8082063789829999     
   1.6715380054980919     
   7.8166920460764286     
   1.6993275814401387     
  0.98527256673291286     
  0.93069964918022841     
   1.4078139032836023     
   2.0328871166941465     
   2.9955488785464683     
   2.9799272809561694     
   1.8478472978956586     
   1.2214250716117478     
   3.5772047747755149     
   1.7118008175418193     
   1.6514917292392346     
   2.2019537699026861     
   4.6525678441031779     
   2.2345515781808825     
   2.1752170442255037     
   1.4318422369879389     
   2.8094095702281154     
   1.8374408950531924     
   2.3557158936094238     
   1.9790206301282716     
   1.5487597285463333     
  0.70514998877602342     
   2.0508797477043785     
   1.2687286706745853     
   1.9511050283323645     
   1.9712699616332998     
   2.0451843276088906     
   1.2980616636059314     
   1.6846037120465351     
  0.65076926276152081     
  0.73323250697808373     
   1.2664090039405969     
   1.5045140909946313     
   1.3950597291529698     
   3.3490824236997789     
   4.6988743989684476     
   1.6524709292670776     
   1.5440009707264120     
   5.6996964311023435     
  0.74553608674665317     
   8.2754501982693434     
   2.6868216879264830     
   5.0365618339612475     
   1.9262467400558068     
   2.0900535123521262     
   5.3273969450700296     
   1.9159708081791558     
  0.52037293360121217     
   14.741621033398069     
   1.3286378426371908     
   2.9217991495662670     
   3.2586981559695460     
   1.2668898703978844     
   1.3135678195389080     
   3.0630160085603655     
   2.4093719863977072     
   2.4562754765787811     
   1.6863780542128959     
   2.0744700241134018     
   9.3352577055856507     
   8.7945039636675624     
   2.0842958629697965     
   13.233146760664040     
   3.0704063279650127     
   3.3912275026189551     
   4.9973031374501913     
   1.4080839388320618     
   2.1219622492547274     
   2.9700825781545950     
   1.2311148421329117     
   2.2012928639216787     
   1.3102409024262238     
   2.3206705396244174     
   1.0721057707750123     
   6.5913254140119761     
  0.56679024665863909     
   1.8432531721204712     
   1.2487762963716058     
   1.0683133453414715     
  0.86708894064228581     
   2.1605265447804727     
  0.66714412449412541     
   1.1751969186439706     
   1.1042717107526834     
   6.3446191491165003     
   6.8606989628707638     
   4.1534192279372855     
   1.6173054608336384     
   1.8271058554666415     
  0.98477717902047512     
   3.3145294365059379     
   1.5962733022893913     
   1.4534452989659687     
   1.7565622542912804     
   4.5931065987168234     
   2.1704732315049222     
   6.0811613224765892     
   2.8995202906790492     
   2.1178107017910119     
  0.50039508865241644     
   2.5702776010907211     
  0.95586398586903876     
   1.1480223267772545     
   1.3371742100355370     
   3.1393895806674235     
   1.0501075506202040     
   4.8771832872319605     
   6.7727042433667020     
   7.1956965292267308     
   3.6121530227447418     
   2.0069971161175872     
  0.44722530990889436     
   1.0314736617137044     
   1.3489360038212133     
   1.6923462044930841     
   1.0207755239249434     
   4.2945647018709847     
  0.71523095741015386     
   8.7445727351921434     
   6.3388846990716718     
   2.3105923661212073     
   2.0871306367658553     
   1.1196791638656829     
   1.2152704833028001     
   5.7652105181284723     
   4.1040033097553286     
   4.5181951071862141     
   2.5989517807663227     
   7.1236053253191907     
   1.3889041169438585     
   5.4674962150831101     
   2.3451071000179393     
   5.7053810253294799     
   1.6543711197204705     
   2.6480315331799349     
  0.94124158455474816     
   2.0481539723619164     
   1.8762774263807624     
   3.3584048451890212     
   1.9978020225085487     
   2.4525883275998779     
   5.5930359545442663     
   2.3218924900336058     
   1.2336391324393321     
   5.3608248078339438     
   7.1987428890119851     
   3.1838591819199134     
   1.3540604358997828     
   7.8548240678721184     
   12.629429633931231     
   5.3889937129646919     
   2.2006939704062667     
  0.99202315864994894     
  0.49470967580396724     
   4.8419642438817805     
   1.6870865869520606     
   3.2204848134542914     
   6.9962457736668267     
   1.4413287383077287     
  0.53337160501870240     
   1.3012889335813731     
   2.2310442132923169     
   4.1495008295180122     
   1.1606289469704631     
   1.7815279647032218     
   1.1311734415503814     
   2.6195009666436690     
   2.4559462485852750     
   1.7184660071038416     
   1.6217506635865746     
   2.3429005856631551     
  0.97637113525164498     
   1.2576193065243544     
   1.3298667282467502     
   1.8941254175937989     
   1.7603634135904576     
   1.0320998818227185     
   1.2612683863840828     
   1.4689362447160543     
   2.1665068595885670     
   4.5965267283883415     
   3.2259579640111880     
   2.8113089851932198     
   2.3674784946986001     
   8.5252507630036671     
   1.7563019581422112     
   3.4381721303068420     
   6.7754894542694890     
   1.0078800883590280     
  0.76648257437543144     
   1.6253126443980750     
   4.0798948032513200     
   1.7642655202649671     
   1.0856264843940522     
   6.5055147140225085     
   6.5645476754947616     
   2.9332152473320652     
   4.0721828125189656     
   2.2055447583086742     
   3.3129785188237015     
   4.5512013192043028     
   1.8871477967069428     
   3.6172051224110220     
   1.1182012028463260     
   4.7753775531243594     
   2.5271724505036204     
   2.4049568446123515     
  0.82766209489621356     
   3.6614241452296721     
  0.89085160082220416     
   1.1347241623643058     
   1.1720469739740444     
   1.7569419415289758     
   1.2910854755599523     
   3.6474777094189044     
   1.2986263970369700     
   2.5556836201209356     
   1.7810637505461282     
  0.77385330869605273     
  0.83030311071506668     
   2.8580189258623250     
  0.81959886937258841     
   2.6587693899467602     
   1.3541740242567071     
   2.1081757587319632     
  0.33910040216036602     
   1.7727689173970123     
  0.44474072661046715     
   3.4280913419636883     
   1.5167072442149800     
   3.1572002649074191     
   1.8256880291194384     
   14.279650980578344     
   6.8018454047640535     
   2.6089541438004273     
   3.2639787371101030     
   1.4067643418352407     
  0.97873146564270763     
   3.7403205316751333     
  0.55691737435686017     
   1.3183565988430899     
   4.8205030618254225     
   4.7000376775508590     
   3.7987456668106403     
   2.5249210570976230     
   1.1300297524289047     
   1.8735304423229948     
   3.4034809352037474     
   8.1380820381416044     
   1.2259762957517200     
   4.1702980395724687     
   1.5504238624593649     
   12.635716649444202     
   4.4438692301690477     
   8.7201536578954606     
   6.6989648817076803     
   5.3746074024603780     
