279
131 29 6
 -35.4864 -55.9929
 -35.9007 -55.5822
 -36.4795 -55.3271
 -36.7288 -54.936
 -36.7497 -54.5905
 -36.7623 -54.5229
131 95 4
 -35.4864 -55.9929
 -36.0631 -56.9436
 -36.7887 -57.6036
 -36.8609 -57.5819
132 1 50
 -24.7547 -43.1115
 -24.0136 -42.3899
 -24.156 -41.5611
 -24.0558 -41.2402
 -23.9263 -41.0858
 -23.9441 -40.8516
 -24.0468 -40.3941
 -24.1647 -39.9174
 -24.2591 -39.5708
 -24.4424 -39.4727
 -24.6329 -39.5838
 -24.703 -39.5785
 -24.732 -39.5589
 -24.6513 -39.172
 -24.889 -38.6683
 -25.3972 -38.1687
 -26.2518 -37.6445
 -26.9852 -37.4874
 -26.2544 -37.3715
 -25.5587 -37.0558
 -25.4558 -36.6456
 -25.2579 -36.2891
 -25.3769 -35.9622
 -25.6561 -35.7381
 -25.6635 -35.5687
 -25.75 -35.0931
 -25.9039 -34.7426
 -26.0516 -34.7079
 -26.0746 -34.6018
 -25.7388 -34.4581
 -25.3434 -34.2491
 -24.999 -34.0321
 -24.6703 -33.8837
 -24.4888 -33.8499
 -24.4352 -34.0249
 -24.4524 -33.846
 -24.4399 -33.6844
 -24.5156 -33.4635
 -24.6719 -33.2313
 -24.8054 -32.98
 -24.9741 -32.7325
 -25.0943 -32.5816
 -25.1484 -32.3733
 -25.4314 -32.0981
 -25.7715 -32.0359
 -25.6571 -31.6888
 -25.5976 -31.278
 -25.6433 -31.066
 -25.7097 -30.9166
 -25.7163 -30.9013
132 22 26
 -24.7547 -43.1115
 -26.0107 -43.771
 -26.9304 -44.1532
 -26.0272 -44.5
 -24.7926 -44.9594
 -23.9517 -45.3908
 -23.9515 -45.6971
 -23.7734 -46.5871
 -23.6996 -47.6295
 -23.9334 -48.1953
 -24.2664 -48.8066
 -24.6058 -49.2683
 -25.0508 -49.2086
 -25.3946 -49.2203
 -25.478 -49.579
 -25.8004 -50.0096
 -26.0243 -50.5071
 -25.2551 -50.7437
 -24.6304 -50.9631
 -24.3887 -51.1139
 -24.0223 -51.165
 -23.9202 -51.2263
 -23.8289 -51.2426
 -23.6933 -51.2897
 -23.6047 -51.402
 -23.5915 -51.4724
133 55 16
 -15.6242 -14.3965
 -15.9943 -14.6797
 -16.4557 -14.9095
 -17.6911 -14.3984
 -18.3013 -14.1553
 -18.4115 -14.0655
 -18.3457 -14.452
 -18.4815 -15.0504
 -18.6495 -15.323
 -19.3025 -14.8823
 -19.9562 -14.2826
 -19.9214 -14.0229
 -20.3462 -13.8699
 -20.8177 -13.6269
 -20.8006 -13.4285
 -20.7695 -13.3967
133 40 12
 -15.6242 -14.3965
 -14.5385 -14.9885
 -14.0399 -15.3309
 -13.9305 -15.4164
 -13.1115 -16.6227
 -12.3766 -17.9285
 -12.279 -17.9011
 -12.3572 -18.1222
 -12.4282 -18.4459
 -12.6973 -18.7505
 -12.9695 -18.8146
 -13.0588 -18.8711
134 76 11
 -50.6487 29.7304
 -51.2388 29.4898
 -51.9207 29.1887
 -52.0514 29.0778
 -52.0899 29.0742
 -52.239 29.0605
 -52.5927 29.0133
 -52.9586 28.5604
 -53.118 28.0921
 -53.0722 28.0177
 -53.018 27.9728
134 69 17
 -50.6487 29.7304
 -50.5656 30.4641
 -50.3311 31.0941
 -50.0422 30.6156
 -49.4382 30.1693
 -48.6069 29.977
 -47.8887 29.8204
 -47.3475 30.0443
 -47.1734 30.314
 -47.1989 30.3744
 -47.0643 30.2645
 -46.9344 30.1649
 -46.81 30.1246
 -45.8613 30.1771
 -45.0646 30.6233
 -45.0704 31.0214
 -45.0308 31.0531
135 9 14
 -34.0329 9.6555
 -33.7147 8.98075
 -32.9964 8.813
 -32.5177 8.5487
 -32.4108 8.36505
 -31.9106 8.56685
 -31.5326 8.9347
 -31.2543 8.80275
 -30.7155 8.7211
 -30.3272 8.82
 -30.3167 8.7505
 -30.65 8.44175
 -31.0009 8.135
 -31.0093 8.1128
135 42 8
 -34.0329 9.6555
 -34.3209 10.5589
 -34.7703 11.0976
 -35.2973 11.4308
 -35.5456 11.4405
 -35.6691 11.3787
 -35.7097 11.3162
 -35.7298 11.2872
136 126 23
 7.78135 21.1364
 7.94765 22.0565
 8.11705 22.8032
 7.95815 23.8088
 7.51705 24.4951
 7.3066 24.5616
 7.07435 25.0093
 6.94915 25.5101
 6.71425 24.989
 6.3623 24.7127
 5.8067 25.0147
 5.2763 25.0037
 4.8504 24.9583
 4.2914 24.8233
 4.0552 24.5028
 3.96515 24.3877
 3.85065 24.3569
 3.9682 24.3026
 4.05685 24.1297
 4.0119 23.9897
 3.96055 23.9296
 3.91385 23.8652
 3.9018 23.8394
136 97 19
 7.78135 21.1364
 7.7055 19.8723
 8.4158 19.2867
 8.7324 19.1375
 8.4358 18.2895
 8.4545 17.5625
 8.17595 17.4442
 7.2898 17.4277
 6.48775 17.3997
 6.56765 17.7762
 6.3928 18.4756
 5.7638 18.9059
 5.0272 18.7348
 4.4776 18.4929
 4.41025 18.2596
 4.08625 17.7985
 3.3439 17.9562
 2.9505 18.4502
 3.0364 18.5529
137 0 12
 11.136 22.3546
 11.0942 23.6938
 11.0699 23.8835
 11.4632 24.3199
 11.9284 24.4822
 11.3855 24.8661
 10.8631 25.1638
 10.5722 25.3778
 10.3018 25.6287
 10.101 25.7701
 9.9293 25.755
 9.9223 25.7283
137 38 3
 11.136 22.3546
 11.1206 21.0933
 11.0928 21.0765
138 126 21
 8.56825 24.9985
 7.9858 24.4808
 7.51705 24.4951
 7.3066 24.5616
 7.07435 25.0093
 6.94915 25.5101
 6.71425 24.989
 6.3623 24.7127
 5.8067 25.0147
 5.2763 25.0037
 4.8504 24.9583
 4.2914 24.8233
 4.0552 24.5028
 3.96515 24.3877
 3.85065 24.3569
 3.9682 24.3026
 4.05685 24.1297
 4.0119 23.9897
 3.96055 23.9296
 3.91385 23.8652
 3.9018 23.8394
138 0 8
 8.56825 24.9985
 9.0761 25.5913
 9.31685 25.7461
 9.2187 25.8462
 9.47345 25.7921
 9.7381 25.7824
 9.87675 25.7539
 9.9223 25.7283
139 0 11
 11.299 27.1761
 10.6049 26.7718
 10.4547 26.6547
 10.3895 26.5411
 10.4699 26.4083
 10.467 26.1475
 10.4263 26.0268
 10.347 25.9539
 10.1054 25.8344
 9.9293 25.755
 9.9223 25.7283
139 18 5
 11.299 27.1761
 12.0616 27.2786
 12.2923 26.9423
 12.3117 26.8919
 12.3033 26.8931
140 130 20
 26.656 37.8642
 27.8857 37.0885
 27.3881 36.0572
 26.6229 35.1363
 26.7052 34.7938
 26.6948 34.6189
 26.6639 34.59
 26.4782 34.5075
 26.2638 34.3543
 26.0799 34.1931
 25.9291 34.0389
 25.824 33.9411
 25.5898 33.8071
 25.3176 33.6957
 25.1482 33.564
 25.0914 33.4399
 25.08 33.4296
 25.0162 33.3943
 24.9585 33.3363
 24.9638 33.3077
140 84 16
 26.656 37.8642
 25.3901 38.7204
 24.9587 39.2306
 25.102 39.6917
 25.3969 40.2103
 25.2809 40.4572
 25.8834 40.4278
 26.4879 40.7502
 26.7748 41.5091
 27.0665 42.3754
 27.5836 42.9874
 27.8452 43.6071
 27.7852 44.6669
 27.7425 45.4256
 27.6988 45.5302
 27.6602 45.537
141 99 13
 10.0348 -28.9711
 10.3356 -30.1814
 10.7631 -31.051
 10.7313 -31.5957
 10.6509 -32.0631
 10.7463 -32.8405
 10.6264 -33.3261
 10.6825 -33.4188
 11.4163 -33.2979
 12.6863 -33.7144
 13.4212 -34.2946
 13.6679 -34.8176
 13.9026 -35.3344
141 110 9
 10.0348 -28.9711
 10.0822 -27.8172
 10.107 -27.0597
 10.088 -26.6423
 10.3878 -26.6524
 11.128 -26.5998
 11.9493 -26.3409
 12.3301 -26.179
 12.3404 -26.1654
142 77 16
 33.9997 15.8155
 34.1909 16.5057
 34.2704 17.2151
 34.1177 18.0506
 33.8919 18.7064
 33.7263 18.9583
 33.6498 18.9306
 33.4956 19.1219
 33.5197 19.5546
 33.6454 19.7808
 33.7774 20.0009
 34.1277 20.6528
 34.2317 21.0081
 33.4684 21.4065
 32.8462 21.9434
 32.8659 21.9967
142 57 3
 33.9997 15.8155
 34.0461 15.1839
 34.1284 14.9686
143 116 5
 -13.0869 -28.5282
 -13.0084 -29.7933
 -12.9788 -30.3797
 -12.9846 -30.4916
 -13.0129 -30.493
143 64 7
 -13.0869 -28.5282
 -13.378 -27.5654
 -13.7715 -27.3111
 -14.2179 -27.2841
 -14.5397 -27.3462
 -14.5822 -27.396
 -14.5755 -27.4378
144 124 8
 -13.1488 -27.2173
 -13.0047 -26.757
 -13.0128 -26.4161
 -12.8724 -26.291
 -12.7577 -26.2252
 -12.7252 -26.0882
 -12.7235 -25.9784
 -12.7415 -25.9718
144 64 7
 -13.1488 -27.2173
 -13.4686 -27.4109
 -13.7715 -27.3111
 -14.2179 -27.2841
 -14.5397 -27.3462
 -14.5822 -27.396
 -14.5755 -27.4378
145 65 12
 -54.1094 -12.8454
 -53.0005 -13.3619
 -52.138 -13.6824
 -51.0454 -13.1619
 -49.7981 -12.9213
 -49.6472 -12.4609
 -50.0132 -12.0611
 -50.1864 -12.0977
 -50.102 -11.9466
 -50.1015 -11.7556
 -50.1284 -11.683
 -50.1307 -11.6656
145 32 6
 -54.1094 -12.8454
 -54.8439 -12.789
 -55.5098 -12.1656
 -55.9597 -11.6946
 -56.0081 -11.6161
 -56.0323 -11.5646
146 105 9
 -58.161 -0.4464
 -57.059 -0.0029
 -56.9193 0.1157
 -56.5145 0.13725
 -56.1434 0.1987
 -56.4632 0.3007
 -56.7971 1.14285
 -56.8025 1.94045
 -56.807 1.9854
146 39 5
 -58.161 -0.4464
 -59.2421 -0.86295
 -59.3921 -0.94725
 -59.5186 -0.93095
 -59.5668 -0.9494
147 60 34
 -15.9657 31.9661
 -16.7122 31.5006
 -17.5247 31.6912
 -17.3624 31.2735
 -17.6203 30.9669
 -17.8279 31.2839
 -18.5406 31.5812
 -19.3258 31.4037
 -19.6507 31.1963
 -20.2599 31.0166
 -20.9779 30.8637
 -21.2535 30.792
 -21.3051 30.8703
 -21.4106 31.0955
 -21.6047 31.2094
 -21.7859 31.412
 -22.0807 31.8227
 -22.2733 32.1217
 -22.1014 32.2447
 -22.4035 32.4482
 -22.944 32.757
 -23.7838 32.8073
 -24.2512 33.2008
 -24.3083 33.664
 -24.8355 33.6868
 -25.5717 33.6705
 -25.3218 34.0455
 -25.2575 34.5673
 -25.3269 34.7015
 -25.4519 34.6828
 -25.5569 34.7857
 -25.6947 34.9389
 -25.7569 34.9769
 -25.7664 34.9705
147 79 8
 -15.9657 31.9661
 -15.6006 32.6167
 -15.3762 32.7745
 -15.1142 32.877
 -15.0602 32.9921
 -15.1572 33.2397
 -15.2356 33.4443
 -15.2658 33.4429
148 113 12
 -22.5989 20.9825
 -23.4565 20.9877
 -23.6761 21.1991
 -24.4198 21.6965
 -24.917 22.473
 -25.1124 23.105
 -25.3274 23.8153
 -25.4832 24.3605
 -25.9142 24.6145
 -26.0515 24.8468
 -26.0792 24.9528
 -26.0883 24.9544
148 94 7
 -22.5989 20.9825
 -21.8354 21.1544
 -21.9139 20.6975
 -21.6271 19.9376
 -21.0895 19.6259
 -20.8139 19.6466
 -20.7656 19.6485
149 130 19
 22.5897 33.5876
 22.9697 33.7006
 23.2317 33.5598
 23.3528 33.3724
 23.4868 33.2928
 23.6013 33.2509
 23.7374 33.1938
 23.7611 33.0055
 23.6711 32.8671
 23.8248 32.8946
 24.0325 33.0248
 24.2098 33.1145
 24.375 33.0556
 24.5085 33.1279
 24.5702 33.2609
 24.6894 33.302
 24.8582 33.3423
 24.9495 33.3128
 24.9638 33.3077
149 114 10
 22.5897 33.5876
 22.4351 33.2643
 22.2463 32.9704
 21.8625 32.962
 21.7054 33.131
 21.6627 33.2867
 21.5933 33.385
 21.5175 33.4128
 21.4091 33.401
 21.3472 33.4087
150 130 25
 27.6632 29.8387
 26.8972 30.1347
 26.5768 30.1379
 26.1546 30.2327
 25.8174 30.3168
 25.7917 30.3171
 25.8428 30.6747
 25.8887 31.0768
 25.8568 31.3965
 25.937 31.7051
 25.9382 32.0047
 25.93 32.3913
 25.9892 32.63
 25.9954 32.8369
 25.9711 33.2459
 25.8296 33.7234
 25.824 33.9411
 25.5898 33.8071
 25.3176 33.6957
 25.1482 33.564
 25.0914 33.4399
 25.08 33.4296
 25.0162 33.3943
 24.9585 33.3363
 24.9638 33.3077
150 14 29
 27.6632 29.8387
 28.1823 29.3736
 28.2122 29.0996
 28.3084 29.0681
 28.4113 29.1546
 28.5415 29.2537
 28.6948 29.372
 28.8092 29.4482
 28.9148 29.5389
 29.0401 29.5654
 29.1742 29.5047
 29.2996 29.4649
 29.401 29.4273
 29.4485 29.3694
 29.5266 29.3042
 29.6504 29.2909
 29.7551 29.2936
 29.847 29.2784
 29.8825 29.243
 29.9165 29.1976
 29.9492 29.1966
 30.0178 29.2225
 30.0909 29.2414
 30.1375 29.2169
 30.1845 29.2001
 30.1849 29.1427
 30.235 29.0418
 30.282 28.9749
 30.2932 28.9648
151 68 8
 -39.7408 -52.9471
 -40.0995 -51.5026
 -40.7829 -50.4218
 -40.8537 -49.8887
 -40.866 -49.7321
 -41.0217 -49.3943
 -41.2102 -49.0253
 -41.2837 -48.9376
151 95 10
 -39.7408 -52.9471
 -39.7145 -54.4307
 -39.1301 -55.3326
 -38.496 -55.9128
 -38.2799 -56.8193
 -38.297 -57.4751
 -37.9859 -57.4136
 -37.3676 -57.4254
 -36.9266 -57.5975
 -36.8609 -57.5819
152 107 15
 -49.7821 -42.882
 -50.5665 -41.2731
 -46.3101 -54.9342
 -40.0197 -69.0507
 -38.3254 -68.7386
 -35.5691 -67.7388
 -32.3147 -66.657
 -31.4394 -66.3647
 -30.9578 -65.8693
 -30.7078 -65.5014
 -30.6173 -65.3493
 -30.5971 -65.1132
 -30.4324 -64.9292
 -30.3031 -64.9088
 -30.2942 -64.8888
152 68 11
 -49.7821 -42.882
 -47.865 -44.1678
 -45.579 -44.676
 -44.541 -45.621
 -44.347 -46.7035
 -44.2318 -46.8643
 -43.6356 -47.1323
 -42.597 -47.9533
 -41.6996 -48.6327
 -41.3216 -48.8769
 -41.2837 -48.9376
153 107 14
 -54.5635 -27.9454
 -46.3101 -54.9342
 -40.0197 -69.0507
 -38.3254 -68.7386
 -35.5691 -67.7388
 -32.3147 -66.657
 -31.4394 -66.3647
 -30.9578 -65.8693
 -30.7078 -65.5014
 -30.6173 -65.3493
 -30.5971 -65.1132
 -30.4324 -64.9292
 -30.3031 -64.9088
 -30.2942 -64.8888
153 32 7
 -54.5635 -27.9454
 -57.7298 -15.1515
 -57.1215 -14.413
 -56.4852 -12.8066
 -55.9597 -11.6946
 -56.0081 -11.6161
 -56.0323 -11.5646
154 29 17
 -31.5667 -51.9324
 -32.419 -51.5045
 -32.8113 -51.2052
 -33.1886 -50.3494
 -34.0723 -49.2094
 -35.0221 -49.4566
 -35.4698 -50.1726
 -35.4723 -50.7225
 -35.9145 -52.1559
 -36.3642 -53.2948
 -36.3637 -53.3958
 -36.314 -53.4882
 -36.4395 -53.8593
 -36.6091 -54.1701
 -36.673 -54.347
 -36.7557 -54.5159
 -36.7623 -54.5229
154 22 19
 -31.5667 -51.9324
 -30.1731 -51.4924
 -29.1982 -51.0241
 -29.1581 -51.0791
 -28.5518 -51.1048
 -27.6326 -51.0419
 -27.2402 -50.8305
 -26.631 -50.553
 -25.8004 -50.0096
 -26.0243 -50.5071
 -25.2551 -50.7437
 -24.6304 -50.9631
 -24.3887 -51.1139
 -24.0223 -51.165
 -23.9202 -51.2263
 -23.8289 -51.2426
 -23.6933 -51.2897
 -23.6047 -51.402
 -23.5915 -51.4724
155 43 16
 -28.9719 -62.6649
 -28.2725 -61.9595
 -27.9438 -61.2647
 -27.8618 -61.2523
 -28.0745 -61.0929
 -28.72 -60.2789
 -29.1805 -59.6331
 -29.2577 -59.5874
 -30.1708 -59.2778
 -31.7155 -58.7767
 -32.2195 -58.2575
 -32.0395 -57.9179
 -32.5286 -57.7973
 -32.6498 -57.1222
 -32.3902 -56.4033
 -32.4931 -56.3068
155 107 6
 -28.9719 -62.6649
 -28.9914 -63.0347
 -29.0427 -64.2315
 -29.8699 -65.0383
 -30.2576 -64.9412
 -30.2942 -64.8888
156 80 7
 -17.6056 -56.3611
 -16.7586 -56.1179
 -16.6046 -56.0467
 -16.406 -55.8309
 -16.3041 -55.6336
 -16.2645 -55.6297
 -16.2426 -55.625
156 128 8
 -17.6056 -56.3611
 -18.6833 -56.3235
 -18.9785 -56.0906
 -19.0904 -55.83
 -19.3642 -55.4791
 -19.6962 -55.448
 -19.865 -55.5036
 -19.8882 -55.4945
157 7 7
 -9.79875 -55.1731
 -9.92115 -55.8673
 -10.4595 -55.72
 -11.0632 -55.866
 -11.3721 -56.0637
 -11.5248 -56.1483
 -11.5287 -56.1442
157 106 4
 -9.79875 -55.1731
 -9.68805 -54.4473
 -9.71805 -54.1422
 -9.6415 -54.053
158 1 32
 -22.5486 -35.8261
 -23.4759 -35.5933
 -23.8621 -35.308
 -23.9388 -35.1391
 -23.9335 -35.022
 -23.8691 -34.9948
 -23.8036 -34.9116
 -23.7424 -34.7977
 -23.7605 -34.7545
 -23.8169 -34.6847
 -23.9739 -34.5616
 -24.1367 -34.5286
 -24.1684 -34.6021
 -24.3459 -34.6208
 -24.4664 -34.4082
 -24.4237 -34.2036
 -24.4352 -34.0249
 -24.4524 -33.846
 -24.4399 -33.6844
 -24.5156 -33.4635
 -24.6719 -33.2313
 -24.8054 -32.98
 -24.9741 -32.7325
 -25.0943 -32.5816
 -25.1484 -32.3733
 -25.4314 -32.0981
 -25.7715 -32.0359
 -25.6571 -31.6888
 -25.5976 -31.278
 -25.6433 -31.066
 -25.7097 -30.9166
 -25.7163 -30.9013
158 127 7
 -22.5486 -35.8261
 -21.6501 -35.8098
 -21.146 -35.901
 -20.5868 -36.1176
 -20.0979 -36.3071
 -19.997 -36.4081
 -20.0015 -36.4156
159 64 19
 -16.9393 -27.6607
 -16.2984 -27.5532
 -16.0296 -27.4384
 -15.9673 -27.4124
 -15.7886 -27.3724
 -15.6278 -27.3272
 -15.5723 -27.2798
 -15.4971 -27.2722
 -15.4272 -27.3682
 -15.3815 -27.449
 -15.2999 -27.4669
 -15.2358 -27.4831
 -15.1403 -27.4809
 -15.0539 -27.4719
 -14.9409 -27.4499
 -14.7912 -27.4814
 -14.6742 -27.4834
 -14.5875 -27.4386
 -14.5755 -27.4378
159 2 11
 -16.9393 -27.6607
 -17.84 -28.0004
 -18.3157 -28.4841
 -18.7501 -29.3515
 -19.201 -30.3457
 -19.2913 -30.6336
 -19.4291 -30.6019
 -19.4268 -30.7458
 -19.5046 -30.8804
 -19.6003 -30.9309
 -19.6341 -30.9419
160 64 25
 -17.7655 -24.0683
 -16.6471 -24.508
 -16.2755 -24.8172
 -16.1975 -25.224
 -15.9262 -26.072
 -15.7966 -26.5833
 -15.8502 -26.6637
 -15.9558 -26.7985
 -16.0334 -26.962
 -15.9441 -27.0435
 -15.8488 -27.0744
 -15.7122 -27.1529
 -15.5779 -27.2493
 -15.4971 -27.2722
 -15.4272 -27.3682
 -15.3815 -27.449
 -15.2999 -27.4669
 -15.2358 -27.4831
 -15.1403 -27.4809
 -15.0539 -27.4719
 -14.9409 -27.4499
 -14.7912 -27.4814
 -14.6742 -27.4834
 -14.5875 -27.4386
 -14.5755 -27.4378
160 40 16
 -17.7655 -24.0683
 -18.8181 -23.8333
 -19.0333 -23.639
 -18.9018 -23.472
 -18.7794 -22.5251
 -18.1441 -21.2387
 -17.2073 -20.7601
 -16.7035 -21.24
 -16.3047 -21.5858
 -15.8782 -21.2197
 -15.5214 -21.1819
 -14.9862 -20.5479
 -14.225 -19.4153
 -13.4461 -18.96
 -13.0716 -18.8708
 -13.0588 -18.8711
161 40 10
 -10.2597 -18.1835
 -11.585 -18.0341
 -11.8031 -17.8663
 -12.0273 -17.7445
 -12.279 -17.9011
 -12.3572 -18.1222
 -12.4282 -18.4459
 -12.6973 -18.7505
 -12.9695 -18.8146
 -13.0588 -18.8711
161 129 17
 -10.2597 -18.1835
 -9.0716 -18.2486
 -8.99315 -18.2481
 -8.565 -18.2912
 -8.1306 -18.5278
 -7.5678 -19.0173
 -6.8028 -19.5625
 -6.18705 -20.0766
 -5.8813 -20.5796
 -6.05055 -21.1271
 -6.5282 -21.6202
 -6.8796 -21.8564
 -6.985 -21.9114
 -7.0258 -22.0769
 -6.91845 -22.3909
 -6.88045 -22.5432
 -6.8899 -22.5447
162 67 16
 -34.2949 -21.6231
 -34.9296 -21.4328
 -35.2613 -20.9776
 -35.6055 -20.4399
 -35.8177 -20.2454
 -35.9614 -20.1833
 -36.2023 -20.2439
 -36.7672 -20.7507
 -37.2635 -21.5795
 -37.872 -21.9825
 -38.3294 -22.0104
 -38.371 -21.998
 -38.4614 -22.0606
 -38.4914 -22.2207
 -38.5096 -22.3389
 -38.5657 -22.3595
162 63 3
 -34.2949 -21.6231
 -33.6231 -21.7355
 -33.5278 -21.688
163 67 21
 -43.6104 -24.2059
 -42.8618 -24.3555
 -42.604 -23.7822
 -42.2437 -23.6961
 -41.6292 -23.5987
 -41.1629 -23.4093
 -41.0228 -23.2357
 -40.8644 -23.0233
 -40.7542 -22.9261
 -40.681 -22.9011
 -40.5266 -22.9321
 -40.1844 -22.9725
 -39.9567 -22.9494
 -39.883 -22.7998
 -39.8062 -22.6112
 -39.7533 -22.538
 -39.5039 -22.4997
 -39.1259 -22.405
 -38.7831 -22.337
 -38.5776 -22.3496
 -38.5657 -22.3595
163 75 8
 -43.6104 -24.2059
 -44.8254 -24.765
 -45.23 -25.0348
 -45.5871 -25.1878
 -45.2331 -24.9284
 -45.4706 -24.2003
 -45.8032 -23.5036
 -45.8876 -23.4267
164 65 11
 -48.3714 -14.7643
 -49.0424 -14.2838
 -49.13 -13.84
 -49.272 -13.149
 -49.6472 -12.4609
 -50.0132 -12.0611
 -50.1864 -12.0977
 -50.102 -11.9466
 -50.1015 -11.7556
 -50.1284 -11.683
 -50.1307 -11.6656
164 78 13
 -48.3714 -14.7643
 -47.315 -15.2982
 -46.8526 -15.3801
 -46.0825 -15.4366
 -45.3014 -15.4783
 -44.4265 -15.5588
 -43.5003 -15.607
 -43.1891 -15.4832
 -42.8042 -15.1786
 -42.5596 -14.8694
 -41.6237 -15.0135
 -40.7908 -15.2945
 -40.7935 -15.341
165 51 18
 -50.0854 -3.6987
 -50.6721 -3.82875
 -50.2329 -4.0421
 -49.5296 -4.4323
 -49.0446 -4.86065
 -48.8233 -5.4354
 -48.7692 -6.1477
 -49.048 -6.90205
 -49.5385 -7.24505
 -49.82 -7.19075
 -50.0842 -7.01145
 -50.4464 -6.8637
 -50.6157 -6.8964
 -50.583 -6.98545
 -50.5798 -7.0574
 -50.6593 -7.06475
 -50.7242 -7.0673
 -50.7445 -7.0693
165 28 3
 -50.0854 -3.6987
 -49.4027 -3.38375
 -49.2491 -3.2081
166 51 17
 -46.4564 -6.93905
 -47.0286 -6.5105
 -47.6742 -6.4938
 -48.4072 -6.0575
 -48.7139 -5.7528
 -48.7692 -6.1477
 -49.048 -6.90205
 -49.5385 -7.24505
 -49.82 -7.19075
 -50.0842 -7.01145
 -50.4464 -6.8637
 -50.6157 -6.8964
 -50.583 -6.98545
 -50.5798 -7.0574
 -50.6593 -7.06475
 -50.7242 -7.0673
 -50.7445 -7.0693
166 96 3
 -46.4564 -6.93905
 -45.9072 -7.67685
 -45.7621 -7.8863
167 71 4
 -51.8509 7.99195
 -52.0447 7.09465
 -52.0291 6.3121
 -51.9603 6.2024
167 98 3
 -51.8509 7.99195
 -51.6167 8.2361
 -51.5231 8.2558
168 51 25
 -52.3493 -0.46745
 -52.6735 -0.99485
 -52.8498 -1.5765
 -52.4702 -2.35115
 -52.1086 -3.15265
 -52.2914 -3.45945
 -51.5746 -3.48025
 -50.8998 -3.7666
 -50.6721 -3.82875
 -50.2329 -4.0421
 -49.5296 -4.4323
 -49.0446 -4.86065
 -48.8233 -5.4354
 -48.7692 -6.1477
 -49.048 -6.90205
 -49.5385 -7.24505
 -49.82 -7.19075
 -50.0842 -7.01145
 -50.4464 -6.8637
 -50.6157 -6.8964
 -50.583 -6.98545
 -50.5798 -7.0574
 -50.6593 -7.06475
 -50.7242 -7.0673
 -50.7445 -7.0693
168 10 6
 -52.3493 -0.46745
 -52.0196 -0.25985
 -51.2997 -0.0912
 -50.8262 0.10525
 -50.7937 0.37085
 -50.7436 0.4141
169 69 6
 -44.2303 32.2712
 -45.0734 31.7505
 -45.2089 31.18
 -45.1354 31.1398
 -45.0681 31.0877
 -45.0308 31.0531
169 103 3
 -44.2303 32.2712
 -43.4695 32.2353
 -43.4599 32.2717
170 113 11
 -30.375 28.0387
 -28.7477 27.7666
 -28.4553 27.3784
 -28.12 27.1266
 -27.4157 26.9829
 -26.8398 26.9196
 -26.6798 26.4969
 -26.3847 25.722
 -26.2333 25.2546
 -26.1664 25.0654
 -26.0883 24.9544
170 74 12
 -30.375 28.0387
 -31.9968 27.6687
 -32.5704 27.0135
 -33.115 26.7011
 -33.2779 26.6108
 -33.4576 26.3712
 -33.7439 26.18
 -34.0001 26.0749
 -34.1505 26.1881
 -34.473 26.2961
 -34.8613 26.2277
 -35.0125 26.2735
171 79 11
 -13.0299 32.4489
 -13.6683 32.0077
 -13.7371 31.9984
 -13.7156 32.3773
 -14.2491 32.729
 -14.8785 32.8699
 -15.1142 32.877
 -15.0602 32.9921
 -15.1572 33.2397
 -15.2356 33.4443
 -15.2658 33.4429
171 34 3
 -13.0299 32.4489
 -12.3743 32.6405
 -12.2301 32.4876
172 55 35
 -11.626 -3.4246
 -12.9846 -4.12
 -13.0835 -4.18795
 -12.7006 -5.0057
 -12.051 -5.9147
 -11.149 -6.2406
 -12.4443 -6.669
 -13.5919 -7.37175
 -13.6316 -7.8314
 -13.5896 -8.9098
 -14.1229 -9.66155
 -14.2427 -9.79205
 -14.2378 -9.9237
 -14.2338 -10.1327
 -14.2127 -10.3997
 -14.3741 -10.8336
 -14.6267 -11.6382
 -14.8155 -12.2854
 -15.2786 -12.8832
 -15.922 -13.7196
 -15.9943 -14.6797
 -16.4557 -14.9095
 -17.6911 -14.3984
 -18.3013 -14.1553
 -18.4115 -14.0655
 -18.3457 -14.452
 -18.4815 -15.0504
 -18.6495 -15.323
 -19.3025 -14.8823
 -19.9562 -14.2826
 -19.9214 -14.0229
 -20.3462 -13.8699
 -20.8177 -13.6269
 -20.8006 -13.4285
 -20.7695 -13.3967
172 82 3
 -11.626 -3.4246
 -10.3179 -2.7399
 -10.2875 -2.7294
173 82 27
 -6.09155 9.99505
 -6.79605 9.16385
 -6.9236 8.93395
 -7.07245 8.6554
 -7.1525 8.08735
 -7.105 7.5283
 -7.54835 6.76975
 -7.92915 6.10605
 -7.7784 5.65955
 -7.8273 5.3199
 -8.3841 4.9701
 -8.7731 4.5568
 -8.48555 4.3644
 -8.32125 4.08645
 -8.8544 3.33985
 -9.27635 2.74125
 -8.74475 2.8053
 -8.29375 2.6137
 -8.3041 2.07325
 -8.27565 1.69125
 -8.27675 1.1506
 -8.43135 0.26065
 -8.59445 -0.2197
 -9.6605 -0.4809
 -10.4145 -1.58235
 -10.1991 -2.56725
 -10.2875 -2.7294
173 35 19
 -6.09155 9.99505
 -4.869 10.6827
 -4.194 10.771
 -4.539 11.275
 -5.3696 12.0194
 -6.24785 12.285
 -6.9548 12.2413
 -7.1019 12.5063
 -6.5812 13.5458
 -6.1469 14.3204
 -6.5999 14.687
 -7.1595 15.1235
 -6.94675 15.6508
 -6.63595 16.2069
 -7.4053 16.3365
 -8.2434 15.9752
 -8.58245 15.6373
 -8.8553 15.6514
 -8.858 15.6605
174 97 8
 1.12445 17.2724
 2.13575 17.0131
 2.75255 16.878
 2.9704 16.9708
 2.91895 17.1599
 2.8735 17.8015
 2.9505 18.4502
 3.0364 18.5529
174 35 25
 1.12445 17.2724
 0.38585 17.4761
 0.59815 17.8476
 0.527 18.3673
 -0.37985 19.132
 -1.5079 19.6308
 -2.1556 19.4916
 -2.2249 19.4095
 -2.4368 19.4582
 -2.7076 19.5002
 -2.81515 19.519
 -2.99725 19.689
 -3.35095 19.9022
 -3.81025 20.1754
 -4.43035 20.357
 -5.21225 20.0964
 -5.89085 19.485
 -6.16155 19.0775
 -6.60545 18.4472
 -7.0483 17.6901
 -7.65905 16.9975
 -8.49155 16.2583
 -8.7951 15.8766
 -8.8527 15.6719
 -8.858 15.6605
175 97 16
 10.961 16.5778
 9.22485 16.965
 8.57675 17.3777
 8.17595 17.4442
 7.2898 17.4277
 6.48775 17.3997
 6.56765 17.7762
 6.3928 18.4756
 5.7638 18.9059
 5.0272 18.7348
 4.4776 18.4929
 4.41025 18.2596
 4.08625 17.7985
 3.3439 17.9562
 2.9505 18.4502
 3.0364 18.5529
175 50 3
 10.961 16.5778
 12.2246 16.5778
 12.2642 16.5645
176 12 31
 13.0536 27.3806
 13.5763 27.801
 13.7423 27.7972
 13.9346 27.6416
 14.1202 27.5603
 14.2621 27.5873
 14.415 27.6119
 14.4728 27.6913
 14.5578 27.7491
 15.0463 28.2333
 15.5257 28.5419
 15.6095 28.6602
 15.916 29.1075
 16.1614 29.4785
 16.2649 29.4946
 16.4584 29.4583
 16.5259 29.5554
 16.6838 29.5992
 17.1723 29.5949
 17.5051 29.6867
 17.5124 29.8575
 17.6141 29.6838
 17.8959 29.6259
 18.1077 29.6978
 18.1442 29.8044
 18.2089 29.8767
 18.2785 29.9579
 18.3139 30.0043
 18.364 30.0135
 18.4394 29.9473
 18.4761 29.8868
176 18 4
 13.0536 27.3806
 12.4569 26.9732
 12.3117 26.8919
 12.3033 26.8931
177 126 14
 1.99215 26.6782
 1.9262 25.2823
 2.2187 24.2854
 2.4891 24.0686
 2.618 23.929
 2.96925 23.7787
 3.2367 23.695
 3.38405 23.7071
 3.58395 23.7892
 3.644 23.9085
 3.67975 23.8195
 3.76835 23.8151
 3.86845 23.8411
 3.9018 23.8394
177 83 7
 1.99215 26.6782
 1.77065 27.6536
 1.45 28.169
 1.5121 28.5646
 1.85805 29.2475
 2.05585 29.621
 1.9572 29.617
178 12 66
 23.5236 30.4528
 23.2129 30.2314
 23.0367 30.1263
 23.0104 29.9121
 23.0517 29.7719
 23.0965 29.7297
 23.0515 29.6029
 23.0244 29.4675
 22.9498 29.3624
 22.8566 29.3361
 22.722 29.3947
 22.6021 29.3838
 22.647 29.255
 22.6984 29.1207
 22.6553 29.0409
 22.5848 29.011
 22.5463 29.048
 22.4857 29.0492
 22.4394 29.0098
 22.4137 28.9799
 22.375 28.9943
 22.3346 29.0025
 22.2673 28.9879
 22.1877 28.9495
 22.1008 29.0254
 22.0506 29.1374
 22.0034 29.1913
 21.8524 29.2396
 21.6837 29.1892
 21.5644 28.9458
 21.4864 28.7696
 21.3745 28.816
 21.2301 28.8668
 21.1924 28.9806
 21.1464 29.11
 21.0893 29.1017
 21.0918 29.1772
 21.07 29.2972
 21.0371 29.3914
 20.9501 29.3582
 20.8346 29.2974
 20.6989 29.2901
 20.4682 29.388
 20.2235 29.6567
 20.0909 29.8447
 20.0557 29.7434
 19.8917 29.569
 19.6538 29.4747
 19.5329 29.4299
 19.2994 29.3209
 19.0667 29.1535
 18.9695 29.3491
 18.7472 29.4927
 18.6365 29.5147
 18.542 29.4613
 18.4018 29.451
 18.2994 29.5518
 18.2396 29.6541
 18.1727 29.7407
 18.1442 29.8044
 18.2089 29.8767
 18.2785 29.9579
 18.3139 30.0043
 18.364 30.0135
 18.4394 29.9473
 18.4761 29.8868
178 130 23
 23.5236 30.4528
 23.6381 30.9599
 23.5704 31.3211
 23.3579 31.4168
 23.2058 31.6635
 23.2768 31.9392
 23.4227 32.1167
 23.5403 32.2255
 23.7118 32.2173
 23.8572 32.3169
 23.8741 32.5569
 23.7787 32.7829
 23.6711 32.8671
 23.8248 32.8946
 24.0325 33.0248
 24.2098 33.1145
 24.375 33.0556
 24.5085 33.1279
 24.5702 33.2609
 24.6894 33.302
 24.8582 33.3423
 24.9495 33.3128
 24.9638 33.3077
179 120 26
 25.3074 43.8158
 24.8867 44.163
 24.6857 44.2774
 24.4664 44.7114
 24.4075 45.1372
 24.5248 45.319
 24.682 46.3482
 24.6303 47.2309
 24.429 47.3008
 24.2062 47.3617
 23.8136 47.2672
 23.4469 47.14
 22.63 46.9582
 21.6621 46.9175
 21.5855 47.4127
 20.9539 46.6427
 20.0092 46.3505
 19.4539 46.5513
 19.0227 47.2597
 18.5693 47.9663
 18.543 48.3751
 18.6803 48.7934
 18.7108 48.9397
 18.6665 49.0764
 18.6675 49.2361
 18.6902 49.2862
179 84 11
 25.3074 43.8158
 26.1917 43.1588
 26.7606 42.3778
 26.7748 41.5091
 27.0665 42.3754
 27.5836 42.9874
 27.8452 43.6071
 27.7852 44.6669
 27.7425 45.4256
 27.6988 45.5302
 27.6602 45.537
180 121 4
 38.0836 13.2691
 36.986 13.9637
 36.7104 14.0414
 36.697 14.0756
180 21 5
 38.0836 13.2691
 38.845 12.4236
 38.757 12.2208
 38.6929 12.1917
 38.6429 12.1707
181 21 5
 39.4973 10.6805
 38.7025 11.5822
 38.7237 12.0469
 38.6747 12.1749
 38.6429 12.1707
181 73 5
 39.4973 10.6805
 40.3547 10.1136
 40.5466 10.0667
 40.7322 10.0073
 40.7499 9.9973
182 24 39
 42.8817 -5.12915
 41.9425 -5.6082
 41.8752 -5.783
 41.9194 -6.1861
 41.8735 -6.5292
 41.492 -6.52085
 41.2569 -6.42895
 40.9193 -6.1551
 40.1574 -5.9392
 39.666 -6.0576
 39.5626 -6.1437
 39.4425 -6.2055
 39.2238 -6.7119
 39.2295 -7.36675
 39.2237 -7.92825
 38.9913 -8.4945
 38.9743 -8.80535
 39.0262 -8.9937
 39.0729 -9.16835
 39.1803 -9.39495
 39.3674 -9.66625
 39.5331 -9.84145
 39.5499 -9.96155
 39.4858 -10.0349
 39.5382 -10.0698
 39.5203 -10.1605
 39.4735 -10.2571
 39.3614 -10.3381
 39.2654 -10.4079
 39.2595 -10.4685
 39.2792 -10.5161
 39.3104 -10.575
 39.3375 -10.6209
 39.3278 -10.6385
 39.3039 -10.6511
 39.2863 -10.6848
 39.2826 -10.7783
 39.2973 -10.8551
 39.3002 -10.866
182 118 5
 42.8817 -5.12915
 44.0712 -4.7522
 44.4131 -4.74765
 44.5 -4.73725
 44.4966 -4.7709
183 111 14
 46.4886 -15.8507
 46.2789 -17.0303
 46.2696 -17.2523
 46.3796 -17.6671
 46.7715 -17.9555
 46.8447 -18.0145
 47.1682 -18.0999
 47.3228 -18.6953
 47.7898 -18.3377
 48.4198 -18.36
 48.7819 -18.2728
 49.1409 -18.3701
 49.2649 -18.5006
 49.2756 -18.4956
183 87 10
 46.4886 -15.8507
 46.422 -14.7848
 46.3383 -14.1
 46.6643 -13.5551
 47.1537 -13.8461
 47.917 -14.7372
 48.5364 -15.5721
 48.7654 -15.6964
 48.8177 -15.7247
 48.8372 -15.7275
184 119 17
 32.2925 4.4617
 32.9749 4.23185
 34.5422 3.71965
 36.174 3.16765
 36.3237 3.19065
 36.4655 3.4338
 36.6537 3.65085
 36.9107 3.51555
 37.0728 3.6462
 37.0028 4.2104
 36.6581 5.4367
 36.321 6.4456
 36.2949 6.50415
 36.4522 6.6186
 36.5235 6.7731
 36.4297 6.8537
 36.3678 6.8946
184 85 10
 32.2925 4.4617
 31.2069 4.57305
 30.7605 4.2781
 30.6448 3.62835
 30.1712 2.689
 29.7897 2.15265
 29.6609 1.4641
 29.4606 0.7123
 29.3759 0.5397
 29.3618 0.5154
185 53 36
 -3.6274 -49.3261
 -2.7745 -48.7102
 -2.6567 -48.2141
 -2.64085 -47.9538
 -2.5457 -47.8017
 -2.26225 -47.9497
 -1.363 -48.1009
 0.00495002 -48.3755
 0.81145 -48.6269
 1.0567 -48.4715
 0.86715 -48.7596
 0.6471 -49.0903
 0.1981 -49.5045
 -0.18565 -49.7356
 -0.10525 -49.9605
 0.3559 -50.4023
 0.6927 -50.7184
 0.6273 -50.9403
 0.4646 -51.1672
 0.5271 -51.2859
 0.6676 -51.4881
 0.67055 -51.7002
 0.6419 -51.7555
 0.64855 -51.7978
 0.67345 -51.9247
 0.76215 -52.0729
 0.8292 -52.1472
 0.86315 -52.1663
 0.8944 -52.2272
 0.91735 -52.3294
 0.9354 -52.3918
 0.96705 -52.3616
 1.0054 -52.3548
 1.0599 -52.3502
 1.11535 -52.3436
 1.1289 -52.3447
185 15 6
 -3.6274 -49.3261
 -4.82415 -50.0652
 -5.2225 -50.6308
 -5.46825 -50.6007
 -5.6489 -50.5868
 -5.6702 -50.5765
186 100 9
 -8.68535 -56.4804
 -7.44045 -57.007
 -7.38145 -57.7938
 -7.4346 -58.6158
 -6.8345 -58.8862
 -6.5548 -58.3922
 -5.9285 -57.672
 -4.902 -57.5404
 -4.8105 -57.4966
186 7 8
 -8.68535 -56.4804
 -9.81635 -56.0512
 -9.92115 -55.8673
 -10.4595 -55.72
 -11.0632 -55.866
 -11.3721 -56.0637
 -11.5248 -56.1483
 -11.5287 -56.1442
187 62 16
 11.3603 -50.249
 9.82645 -50.1797
 9.1951 -50.0738
 9.2472 -49.6023
 9.1545 -48.7827
 8.8056 -48.5104
 8.1555 -49.0827
 7.4815 -49.7379
 7.3695 -50.2281
 6.63665 -50.7868
 5.6794 -50.9813
 5.4131 -50.7466
 5.2359 -50.6577
 5.11935 -50.7271
 5.0769 -50.7922
 5.0539 -50.8445
187 16 5
 11.3603 -50.249
 12.8391 -50.6493
 13.4441 -51.0422
 13.5709 -51.0576
 13.5911 -51.0604
188 62 29
 13.3983 -37.7706
 14.4607 -39.7491
 14.8213 -40.7707
 14.6882 -41.1857
 14.6648 -41.7304
 14.6855 -42.7178
 14.6761 -43.3475
 14.1791 -44.5023
 13.5413 -45.7702
 13.0984 -46.2427
 12.5758 -47.1702
 11.9357 -47.7842
 11.4882 -48.5277
 10.8751 -49.7532
 9.82645 -50.1797
 9.1951 -50.0738
 9.2472 -49.6023
 9.1545 -48.7827
 8.8056 -48.5104
 8.1555 -49.0827
 7.4815 -49.7379
 7.3695 -50.2281
 6.63665 -50.7868
 5.6794 -50.9813
 5.4131 -50.7466
 5.2359 -50.6577
 5.11935 -50.7271
 5.0769 -50.7922
 5.0539 -50.8445
188 99 4
 13.3983 -37.7706
 13.3404 -35.9335
 13.8588 -35.3337
 13.9026 -35.3344
189 1 35
 -27.6389 -38.1167
 -27.1232 -37.5119
 -26.9852 -37.4874
 -26.2544 -37.3715
 -25.5587 -37.0558
 -25.4558 -36.6456
 -25.2579 -36.2891
 -25.3769 -35.9622
 -25.6561 -35.7381
 -25.6635 -35.5687
 -25.75 -35.0931
 -25.9039 -34.7426
 -26.0516 -34.7079
 -26.0746 -34.6018
 -25.7388 -34.4581
 -25.3434 -34.2491
 -24.999 -34.0321
 -24.6703 -33.8837
 -24.4888 -33.8499
 -24.4352 -34.0249
 -24.4524 -33.846
 -24.4399 -33.6844
 -24.5156 -33.4635
 -24.6719 -33.2313
 -24.8054 -32.98
 -24.9741 -32.7325
 -25.0943 -32.5816
 -25.1484 -32.3733
 -25.4314 -32.0981
 -25.7715 -32.0359
 -25.6571 -31.6888
 -25.5976 -31.278
 -25.6433 -31.066
 -25.7097 -30.9166
 -25.7163 -30.9013
189 33 11
 -27.6389 -38.1167
 -28.0291 -38.899
 -28.159 -39.4241
 -28.4095 -40.0688
 -28.6289 -39.8328
 -29.216 -40.2205
 -29.4923 -40.8562
 -29.5618 -41.3268
 -29.7223 -41.6389
 -29.8237 -41.8092
 -29.8657 -41.8162
190 67 38
 -40.1522 -16.2831
 -40.9194 -16.7619
 -41.2736 -16.982
 -41.4508 -17.6627
 -41.556 -18.218
 -41.5101 -18.475
 -41.3743 -18.7099
 -41.445 -19.0575
 -41.5251 -19.3832
 -41.3527 -19.5159
 -41.2082 -19.6845
 -41.2493 -19.7832
 -41.2743 -19.8455
 -41.2351 -19.9195
 -41.1794 -20.0538
 -41.1826 -20.2022
 -41.1498 -20.2411
 -40.8748 -20.4591
 -40.7427 -20.994
 -40.8807 -21.4967
 -40.8178 -21.8377
 -40.8358 -22.0958
 -40.8708 -22.3307
 -40.7659 -22.5375
 -40.7253 -22.6681
 -40.6858 -22.7864
 -40.681 -22.9011
 -40.5266 -22.9321
 -40.1844 -22.9725
 -39.9567 -22.9494
 -39.883 -22.7998
 -39.8062 -22.6112
 -39.7533 -22.538
 -39.5039 -22.4997
 -39.1259 -22.405
 -38.7831 -22.337
 -38.5776 -22.3496
 -38.5657 -22.3595
190 78 5
 -40.1522 -16.2831
 -40.0203 -15.4624
 -40.5663 -15.1462
 -40.7392 -15.2769
 -40.7935 -15.341
191 14 45
 32.9795 24.1851
 33.2093 24.87
 33.5732 25.3332
 33.6792 25.8529
 33.5377 26.2573
 33.5908 26.602
 33.7181 26.8582
 33.8417 26.9321
 33.9467 27.1895
 33.9189 27.4781
 33.8578 27.6258
 33.8391 27.8311
 33.9348 28.0455
 34.0664 28.2199
 34.1161 28.3289
 34.0308 28.3625
 33.8025 28.2101
 33.6039 28.1252
 33.4907 28.1631
 33.39 28.1861
 33.2668 28.2936
 33.0651 28.3288
 32.8478 28.4576
 32.6996 28.5771
 32.5455 28.5187
 32.3614 28.5483
 32.256 28.6224
 32.19 28.7595
 31.988 28.726
 31.8312 28.4605
 31.6433 28.4755
 31.31 28.6181
 31.1339 28.6446
 31.0889 28.7782
 30.9729 28.9628
 30.8594 28.9945
 30.7709 28.9137
 30.7097 28.8386
 30.6391 28.7817
 30.5312 28.73
 30.4585 28.7644
 30.3929 28.8245
 30.3426 28.8605
 30.3032 28.9259
 30.2932 28.9648
191 77 9
 32.9795 24.1851
 32.9822 23.5257
 33.0334 23.0495
 32.9942 22.6811
 32.938 22.5049
 32.9398 22.285
 32.9361 22.1014
 32.8807 22.0188
 32.8659 21.9967
192 22 18
 -26.6297 -56.2775
 -25.9178 -55.0276
 -25.9208 -54.1606
 -25.8473 -54.1297
 -25.2563 -54.004
 -24.4613 -53.7253
 -24.2313 -53.7779
 -24.1217 -53.8024
 -23.8144 -53.4333
 -23.5202 -53.287
 -23.7934 -53.066
 -23.8828 -52.6399
 -23.8134 -52.2982
 -23.7617 -52.049
 -23.682 -51.7858
 -23.6178 -51.5995
 -23.6021 -51.505
 -23.5915 -51.4724
192 43 15
 -26.6297 -56.2775
 -27.6808 -56.8316
 -28.2136 -57.1139
 -28.3632 -57.3703
 -28.739 -58.5615
 -29.1805 -59.6331
 -29.2577 -59.5874
 -30.1708 -59.2778
 -31.7155 -58.7767
 -32.2195 -58.2575
 -32.0395 -57.9179
 -32.5286 -57.7973
 -32.6498 -57.1222
 -32.3902 -56.4033
 -32.4931 -56.3068
193 61 21
 -24.2537 -11.3276
 -24.8246 -12.8951
 -25.5954 -12.5976
 -26.3043 -12.6297
 -26.6159 -12.9837
 -26.7545 -12.9817
 -27.0581 -13.2626
 -27.6243 -13.6924
 -28.3192 -14.0749
 -28.7013 -14.3941
 -28.719 -14.4802
 -28.7043 -14.6318
 -28.8778 -15.1207
 -29.2364 -15.7019
 -29.548 -16.0752
 -29.6825 -16.2679
 -29.7143 -16.5051
 -29.8428 -16.6717
 -29.9334 -16.6972
 -30 -16.8133
 -30.0425 -16.8949
193 66 10
 -24.2537 -11.3276
 -23.6648 -9.1379
 -23.1419 -8.26555
 -22.8886 -7.96475
 -22.8571 -7.5018
 -22.2204 -6.8137
 -21.4995 -6.3389
 -21.396 -6.0218
 -21.3641 -5.8668
 -21.3476 -5.8552
194 104 9
 -33.3377 -7.9881
 -33.7001 -8.0398
 -33.9525 -8.3216
 -33.9671 -8.98285
 -34.0013 -9.39095
 -34.1179 -9.39895
 -35.0454 -9.71975
 -35.9395 -10.0602
 -35.954 -10.1017
194 91 5
 -33.3377 -7.9881
 -32.7636 -8.1648
 -31.767 -8.94045
 -31.1651 -9.5349
 -31.1447 -9.5395
195 20 9
 -32.4144 -22.9852
 -32.3413 -23.0532
 -32.3219 -22.9535
 -31.3088 -22.3405
 -30.0256 -21.9446
 -29.7057 -22.139
 -29.6243 -22.1887
 -29.6046 -22.2505
 -29.5865 -22.2779
195 63 4
 -32.4144 -22.9852
 -32.9709 -22.2893
 -33.5157 -21.7055
 -33.5278 -21.688
196 70 19
 -43.1964 9.71965
 -43.772 10.7344
 -43.0915 10.8551
 -42.5217 10.9075
 -42.0005 10.7514
 -41.4211 10.4548
 -40.9314 10.3462
 -40.5403 10.41
 -40.3356 10.4509
 -40.3056 10.6062
 -40.2142 10.7932
 -40.0464 10.8604
 -39.9816 10.9253
 -39.9121 10.8897
 -39.7884 10.9144
 -39.69 10.8712
 -39.5371 10.726
 -39.4204 10.5957
 -39.4343 10.5652
196 117 4
 -43.1964 9.71965
 -43.439 8.4786
 -43.9626 8.28155
 -44.0036 8.2624
197 48 11
 -49.2479 12.5361
 -49.7703 11.4105
 -49.717 11.0057
 -49.7515 10.9467
 -50.9371 10.529
 -52.4464 10.3867
 -53.539 10.4836
 -54.5905 10.0238
 -55.2075 9.5465
 -55.5701 9.32745
 -55.6379 9.2971
197 125 6
 -49.2479 12.5361
 -48.6472 13.3799
 -48.4543 13.6452
 -48.3308 13.8735
 -48.4004 13.9112
 -48.4305 13.9147
198 71 7
 -53.8523 7.77345
 -52.9734 6.7888
 -52.7496 6.3907
 -52.5909 6.4502
 -52.2429 6.37325
 -51.9958 6.20265
 -51.9603 6.2024
198 48 7
 -53.8523 7.77345
 -54.5497 8.68485
 -54.7233 9.3275
 -54.8948 9.7072
 -55.2075 9.5465
 -55.5701 9.32745
 -55.6379 9.2971
199 59 21
 -43.4255 29.6119
 -42.8473 28.7295
 -42.5106 28.2487
 -41.9771 27.4916
 -41.5929 27.0278
 -42.0623 27.1554
 -42.4847 26.8293
 -42.5202 26.2455
 -42.5401 26.0347
 -42.4711 25.7895
 -42.3943 25.5718
 -42.4554 25.4043
 -42.4196 25.186
 -42.4762 25.1228
 -42.6222 24.9472
 -42.5604 24.7608
 -42.5145 24.7008
 -42.3798 24.5847
 -42.3041 24.4442
 -42.3263 24.3481
 -42.3378 24.3214
199 69 5
 -43.4255 29.6119
 -44.0698 30.6789
 -44.5976 31.0191
 -44.9582 31.0427
 -45.0308 31.0531
200 8 8
 -13.8523 35.2024
 -13.6645 36.6081
 -13.8249 37.3823
 -14.2426 37.1026
 -14.8099 36.9033
 -15.4016 36.9349
 -15.8713 36.8984
 -15.905 36.9056
200 79 5
 -13.8523 35.2024
 -14.5762 33.8394
 -15.0819 33.2743
 -15.2356 33.4443
 -15.2658 33.4429
201 59 44
 -38.4491 15.0226
 -37.9632 16.4537
 -37.2625 16.8808
 -37.0687 17.1348
 -37.1841 17.6237
 -37.3887 17.9396
 -38.289 17.7964
 -39.5233 17.9927
 -39.9651 18.6829
 -39.7078 19.285
 -39.4807 19.6579
 -40.1208 20.3325
 -40.8498 20.8315
 -41.0549 20.9598
 -41.2969 21.2691
 -41.4119 21.4746
 -41.4688 21.5124
 -41.3747 21.6612
 -41.2542 21.9354
 -41.125 22.1627
 -41.1059 22.3014
 -41.1345 22.4798
 -41.0888 22.6089
 -41.0581 22.721
 -41.0126 22.8401
 -41.0111 22.9025
 -41.0663 22.9524
 -41.1373 22.9449
 -41.1815 22.9021
 -41.1956 22.8972
 -41.305 22.9452
 -41.3947 23.0872
 -41.4741 23.0884
 -41.6538 23.0935
 -41.6913 23.3275
 -41.6532 23.5116
 -41.6273 23.5502
 -41.8153 23.6382
 -42.0202 23.8201
 -42.1705 23.9944
 -42.2787 24.1271
 -42.3172 24.2577
 -42.3393 24.3167
 -42.3378 24.3214
201 70 24
 -38.4491 15.0226
 -38.5247 13.8603
 -38.4327 13.6764
 -38.5354 13.0101
 -38.5684 12.5231
 -38.7496 12.4992
 -39.0135 12.4834
 -39.3085 12.5232
 -39.2909 12.4793
 -39.1701 12.2973
 -39.159 12.1663
 -39.246 11.978
 -39.2259 11.5692
 -39.1507 11.3138
 -39.3183 11.1724
 -39.5537 11.158
 -39.653 11.3017
 -39.6545 11.2037
 -39.6986 11.0562
 -39.7262 10.9476
 -39.69 10.8712
 -39.5371 10.726
 -39.4204 10.5957
 -39.4343 10.5652
202 54 9
 4.16005 41.127
 2.73055 40.5968
 1.76105 40.3736
 1.54505 40.4927
 1.3518 40.5412
 0.82455 41.2
 0.71925 42.1527
 0.93945 42.5252
 0.957 42.5644
202 93 3
 4.16005 41.127
 4.88895 41.3062
 4.9679 41.3069
203 108 6
 -0.21375 -19.7999
 0.428 -19.2663
 1.22375 -18.5289
 2.2848 -18.4486
 3.13075 -18.4404
 3.1809 -18.371
203 25 5
 -0.21375 -19.7999
 -1.001 -20.7877
 -1.7576 -21.8811
 -1.844 -21.9158
 -1.8498 -21.9069
204 25 10
 -5.51155 -22.7773
 -4.74615 -22.6933
 -4.49985 -22.3352
 -4.1207 -21.7868
 -3.42555 -21.5864
 -2.7923 -21.6203
 -2.36775 -21.7663
 -1.95525 -21.8906
 -1.87005 -21.9072
 -1.8498 -21.9069
204 129 7
 -5.51155 -22.7773
 -6.3442 -22.8251
 -6.53855 -22.7956
 -6.73645 -22.6711
 -6.84215 -22.5437
 -6.88045 -22.5432
 -6.8899 -22.5447
205 15 12
 -4.65545 -56.4696
 -4.47015 -55.5889
 -4.39635 -55.1641
 -4.75715 -54.9257
 -5.5173 -54.9928
 -6.39875 -55.382
 -6.947 -54.4965
 -7.03665 -53.4183
 -6.85875 -52.5191
 -6.2734 -51.1425
 -5.70755 -50.5946
 -5.6702 -50.5765
205 100 4
 -4.65545 -56.4696
 -4.71105 -57.2341
 -4.8051 -57.4916
 -4.8105 -57.4966
206 110 7
 9.4327 -25.8717
 10.0464 -26.3228
 10.3878 -26.6524
 11.128 -26.5998
 11.9493 -26.3409
 12.3301 -26.179
 12.3404 -26.1654
206 47 7
 9.4327 -25.8717
 9.30675 -25.0722
 9.7584 -24.395
 9.70185 -24.2953
 9.55545 -23.8888
 9.4881 -23.5035
 9.4947 -23.4825
207 95 3
 -36.9593 -58.6043
 -36.9408 -57.6539
 -36.8609 -57.5819
207 88 3
 -36.9593 -58.6043
 -36.9944 -59.5481
 -37.0909 -59.6135
208 22 11
 -22.9163 -53.5844
 -23.2421 -53.3805
 -23.5202 -53.287
 -23.7934 -53.066
 -23.8828 -52.6399
 -23.8134 -52.2982
 -23.7617 -52.049
 -23.682 -51.7858
 -23.6178 -51.5995
 -23.6021 -51.505
 -23.5915 -51.4724
208 44 32
 -22.9163 -53.5844
 -22.696 -54.1881
 -22.6852 -54.7282
 -22.7582 -54.8997
 -22.9767 -55.1182
 -23.0537 -55.5646
 -22.892 -55.9423
 -22.9095 -56.305
 -22.869 -56.8416
 -22.6286 -57.5883
 -22.5746 -58.1295
 -22.7027 -58.4785
 -22.7473 -58.843
 -22.8988 -59.1129
 -22.8839 -59.3924
 -22.562 -59.7657
 -22.3871 -60.1214
 -22.2856 -60.2487
 -22.2257 -60.3361
 -22.1584 -60.3716
 -22.1057 -60.801
 -21.9935 -61.388
 -21.782 -61.5775
 -21.6799 -61.5779
 -21.6187 -61.7039
 -21.4464 -61.8475
 -21.2586 -61.8984
 -21.1657 -61.9255
 -21.1619 -62.0164
 -21.1481 -62.1359
 -21.1052 -62.1846
 -21.0969 -62.1935
209 44 27
 -21.5049 -55.4593
 -22.3908 -55.7618
 -22.9095 -56.305
 -22.869 -56.8416
 -22.6286 -57.5883
 -22.5746 -58.1295
 -22.7027 -58.4785
 -22.7473 -58.843
 -22.8988 -59.1129
 -22.8839 -59.3924
 -22.562 -59.7657
 -22.3871 -60.1214
 -22.2856 -60.2487
 -22.2257 -60.3361
 -22.1584 -60.3716
 -22.1057 -60.801
 -21.9935 -61.388
 -21.782 -61.5775
 -21.6799 -61.5779
 -21.6187 -61.7039
 -21.4464 -61.8475
 -21.2586 -61.8984
 -21.1657 -61.9255
 -21.1619 -62.0164
 -21.1481 -62.1359
 -21.1052 -62.1846
 -21.0969 -62.1935
209 128 6
 -21.5049 -55.4593
 -20.7313 -55.5299
 -20.2813 -55.6245
 -20.0752 -55.5257
 -19.9477 -55.4842
 -19.8882 -55.4945
210 7 5
 -13.496 -56.1638
 -12.6361 -56.3413
 -11.7383 -56.3192
 -11.5584 -56.1515
 -11.5287 -56.1442
210 4 4
 -13.496 -56.1638
 -14.0348 -55.4483
 -14.4557 -54.7428
 -14.45 -54.7136
211 4 3
 -14.8768 -55.1727
 -14.4671 -54.7049
 -14.45 -54.7136
211 80 6
 -14.8768 -55.1727
 -15.5721 -55.5408
 -15.9676 -55.4834
 -16.135 -55.5721
 -16.2262 -55.6173
 -16.2426 -55.625
212 26 15
 -10.4739 -42.7425
 -12.2008 -42.7136
 -13.1818 -41.7385
 -13.6709 -41.242
 -14.3732 -40.8767
 -14.9853 -40.4715
 -15.6356 -39.6984
 -16.113 -39.0559
 -16.1537 -38.8072
 -16.4445 -38.5168
 -17.1613 -38.7126
 -18.1119 -39.1675
 -18.6852 -39.2415
 -18.8056 -39.3132
 -18.8818 -39.3418
212 11 6
 -10.4739 -42.7425
 -8.79925 -42.4235
 -8.03205 -43.3707
 -7.90655 -44.3152
 -7.8137 -44.8038
 -7.827 -44.8872
213 127 7
 -19.2468 -37.2725
 -19.4766 -36.5892
 -19.6507 -36.5038
 -19.7318 -36.4414
 -19.8412 -36.3991
 -19.9572 -36.4076
 -20.0015 -36.4156
213 26 6
 -19.2468 -37.2725
 -19.1797 -38.198
 -18.9395 -38.7421
 -18.8311 -39.0802
 -18.9384 -39.2621
 -18.8818 -39.3418
214 1 25
 -23.5691 -30.7188
 -24.0577 -31.2134
 -24.0629 -31.2703
 -24.0989 -31.6649
 -24.0382 -32.0683
 -23.7796 -32.3978
 -23.5167 -32.9723
 -23.5475 -33.4491
 -23.9072 -33.6255
 -24.2238 -33.4872
 -24.3536 -33.4523
 -24.4399 -33.6844
 -24.5156 -33.4635
 -24.6719 -33.2313
 -24.8054 -32.98
 -24.9741 -32.7325
 -25.0943 -32.5816
 -25.1484 -32.3733
 -25.4314 -32.0981
 -25.7715 -32.0359
 -25.6571 -31.6888
 -25.5976 -31.278
 -25.6433 -31.066
 -25.7097 -30.9166
 -25.7163 -30.9013
214 2 17
 -23.5691 -30.7188
 -23.0011 -30.2169
 -22.67 -30.2097
 -22.4237 -30.3065
 -22.1651 -30.5594
 -21.8346 -30.7682
 -21.6935 -30.6511
 -21.361 -30.4842
 -21.0541 -30.5104
 -20.9538 -30.6794
 -20.6582 -30.7687
 -20.1428 -30.9895
 -19.8243 -31.2061
 -19.7111 -31.0995
 -19.6235 -31.0317
 -19.6162 -30.9837
 -19.6341 -30.9419
215 2 18
 -23.2165 -28.0835
 -22.924 -28.9258
 -22.8843 -29.7458
 -22.67 -30.2097
 -22.4237 -30.3065
 -22.1651 -30.5594
 -21.8346 -30.7682
 -21.6935 -30.6511
 -21.361 -30.4842
 -21.0541 -30.5104
 -20.9538 -30.6794
 -20.6582 -30.7687
 -20.1428 -30.9895
 -19.8243 -31.2061
 -19.7111 -31.0995
 -19.6235 -31.0317
 -19.6162 -30.9837
 -19.6341 -30.9419
215 27 8
 -23.2165 -28.0835
 -23.4543 -27.4252
 -23.1093 -27.0383
 -22.7917 -26.6854
 -22.8872 -26.4592
 -22.9517 -26.3536
 -22.9765 -26.3099
 -22.9797 -26.2991
216 40 13
 -12.4164 -15.3455
 -13.6095 -15.1619
 -13.7753 -15.2442
 -13.9305 -15.3222
 -13.9305 -15.4164
 -13.1115 -16.6227
 -12.3766 -17.9285
 -12.279 -17.9011
 -12.3572 -18.1222
 -12.4282 -18.4459
 -12.6973 -18.7505
 -12.9695 -18.8146
 -13.0588 -18.8711
216 92 3
 -12.4164 -15.3455
 -11.2689 -15.7603
 -11.2158 -15.9606
217 37 7
 -22.8638 -25.205
 -23.0411 -24.3736
 -23.1716 -24.1914
 -23.2795 -24.2607
 -24.1735 -24.6787
 -25.1166 -25.0686
 -25.1537 -25.0691
217 27 7
 -22.8638 -25.205
 -22.6317 -25.7915
 -22.6654 -25.8684
 -22.8268 -26.1424
 -22.9313 -26.319
 -22.9765 -26.3099
 -22.9797 -26.2991
218 61 22
 -23.3109 -13.3276
 -24.27 -13.6215
 -24.6812 -13.2936
 -25.5954 -12.5976
 -26.3043 -12.6297
 -26.6159 -12.9837
 -26.7545 -12.9817
 -27.0581 -13.2626
 -27.6243 -13.6924
 -28.3192 -14.0749
 -28.7013 -14.3941
 -28.719 -14.4802
 -28.7043 -14.6318
 -28.8778 -15.1207
 -29.2364 -15.7019
 -29.548 -16.0752
 -29.6825 -16.2679
 -29.7143 -16.5051
 -29.8428 -16.6717
 -29.9334 -16.6972
 -30 -16.8133
 -30.0425 -16.8949
218 55 8
 -23.3109 -13.3276
 -22.1708 -13.2604
 -21.8316 -13.4211
 -21.4883 -13.1095
 -21.2902 -12.853
 -21.0412 -13.116
 -20.793 -13.3706
 -20.7695 -13.3967
219 61 11
 -30.1083 -20.5354
 -31.0844 -19.603
 -31.6619 -19.0718
 -32.0459 -18.1317
 -31.9397 -17.0963
 -31.4513 -16.358
 -30.9757 -16.3719
 -30.5694 -16.7041
 -30.2702 -16.7505
 -30.0287 -16.8098
 -30.0425 -16.8949
219 20 6
 -30.1083 -20.5354
 -29.5887 -21.663
 -29.6044 -22.0734
 -29.6243 -22.1887
 -29.6046 -22.2505
 -29.5865 -22.2779
220 20 9
 -28.1651 -24.756
 -28.3154 -24.0753
 -28.6663 -23.7002
 -29.1642 -23.4411
 -29.5438 -23.2341
 -29.7686 -22.9514
 -29.7014 -22.6044
 -29.6014 -22.2863
 -29.5865 -22.2779
220 37 6
 -28.1651 -24.756
 -27.358 -25.5668
 -26.1478 -25.5644
 -25.3984 -25.2312
 -25.1651 -25.0885
 -25.1537 -25.0691
221 112 6
 -40.0415 -29.5568
 -39.9698 -30.9754
 -39.8085 -31.2156
 -39.6953 -31.3807
 -39.5866 -31.3496
 -39.4812 -31.3016
221 81 3
 -40.0415 -29.5568
 -40.0856 -28.227
 -40.1094 -28.2239
222 67 19
 -39.569 -27.1922
 -39.3797 -26.4289
 -39.1874 -25.9089
 -39.6119 -25.868
 -40.1131 -24.6832
 -40.303 -23.3092
 -40.5456 -22.9682
 -40.681 -22.9011
 -40.5266 -22.9321
 -40.1844 -22.9725
 -39.9567 -22.9494
 -39.883 -22.7998
 -39.8062 -22.6112
 -39.7533 -22.538
 -39.5039 -22.4997
 -39.1259 -22.405
 -38.7831 -22.337
 -38.5776 -22.3496
 -38.5657 -22.3595
222 81 3
 -39.569 -27.1922
 -39.8461 -27.8577
 -40.1094 -28.2239
223 78 16
 -48.0979 -20.348
 -46.4887 -19.5562
 -45.4492 -19.2206
 -45.5958 -17.7411
 -46.6366 -16.0886
 -46.8526 -15.3801
 -46.0825 -15.4366
 -45.3014 -15.4783
 -44.4265 -15.5588
 -43.5003 -15.607
 -43.1891 -15.4832
 -42.8042 -15.1786
 -42.5596 -14.8694
 -41.6237 -15.0135
 -40.7908 -15.2945
 -40.7935 -15.341
223 17 4
 -48.0979 -20.348
 -49.4866 -21.2121
 -49.614 -21.0411
 -49.6087 -20.9888
224 51 11
 -50.9851 -9.5564
 -51.4037 -9.0923
 -52.0519 -8.86875
 -52.3384 -8.24915
 -52.0275 -8.03765
 -51.5722 -7.7991
 -51.3414 -7.2705
 -51.1306 -7.095
 -50.8669 -7.02805
 -50.7834 -7.0531
 -50.7445 -7.0693
224 65 6
 -50.9851 -9.5564
 -50.8095 -10.3718
 -50.5028 -10.9086
 -50.1961 -11.3615
 -50.1516 -11.6502
 -50.1307 -11.6656
225 39 16
 -54.293 -2.00815
 -54.9813 -1.97995
 -55.6481 -1.8686
 -56.7107 -1.87595
 -57.4416 -1.8347
 -57.9275 -1.9379
 -58.5213 -1.87715
 -59.0017 -1.5389
 -59.2726 -1.44025
 -59.3669 -1.39305
 -59.4743 -1.3189
 -59.4789 -1.21815
 -59.4905 -1.1144
 -59.5086 -1.0429
 -59.5292 -0.98255
 -59.5668 -0.9494
225 51 28
 -54.293 -2.00815
 -53.5088 -1.83725
 -53.1768 -1.7141
 -53.0835 -1.58165
 -52.9521 -1.4762
 -52.8498 -1.5765
 -52.4702 -2.35115
 -52.1086 -3.15265
 -52.2914 -3.45945
 -51.5746 -3.48025
 -50.8998 -3.7666
 -50.6721 -3.82875
 -50.2329 -4.0421
 -49.5296 -4.4323
 -49.0446 -4.86065
 -48.8233 -5.4354
 -48.7692 -6.1477
 -49.048 -6.90205
 -49.5385 -7.24505
 -49.82 -7.19075
 -50.0842 -7.01145
 -50.4464 -6.8637
 -50.6157 -6.8964
 -50.583 -6.98545
 -50.5798 -7.0574
 -50.6593 -7.06475
 -50.7242 -7.0673
 -50.7445 -7.0693
226 19 26
 -43.6964 -6.9341
 -42.8464 -7.1531
 -42.7407 -6.9377
 -42.7204 -6.80905
 -42.6614 -6.8092
 -42.4132 -6.8332
 -42.1781 -6.51435
 -41.965 -6.01265
 -41.8738 -5.3615
 -42.0921 -4.60255
 -41.6763 -4.7732
 -41.1926 -4.58705
 -40.8941 -4.5851
 -40.7408 -4.68285
 -40.6348 -4.6388
 -40.5569 -4.62235
 -40.3964 -4.77605
 -40.1288 -5.1227
 -39.8682 -5.48055
 -39.3527 -5.7394
 -38.9052 -5.93415
 -38.7123 -6.14165
 -38.5679 -6.2783
 -38.4683 -6.26305
 -38.3754 -6.2268
 -38.3624 -6.1985
226 96 6
 -43.6964 -6.9341
 -44.4137 -6.60355
 -44.74 -7.0957
 -45.3731 -7.70115
 -45.7347 -7.8628
 -45.7621 -7.8863
227 56 32
 -37.6381 -5.22495
 -37.2568 -4.47665
 -37.0079 -3.4805
 -36.8862 -2.9479
 -36.7702 -3.1641
 -36.3761 -3.4062
 -35.6992 -3.5508
 -35.3275 -3.4632
 -35.1558 -3.37675
 -35.0379 -3.269
 -34.9929 -3.08335
 -34.821 -2.9182
 -34.3781 -2.69255
 -33.8287 -2.1808
 -33.5567 -1.90775
 -32.9554 -2.22595
 -32.3169 -2.56105
 -32.2085 -2.6397
 -32.0179 -2.7476
 -31.6919 -3.1614
 -31.091 -3.67765
 -30.6012 -3.8437
 -30.3097 -3.5754
 -30.0557 -3.3251
 -29.8559 -3.23745
 -29.5258 -3.0991
 -29.3713 -3.03215
 -29.371 -3.00615
 -29.3608 -2.98345
 -29.2673 -2.96415
 -29.1845 -2.9331
 -29.1853 -2.9108
227 19 4
 -37.6381 -5.22495
 -38.0961 -5.70945
 -38.2882 -6.145
 -38.3624 -6.1985
228 52 6
 -44.7625 6.0452
 -44.7848 5.38955
 -44.984 5.1012
 -45.1116 4.20365
 -44.9774 3.1795
 -44.874 2.8654
228 117 4
 -44.7625 6.0452
 -44.4093 7.39115
 -44.0205 8.22235
 -44.0036 8.2624
229 71 10
 -53.8988 4.21505
 -53.5322 5.49575
 -53.5155 6.3158
 -53.5584 6.6617
 -53.1529 6.693
 -52.7496 6.3907
 -52.5909 6.4502
 -52.2429 6.37325
 -51.9958 6.20265
 -51.9603 6.2024
229 105 18
 -53.8988 4.21505
 -53.7794 3.30075
 -53.1591 2.5565
 -52.9342 2.19975
 -52.9427 2.1833
 -53.2544 1.7986
 -54.0312 1.18165
 -54.5574 0.99985
 -54.5913 1.0286
 -54.5622 0.7554
 -54.9806 0.55955
 -55.7503 0.4178
 -56.1077 0.21405
 -56.1434 0.1987
 -56.4632 0.3007
 -56.7971 1.14285
 -56.8025 1.94045
 -56.807 1.9854
230 45 7
 -53.0636 28.9234
 -54.0036 28.9746
 -54.706 29.1129
 -55.3879 29.1282
 -56.1866 29.1264
 -56.3577 29.1131
 -56.3934 29.1055
230 76 5
 -53.0636 28.9234
 -52.9586 28.5604
 -53.118 28.0921
 -53.0722 28.0177
 -53.018 27.9728
231 23 3
 -49.8424 23.5933
 -50.439 23.0182
 -50.4413 22.9805
231 109 4
 -49.8424 23.5933
 -49.184 24.2064
 -49.11 24.3
 -49.1 24.318
232 59 15
 -47.6868 23.8905
 -46.979 22.7401
 -46.5512 22.7549
 -45.8452 23.2108
 -44.8347 23.6124
 -43.9461 23.8421
 -43.4418 23.8931
 -43.4043 23.9332
 -43.3672 24.1033
 -43.1099 24.1324
 -42.6696 24.108
 -42.4121 24.2155
 -42.3694 24.2981
 -42.3393 24.3167
 -42.3378 24.3214
232 109 4
 -47.6868 23.8905
 -48.5825 24.5802
 -49.0787 24.309
 -49.1 24.318
233 70 20
 -42.9973 15.0119
 -42.6042 14.0695
 -41.7932 13.2888
 -41.0121 12.4618
 -40.8396 12.1736
 -40.391 11.839
 -40.1035 11.5653
 -40.0404 11.4387
 -40.0336 11.3862
 -40.0049 11.2792
 -40.0133 11.1874
 -40.0466 11.1308
 -40.0321 11.0392
 -39.9816 10.9253
 -39.9121 10.8897
 -39.7884 10.9144
 -39.69 10.8712
 -39.5371 10.726
 -39.4204 10.5957
 -39.4343 10.5652
233 125 17
 -42.9973 15.0119
 -43.1204 16.2122
 -43.172 16.784
 -44.0118 16.9354
 -44.9505 17.0458
 -45.5746 17.2185
 -45.7808 17.0861
 -45.7886 16.0256
 -46.2034 14.6068
 -46.6645 14.1212
 -46.9769 13.8789
 -47.6995 13.7876
 -48.1353 13.8913
 -48.2324 13.8969
 -48.3464 13.9165
 -48.4004 13.9112
 -48.4305 13.9147
234 59 41
 -36.2547 18.2113
 -36.8984 18.0669
 -37.3887 17.9396
 -38.289 17.7964
 -39.5233 17.9927
 -39.9651 18.6829
 -39.7078 19.285
 -39.4807 19.6579
 -40.1208 20.3325
 -40.8498 20.8315
 -41.0549 20.9598
 -41.2969 21.2691
 -41.4119 21.4746
 -41.4688 21.5124
 -41.3747 21.6612
 -41.2542 21.9354
 -41.125 22.1627
 -41.1059 22.3014
 -41.1345 22.4798
 -41.0888 22.6089
 -41.0581 22.721
 -41.0126 22.8401
 -41.0111 22.9025
 -41.0663 22.9524
 -41.1373 22.9449
 -41.1815 22.9021
 -41.1956 22.8972
 -41.305 22.9452
 -41.3947 23.0872
 -41.4741 23.0884
 -41.6538 23.0935
 -41.6913 23.3275
 -41.6532 23.5116
 -41.6273 23.5502
 -41.8153 23.6382
 -42.0202 23.8201
 -42.1705 23.9944
 -42.2787 24.1271
 -42.3172 24.2577
 -42.3393 24.3167
 -42.3378 24.3214
234 94 47
 -36.2547 18.2113
 -35.6173 18.5055
 -35.1009 18.5976
 -34.5265 18.4886
 -33.683 18.3038
 -32.9832 17.9544
 -32.6986 17.7224
 -32.4054 17.6657
 -31.961 17.7161
 -31.5345 17.7421
 -31.3493 17.7603
 -31.1006 17.7103
 -30.7582 17.3965
 -30.4236 17.004
 -29.9396 17.0085
 -29.5498 17.2407
 -29.1917 17.3592
 -28.5207 17.3129
 -28.042 17.3207
 -27.9675 17.2885
 -27.6842 16.9192
 -27.3348 16.6913
 -27.1245 16.7311
 -26.8172 17.4064
 -26.2936 17.9417
 -25.9322 17.7919
 -26.1408 17.9869
 -26.2812 18.4075
 -26.2284 18.7129
 -26.1415 18.9052
 -26.0481 19.088
 -26.0007 19.1236
 -25.9159 19.0411
 -25.3976 18.9198
 -24.8856 19.0046
 -24.104 18.9943
 -23.3652 18.9535
 -23.2708 19.0294
 -22.9074 19.2464
 -22.5527 19.5273
 -22.4472 19.5987
 -22.3679 19.641
 -22.1876 19.8177
 -21.6848 19.7871
 -21.0895 19.6259
 -20.8139 19.6466
 -20.7656 19.6485
235 113 10
 -28.2169 28.6181
 -28.2953 27.4469
 -28.12 27.1266
 -27.4157 26.9829
 -26.8398 26.9196
 -26.6798 26.4969
 -26.3847 25.722
 -26.2333 25.2546
 -26.1664 25.0654
 -26.0883 24.9544
235 102 4
 -28.2169 28.6181
 -28.2449 29.7799
 -28.436 29.9853
 -28.501 29.997
236 45 9
 -41.4129 34.312
 -57.2934 29.6235
 -57.2495 29.5612
 -57.0616 29.5764
 -56.8017 29.4603
 -56.6682 29.2922
 -56.537 29.175
 -56.415 29.0991
 -56.3934 29.1055
236 60 12
 -41.4129 34.312
 -26.2864 38.5211
 -26.8671 37.7455
 -26.541 37.1679
 -26.0769 36.4471
 -25.743 35.6944
 -25.6719 35.3766
 -25.6271 35.2894
 -25.7127 35.1869
 -25.7681 35.0546
 -25.7608 34.9865
 -25.7664 34.9705
237 113 14
 -23.9042 29.6226
 -23.9869 29.0341
 -24.2649 28.597
 -24.6603 28.379
 -24.7752 28.3261
 -25.2972 28.101
 -25.749 27.7311
 -26.2824 27.2034
 -26.8398 26.9196
 -26.6798 26.4969
 -26.3847 25.722
 -26.2333 25.2546
 -26.1664 25.0654
 -26.0883 24.9544
237 60 18
 -23.9042 29.6226
 -23.8399 30.6773
 -24.0028 31.475
 -24.1586 31.6818
 -24.1572 32.1038
 -24.1375 32.6086
 -24.2512 33.2008
 -24.3083 33.664
 -24.8355 33.6868
 -25.5717 33.6705
 -25.3218 34.0455
 -25.2575 34.5673
 -25.3269 34.7015
 -25.4519 34.6828
 -25.5569 34.7857
 -25.6947 34.9389
 -25.7569 34.9769
 -25.7664 34.9705
238 94 25
 -11.5031 20.3779
 -12.3446 21.6217
 -13.5114 22.1705
 -14.5044 22.112
 -15.8053 22.1586
 -16.7138 22.16
 -16.7128 21.6301
 -16.7242 20.6252
 -17.1851 19.4921
 -17.9981 18.8427
 -18.848 18.7149
 -19.392 18.6247
 -19.6696 18.3426
 -20.1229 18.0874
 -20.7103 17.7548
 -20.7776 18.4174
 -21.2076 18.7869
 -21.7037 19.135
 -22.305 19.5359
 -22.3679 19.641
 -22.1876 19.8177
 -21.6848 19.7871
 -21.0895 19.6259
 -20.8139 19.6466
 -20.7656 19.6485
238 35 11
 -11.5031 20.3779
 -11.3288 19.4293
 -11.6685 18.8851
 -12.1838 18.4237
 -12.296 17.9471
 -11.9159 17.2845
 -11.3608 16.5445
 -10.198 16.1255
 -9.1246 15.8608
 -8.86295 15.6544
 -8.858 15.6605
239 70 28
 -35.8867 11.7884
 -36.5637 11.7798
 -36.9807 11.5972
 -37.0471 11.5533
 -37.1629 11.9869
 -37.3606 12.5863
 -37.933 12.7299
 -38.4102 12.5991
 -38.5684 12.5231
 -38.7496 12.4992
 -39.0135 12.4834
 -39.3085 12.5232
 -39.2909 12.4793
 -39.1701 12.2973
 -39.159 12.1663
 -39.246 11.978
 -39.2259 11.5692
 -39.1507 11.3138
 -39.3183 11.1724
 -39.5537 11.158
 -39.653 11.3017
 -39.6545 11.2037
 -39.6986 11.0562
 -39.7262 10.9476
 -39.69 10.8712
 -39.5371 10.726
 -39.4204 10.5957
 -39.4343 10.5652
239 42 5
 -35.8867 11.7884
 -35.6289 11.5513
 -35.6691 11.3787
 -35.7097 11.3162
 -35.7298 11.2872
240 104 10
 -35.4653 -8.4883
 -34.4073 -8.26435
 -33.9109 -8.0828
 -33.9525 -8.3216
 -33.9671 -8.98285
 -34.0013 -9.39095
 -34.1179 -9.39895
 -35.0454 -9.71975
 -35.9395 -10.0602
 -35.954 -10.1017
240 19 8
 -35.4653 -8.4883
 -36.2073 -8.5496
 -36.7618 -8.04475
 -37.1877 -7.3845
 -37.7991 -7.10595
 -38.3774 -6.6097
 -38.3754 -6.2268
 -38.3624 -6.1985
241 56 21
 -30.8344 0.99465
 -31.3914 -0.05985
 -31.3827 -0.6208
 -31.424 -1.243
 -31.2908 -1.8716
 -31.2253 -1.9667
 -31.578 -2.4179
 -32.0179 -2.7476
 -31.6919 -3.1614
 -31.091 -3.67765
 -30.6012 -3.8437
 -30.3097 -3.5754
 -30.0557 -3.3251
 -29.8559 -3.23745
 -29.5258 -3.0991
 -29.3713 -3.03215
 -29.371 -3.00615
 -29.3608 -2.98345
 -29.2673 -2.96415
 -29.1845 -2.9331
 -29.1853 -2.9108
241 9 17
 -30.8344 0.99465
 -29.9472 2.05765
 -29.7731 2.6918
 -29.9258 3.45565
 -29.8479 4.24465
 -29.7709 4.52665
 -29.8204 4.676
 -29.6384 4.78535
 -29.4582 5.42525
 -29.0071 6.03525
 -28.7775 6.2793
 -29.1656 6.63765
 -29.6221 6.621
 -30.0434 6.8955
 -30.3058 7.64205
 -30.7241 8.01245
 -31.0093 8.1128
242 35 9
 -4.5898 17.8358
 -5.6084 18.4195
 -6.60545 18.4472
 -7.0483 17.6901
 -7.65905 16.9975
 -8.49155 16.2583
 -8.7951 15.8766
 -8.8527 15.6719
 -8.858 15.6605
242 89 7
 -4.5898 17.8358
 -3.8163 17.2843
 -3.019 16.5565
 -2.9108 16.0078
 -3.31745 15.3827
 -3.37625 15.1647
 -3.3789 15.1402
243 35 7
 -8.05665 18.6597
 -8.35805 17.8641
 -8.94325 17.2283
 -8.91055 16.6061
 -8.7951 15.8766
 -8.8527 15.6719
 -8.858 15.6605
243 122 5
 -8.05665 18.6597
 -8.2696 19.3755
 -8.34005 19.9422
 -8.3685 20.0704
 -8.3907 20.1021
244 13 14
 -1.3198 31.2897
 -0.2873 32.1367
 0.67475 33.479
 -0.34575 34.1381
 -1.8613 34.2147
 -2.48565 34.09
 -3.20035 33.7713
 -3.99975 33.2848
 -4.12545 32.9903
 -4.14275 32.8614
 -4.14185 32.7652
 -4.11155 32.6605
 -4.0749 32.5586
 -4.0701 32.5308
244 83 5
 -1.3198 31.2897
 -0.3582 31.0756
 1.26435 30.3354
 1.96005 29.7003
 1.9572 29.617
245 13 12
 -5.4796 35.1538
 -5.2596 34.1147
 -4.96935 33.3177
 -5.023 32.9993
 -4.72895 32.8743
 -4.4882 32.805
 -4.30225 32.8524
 -4.1533 32.8019
 -4.14185 32.7652
 -4.11155 32.6605
 -4.0749 32.5586
 -4.0701 32.5308
245 31 17
 -5.4796 35.1538
 -4.98885 36.3269
 -4.51995 36.9914
 -4.5404 37.1163
 -4.4483 37.2291
 -3.8377 37.2369
 -3.28475 37.2707
 -3.12345 37.9937
 -2.9605 38.7246
 -2.8689 38.8401
 -3.0531 39.1385
 -3.8163 39.7052
 -4.5137 40.2657
 -4.66185 40.7147
 -4.7546 40.2043
 -4.88135 39.7586
 -4.9219 39.5886
246 31 14
 -0.90195 43.1686
 -1.85985 43.3129
 -3.8321 43.159
 -5.95565 43.2164
 -6.4659 43.4923
 -6.2451 43.1464
 -5.79865 42.6936
 -5.5902 42.4393
 -5.29485 41.7027
 -4.79665 41.0103
 -4.66185 40.7147
 -4.7546 40.2043
 -4.88135 39.7586
 -4.9219 39.5886
246 54 5
 -0.90195 43.1686
 0.34715 42.9666
 0.96275 42.7605
 0.96475 42.5996
 0.957 42.5644
247 93 3
 5.2447 42.8885
 4.99305 41.309
 4.9679 41.3069
247 49 3
 5.2447 42.8885
 5.52185 44.5191
 5.5725 44.5721
248 121 11
 34.7534 13.306
 35.2647 12.9853
 35.2329 12.7746
 35.2907 12.9719
 35.5669 13.3416
 35.9135 13.5478
 36.1208 13.5729
 36.3092 13.7688
 36.5022 13.9145
 36.6611 14.0391
 36.697 14.0756
248 57 6
 34.7534 13.306
 34.093 13.9222
 34.0215 14.4908
 34.1036 14.8287
 34.1146 14.9629
 34.1284 14.9686
249 121 23
 35.9556 8.427
 36.1329 8.93065
 36.1142 9.249
 35.6494 9.43045
 35.104 9.2028
 35.3426 9.7835
 35.2964 10.6355
 35.0966 11.0691
 34.7715 11.1893
 34.4662 11.3335
 34.4905 11.6449
 34.8632 11.995
 35.1609 12.3356
 35.2032 12.5979
 35.2329 12.7746
 35.2907 12.9719
 35.5669 13.3416
 35.9135 13.5478
 36.1208 13.5729
 36.3092 13.7688
 36.5022 13.9145
 36.6611 14.0391
 36.697 14.0756
249 119 4
 35.9556 8.427
 36.1245 7.533
 36.3654 7.0056
 36.3678 6.8946
250 118 25
 41.0938 8.2542
 40.6915 6.64875
 40.6761 5.8882
 40.7804 5.0443
 40.9127 3.7646
 41.0575 3.10175
 41.2273 2.91995
 41.7617 2.19725
 42.0113 0.95945
 41.9032 0.15545
 42.0719 -0.2715
 42.2588 -0.7677
 42.444 -1.0617
 42.5826 -1.2809
 43.799 -1.84065
 44.9925 -2.41535
 44.9038 -2.83695
 44.7467 -3.592
 44.7703 -4.23095
 44.6987 -4.31145
 44.5427 -4.35415
 44.4988 -4.4874
 44.5089 -4.64775
 44.5 -4.73725
 44.4966 -4.7709
250 73 7
 41.0938 8.2542
 41.5698 9.2846
 41.9844 9.4186
 41.43 9.4932
 41.0098 9.7959
 40.7865 9.9841
 40.7499 9.9973
251 30 11
 48.9524 -19.2231
 49.1749 -19.5681
 49.4487 -19.861
 49.4313 -20.1196
 49.3871 -20.4864
 49.4066 -20.6138
 49.5599 -20.9823
 49.7183 -21.4668
 49.773 -21.9219
 49.8263 -22.2453
 49.8337 -22.252
251 111 6
 48.9524 -19.2231
 48.7486 -18.7425
 48.7819 -18.2728
 49.1409 -18.3701
 49.2649 -18.5006
 49.2756 -18.4956
252 24 30
 40.7089 -18.5019
 40.4238 -17.3965
 40.2147 -16.9976
 39.998 -16.4679
 39.7733 -15.8091
 39.6833 -15.4901
 39.8157 -15.0496
 39.8876 -14.626
 39.8635 -14.1989
 40.4941 -13.5299
 40.6284 -12.8807
 40.0667 -12.5816
 40.0112 -12.2388
 40.09 -11.8887
 40.0265 -11.8766
 39.8822 -11.9075
 39.7766 -11.9201
 39.7826 -11.7756
 39.8261 -11.6237
 39.8289 -11.545
 39.7826 -11.3545
 39.6982 -11.1816
 39.6291 -11.151
 39.5392 -11.1136
 39.4016 -11.1103
 39.3298 -11.0912
 39.3116 -11.003
 39.3049 -10.9216
 39.2993 -10.8666
 39.3002 -10.866
252 111 21
 40.7089 -18.5019
 40.9049 -19.2964
 41.4042 -19.1944
 42.7567 -18.6264
 43.7717 -17.5845
 43.8546 -16.7846
 44.6387 -16.7714
 45.7859 -17.1185
 46.2093 -17.2168
 46.2696 -17.2523
 46.3796 -17.6671
 46.7715 -17.9555
 46.8447 -18.0145
 47.1682 -18.0999
 47.3228 -18.6953
 47.7898 -18.3377
 48.4198 -18.36
 48.7819 -18.2728
 49.1409 -18.3701
 49.2649 -18.5006
 49.2756 -18.4956
253 24 30
 39.4017 -18.4566
 40.1313 -17.623
 40.2147 -16.9976
 39.998 -16.4679
 39.7733 -15.8091
 39.6833 -15.4901
 39.8157 -15.0496
 39.8876 -14.626
 39.8635 -14.1989
 40.4941 -13.5299
 40.6284 -12.8807
 40.0667 -12.5816
 40.0112 -12.2388
 40.09 -11.8887
 40.0265 -11.8766
 39.8822 -11.9075
 39.7766 -11.9201
 39.7826 -11.7756
 39.8261 -11.6237
 39.8289 -11.545
 39.7826 -11.3545
 39.6982 -11.1816
 39.6291 -11.151
 39.5392 -11.1136
 39.4016 -11.1103
 39.3298 -11.0912
 39.3116 -11.003
 39.3049 -10.9216
 39.2993 -10.8666
 39.3002 -10.866
253 86 7
 39.4017 -18.4566
 38.0331 -18.0877
 37.0234 -17.4809
 36.6762 -17.5522
 36.4376 -17.5352
 36.258 -17.522
 36.2222 -17.57
254 24 16
 34.6166 -12.1001
 36.1546 -12.2232
 36.6588 -11.6344
 37.294 -11.0992
 38.0401 -11.1416
 38.4746 -11.2481
 38.6464 -11.1173
 38.8331 -10.9744
 38.9505 -10.9685
 39.0003 -10.9746
 39.0756 -10.9564
 39.1511 -10.8707
 39.2244 -10.8127
 39.2763 -10.8347
 39.2973 -10.8551
 39.3002 -10.866
254 72 8
 34.6166 -12.1001
 33.3347 -11.8761
 32.9326 -12.1602
 32.5363 -12.763
 32.4036 -13.2984
 32.2322 -13.5216
 31.9426 -13.587
 31.7026 -13.6262
255 58 15
 32.2868 9.8546
 30.8446 9.776
 30.4581 9.443
 30.1791 9.89815
 30.4179 10.5706
 30.7146 11.148
 30.3549 11.2957
 29.7341 11.4885
 29.3689 11.8141
 28.9637 11.7912
 28.4834 11.9082
 28.3578 12.1884
 27.9535 12.6101
 27.584 12.9423
 27.5976 12.9748
255 121 20
 32.2868 9.8546
 33.5446 9.75445
 33.5507 10.0742
 33.5068 10.2243
 33.8577 10.7501
 34.2833 11.2983
 34.4662 11.3335
 34.4905 11.6449
 34.8632 11.995
 35.1609 12.3356
 35.2032 12.5979
 35.2329 12.7746
 35.2907 12.9719
 35.5669 13.3416
 35.9135 13.5478
 36.1208 13.5729
 36.3092 13.7688
 36.5022 13.9145
 36.6611 14.0391
 36.697 14.0756
256 35 39
 3.02955 7.8482
 4.1828 8.4823
 4.31475 8.92025
 5.72555 8.6343
 4.3682 9.10025
 4.233 9.9899
 3.9557 11.5764
 3.0779 12.7596
 2.4568 13.6206
 2.7156 14.3771
 2.3945 14.6294
 1.2161 15.1519
 0.502 15.7501
 0.6129 16.3028
 0.60315 17.1235
 0.38585 17.4761
 0.59815 17.8476
 0.527 18.3673
 -0.37985 19.132
 -1.5079 19.6308
 -2.1556 19.4916
 -2.2249 19.4095
 -2.4368 19.4582
 -2.7076 19.5002
 -2.81515 19.519
 -2.99725 19.689
 -3.35095 19.9022
 -3.81025 20.1754
 -4.43035 20.357
 -5.21225 20.0964
 -5.89085 19.485
 -6.16155 19.0775
 -6.60545 18.4472
 -7.0483 17.6901
 -7.65905 16.9975
 -8.49155 16.2583
 -8.7951 15.8766
 -8.8527 15.6719
 -8.858 15.6605
256 101 4
 3.02955 7.8482
 1.63 6.9241
 1.3072 6.22535
 1.2955 6.1223
257 115 6
 15.6274 -16.5563
 15.2334 -15.7637
 14.6379 -15.3013
 14.1396 -15.3163
 14.065 -15.3565
 14.0493 -15.3566
257 90 4
 15.6274 -16.5563
 15.9007 -17.3799
 15.8995 -17.975
 15.8631 -18.1016
258 115 16
 23.143 -13.0809
 21.8703 -13.0984
 21.1763 -13.0338
 20.4403 -12.8024
 19.6538 -12.0683
 20.1416 -12.9012
 19.5154 -13.8086
 18.556 -14.2022
 18.4888 -14.2955
 17.8048 -14.8039
 16.2081 -15.6784
 15.2334 -15.7637
 14.6379 -15.3013
 14.1396 -15.3163
 14.065 -15.3565
 14.0493 -15.3566
258 72 18
 23.143 -13.0809
 23.8405 -11.8311
 24.0359 -10.6076
 24.8069 -10.4562
 24.5238 -10.6859
 24.4736 -11.9001
 24.8157 -13.3355
 25.6206 -14.1103
 26.5532 -14.3068
 27.328 -14.4269
 27.7148 -14.9706
 28.0424 -15.3001
 28.6546 -14.9415
 29.5716 -14.327
 30.2794 -13.8657
 31.188 -13.7437
 31.7229 -13.7311
 31.7026 -13.6262
259 36 11
 35.7836 -18.0058
 36.1334 -19.8661
 36.8627 -21.3158
 36.7752 -21.9
 36.6723 -22.4956
 36.5415 -22.5262
 35.8448 -22.5276
 34.9811 -23.125
 34.6475 -23.9416
 34.5426 -24.2073
 34.5006 -24.2515
259 86 3
 35.7836 -18.0058
 36.1984 -17.5727
 36.2222 -17.57
260 62 14
 8.72925 -46.6758
 8.99925 -48.1962
 8.93355 -48.3701
 8.8056 -48.5104
 8.1555 -49.0827
 7.4815 -49.7379
 7.3695 -50.2281
 6.63665 -50.7868
 5.6794 -50.9813
 5.4131 -50.7466
 5.2359 -50.6577
 5.11935 -50.7271
 5.0769 -50.7922
 5.0539 -50.8445
260 3 4
 8.72925 -46.6758
 7.8629 -45.31
 7.2663 -45.3461
 7.202 -45.3936
261 53 35
 -4.42505 -45.7732
 -3.20585 -46.7326
 -2.5614 -47.6232
 -2.5457 -47.8017
 -2.26225 -47.9497
 -1.363 -48.1009
 0.00495002 -48.3755
 0.81145 -48.6269
 1.0567 -48.4715
 0.86715 -48.7596
 0.6471 -49.0903
 0.1981 -49.5045
 -0.18565 -49.7356
 -0.10525 -49.9605
 0.3559 -50.4023
 0.6927 -50.7184
 0.6273 -50.9403
 0.4646 -51.1672
 0.5271 -51.2859
 0.6676 -51.4881
 0.67055 -51.7002
 0.6419 -51.7555
 0.64855 -51.7978
 0.67345 -51.9247
 0.76215 -52.0729
 0.8292 -52.1472
 0.86315 -52.1663
 0.8944 -52.2272
 0.91735 -52.3294
 0.9354 -52.3918
 0.96705 -52.3616
 1.0054 -52.3548
 1.0599 -52.3502
 1.11535 -52.3436
 1.1289 -52.3447
261 11 20
 -4.42505 -45.7732
 -5.1593 -44.3529
 -5.48775 -43.0538
 -5.72495 -42.9862
 -5.88845 -43.0141
 -6.2873 -42.3436
 -6.0114 -41.4483
 -5.3967 -41.1699
 -5.34415 -40.5414
 -5.3189 -39.9362
 -5.9304 -39.8322
 -6.971 -39.6013
 -7.48775 -39.7267
 -7.56925 -40.131
 -7.40845 -40.9774
 -7.6363 -42.2656
 -8.03205 -43.3707
 -7.90655 -44.3152
 -7.8137 -44.8038
 -7.827 -44.8872
262 53 20
 -0.13135 -54.2218
 0.39575 -54.2537
 0.7698 -54.1735
 0.77035 -54.0623
 0.57955 -53.7209
 0.53445 -53.144
 0.50625 -52.834
 0.49875 -52.7612
 0.52795 -52.6797
 0.6466 -52.637
 0.7144 -52.5737
 0.76235 -52.4816
 0.88055 -52.431
 0.9285 -52.4119
 0.9354 -52.3918
 0.96705 -52.3616
 1.0054 -52.3548
 1.0599 -52.3502
 1.11535 -52.3436
 1.1289 -52.3447
262 5 6
 -0.13135 -54.2218
 -0.75815 -54.0253
 -1.07595 -54.1157
 -1.2524 -54.3439
 -1.4196 -54.3214
 -1.4197 -54.3139
263 53 32
 3.7997 -50.2726
 3.4902 -50.019
 3.20865 -50.4049
 2.96925 -50.6708
 2.96385 -50.8766
 2.93105 -51.1181
 2.46795 -51.2757
 1.9501 -51.4986
 1.62745 -51.5886
 1.4401 -51.5056
 1.56005 -51.6499
 1.45365 -51.8937
 1.20235 -51.9269
 1.08955 -51.8167
 1.07175 -51.7909
 1.02235 -51.7299
 0.9543 -51.7256
 0.9196 -51.7693
 0.89965 -51.8
 0.9281 -51.8531
 0.87225 -51.9406
 0.8265 -52.0616
 0.8773 -52.1492
 0.86315 -52.1663
 0.8944 -52.2272
 0.91735 -52.3294
 0.9354 -52.3918
 0.96705 -52.3616
 1.0054 -52.3548
 1.0599 -52.3502
 1.11535 -52.3436
 1.1289 -52.3447
263 62 6
 3.7997 -50.2726
 4.57755 -50.4669
 4.92605 -50.5807
 5.03085 -50.6735
 5.0769 -50.7922
 5.0539 -50.8445
264 47 12
 15.1179 -20.1554
 15.637 -21.4064
 15.5109 -21.7178
 14.1511 -22.0226
 13.3644 -22.6296
 12.6425 -22.3918
 11.7416 -22.2681
 10.9935 -22.0899
 10.2472 -22.7537
 9.55625 -23.4281
 9.5132 -23.4631
 9.4947 -23.4825
264 90 4
 15.1179 -20.1554
 15.1417 -18.6811
 15.795 -18.1214
 15.8631 -18.1016
265 46 12
 18.0954 -33.2256
 19.8088 -34.6695
 19.9839 -35.3147
 21.0119 -35.6499
 21.3289 -37.2196
 22.8829 -38.9304
 24.3009 -40.201
 24.9181 -41.3744
 25.3764 -41.7445
 25.6372 -42.3935
 25.7849 -42.8526
 25.8183 -42.8135
265 99 7
 18.0954 -33.2256
 16.9492 -32.2495
 16.2257 -32.5837
 15.7194 -33.2522
 14.3046 -33.775
 13.6679 -34.8176
 13.9026 -35.3344
266 36 12
 30.0914 -22.2563
 31.2633 -21.788
 31.5708 -21.5759
 31.8056 -21.8169
 31.9453 -21.9025
 32.4403 -22.3033
 32.9338 -22.9587
 33.6548 -23.307
 34.508 -23.5632
 34.6475 -23.9416
 34.5426 -24.2073
 34.5006 -24.2515
266 41 3
 30.0914 -22.2563
 28.8889 -22.522
 28.7174 -22.6816
267 6 4
 49.2273 -23.4514
 48.4252 -24.1483
 47.7803 -24.0998
 47.6728 -23.9765
267 30 4
 49.2273 -23.4514
 49.6499 -22.6082
 49.8208 -22.3195
 49.8337 -22.252
268 36 14
 40.4368 -28.8113
 39.8808 -28.1604
 39.0853 -28.0111
 38.2043 -27.9841
 37.2878 -27.4861
 36.8632 -26.9973
 37.0432 -26.4446
 36.4641 -25.189
 35.1438 -24.8881
 34.5457 -25.3668
 34.6534 -25.0904
 34.6185 -24.5644
 34.5035 -24.2506
 34.5006 -24.2515
268 123 13
 40.4368 -28.8113
 40.77 -29.4733
 41.0973 -29.5952
 41.1935 -30.136
 41.2668 -30.8521
 41.4113 -31.0083
 41.5204 -31.1627
 41.59 -31.3431
 41.5921 -31.4181
 41.6001 -31.5704
 41.6286 -31.7644
 41.661 -31.879
 41.6486 -31.9166
277 107 12
 -38.2948 -68.7553
 -38.3254 -68.7386
 -35.5691 -67.7388
 -32.3147 -66.657
 -31.4394 -66.3647
 -30.9578 -65.8693
 -30.7078 -65.5014
 -30.6173 -65.3493
 -30.5971 -65.1132
 -30.4324 -64.9292
 -30.3031 -64.9088
 -30.2942 -64.8888
278 123 34
 60.4235 -37.6615
 60.3407 -39.0302
 58.2326 -41.0599
 55.9122 -41.7174
 55.4491 -41.5981
 54.7187 -41.4127
 53.8941 -41.4402
 53.3643 -41.2397
 51.8986 -41.2785
 50.6855 -41.3111
 50.3355 -40.8689
 50.1621 -40.6304
 50.3347 -40.0248
 49.8716 -39.3548
 49.8058 -38.9706
 50.2566 -38.3007
 49.5022 -38.0818
 48.5686 -38.1833
 47.4954 -38.3769
 46.5577 -38.7005
 45.6026 -38.809
 44.4599 -38.5647
 44.3022 -37.2591
 43.9463 -35.5037
 43.6482 -34.3409
 42.9551 -33.9934
 41.68 -33.9431
 41.2598 -33.3185
 41.3279 -32.6013
 41.4603 -32.3876
 41.6444 -32.2018
 41.6997 -32.018
 41.6782 -31.9393
 41.6486 -31.9166
279 31 13
 -11.95 42.6967
 -9.21215 43.1342
 -6.49225 43.553
 -6.4659 43.4923
 -6.2451 43.1464
 -5.79865 42.6936
 -5.5902 42.4393
 -5.29485 41.7027
 -4.79665 41.0103
 -4.66185 40.7147
 -4.7546 40.2043
 -4.88135 39.7586
 -4.9219 39.5886
