   1.1846963204763710     
   1.2627222997245255     
   9.2555332474675058     
   7.8015458215304578     
   4.2279565483024353     
   3.7261659032369585     
   1.6983899121688775     
   4.3645503538210209     
   3.0426997733757930     
   1.7803641042670137     
   4.7737282406276487     
   6.3063230337851435     
   3.2541809442629201     
   1.2938760056215211     
   3.5999131992444320     
   1.2901120564395849     
   1.5235526882626573     
  0.83194770364361570     
   3.9794493805394984     
   5.3940422927297886     
   5.1667460437883141     
   2.7456198038592055     
   4.0862021364544976     
  0.86379585074106457     
   1.4079179593794378     
   1.5608635535088571     
  0.84952281559044796     
  0.92885463261635592     
   3.3211598974167220     
   1.5018126677908128     
   2.7717344247012941     
   1.3377292006830539     
   7.5976367399960898     
   1.3537656797542907     
   3.2691831077693148     
   1.9195464096594039     
   1.6751571547363389     
   1.1091951898621191     
   3.7055431529180920     
   1.9884106948444940     
   2.6269611870553904     
   3.7528071327312786     
   21.933930350139399     
   5.7553947501564053     
   34.533502560625877     
   15.056838251928648     
   5.3014426226530889     
   5.0052808117270873     
   5.1812071951125249     
   1.6536493111549309     
   1.2366913031784204     
   1.7452597582081046     
   1.5062396345509970     
  0.96928110295970415     
   3.8852489293597365     
   1.6498425607668883     
   1.4683827574450994     
   2.5221253615980697     
   3.1854858192030222     
   5.7411728602639105     
   2.4411534396851984     
   4.5017005187817514     
   3.2721802796325870     
  0.78761965992952576     
   3.1921631659696792     
   2.7201786779795687     
   2.3408183945154319     
   4.4891907468591201     
   3.7187036255787866     
  0.98518267075339006     
   3.2142911939564116     
   1.1745665267109608     
   1.1769690442529395     
  0.43396836112045922     
   5.6692396963933502     
   1.0346219934190923     
   1.1764607941177192     
  0.79929119309164132     
   3.8141712612398684     
   3.5238024509101824     
   2.1769879542959929     
  0.89319557674376959     
   11.858507512737607     
   1.5086241306719868     
   8.7644310012435280     
   6.6642426842743809     
   2.1917900835865711     
   7.2181845491016698     
   5.7342761361628352     
   1.3053737956139977     
   3.8958110508277199     
  0.73948398822927930     
   2.5629964743008156     
   1.9220521864587652     
   4.6100575985631496     
   2.3632563135118896     
   6.8400712506002721     
   3.9857297008365125     
   1.3723835908368645     
   1.2624321485935541     
   1.3711203687956472     
   1.2430700380859274     
   5.4741903630200719     
   1.3691401266809622     
   3.3623610839553706     
   3.1762352903714155     
   5.0392697908986346     
   3.2436703766745150     
   5.8644384520799475     
   1.7014901283523840     
   3.8794440863930628     
   2.1459035959177730     
   4.9187549198982792     
   1.6801462731907653     
   11.975105101037412     
   1.9256233790605659     
   5.8550839248887412     
   2.9859162200316476     
   5.4904713025758820     
   1.1319809653903758     
   4.9565684622644852     
   1.3758486477880749     
   3.7569563514594040     
   5.7409518526392240     
   5.2316880398142729     
   3.9721346671238686     
   2.1450387816856291     
   1.4675534979845177     
   1.7559964868213505     
  0.93360103073130296     
   3.5189285377034665     
   1.3550429233271521     
   4.4708058316093497     
   1.3559483573146405     
   1.8251081182447866     
   2.0621601751510266     
   4.0722302640139967     
   1.6811520892610574     
   2.5823518746609384     
   1.8027211108303192     
   7.5217932115952308     
   3.7352743598210623     
   3.0907908745833779     
  0.82955809249418300     
   2.0699400929633960     
   1.3668663653554509     
   2.5421840448472364     
   1.1156972187456626     
   4.9567932100266239     
  0.78123784734468116     
   1.9345698167709036     
   1.3371358941508757     
   1.0581347224791913     
   1.0610260852277369     
   1.4894950018414597     
   5.0081190247511387     
   4.3868817925057710     
   1.1261424802193603     
   1.1545542638862543     
  0.95518395897525565     
  0.64103071201410400     
   1.0124103000389670     
   5.6449314375277879     
   2.8264711057484844     
  0.98456233469929832     
   1.4784875906063180     
   4.3168701156210512     
   2.7923272077523298     
   3.1514166927467331     
   1.3209740878431264     
   3.6569824493637477     
   1.4273891552624789     
   2.0359551761228518     
   1.0061297511409992     
   5.4409293942875401     
   2.0381204425506536     
   4.1102989208582610     
   1.4242396497213410     
   1.9701149436528049     
   2.0091698843793804     
   1.8522217420059346     
   1.3545320822440177     
   3.9637714797423516     
   1.1719160439839846     
   7.2614884810346512     
   1.7407262879334608     
   2.2252402171843180     
   1.4329922037475882     
   3.2160928115498160     
   6.0580722045538113     
   4.8329983493502802     
   1.7379988585872117     
   6.1183221967959032     
  0.84966386284598439     
   2.2239672160044912     
   1.4784606876883448     
   2.6121146890563911     
   4.4881612328541811     
   1.8315811155427930     
  0.53563014650714336     
  0.86642657890984198     
  0.94083921619845412     
   3.7421152148908501     
   1.1767176845705003     
   3.5648387794552958     
   5.3478274370268348     
   6.0072716715447303     
   9.8415883554786863     
   3.1073538894492305     
   1.2942265707679745     
   17.127536644672119     
   17.463297336820936     
   3.5793073937022708     
   3.9049529177447120     
   8.7450383644420899     
   3.9971461402518353     
   3.7789682321212572     
  0.46006707798962532     
   2.8027013656114628     
   2.3545450748358778     
   4.1919320499365993     
   5.3190162656643327     
   3.3896340962171512     
   1.7596760727639895     
   1.6990569693016748     
  0.91682413019434972     
   4.4182595826618893     
   2.0104879444455461     
   1.9582448547464377     
   4.9585566727871484     
   5.5535188210835171     
   1.4622834397538671     
   1.6246586583620339     
   1.7272960883880042     
   1.7373598198266482     
   1.2808260542594672     
   4.3866187978500282     
   1.1318668175591400     
   8.1511927857097319     
   2.0253683030688046     
   1.6460753067121032     
  0.91759884639760481     
   5.2084343358773326     
   6.3315977882596606     
   5.1746532527453484     
   2.0118560245680985     
   3.2993190095952021     
   2.7905049845930350     
   4.5224333759297508     
   4.0705835790795319     
   14.647186820355428     
   1.8845350431107084     
   1.4150538922570219     
   1.1312193298685862     
   6.4071705640295766     
   8.0324391420371963     
   4.0147536093298539     
  0.62364812602922315     
   4.2004590114110121     
   1.7772808701784115     
   6.2026288389438280     
   7.8144515044948690     
   1.6982890131633064     
  0.96034185343560285     
   2.7705040558767164     
   1.0559996750324159     
   5.2961887212301191     
   1.6163321429748618     
   7.7612685695781938     
   4.1333302685515276     
   3.5613536973037192     
   1.4657784786920920     
   1.3897245488513628     
   1.0806171216514924     
   5.0669387854072339     
   2.0077570420206996     
   4.6229789683116760     
   15.170093379351334     
   5.2312728668963553     
