273
132 103 14
 76.7862 16.3792
 78.0633 17.1777
 78.7194 16.9226
 78.2733 17.6648
 78.0796 18.4131
 78.4448 18.693
 78.8691 18.991
 78.9234 19.0486
 79.0547 19.1719
 79.35 19.3924
 78.8136 19.918
 78.3511 20.7031
 78.2488 20.8704
 78.2458 20.8859
132 9 4
 76.7862 16.3792
 75.8057 15.3197
 75.6565 15.278
 75.6004 15.2654
133 32 7
 66.2545 -12.7202
 66.55 -11.5471
 66.3325 -11.282
 65.8406 -10.2677
 65.4577 -9.2485
 65.3993 -9.17745
 65.3426 -9.1109
133 17 5
 66.2545 -12.7202
 65.9209 -13.9457
 65.9557 -14.3859
 65.9785 -14.5224
 66.0352 -14.5366
134 86 5
 3.6206 -18.146
 4.3738 -17.4454
 4.98 -16.833
 5.51935 -16.6878
 5.5196 -16.6786
134 96 4
 3.6206 -18.146
 2.50315 -19.1059
 2.03885 -19.8545
 2.0059 -19.8674
135 123 24
 12.8654 -18.1252
 13.8205 -19.252
 14.476 -20.0054
 15.0066 -19.2262
 15.0654 -19.2555
 15.4255 -19.7328
 16.2362 -20.2423
 17.299 -20.7775
 18.3019 -20.5439
 18.7668 -20.3127
 18.9915 -20.2082
 19.1667 -20.0041
 19.6414 -18.8412
 20.0658 -17.6198
 20.0557 -17.4602
 20.1864 -17.5591
 20.7953 -17.8771
 21.7754 -18.2682
 22.4999 -19.0088
 22.9912 -19.3393
 23.3441 -19.2689
 23.9665 -19.6431
 24.5705 -19.9667
 24.6404 -20.0111
135 86 16
 12.8654 -18.1252
 11.5983 -18.1891
 10.7828 -18.4645
 10.1273 -18.5343
 9.43325 -18.9847
 8.7469 -19.7334
 8.1631 -19.3432
 7.2952 -18.0211
 6.127 -17.4888
 5.41635 -17.6411
 5.18425 -17.5126
 4.8697 -17.3461
 4.53125 -17.0929
 4.98 -16.833
 5.51935 -16.6878
 5.5196 -16.6786
136 56 17
 -3.99935 -0.0944
 -3.89875 0.16985
 -3.3531 0.33195
 -2.5052 0.51055
 -2.15385 0.58635
 -2.22485 0.9335
 -2.59455 1.1307
 -3.1032 1.3134
 -2.8866 1.70475
 -2.1527 1.91065
 -1.7785 1.89345
 -1.75185 1.91905
 -1.2012 2.1048
 -0.45235 2.7318
 -0.31735 3.31755
 -0.4113 3.48105
 -0.4364 3.5085
136 48 5
 -3.99935 -0.0944
 -4.6495 -0.60265
 -5.4075 -0.73265
 -5.573 -0.77505
 -5.625 -0.8092
137 36 11
 60.0444 17.6742
 59.9824 17.2
 59.7687 16.6966
 59.5612 16.4731
 59.8368 16.3917
 60.0676 16.3085
 60.0761 16.2738
 60.0989 16.1054
 60.0779 15.8854
 60.0909 15.7455
 60.1316 15.6803
137 114 11
 60.0444 17.6742
 60.5061 18.232
 60.9383 18.9786
 61.098 19.4481
 61.3779 19.5257
 61.5183 19.5004
 61.4117 19.6553
 61.2914 19.949
 61.2179 20.1362
 61.1551 20.1599
 61.1209 20.1617
138 11 16
 43.0757 28.5141
 41.938 27.9387
 42.1306 26.7561
 42.251 25.679
 42.1 24.9003
 42.1855 24.6618
 42.0591 24.2637
 41.9625 23.6916
 41.8886 23.3403
 41.7004 23.168
 41.1046 22.4882
 40.9351 21.7364
 40.5494 21.7687
 40.1539 21.7585
 39.9165 21.986
 39.9219 22.0254
138 93 9
 43.0757 28.5141
 43.9714 28.3265
 44.1357 28.7654
 44.0257 28.189
 44.0572 27.4805
 44.0886 26.959
 44.7766 26.8168
 45.4925 26.6384
 45.5434 26.6055
139 55 20
 37.6838 38.3553
 38.8068 38.1513
 39.2754 38.0763
 39.6217 37.923
 40.1856 37.3987
 40.2332 36.6471
 40.0535 36.1042
 40.0921 35.7535
 40.0278 35.4123
 39.9539 34.9209
 39.8714 34.5243
 39.852 34.2785
 39.8431 34.1888
 39.7124 34.2169
 39.4966 34.2035
 38.9083 34.1691
 38.1856 34.3562
 37.7291 34.564
 37.5459 34.8012
 37.5441 35.0161
139 25 4
 37.6838 38.3553
 36.949 38.554
 36.8945 38.5148
 36.8646 38.4985
140 124 19
 69.8159 32.4459
 68.9226 32.3501
 68.2952 33.0525
 67.7296 33.6991
 66.8229 33.7044
 65.9974 33.9184
 65.4681 33.8879
 65.1577 33.6833
 64.9592 33.6653
 64.5122 33.9085
 63.9769 34.338
 63.5666 34.5805
 63.3283 34.6316
 63.173 34.4804
 63.1 34.285
 63.1346 34.2059
 63.1226 33.9926
 63.0968 33.8181
 63.1085 33.7917
140 91 15
 69.8159 32.4459
 70.6231 33.0821
 70.9415 34.2929
 70.9128 35.4389
 70.9977 35.4818
 70.7807 36.2949
 70.6751 37.1168
 70.8339 37.9475
 71.212 38.5946
 71.4041 38.9658
 71.0477 39.3218
 70.9212 39.9036
 71.096 40.2525
 71.1062 40.3489
 71.1478 40.4033
141 112 7
 70.9589 -25.2908
 70.8974 -25.9408
 70.8876 -26.1392
 70.952 -26.2994
 70.4897 -26.8686
 69.9718 -27.3365
 69.9894 -27.3788
141 105 4
 70.9589 -25.2908
 71.4829 -24.1477
 71.957 -23.4724
 71.9678 -23.4721
142 5 26
 50.8056 -53.0794
 53.0043 -52.7951
 53.8447 -53.2578
 54.8445 -52.2499
 55.4447 -50.6706
 55.4118 -48.9601
 55.6133 -46.907
 56.6814 -46.9898
 57.7824 -47.4773
 58.3755 -47.7066
 58.7759 -48.1879
 59.0831 -48.8272
 59.3469 -49.1508
 59.577 -49.0329
 59.9811 -49.1041
 60.1855 -49.8063
 60.176 -51.171
 60.3657 -52.1869
 60.3799 -52.4801
 60.3349 -52.6143
 60.3523 -52.7313
 60.4128 -52.8449
 60.418 -52.9183
 60.4114 -52.9835
 60.3963 -53.0499
 60.388 -53.0719
142 6 4
 50.8056 -53.0794
 48.8794 -53.228
 48.8861 -53.1443
 48.8839 -53.1371
143 124 47
 70.5343 26.4114
 69.7961 26.8687
 69.5324 27.0759
 69.0482 27.5458
 68.437 27.8994
 68.2375 27.9483
 68.0863 27.9293
 67.8902 28.0792
 66.887 28.7895
 66.0029 29.4025
 65.9918 29.8373
 66.2426 30.4879
 65.6841 30.1485
 65.1405 30.2782
 64.598 30.5843
 64.3299 30.7914
 64.2058 30.7873
 63.7274 30.667
 63.3739 30.2819
 63.1642 30.795
 62.9147 31.111
 62.7997 31.2511
 62.6528 31.3881
 62.4192 31.4333
 62.3347 31.6024
 62.3827 31.7972
 62.3451 31.9072
 62.3281 32.0441
 62.3302 32.1274
 62.3697 32.1441
 62.4282 32.1318
 62.5269 32.191
 62.5639 32.3524
 62.5803 32.509
 62.6497 32.6663
 62.6311 32.8326
 62.5926 32.9086
 62.493 32.9442
 62.3967 33.0088
 62.393 33.1057
 62.3891 33.3495
 62.5299 33.5552
 62.7397 33.5056
 62.8965 33.5368
 63.0276 33.6551
 63.0874 33.7331
 63.1085 33.7917
143 65 9
 70.5343 26.4114
 71.0544 26.089
 71.2122 26.0317
 71.3665 26.0945
 71.3291 25.8408
 71.3138 25.6228
 71.3385 25.4881
 71.4008 25.4719
 71.436 25.4694
144 40 20
 50.7402 -8.54885
 50.6349 -7.7195
 51.0504 -7.4045
 52.1762 -7.39505
 52.813 -6.49405
 52.6805 -5.02235
 52.8245 -4.68335
 53.0316 -4.51195
 53.0072 -4.35235
 52.8966 -4.23525
 52.8648 -4.05645
 53.621 -3.66425
 54.7409 -3.19305
 55.4469 -3.065
 55.9122 -3.0975
 56.0895 -3.0167
 56.1091 -2.90145
 56.1954 -2.7328
 56.3099 -2.59765
 56.3377 -2.5945
144 38 37
 50.7402 -8.54885
 51.4294 -9.8584
 51.9074 -10.3987
 51.448 -10.927
 50.8463 -11.1526
 50.6042 -10.8475
 50.5294 -10.9392
 50.3016 -11.0535
 49.9301 -11.0212
 49.2906 -10.8025
 48.2833 -10.4235
 47.5505 -10.2757
 47.3725 -10.3397
 47.1757 -10.7905
 46.8693 -11.3499
 46.4529 -11.7934
 46.1042 -12.102
 46.0264 -12.1244
 45.813 -12.1206
 45.0899 -12.8194
 44.0928 -13.7962
 43.4687 -14.0849
 43.266 -14.1233
 43.0589 -14.1321
 43.1825 -14.17
 43.3018 -14.3142
 43.7146 -14.4795
 44.2381 -14.8197
 44.4689 -15.1855
 44.4445 -15.2968
 44.4815 -15.294
 44.738 -15.2626
 44.904 -15.0865
 44.9806 -15.2766
 45.2661 -15.5239
 45.6411 -15.7707
 45.7462 -15.8003
145 95 8
 58.8792 -3.07245
 59.7607 -3.03215
 60.2766 -2.56795
 60.5157 -2.1363
 60.6027 -2.1219
 60.9669 -2.00805
 61.3772 -1.85035
 61.496 -1.8337
145 40 10
 58.8792 -3.07245
 58.1791 -2.88725
 58.1469 -2.4053
 57.9905 -1.9692
 57.2375 -1.752
 56.5985 -1.49795
 56.6129 -1.8311
 56.4403 -2.23845
 56.3554 -2.52475
 56.3377 -2.5945
146 45 21
 62.1324 20.5164
 62.5471 21.0504
 62.8911 21.2859
 63.1452 21.4142
 63.2925 21.4418
 63.5751 21.3538
 63.8101 21.2651
 63.6683 21.1302
 63.4583 20.9212
 63.5023 20.7707
 63.702 20.5607
 63.801 20.4165
 64.0164 20.3116
 64.2485 20.224
 64.3347 20.2153
 64.4082 20.1413
 64.4162 20.0662
 64.3612 19.9172
 64.2682 19.7835
 64.1985 19.7551
 64.1718 19.7363
146 114 5
 62.1324 20.5164
 61.5756 20.1195
 61.2179 20.1362
 61.1551 20.1599
 61.1209 20.1617
147 91 9
 74.4279 38.4317
 72.3156 39.0916
 71.3725 39.3086
 71.4041 38.9658
 71.0477 39.3218
 70.9212 39.9036
 71.096 40.2525
 71.1062 40.3489
 71.1478 40.4033
147 80 8
 74.4279 38.4317
 75.8008 38.2731
 76.2803 38.4882
 76.9799 40.0754
 77.1166 41.9758
 77.8625 42.6027
 79.0666 42.7239
 79.2302 42.7238
148 47 14
 86.1763 -4.0292
 86.1138 -0.2858
 85.75 -0.01485
 85.1815 0.5078
 84.8071 1.60805
 84.729 3.3753
 84.3257 4.46705
 83.8202 4.854
 83.2152 5.46765
 82.7369 5.91295
 82.5636 6.02215
 82.3403 6.01275
 82.2323 5.966
 82.205 5.9396
148 13 3
 86.1763 -4.0292
 85.9162 -7.7395
 85.7402 -7.7591
149 72 7
 70.6519 4.9348
 71.1184 4.45495
 71.3806 4.3924
 71.6849 4.2664
 71.8013 4.1108
 71.8519 4.03095
 71.8906 4.0443
149 128 5
 70.6519 4.9348
 70.1904 5.438
 70.0785 5.4892
 70.0124 5.5239
 70.0006 5.5297
150 61 12
 71.9641 -9.40795
 72.0294 -10.4599
 71.7994 -10.5862
 71.9767 -10.6787
 71.8929 -10.8193
 71.7731 -10.9372
 71.7607 -11.1081
 71.2803 -11.5855
 70.5105 -12.1075
 69.97 -12.5439
 69.7847 -12.8436
 69.8294 -12.8796
150 108 19
 71.9641 -9.40795
 71.8107 -8.3662
 71.9984 -7.75915
 72.1424 -6.87095
 71.4619 -6.49615
 70.6231 -6.27875
 70.3042 -5.77405
 70.2185 -5.3827
 70.1543 -5.0239
 69.8755 -4.7137
 69.4257 -4.1206
 69.2359 -3.05805
 69.6219 -2.3597
 70.077 -2.10605
 69.6128 -2.20865
 68.7131 -1.85035
 67.9397 -1.3443
 67.7289 -1.11425
 67.7009 -1.0589
151 88 14
 61.993 -32.8352
 62.7149 -33.0535
 63.0286 -33.0756
 63.1321 -33.153
 63.1443 -33.5269
 63.2757 -33.9003
 63.3702 -33.9461
 63.2808 -33.9288
 62.6804 -33.9487
 61.8475 -34.0145
 61.4674 -33.976
 61.4655 -34.1445
 61.4079 -34.2455
 61.4191 -34.2559
151 130 9
 61.993 -32.8352
 61.4355 -32.524
 61.5376 -32.0209
 61.6864 -31.3996
 61.7598 -31.0969
 61.7972 -30.9716
 61.7558 -30.8725
 61.6911 -30.7879
 61.6668 -30.7886
152 30 26
 70.7057 -52.3002
 69.8922 -52.1676
 69.4203 -51.909
 69.0609 -51.6228
 68.5377 -51.5614
 68.059 -51.5369
 68.274 -51.6059
 68.3288 -52.0763
 68.3485 -52.68
 68.1589 -52.9064
 67.9556 -52.9974
 67.8605 -53.0716
 67.7583 -53.1217
 67.6949 -53.1744
 67.4695 -53.3069
 67.0665 -53.5664
 66.5524 -53.9385
 66.1756 -54.1965
 66.0044 -54.4843
 65.9355 -54.7309
 66.0073 -54.8383
 66.0759 -54.9452
 66.1306 -55.034
 66.1393 -55.1362
 66.0939 -55.1767
 66.059 -55.1692
152 34 3
 70.7057 -52.3002
 71.387 -52.3954
 71.6111 -52.421
153 116 14
 -9.06695 -35.7534
 -8.8445 -35.4366
 -8.6554 -34.9855
 -8.77465 -34.7566
 -8.83685 -34.7416
 -8.87315 -34.6507
 -9.06965 -34.3806
 -9.3123 -34.0913
 -9.4622 -33.9755
 -9.5542 -33.7438
 -9.30685 -33.3043
 -9.10325 -32.9313
 -9.1517 -32.8038
 -9.1399 -32.7801
153 27 4
 -9.06695 -35.7534
 -9.0613 -36.205
 -9.0942 -36.5296
 -9.101 -36.5381
154 64 11
 -10.4951 -31.421
 -10.704 -31.5198
 -10.8667 -31.5954
 -11.1033 -31.8041
 -11.4539 -31.9226
 -12.0965 -32.1094
 -12.594 -32.4095
 -12.666 -32.5893
 -12.9745 -32.7763
 -13.2099 -32.8052
 -13.2281 -32.7895
154 116 5
 -10.4951 -31.421
 -9.7406 -31.9216
 -9.08335 -32.6217
 -9.1311 -32.782
 -9.1399 -32.7801
155 3 15
 27.6304 -50.9436
 26.4837 -49.8044
 27.4197 -49.3552
 28.2211 -48.9816
 28.4988 -48.9501
 29.3696 -49.7474
 30.3453 -50.1673
 30.5545 -48.9296
 30.4072 -47.7806
 30.6171 -47.3832
 31.9844 -46.5683
 32.2104 -45.91
 33.1732 -46.4184
 33.5122 -46.8707
 33.5756 -46.8984
155 12 6
 27.6304 -50.9436
 28.056 -52.65
 27.4156 -53.4828
 26.9825 -54.0285
 26.8566 -54.0783
 26.8396 -54.0866
156 104 9
 23.9072 -23.9296
 24.4233 -25.6256
 25.0889 -26.3448
 26.0023 -25.9879
 27.0591 -26.2118
 27.7283 -26.7935
 28.0971 -26.6282
 28.2783 -26.4844
 28.313 -26.4925
156 94 5
 23.9072 -23.9296
 23.2542 -23.0542
 21.9804 -23.1445
 21.1533 -23.1189
 21.101 -23.119
157 50 5
 4.66835 -36.4118
 4.1059 -36.6845
 4.15965 -37.1
 4.26335 -37.4976
 4.2812 -37.5073
157 101 4
 4.66835 -36.4118
 5.70085 -35.766
 6.2147 -35.3371
 6.2264 -35.309
158 51 14
 37.4453 -14.7383
 37.2513 -13.8239
 37.5922 -13.5325
 37.6946 -13.2749
 37.8522 -13.3361
 38.3315 -13.2272
 39.1335 -13.1216
 39.4907 -13.1662
 39.553 -12.8799
 39.6898 -12.5142
 39.9963 -12.3005
 40.3575 -12.0529
 40.5632 -11.9164
 40.6257 -11.9195
158 33 16
 37.4453 -14.7383
 37.6938 -15.8902
 37.3044 -16.5697
 37.3639 -17.3731
 38.0062 -18.26
 38.4989 -18.7547
 39.1197 -19.0104
 39.6391 -19.4351
 39.6785 -19.9107
 39.8589 -20.2047
 40.1637 -20.284
 40.278 -20.4083
 40.3101 -20.6044
 40.2929 -20.8401
 40.2743 -20.998
 40.2311 -21.0346
159 51 28
 27.3435 -19.0443
 28.4605 -19.3755
 29.109 -19.3382
 30.28 -18.7045
 31.3032 -17.9338
 31.7828 -17.4348
 32.2501 -17.0799
 32.3729 -16.5196
 32.8871 -16.0125
 33.9284 -15.8908
 34.5963 -15.7336
 34.7989 -15.4699
 34.8682 -15.3094
 35.5236 -14.5208
 36.6369 -13.8451
 37.2513 -13.8239
 37.5922 -13.5325
 37.6946 -13.2749
 37.8522 -13.3361
 38.3315 -13.2272
 39.1335 -13.1216
 39.4907 -13.1662
 39.553 -12.8799
 39.6898 -12.5142
 39.9963 -12.3005
 40.3575 -12.0529
 40.5632 -11.9164
 40.6257 -11.9195
159 123 9
 27.3435 -19.0443
 26.4634 -18.9264
 26.2666 -19.0099
 25.9926 -19.0569
 25.5414 -19.4229
 25.0707 -19.8256
 24.8377 -19.8997
 24.7255 -19.9577
 24.6404 -20.0111
160 51 10
 39.3892 -8.4957
 39.7355 -10.1536
 39.6238 -10.9989
 39.912 -11.1131
 40.3249 -11.2969
 40.5557 -11.5521
 40.635 -11.7778
 40.6285 -11.8703
 40.6258 -11.9145
 40.6257 -11.9195
160 81 10
 39.3892 -8.4957
 38.8501 -6.82255
 38.7023 -5.8279
 39.149 -5.2029
 39.2557 -4.26505
 38.2901 -3.05275
 37.6044 -2.21025
 37.0107 -1.6859
 36.6368 -1.14345
 36.7071 -1.035
161 117 21
 11.3028 11.5356
 12.302 11.8644
 12.9872 12.0109
 13.7127 12.7127
 14.3047 13.4599
 14.9387 13.6572
 15.0956 13.9638
 15.1404 14.4628
 15.9402 14.9725
 16.4396 15.7862
 16.7673 15.8161
 17.4137 15.2541
 17.9398 15.3162
 18.5876 15.5471
 18.7365 15.7321
 19.0372 15.7332
 19.8638 15.1156
 20.7451 14.33
 21.1698 14.1798
 21.285 14.2471
 21.3108 14.2775
161 46 3
 11.3028 11.5356
 10.2956 11.2694
 10.2684 11.2455
162 56 5
 1.2175 4.33885
 -0.11805 3.1608
 -0.31735 3.31755
 -0.4113 3.48105
 -0.4364 3.5085
162 97 4
 1.2175 4.33885
 2.91665 6.54615
 3.4371 7.5538
 3.4635 7.5529
163 84 9
 -4.07005 -6.86565
 -3.1478 -6.70065
 -3.01865 -6.3843
 -2.54695 -6.88825
 -2.0651 -7.4654
 -1.7458 -8.09135
 -1.3907 -8.7576
 -1.3142 -8.8993
 -1.3007 -8.9186
163 48 26
 -4.07005 -6.86565
 -5.4317 -7.3447
 -5.94335 -8.16205
 -6.1227 -8.14565
 -6.4483 -7.9614
 -6.6782 -8.1623
 -6.9625 -8.08055
 -7.21395 -7.6897
 -6.92965 -6.6665
 -6.44425 -5.67445
 -5.996 -5.5642
 -6.5288 -5.536
 -6.7337 -5.29615
 -6.82105 -5.10595
 -7.06675 -4.93395
 -7.23525 -4.73205
 -6.88205 -4.4982
 -6.549 -3.8137
 -6.7532 -2.79575
 -6.8783 -2.24885
 -6.73125 -2.184
 -6.55145 -1.96825
 -6.44535 -1.53715
 -6.0474 -1.02835
 -5.64455 -0.79895
 -5.625 -0.8092
164 48 17
 -9.2812 -4.19555
 -8.0324 -4.413
 -7.374 -4.6662
 -7.3325 -4.8712
 -7.27685 -4.8149
 -7.06675 -4.93395
 -7.23525 -4.73205
 -6.88205 -4.4982
 -6.549 -3.8137
 -6.7532 -2.79575
 -6.8783 -2.24885
 -6.73125 -2.184
 -6.55145 -1.96825
 -6.44535 -1.53715
 -6.0474 -1.02835
 -5.64455 -0.79895
 -5.625 -0.8092
164 74 5
 -9.2812 -4.19555
 -10.3685 -3.52715
 -11.0113 -3.0451
 -11.1721 -3.03425
 -11.1591 -3.0112
165 126 11
 -7.1311 3.91905
 -7.4315 3.56355
 -7.41335 3.43795
 -7.51115 2.9448
 -7.6954 2.2012
 -7.9768 1.8447
 -8.01045 1.6343
 -8.1895 1.84645
 -8.5107 1.93425
 -8.7869 2.01095
 -8.8219 2.0359
165 66 5
 -7.1311 3.91905
 -6.14175 4.6268
 -5.55885 5.05125
 -5.65795 5.1393
 -5.7314 5.209
166 41 44
 -9.6134 12.8824
 -9.75575 13.3904
 -10.066 14.1606
 -10.4248 14.9466
 -10.6257 15.1574
 -10.6568 15.2181
 -10.6671 15.4149
 -10.8191 15.6094
 -11.0341 15.6982
 -11.2211 15.9443
 -11.2221 16.1461
 -10.9847 16.246
 -10.8646 16.4065
 -10.7943 16.4747
 -10.7229 16.5248
 -10.6644 16.6362
 -10.6238 16.7083
 -10.4451 16.8785
 -10.2324 17.0527
 -10.156 17.0918
 -10.0159 17.0879
 -9.89855 17.0466
 -9.7736 17.1288
 -9.6971 17.2841
 -9.67065 17.3013
 -9.45075 17.1962
 -9.02245 17.2858
 -8.7318 17.5151
 -8.59685 17.7162
 -8.46295 17.896
 -8.3554 17.9267
 -8.2841 17.8941
 -8.2514 17.841
 -8.1315 17.8284
 -8.02675 17.8733
 -7.984 17.9293
 -7.94925 17.9706
 -7.93055 18.0169
 -7.9319 18.0889
 -7.93405 18.129
 -7.9481 18.2088
 -8.0045 18.2978
 -8.0538 18.3066
 -8.0641 18.3041
166 29 10
 -9.6134 12.8824
 -9.87395 11.7952
 -10.0254 10.8995
 -9.83595 10.7017
 -9.75315 10.6553
 -9.35765 10.8802
 -8.9512 11.1551
 -8.91005 11.2372
 -8.88465 11.3519
 -8.8823 11.4275
167 125 14
 -2.91105 37.4478
 -1.9745 37.7428
 -1.07525 38.3347
 -0.2683 38.3746
 0.1957 38.8031
 0.44125 39.6636
 0.7851 40.1276
 0.46935 39.8003
 0.1784 40.0098
 0.03565 40.3724
 -0.0787 40.4676
 -0.1432 40.6506
 -0.1369 40.8406
 -0.0965 40.843
167 24 28
 -2.91105 37.4478
 -3.38745 37.4681
 -3.7733 37.4784
 -4.09055 37.5649
 -4.271 37.3633
 -4.5549 37.2132
 -4.64855 37.1896
 -4.6112 36.34
 -5.3315 34.895
 -6.14025 34.2221
 -6.34265 33.937
 -6.87435 33.1914
 -7.18855 32.3409
 -7.8188 31.8186
 -8.6732 31.5008
 -8.7721 31.095
 -8.43925 30.5515
 -7.98575 30.5149
 -7.38585 30.8852
 -6.63435 30.9009
 -5.84645 30.7463
 -5.36865 30.5814
 -5.1704 30.2781
 -4.5708 29.8595
 -3.5921 29.8662
 -3.0933 30.4582
 -2.91895 30.8983
 -2.7197 31.0304
168 131 18
 -3.88905 28.5308
 -3.17435 27.7713
 -2.9107 27.7728
 -2.89775 26.8523
 -2.9605 25.7117
 -3.0244 25.4305
 -2.95445 25.1194
 -2.84295 24.7803
 -2.8578 24.6012
 -2.9523 24.4164
 -2.89055 24.2207
 -2.8259 24.0714
 -2.8116 23.9988
 -2.72815 23.8969
 -2.649 23.8522
 -2.62425 23.8351
 -2.61515 23.7921
 -2.6148 23.7633
168 24 8
 -3.88905 28.5308
 -4.67425 29.7322
 -5.1704 30.2781
 -4.5708 29.8595
 -3.5921 29.8662
 -3.0933 30.4582
 -2.91895 30.8983
 -2.7197 31.0304
169 22 5
 37.7519 35.5189
 38.0515 35.8368
 38.1155 36.0961
 38.0929 36.2688
 38.0218 36.2331
169 55 4
 37.7519 35.5189
 37.5134 35.1376
 37.5515 35.0197
 37.5441 35.0161
170 55 22
 33.7254 31.0375
 34.2764 31.1826
 34.7077 31.2453
 34.9655 31.5564
 34.8322 31.8238
 34.5561 32.5726
 34.2931 33.1171
 34.4233 33.0602
 34.6506 33.2174
 34.9595 33.3667
 35.169 33.6772
 35.2283 34.139
 35.6717 33.7718
 36.4297 33.6614
 36.8811 33.8983
 37.2127 34.1086
 37.4729 34.1997
 37.4891 34.3416
 37.4423 34.545
 37.466 34.5986
 37.5459 34.8012
 37.5441 35.0161
170 53 14
 33.7254 31.0375
 33.2487 30.5332
 33.066 30.3791
 32.7033 30.129
 32.3681 29.5347
 32.118 29.1068
 31.8073 29.0716
 31.2318 29.2705
 30.5184 29.3078
 30.3399 29.4137
 30.0966 30.5681
 29.9159 31.5576
 30.2267 31.6851
 30.4007 31.7213
171 129 9
 25.3528 29.1793
 24.6669 30.2956
 24.4119 30.7381
 24.105 30.9831
 23.965 31.0429
 23.8776 31.1121
 23.8713 31.2204
 23.9267 31.3286
 23.932 31.3573
171 82 4
 25.3528 29.1793
 25.1469 27.3819
 24.256 26.5154
 24.1997 26.547
172 14 5
 12.1291 21.3839
 11.4545 21.3374
 11.0091 21.1631
 11.0208 21.1091
 11.0273 21.1126
172 18 4
 12.1291 21.3839
 12.3533 21.1283
 12.3931 20.8749
 12.4326 20.8068
173 10 30
 8.8805 20.1399
 8.8109 20.7451
 8.49285 20.9067
 8.5458 21.1014
 8.50725 21.2423
 8.3265 21.3407
 8.1769 21.3195
 8.0929 21.1649
 8.0827 21.3514
 7.6508 21.8754
 7.223 22.3625
 7.09455 22.5045
 7.0108 22.579
 6.9513 22.6517
 6.74885 22.6634
 6.3555 22.5986
 6.0146 22.492
 5.7333 22.3574
 5.419 22.2822
 5.1655 22.2512
 4.9248 22.2631
 4.7568 22.323
 4.6862 22.3743
 4.62735 22.4097
 4.57635 22.4337
 4.4641 22.4006
 4.33535 22.3559
 4.33995 22.3127
 4.38535 22.2842
 4.396 22.2766
173 70 3
 8.8805 20.1399
 8.71135 19.5041
 8.8138 19.4032
174 21 14
 18.6464 20.4524
 18.9035 19.5279
 18.953 19.4727
 19.0738 19.5719
 19.3666 20.0562
 19.835 20.7589
 20.6216 21.268
 21.316 21.3354
 21.4916 21.0984
 21.6246 20.8997
 21.7766 20.7421
 21.8136 20.6242
 21.8032 20.5361
 21.8122 20.5061
174 0 13
 18.6464 20.4524
 18.1047 21.2861
 17.7003 21.2381
 17.3356 21.2048
 16.98 21.0348
 16.814 20.6708
 16.6899 20.2597
 16.2347 20.1807
 15.6196 20.4538
 15.3587 20.6822
 15.1694 20.7239
 14.9916 20.6587
 14.9876 20.6363
175 117 8
 21.9278 16.4308
 21.9543 15.4214
 21.91 14.9988
 21.6875 14.4608
 21.6881 14.2773
 21.5149 14.3549
 21.36 14.3264
 21.3108 14.2775
175 98 14
 21.9278 16.4308
 22.1875 17.7271
 22.4727 18.423
 22.6875 18.7882
 22.5858 18.9572
 22.5646 19.1437
 22.7393 19.1709
 22.853 18.8549
 22.8852 18.5163
 22.9505 18.3813
 23.1066 18.2504
 23.3815 18.2069
 23.5933 18.2158
 23.6639 18.1787
176 98 11
 28.4525 18.2828
 27.9677 17.6865
 27.6207 17.5593
 26.4726 17.5853
 25.5319 17.9046
 25.4165 18.1565
 24.8857 18.1632
 24.1574 18.1249
 23.9003 18.1467
 23.7596 18.2168
 23.6639 18.1787
176 127 6
 28.4525 18.2828
 29.1835 18.9755
 29.7306 19.6475
 30.0078 20.1904
 30.0215 20.3212
 30.0201 20.358
177 15 14
 62.0116 -0.8037
 62.5633 -0.17505
 62.934 0.13085
 63.2495 0.26375
 63.65 0.31585
 63.8026 0.332
 64.6843 0.47625
 65.9738 1.0451
 66.5975 1.67285
 67.3423 1.9593
 67.9841 2.33915
 68.0585 2.9806
 68.007 3.34715
 67.9931 3.3706
177 95 4
 62.0116 -0.8037
 61.6469 -1.51935
 61.5129 -1.8236
 61.496 -1.8337
178 87 11
 42.5973 31.0986
 42.0715 32.077
 42.8042 33.2047
 43.757 33.4892
 44.369 33.3575
 44.7734 33.0143
 44.6206 33.8989
 45.1441 34.9796
 45.875 35.4106
 46.0815 35.3979
 46.1131 35.385
178 93 13
 42.5973 31.0986
 43.479 30.1865
 43.786 29.7721
 43.905 30.069
 43.9129 29.7211
 44.0648 29.2868
 44.1357 28.7654
 44.0257 28.189
 44.0572 27.4805
 44.0886 26.959
 44.7766 26.8168
 45.4925 26.6384
 45.5434 26.6055
179 55 15
 41.1134 35.9569
 40.159 35.6321
 40.0921 35.7535
 40.0278 35.4123
 39.9539 34.9209
 39.8714 34.5243
 39.852 34.2785
 39.8431 34.1888
 39.7124 34.2169
 39.4966 34.2035
 38.9083 34.1691
 38.1856 34.3562
 37.7291 34.564
 37.5459 34.8012
 37.5441 35.0161
179 87 13
 41.1134 35.9569
 42.6021 35.9885
 43.4515 35.6517
 43.657 35.585
 44.028 35.0911
 44.2597 34.056
 44.369 33.3575
 44.7734 33.0143
 44.6206 33.8989
 45.1441 34.9796
 45.875 35.4106
 46.0815 35.3979
 46.1131 35.385
180 75 18
 58.2497 41.1032
 56.973 40.424
 56.4289 40.3037
 56.4776 40.151
 56.2262 38.8632
 56.3775 37.2268
 56.1273 37.0058
 56.4091 35.8274
 56.887 34.9506
 57.0699 34.0842
 56.6218 33.454
 56.0406 33.0988
 55.7552 32.6749
 55.417 32.1077
 54.7647 31.8671
 54.3402 32.7373
 54.2738 33.5735
 54.3586 33.66
180 107 3
 58.2497 41.1032
 59.0052 41.7481
 59.0492 41.7867
181 124 49
 64.7505 26.5265
 65.4284 26.4711
 65.7836 26.7435
 66.3469 27.0303
 67.4254 27.1245
 68.2537 27.4657
 68.3697 27.8028
 68.2375 27.9483
 68.0863 27.9293
 67.8902 28.0792
 66.887 28.7895
 66.0029 29.4025
 65.9918 29.8373
 66.2426 30.4879
 65.6841 30.1485
 65.1405 30.2782
 64.598 30.5843
 64.3299 30.7914
 64.2058 30.7873
 63.7274 30.667
 63.3739 30.2819
 63.1642 30.795
 62.9147 31.111
 62.7997 31.2511
 62.6528 31.3881
 62.4192 31.4333
 62.3347 31.6024
 62.3827 31.7972
 62.3451 31.9072
 62.3281 32.0441
 62.3302 32.1274
 62.3697 32.1441
 62.4282 32.1318
 62.5269 32.191
 62.5639 32.3524
 62.5803 32.509
 62.6497 32.6663
 62.6311 32.8326
 62.5926 32.9086
 62.493 32.9442
 62.3967 33.0088
 62.393 33.1057
 62.3891 33.3495
 62.5299 33.5552
 62.7397 33.5056
 62.8965 33.5368
 63.0276 33.6551
 63.0874 33.7331
 63.1085 33.7917
181 122 38
 64.7505 26.5265
 63.9925 26.3873
 63.435 26.1867
 62.7674 26.1113
 62.0496 25.7912
 61.4872 25.3774
 61.053 25.206
 60.508 25.7429
 60.3522 26.3708
 59.8729 25.7989
 59.3448 25.2851
 58.9958 25.2178
 58.0625 24.9153
 57.0295 24.6316
 56.5884 24.557
 56.192 24.4636
 56.0429 24.4292
 55.8906 24.3112
 55.2763 23.7617
 54.6664 23.353
 54.3196 23.1713
 53.9954 23.0774
 53.8727 23.1629
 53.5401 22.8711
 52.9419 22.5923
 52.4688 22.6366
 52.2517 22.6708
 52.2069 22.6966
 52.1436 22.757
 52.0332 22.7556
 51.8363 22.8824
 51.6746 23.0451
 51.6273 23.5
 51.694 23.9146
 51.6319 23.9375
 51.465 23.9841
 51.3905 24.1398
 51.426 24.2429
182 91 5
 69.7092 40.7295
 70.7672 40.7447
 71.1237 40.5676
 71.1388 40.4281
 71.1478 40.4033
182 67 4
 69.7092 40.7295
 68.9983 40.7818
 69.0067 41.0338
 69.0184 41.1562
183 78 13
 85.0114 15.5168
 85.0544 14.596
 84.9686 14.3472
 85.1624 14.4107
 85.3135 14.565
 85.386 14.5301
 85.4895 14.459
 85.6615 14.3875
 85.8197 14.2447
 85.9008 14.1629
 85.8745 14.1107
 85.9155 14.0101
 86.0139 13.948
183 109 3
 85.0114 15.5168
 84.8028 16.2845
 84.7987 16.3289
184 79 6
 65.4063 6.17325
 65.1457 6.71355
 65.0805 6.8622
 64.9955 6.799
 64.9386 6.7181
 64.9414 6.6935
184 15 17
 65.4063 6.17325
 65.9047 5.83375
 66.4089 6.01515
 66.817 6.10305
 67.1572 5.8701
 67.4327 5.59605
 67.6325 5.3828
 67.7381 5.21675
 67.8215 5.10195
 67.9146 4.8322
 67.9156 4.543
 68.2196 4.15255
 68.6728 3.91035
 68.475 3.7747
 68.2815 3.52405
 68.0807 3.36175
 67.9931 3.3706
185 128 8
 69.7132 4.26505
 69.9234 4.54565
 69.9058 4.9064
 69.9793 5.2132
 70.1275 5.42845
 70.0785 5.4892
 70.0124 5.5239
 70.0006 5.5297
185 15 7
 69.7132 4.26505
 69.1726 4.09415
 68.6728 3.91035
 68.475 3.7747
 68.2815 3.52405
 68.0807 3.36175
 67.9931 3.3706
186 42 7
 76.6393 -10.483
 76.8202 -11.1471
 77.1136 -11.6554
 77.2213 -11.9023
 77.3296 -12.0389
 77.3642 -12.1791
 77.3327 -12.2236
186 7 6
 76.6393 -10.483
 76.4075 -9.8022
 76.0771 -9.4627
 75.9318 -9.46855
 75.8078 -9.4823
 75.7775 -9.4698
187 61 18
 74.8197 -11.2113
 74.6483 -11.7401
 74.9786 -11.8642
 74.5541 -12.1344
 73.9433 -12.3836
 73.7168 -12.417
 73.579 -11.9164
 72.9987 -11.0906
 72.298 -10.7362
 71.9767 -10.6787
 71.8929 -10.8193
 71.7731 -10.9372
 71.7607 -11.1081
 71.2803 -11.5855
 70.5105 -12.1075
 69.97 -12.5439
 69.7847 -12.8436
 69.8294 -12.8796
187 7 7
 74.8197 -11.2113
 75.4151 -10.9219
 75.5829 -10.3197
 75.8548 -9.7369
 75.8339 -9.56035
 75.7793 -9.48335
 75.7775 -9.4698
188 111 9
 56.5415 -8.28475
 57.2152 -8.2971
 57.4846 -8.3959
 57.6135 -8.4467
 57.6955 -8.50105
 58.2123 -8.91165
 58.7735 -9.3612
 58.875 -9.3807
 58.8947 -9.3393
188 62 9
 56.5415 -8.28475
 55.7257 -8.02645
 55.416 -7.99955
 55.1915 -8.58155
 54.8272 -9.1073
 54.6862 -9.34835
 54.4153 -9.4277
 54.0043 -9.60865
 53.8459 -9.7081
189 38 22
 41.2034 -12.6859
 41.6246 -13.2846
 41.6072 -13.5077
 41.834 -13.5397
 42.1357 -13.4886
 42.2766 -13.4858
 42.5275 -13.7209
 42.8213 -14.0211
 43.0589 -14.1321
 43.1825 -14.17
 43.3018 -14.3142
 43.7146 -14.4795
 44.2381 -14.8197
 44.4689 -15.1855
 44.4445 -15.2968
 44.4815 -15.294
 44.738 -15.2626
 44.904 -15.0865
 44.9806 -15.2766
 45.2661 -15.5239
 45.6411 -15.7707
 45.7462 -15.8003
189 51 4
 41.2034 -12.6859
 40.6823 -12.1068
 40.6267 -11.9213
 40.6257 -11.9195
190 59 26
 46.8698 -23.1383
 47.8537 -23.4058
 48.3378 -23.486
 49.4909 -22.8853
 50.8521 -22.5306
 51.8881 -22.9827
 52.9306 -23.0448
 53.474 -22.8162
 53.8354 -23.1596
 54.24 -23.8686
 55.5926 -24.0169
 56.7038 -23.6857
 57.0583 -23.7663
 57.3582 -24.1952
 57.3921 -24.6441
 57.3972 -24.9678
 57.26 -25.7429
 57.4166 -26.6968
 57.7328 -27.3055
 57.9601 -27.7206
 58.1922 -27.9138
 58.2804 -27.949
 58.3577 -27.9023
 58.5071 -27.9181
 58.6255 -27.9439
 58.6325 -27.9417
190 1 4
 46.8698 -23.1383
 46.2711 -23.0587
 46.0605 -22.9857
 45.8795 -22.9188
191 28 13
 67.3393 -52.2662
 67.1279 -52.0381
 66.8791 -51.9238
 66.7102 -51.7572
 66.4077 -51.5388
 65.91 -51.1252
 65.7274 -50.7258
 65.75 -50.6384
 65.7262 -50.6145
 65.541 -50.4644
 65.3275 -50.2661
 65.2458 -50.2702
 65.2108 -50.3051
191 30 20
 67.3393 -52.2662
 67.6231 -52.5478
 67.8618 -52.7692
 67.9608 -52.9076
 67.9556 -52.9974
 67.8605 -53.0716
 67.7583 -53.1217
 67.6949 -53.1744
 67.4695 -53.3069
 67.0665 -53.5664
 66.5524 -53.9385
 66.1756 -54.1965
 66.0044 -54.4843
 65.9355 -54.7309
 66.0073 -54.8383
 66.0759 -54.9452
 66.1306 -55.034
 66.1393 -55.1362
 66.0939 -55.1767
 66.059 -55.1692
192 20 7
 69.0325 -45.5144
 68.9231 -44.9281
 68.9194 -44.687
 68.9184 -44.5125
 68.802 -44.3685
 68.7283 -44.2816
 68.7016 -44.2531
192 89 8
 69.0325 -45.5144
 68.88 -46.1161
 68.6233 -46.2606
 68.255 -46.0387
 67.7694 -45.9752
 67.4986 -46.0858
 67.2937 -46.1048
 67.1753 -46.1485
193 26 15
 81.4158 -39.1574
 79.7466 -39.4927
 78.9762 -39.698
 79.0175 -40.6105
 79.2244 -41.463
 78.7939 -41.6872
 78.3365 -41.9919
 78.1339 -42.2129
 77.9564 -42.4197
 77.8771 -42.6041
 78.0914 -42.4364
 78.7057 -42.7774
 79.2775 -43.3363
 79.3796 -43.4934
 79.3851 -43.4983
193 69 7
 81.4158 -39.1574
 82.7063 -38.4809
 82.8923 -37.9226
 82.862 -37.7687
 82.9346 -37.4012
 83.0414 -36.9948
 83.0831 -36.8901
194 47 15
 80.1026 7.9634
 80.2969 7.45405
 80.3837 7.2011
 80.1992 6.861
 80.3443 6.67215
 80.7854 5.9889
 81.1104 5.43625
 81.3156 5.56705
 81.6021 5.62305
 81.9081 5.7661
 81.9982 5.89765
 82.0592 5.9052
 82.1404 5.92015
 82.1938 5.93575
 82.205 5.9396
194 78 37
 80.1026 7.9634
 79.9831 8.47245
 79.6853 8.67135
 80.2672 8.881
 80.838 9.24435
 81.1202 9.32215
 81.3372 9.3392
 81.523 9.26195
 81.5498 9.26765
 81.5252 9.49275
 81.5905 9.8593
 81.3891 10.1177
 80.8091 10.6021
 80.9377 11.453
 81.6167 11.8936
 81.9122 11.9363
 82.0197 12.1519
 82.4295 12.5407
 82.8265 12.7922
 82.8786 12.9114
 82.8643 13.1375
 83.0823 13.4857
 83.7824 13.8015
 84.4622 14.1679
 84.7124 14.4239
 84.8511 14.3247
 84.9967 14.2632
 85.1624 14.4107
 85.3135 14.565
 85.386 14.5301
 85.4895 14.459
 85.6615 14.3875
 85.8197 14.2447
 85.9008 14.1629
 85.8745 14.1107
 85.9155 14.0101
 86.0139 13.948
195 98 11
 27.4206 16.7383
 27.6817 17.3701
 27.6207 17.5593
 26.4726 17.5853
 25.5319 17.9046
 25.4165 18.1565
 24.8857 18.1632
 24.1574 18.1249
 23.9003 18.1467
 23.7596 18.2168
 23.6639 18.1787
195 92 6
 27.4206 16.7383
 27.5714 15.9898
 27.9041 15.5263
 28.2198 14.7966
 28.3826 14.2014
 28.3975 14.1786
196 126 23
 -8.648 9.93005
 -8.8406 8.94965
 -8.9481 8.5927
 -8.80875 8.3803
 -8.69145 8.2059
 -8.486 7.8016
 -8.4387 7.27685
 -8.5656 6.8221
 -8.9107 6.03465
 -9.13415 5.3391
 -9.02185 5.0682
 -8.92695 4.7421
 -8.20775 4.11495
 -7.4315 3.56355
 -7.41335 3.43795
 -7.51115 2.9448
 -7.6954 2.2012
 -7.9768 1.8447
 -8.01045 1.6343
 -8.1895 1.84645
 -8.5107 1.93425
 -8.7869 2.01095
 -8.8219 2.0359
196 29 7
 -8.648 9.93005
 -8.7597 10.7433
 -8.8958 10.9197
 -8.9512 11.1551
 -8.91005 11.2372
 -8.88465 11.3519
 -8.8823 11.4275
197 0 9
 13.5707 21.2611
 14.1716 21.1543
 14.2209 21.236
 14.2985 21.2695
 14.3672 21.0885
 14.474 20.7311
 14.7183 20.5938
 14.923 20.6264
 14.9876 20.6363
197 18 5
 13.5707 21.2611
 12.7875 21.2214
 12.5042 20.9072
 12.4366 20.8055
 12.4326 20.8068
198 63 5
 78.6731 -5.20095
 79.1756 -4.08245
 79.4199 -4.09795
 79.8381 -4.3517
 79.9281 -4.4211
198 7 13
 78.6731 -5.20095
 78.4993 -6.99445
 78.7013 -7.9069
 78.5401 -8.16625
 78.2538 -7.6303
 77.4272 -6.988
 76.6752 -7.02195
 76.4544 -7.97615
 76.2178 -8.88475
 76.0326 -9.30625
 75.9318 -9.46855
 75.8078 -9.4823
 75.7775 -9.4698
199 71 12
 9.6515 -26.4994
 10.2618 -27.747
 10.8115 -28.6357
 10.8334 -30.0901
 10.256 -30.8727
 10.1799 -31.0961
 10.0574 -31.0738
 9.138 -30.7405
 8.28405 -30.4963
 8.12485 -30.7072
 8.09145 -31.0544
 8.1709 -31.2459
199 73 13
 9.6515 -26.4994
 9.01235 -25.2836
 8.1779 -24.5374
 7.4768 -23.4152
 6.80015 -23.014
 5.7721 -22.8461
 5.3091 -22.3779
 5.0756 -22.0111
 4.4651 -21.3111
 3.8405 -20.6397
 3.5413 -21.9011
 3.27215 -23.1698
 3.255 -23.1914
200 35 17
 1.30085 -19.8285
 0.40475 -19.7208
 -0.3534 -19.3523
 -0.115 -19.976
 -0.37275 -20.6861
 -0.91975 -21.3852
 -1.3501 -21.9783
 -1.47035 -22.4569
 -2.2711 -22.32
 -3.33135 -22.1949
 -3.8342 -22.1124
 -4.1002 -22.151
 -4.21865 -22.1329
 -4.3201 -22.2038
 -4.3499 -22.287
 -4.31995 -22.3568
 -4.3129 -22.3853
200 96 4
 1.30085 -19.8285
 1.7151 -19.8439
 1.89255 -19.8349
 2.0059 -19.8674
201 126 15
 -6.29465 -0.61305
 -7.0403 -0.38875
 -7.17115 -0.4002
 -7.211 -0.30575
 -7.43815 0.1508
 -7.6878 0.80025
 -7.7731 1.04015
 -7.8304 1.2014
 -7.88815 1.3743
 -7.9023 1.43775
 -8.01045 1.6343
 -8.1895 1.84645
 -8.5107 1.93425
 -8.7869 2.01095
 -8.8219 2.0359
201 48 3
 -6.29465 -0.61305
 -5.64325 -0.7896
 -5.625 -0.8092
202 41 34
 -4.0359 20.4734
 -4.68795 20.0945
 -4.70025 20.0816
 -5.2454 20.3712
 -5.8227 20.4385
 -6.09255 20.1837
 -6.5077 19.7658
 -6.9063 19.5721
 -7.1339 19.5583
 -6.90695 19.473
 -6.72545 19.2452
 -6.7287 19.1096
 -6.75185 19.0894
 -6.80985 19.0513
 -6.87755 18.9715
 -7.00175 18.8855
 -7.11525 18.8561
 -7.1581 18.8209
 -7.18635 18.7533
 -7.1712 18.6826
 -7.1714 18.6789
 -7.28765 18.6658
 -7.4135 18.5711
 -7.5296 18.5009
 -7.6356 18.4685
 -7.67015 18.4492
 -7.73035 18.4454
 -7.81725 18.4529
 -7.85915 18.4221
 -7.88875 18.3927
 -7.9641 18.3911
 -8.03125 18.3476
 -8.0538 18.3066
 -8.0641 18.3041
202 131 55
 -4.0359 20.4734
 -3.30295 20.4019
 -3.1168 20.2575
 -2.8817 20.3845
 -2.4076 20.4159
 -1.8708 20.5233
 -1.68385 20.6315
 -1.6508 20.6621
 -1.55235 20.6703
 -1.4526 20.6497
 -1.356 20.6534
 -1.18625 20.574
 -1.07715 20.447
 -1.05005 20.4501
 -0.9419 20.561
 -0.67395 20.7564
 -0.38165 20.7421
 -0.23595 20.6229
 -0.1845 20.6731
 -0.0711 20.6116
 0.04475 20.516
 0.0603 20.4982
 0.0851 20.5532
 0.12215 20.6474
 0.1715 20.7333
 0.1591 20.9197
 0.1997 21.085
 0.1927 21.1519
 0.0287 21.2723
 0.04795 21.4802
 0.17225 21.672
 0.12205 21.7465
 -0.07305 21.8574
 -0.2307 22.1336
 -0.4208 22.3899
 -0.6646 22.4484
 -0.8847 22.5882
 -1.0659 22.8606
 -1.21315 22.9387
 -1.32375 22.9236
 -1.35855 23.0777
 -1.4352 23.1833
 -1.6429 23.1082
 -1.82705 23.0932
 -1.9558 23.1911
 -2.04195 23.4258
 -2.0177 23.6674
 -2.04395 23.685
 -2.14115 23.749
 -2.1782 23.9382
 -2.2784 23.8602
 -2.43785 23.8656
 -2.56445 23.8461
 -2.61515 23.7921
 -2.6148 23.7633
203 82 22
 33.4375 26.0993
 32.0013 24.8192
 30.4522 24.3685
 29.515 24.4926
 28.6783 24.1965
 28.3034 23.5783
 28.216 23.2503
 28.0848 23.3311
 27.8402 23.3762
 27.6752 23.3127
 27.41 23.1353
 26.8062 23.122
 25.7378 23.2048
 25.2156 22.9049
 25.2624 23.8965
 25.2803 24.6075
 24.9366 24.8413
 24.7481 25.1287
 24.6213 25.2642
 24.317 25.9423
 24.1521 26.5229
 24.1997 26.547
203 53 14
 33.4375 26.0993
 33.5923 27.0543
 33.3355 28.1451
 32.7738 29.0712
 32.3288 29.1548
 32.118 29.1068
 31.8073 29.0716
 31.2318 29.2705
 30.5184 29.3078
 30.3399 29.4137
 30.0966 30.5681
 29.9159 31.5576
 30.2267 31.6851
 30.4007 31.7213
204 117 13
 15.3473 17.4167
 16.1381 16.5101
 16.7673 15.8161
 17.4137 15.2541
 17.9398 15.3162
 18.5876 15.5471
 18.7365 15.7321
 19.0372 15.7332
 19.8638 15.1156
 20.7451 14.33
 21.1698 14.1798
 21.285 14.2471
 21.3108 14.2775
204 68 4
 15.3473 17.4167
 14.6868 18.4295
 14.8276 18.6677
 14.8286 18.6639
205 81 27
 32.4686 12.8319
 33.6687 12.0383
 34.1027 11.0523
 35.0033 10.3239
 35.3238 9.96185
 34.9643 9.5343
 34.6952 8.71375
 34.6207 8.1209
 35.0983 8.04685
 35.5203 7.59825
 35.6357 7.0669
 35.9317 6.9611
 36.4493 6.48355
 36.9221 5.9566
 37.0631 5.78095
 37.0775 5.4976
 37.0732 5.31385
 37.5183 4.6044
 37.9326 3.89425
 37.9023 3.2878
 37.9114 2.5135
 38.1334 1.99345
 38.7653 1.26465
 39.2127 -0.08215
 38.003 -1.01505
 36.7394 -1.03665
 36.7071 -1.035
205 92 7
 32.4686 12.8319
 30.7798 12.65
 30.2568 11.8032
 30.4119 12.6461
 29.5525 13.712
 28.4582 14.2112
 28.3975 14.1786
206 59 16
 61.1781 -29.1777
 60.99 -27.9214
 60.7183 -27.3798
 60.4374 -27.8251
 59.9668 -28.1847
 59.6752 -27.9949
 59.3965 -27.9659
 59.1589 -28.1376
 59.0999 -28.2427
 59.0244 -28.3292
 58.8809 -28.3292
 58.7627 -28.2215
 58.6798 -28.129
 58.6614 -28.0889
 58.6567 -28.0109
 58.6325 -27.9417
206 130 10
 61.1781 -29.1777
 60.9036 -30.2141
 60.7444 -30.6131
 60.8453 -30.6367
 61 -30.3711
 61.2535 -30.4701
 61.4435 -30.7929
 61.5364 -30.8175
 61.6406 -30.7934
 61.6668 -30.7886
207 59 17
 56.6577 -21.6474
 56.6386 -22.9349
 56.7224 -23.5349
 57.0583 -23.7663
 57.3582 -24.1952
 57.3921 -24.6441
 57.3972 -24.9678
 57.26 -25.7429
 57.4166 -26.6968
 57.7328 -27.3055
 57.9601 -27.7206
 58.1922 -27.9138
 58.2804 -27.949
 58.3577 -27.9023
 58.5071 -27.9181
 58.6255 -27.9439
 58.6325 -27.9417
207 58 5
 56.6577 -21.6474
 56.7374 -20.666
 56.8142 -20.3589
 56.8672 -20.242
 56.8634 -20.2041
208 59 19
 62.045 -27.0339
 60.9939 -26.5667
 60.7661 -26.4338
 60.7876 -26.515
 60.7565 -26.9643
 60.7183 -27.3798
 60.4374 -27.8251
 59.9668 -28.1847
 59.6752 -27.9949
 59.3965 -27.9659
 59.1589 -28.1376
 59.0999 -28.2427
 59.0244 -28.3292
 58.8809 -28.3292
 58.7627 -28.2215
 58.6798 -28.129
 58.6614 -28.0889
 58.6567 -28.0109
 58.6325 -27.9417
208 2 19
 62.045 -27.0339
 62.9486 -27.4223
 63.1116 -27.3795
 63.2509 -27.2847
 63.4342 -27.1779
 63.8721 -26.9445
 64.2637 -26.9228
 64.2486 -26.9935
 64.4047 -26.9192
 64.4577 -26.6864
 64.5341 -26.467
 64.6687 -26.0317
 64.6055 -25.3679
 64.3582 -24.9918
 64.448 -24.6938
 64.4129 -24.286
 64.4541 -24.0703
 64.5074 -23.9088
 64.5064 -23.8922
209 2 24
 66.5437 -31.1034
 66.5537 -30.2221
 66.7813 -29.8625
 66.5842 -29.6235
 66.1165 -29.3549
 65.7289 -29.1982
 65.1864 -28.4472
 64.8141 -27.6481
 64.7977 -27.4282
 64.7451 -27.2926
 64.5919 -27.1219
 64.402 -27.0351
 64.2486 -26.9935
 64.4047 -26.9192
 64.4577 -26.6864
 64.5341 -26.467
 64.6687 -26.0317
 64.6055 -25.3679
 64.3582 -24.9918
 64.448 -24.6938
 64.4129 -24.286
 64.4541 -24.0703
 64.5074 -23.9088
 64.5064 -23.8922
209 31 15
 66.5437 -31.1034
 67.0461 -31.6321
 67.4189 -31.479
 67.7984 -31.5204
 68.3378 -31.9529
 68.7351 -32.2321
 68.9693 -32.29
 69.0568 -32.3686
 69.4329 -32.6169
 69.8253 -32.8326
 70.1931 -32.9686
 70.6284 -33.1609
 70.7476 -33.2355
 70.8031 -33.226
 70.8426 -33.2211
210 64 11
 -10.5197 -31.1318
 -10.704 -31.5198
 -10.8667 -31.5954
 -11.1033 -31.8041
 -11.4539 -31.9226
 -12.0965 -32.1094
 -12.594 -32.4095
 -12.666 -32.5893
 -12.9745 -32.7763
 -13.2099 -32.8052
 -13.2281 -32.7895
210 54 5
 -10.5197 -31.1318
 -10.5278 -30.6945
 -10.7108 -30.2858
 -10.8593 -29.9762
 -10.8664 -29.9648
211 43 9
 -13.4755 -38.2392
 -13.4202 -50.1398
 -13.2375 -55.5876
 -12.9958 -54.0785
 -12.8375 -53.6189
 -11.8324 -52.9943
 -9.7918 -52.0958
 -8.789 -51.4637
 -8.6993 -51.3427
211 64 5
 -13.4755 -38.2392
 -13.2696 -33.0107
 -13.2108 -32.8845
 -13.2099 -32.8052
 -13.2281 -32.7895
212 35 36
 -8.3634 -24.1504
 -7.40615 -22.8923
 -7.2234 -22.6145
 -7.1678 -22.52
 -6.9346 -22.4734
 -6.7492 -22.3819
 -6.6771 -22.2637
 -6.56255 -21.9581
 -6.6105 -21.7243
 -6.27875 -21.8312
 -5.9289 -21.8765
 -5.6211 -21.8542
 -5.4455 -21.9846
 -5.46255 -22.2061
 -5.37365 -22.0595
 -5.18645 -21.9386
 -5.01945 -21.8921
 -4.8789 -21.8434
 -4.7662 -21.7606
 -4.77045 -21.8607
 -4.77485 -21.9725
 -4.78275 -22.0452
 -4.7123 -22.1134
 -4.6563 -22.1593
 -4.60125 -22.1997
 -4.53905 -22.2568
 -4.5144 -22.3077
 -4.4979 -22.3734
 -4.49225 -22.4159
 -4.48515 -22.43
 -4.4469 -22.4669
 -4.3972 -22.5079
 -4.37085 -22.4892
 -4.35015 -22.4235
 -4.32075 -22.3876
 -4.3129 -22.3853
212 54 11
 -8.3634 -24.1504
 -9.27825 -25.2896
 -9.1612 -26.2533
 -9.03395 -27.1105
 -9.14775 -27.2949
 -9.01505 -27.8389
 -8.89465 -28.2677
 -9.4913 -28.9653
 -10.374 -29.7519
 -10.8179 -29.9315
 -10.8664 -29.9648
213 85 5
 1.4076 -29.7771
 1.24665 -28.3632
 1.41665 -28.4047
 1.6556 -28.3432
 1.8361 -28.2564
213 50 14
 1.4076 -29.7771
 2.0972 -31.6138
 2.37175 -31.9988
 1.66275 -32.5817
 1.00095 -33.3135
 0.8708 -33.4401
 1.2973 -34.3211
 2.2651 -35.6654
 3.00735 -36.1297
 3.58755 -36.4
 4.0377 -36.6912
 4.15965 -37.1
 4.26335 -37.4976
 4.2812 -37.5073
214 60 17
 6.9498 -40.2839
 7.44625 -41.0631
 7.5186 -41.9238
 7.41385 -42.4286
 7.35575 -42.598
 6.8714 -42.445
 5.16175 -42.9622
 3.04135 -43.7298
 2.0249 -44.0898
 1.3809 -44.4042
 0.68055 -44.3427
 0.3817 -44.0889
 0.1761 -43.8114
 0.01315 -43.6494
 0.0144 -43.5678
 0.05315 -43.5095
 0.0183 -43.4804
214 50 6
 6.9498 -40.2839
 6.2148 -40.0002
 5.6125 -39.4815
 4.80295 -38.5693
 4.2566 -37.8402
 4.2812 -37.5073
215 39 34
 28.4646 -44.2064
 26.1692 -44.1535
 24.5243 -44.5627
 24.287 -44.8551
 24.4752 -45.2162
 24.7701 -46.0157
 24.907 -46.9923
 23.6114 -47.41
 22.3094 -47.8895
 21.974 -48.6523
 21.0426 -48.6337
 19.5495 -48.0888
 18.9509 -47.991
 19.5285 -46.9263
 19.7444 -45.9486
 19.5579 -45.577
 19.8098 -44.1551
 20.6018 -42.2171
 20.9346 -41.4058
 21.974 -41.1912
 22.9004 -40.8036
 22.8249 -40.5441
 23.0483 -39.0638
 23.2645 -37.6256
 22.8489 -37.0934
 23.5134 -37.612
 24.1209 -37.3582
 25.3965 -36.6975
 26.8624 -37.2194
 27.2757 -37.9926
 27.4953 -37.4708
 28.5141 -37.3851
 29.3623 -37.8722
 29.4016 -37.9323
215 3 9
 28.4646 -44.2064
 29.7565 -43.8124
 30.3351 -43.3913
 30.9575 -44.8122
 31.482 -45.7015
 32.2104 -45.91
 33.1732 -46.4184
 33.5122 -46.8707
 33.5756 -46.8984
216 39 9
 25.5048 -33.2989
 27.9478 -34.1935
 28.9772 -35.1003
 29.208 -35.8751
 29.3956 -36.2837
 29.4081 -36.6771
 29.2934 -37.4323
 29.3623 -37.8722
 29.4016 -37.9323
216 115 8
 25.5048 -33.2989
 23.8843 -32.9184
 23.788 -32.1698
 23.9415 -30.9316
 24.4784 -30.2046
 24.8009 -29.9313
 24.8238 -29.8767
 24.8186 -29.8666
217 115 9
 27.8238 -29.0707
 27.4431 -29.6766
 27.0631 -29.7013
 26.9923 -29.6991
 26.6576 -29.7577
 26.0284 -29.9135
 25.3206 -29.8349
 24.8811 -29.7845
 24.8186 -29.8666
217 104 8
 27.8238 -29.0707
 28.0158 -28.431
 28.2254 -27.9663
 28.2446 -27.4681
 28.0809 -27.0987
 28.0971 -26.6282
 28.2783 -26.4844
 28.313 -26.4925
218 123 17
 20.2207 -21.882
 19.7963 -20.9999
 19.1298 -20.4989
 18.9915 -20.2082
 19.1667 -20.0041
 19.6414 -18.8412
 20.0658 -17.6198
 20.0557 -17.4602
 20.1864 -17.5591
 20.7953 -17.8771
 21.7754 -18.2682
 22.4999 -19.0088
 22.9912 -19.3393
 23.3441 -19.2689
 23.9665 -19.6431
 24.5705 -19.9667
 24.6404 -20.0111
218 94 4
 20.2207 -21.882
 20.6187 -22.6372
 21.0412 -23.0075
 21.101 -23.119
219 71 5
 7.38975 -33.7849
 8.0348 -32.9042
 8.0584 -32.0362
 8.14515 -31.2589
 8.1709 -31.2459
219 100 4
 7.38975 -33.7849
 6.4296 -34.3873
 6.14725 -34.2109
 6.1426 -34.2091
220 100 2
 6.18295 -34.5433
 6.1426 -34.2091
220 101 3
 6.18295 -34.5433
 6.22485 -35.0932
 6.2264 -35.309
221 96 3
 2.3692 -21.5646
 2.01975 -19.885
 2.0059 -19.8674
221 73 4
 2.3692 -21.5646
 2.76275 -23.2382
 3.03785 -23.2206
 3.255 -23.1914
222 123 13
 19.8053 -13.7399
 19.9039 -16.192
 20.1637 -17.0325
 20.0571 -17.2952
 20.1864 -17.5591
 20.7953 -17.8771
 21.7754 -18.2682
 22.4999 -19.0088
 22.9912 -19.3393
 23.3441 -19.2689
 23.9665 -19.6431
 24.5705 -19.9667
 24.6404 -20.0111
222 76 12
 19.8053 -13.7399
 18.8813 -11.5884
 17.8474 -9.20495
 19.1838 -6.25655
 20.6357 -5.0902
 21.9766 -4.71855
 23.0643 -4.58005
 23.1483 -4.3163
 23.9473 -4.0224
 24.959 -4.02585
 25.7379 -3.9859
 26.2431 -3.9134
223 57 7
 35.1747 -20.3939
 36.0151 -21.1504
 36.2395 -21.7804
 36.305 -21.8217
 36.4135 -21.8414
 36.4641 -21.8364
 36.4882 -21.8209
223 113 4
 35.1747 -20.3939
 34.5163 -20.1153
 34.4262 -19.9356
 34.3951 -19.8759
224 33 11
 37.372 -21.1399
 37.9385 -20.5732
 38.643 -19.9048
 39.389 -19.8804
 39.8589 -20.2047
 40.1637 -20.284
 40.278 -20.4083
 40.3101 -20.6044
 40.2929 -20.8401
 40.2743 -20.998
 40.2311 -21.0346
224 57 4
 37.372 -21.1399
 36.7866 -21.5514
 36.5459 -21.7868
 36.4882 -21.8209
225 90 5
 25.6981 12.3709
 25.2895 11.2222
 24.9533 10.3023
 24.5093 9.48585
 24.3353 9.3337
225 92 5
 25.6981 12.3709
 26.4499 13.8495
 27.6137 14.3296
 28.3826 14.2014
 28.3975 14.1786
226 117 14
 19.2949 9.6939
 18.743 11.6803
 18.6231 13.1465
 19.0467 13.3587
 18.8625 13.9013
 18.5581 14.9106
 18.5876 15.5471
 18.7365 15.7321
 19.0372 15.7332
 19.8638 15.1156
 20.7451 14.33
 21.1698 14.1798
 21.285 14.2471
 21.3108 14.2775
226 37 7
 19.2949 9.6939
 18.9021 7.4437
 18.5232 5.9317
 18.7644 4.98275
 19.6293 4.31345
 20.3027 4.6167
 20.3091 4.6296
227 35 33
 -5.2852 -14.8631
 -5.0913 -16.7698
 -5.0261 -17.541
 -5.0098 -17.8559
 -4.94995 -18.0679
 -4.91475 -18.2327
 -4.83165 -18.3651
 -4.5729 -18.3484
 -4.29145 -18.3625
 -4.1822 -18.6867
 -4.0512 -19.0034
 -4.0642 -19.1586
 -4.22875 -19.2562
 -4.17235 -19.4915
 -4.01155 -19.7603
 -3.9364 -19.8284
 -4.0631 -19.9309
 -4.0599 -20.2063
 -3.97595 -20.5198
 -4.01085 -20.6576
 -4.1387 -20.6859
 -3.9983 -20.9375
 -3.93915 -21.2255
 -3.91095 -21.281
 -3.8923 -21.4288
 -4.02625 -21.6521
 -4.18255 -21.8576
 -4.24845 -22.0535
 -4.28435 -22.1563
 -4.3201 -22.2038
 -4.3499 -22.287
 -4.31995 -22.3568
 -4.3129 -22.3853
227 48 41
 -5.2852 -14.8631
 -6.3791 -13.9681
 -7.3539 -14.4039
 -7.47975 -14.2792
 -7.60625 -14.1341
 -7.7389 -13.7965
 -7.8583 -13.2659
 -7.78425 -12.9552
 -7.79075 -12.701
 -7.9149 -12.0954
 -7.9065 -11.3411
 -8.19575 -10.4648
 -7.0961 -11.0497
 -6.3143 -11.0828
 -6.21855 -11.1842
 -5.94745 -10.9345
 -5.82 -10.4425
 -5.91775 -9.7323
 -6.34555 -8.80845
 -6.7632 -8.3893
 -6.6782 -8.1623
 -6.9625 -8.08055
 -7.21395 -7.6897
 -6.92965 -6.6665
 -6.44425 -5.67445
 -5.996 -5.5642
 -6.5288 -5.536
 -6.7337 -5.29615
 -6.82105 -5.10595
 -7.06675 -4.93395
 -7.23525 -4.73205
 -6.88205 -4.4982
 -6.549 -3.8137
 -6.7532 -2.79575
 -6.8783 -2.24885
 -6.73125 -2.184
 -6.55145 -1.96825
 -6.44535 -1.53715
 -6.0474 -1.02835
 -5.64455 -0.79895
 -5.625 -0.8092
228 126 22
 -9.24655 0.0336
 -8.72395 0.09765
 -8.61705 0.16185
 -8.538 0.13585
 -8.64365 0.0288
 -8.5575 -0.3444
 -8.2606 -0.6535
 -7.99935 -0.6503
 -7.50185 -0.56035
 -7.17115 -0.4002
 -7.211 -0.30575
 -7.43815 0.1508
 -7.6878 0.80025
 -7.7731 1.04015
 -7.8304 1.2014
 -7.88815 1.3743
 -7.9023 1.43775
 -8.01045 1.6343
 -8.1895 1.84645
 -8.5107 1.93425
 -8.7869 2.01095
 -8.8219 2.0359
228 120 4
 -9.24655 0.0336
 -9.84735 -0.15685
 -10.0348 -0.32965
 -10.0872 -0.3234
229 24 21
 -8.68965 34.9588
 -6.33145 34.7873
 -6.14025 34.2221
 -6.34265 33.937
 -6.87435 33.1914
 -7.18855 32.3409
 -7.8188 31.8186
 -8.6732 31.5008
 -8.7721 31.095
 -8.43925 30.5515
 -7.98575 30.5149
 -7.38585 30.8852
 -6.63435 30.9009
 -5.84645 30.7463
 -5.36865 30.5814
 -5.1704 30.2781
 -4.5708 29.8595
 -3.5921 29.8662
 -3.0933 30.4582
 -2.91895 30.8983
 -2.7197 31.0304
229 83 3
 -8.68965 34.9588
 -10.8661 34.7219
 -10.8942 34.7951
230 10 14
 3.061 24.5431
 3.31705 24.0729
 3.2866 23.7893
 3.35645 23.6755
 3.4392 23.4576
 3.45455 23.187
 3.58235 22.9607
 3.89925 22.673
 4.0934 22.4802
 4.18655 22.4002
 4.2926 22.3563
 4.33995 22.3127
 4.38535 22.2842
 4.396 22.2766
230 121 5
 3.061 24.5431
 2.73625 24.8434
 2.658 24.8484
 2.6044 24.8372
 2.5879 24.8405
231 131 64
 2.4735 21.6479
 2.4253 21.2476
 2.34055 21.0882
 2.13315 20.9629
 1.99165 20.8546
 1.9652 20.7998
 1.9903 20.7522
 2.0134 20.717
 2.0025 20.7139
 1.9007 20.7127
 1.6682 20.6291
 1.46305 20.6036
 1.3797 20.6323
 1.29765 20.692
 1.08355 20.7127
 0.83435 20.4908
 0.7116 20.3077
 0.57085 20.323
 0.40835 20.3559
 0.2754 20.3714
 0.15085 20.3579
 0.1012 20.3359
 0.07535 20.3208
 0.02205 20.3013
 -0.0279 20.2782
 -0.04485 20.3041
 -0.044 20.3522
 -0.0436 20.3615
 -0.00555 20.3732
 0.0404 20.4355
 0.0603 20.4982
 0.0851 20.5532
 0.12215 20.6474
 0.1715 20.7333
 0.1591 20.9197
 0.1997 21.085
 0.1927 21.1519
 0.0287 21.2723
 0.04795 21.4802
 0.17225 21.672
 0.12205 21.7465
 -0.07305 21.8574
 -0.2307 22.1336
 -0.4208 22.3899
 -0.6646 22.4484
 -0.8847 22.5882
 -1.0659 22.8606
 -1.21315 22.9387
 -1.32375 22.9236
 -1.35855 23.0777
 -1.4352 23.1833
 -1.6429 23.1082
 -1.82705 23.0932
 -1.9558 23.1911
 -2.04195 23.4258
 -2.0177 23.6674
 -2.04395 23.685
 -2.14115 23.749
 -2.1782 23.9382
 -2.2784 23.8602
 -2.43785 23.8656
 -2.56445 23.8461
 -2.61515 23.7921
 -2.6148 23.7633
231 10 15
 2.4735 21.6479
 2.67965 22.0176
 2.8197 22.1368
 2.93 21.9559
 3.16205 21.7935
 3.36515 21.7448
 3.48165 21.7675
 3.56245 21.821
 3.5711 21.8598
 3.78955 21.9754
 3.9957 22.0563
 4.12 22.0056
 4.27695 22.1106
 4.37285 22.2682
 4.396 22.2766
232 125 20
 4.8899 33.8385
 3.82355 33.3525
 3.048 33.4918
 2.46885 33.7773
 1.4499 33.8018
 0.2746 33.9752
 -0.13815 35.3068
 -0.21725 36.5643
 -0.10835 37.4959
 0.17685 38.0004
 0.1957 38.8031
 0.44125 39.6636
 0.7851 40.1276
 0.46935 39.8003
 0.1784 40.0098
 0.03565 40.3724
 -0.0787 40.4676
 -0.1432 40.6506
 -0.1369 40.8406
 -0.0965 40.843
232 44 14
 4.8899 33.8385
 5.2054 35.4939
 4.95055 36.7029
 4.9862 37.4343
 5.5659 37.641
 6.12285 38.101
 6.16 38.7388
 6.531 38.3186
 7.64625 37.947
 8.3506 37.5226
 8.8767 38.9175
 9.6007 39.9399
 9.9045 40.0036
 9.9743 39.9975
233 16 25
 9.33235 36.5382
 10.3107 35.7662
 10.4903 35.4935
 10.7552 35.3358
 11.0227 35.1235
 11.0924 34.2943
 11.4995 33.3919
 12.2607 33.2673
 12.7257 33.3804
 13.7397 33.839
 14.859 34.3716
 15.0585 34.4978
 15.5812 35.1144
 16.0854 35.761
 16.0189 35.874
 15.8945 36.1448
 15.633 36.6531
 16.5151 36.6719
 17.2077 37.0246
 17.1075 37.5716
 16.7122 38.7561
 15.6409 39.3434
 14.8405 39.3167
 14.7943 39.3813
 14.7621 39.4132
233 44 7
 9.33235 36.5382
 8.4063 37.0854
 8.3506 37.5226
 8.8767 38.9175
 9.6007 39.9399
 9.9045 40.0036
 9.9743 39.9975
234 110 8
 18.1741 38.567
 19.005 37.9279
 19.5443 37.1366
 19.7604 37.2346
 19.9568 37.3272
 19.9995 37.1045
 20.0909 36.8244
 20.149 36.7596
234 16 9
 18.1741 38.567
 17.5358 37.7252
 17.2077 37.0246
 17.1075 37.5716
 16.7122 38.7561
 15.6409 39.3434
 14.8405 39.3167
 14.7943 39.3813
 14.7621 39.4132
235 21 9
 24.0063 20.913
 22.9819 20.6671
 22.4757 20.4874
 22.307 20.4466
 22.0908 20.4616
 21.9942 20.4879
 21.9188 20.5091
 21.8308 20.5189
 21.8122 20.5061
235 82 15
 24.0063 20.913
 24.5848 21.0766
 24.7878 21.1591
 25.3417 21.1765
 25.8015 21.2215
 25.6349 21.9631
 25.2156 22.9049
 25.2624 23.8965
 25.2803 24.6075
 24.9366 24.8413
 24.7481 25.1287
 24.6213 25.2642
 24.317 25.9423
 24.1521 26.5229
 24.1997 26.547
236 98 13
 22.5293 20.4823
 22.9241 20.0077
 23.2897 19.5507
 23.04 19.4429
 22.7119 19.2964
 22.7393 19.1709
 22.853 18.8549
 22.8852 18.5163
 22.9505 18.3813
 23.1066 18.2504
 23.3815 18.2069
 23.5933 18.2158
 23.6639 18.1787
236 21 8
 22.5293 20.4823
 22.4757 20.4874
 22.307 20.4466
 22.0908 20.4616
 21.9942 20.4879
 21.9188 20.5091
 21.8308 20.5189
 21.8122 20.5061
237 10 30
 9.5203 20.6808
 8.8109 20.7451
 8.49285 20.9067
 8.5458 21.1014
 8.50725 21.2423
 8.3265 21.3407
 8.1769 21.3195
 8.0929 21.1649
 8.0827 21.3514
 7.6508 21.8754
 7.223 22.3625
 7.09455 22.5045
 7.0108 22.579
 6.9513 22.6517
 6.74885 22.6634
 6.3555 22.5986
 6.0146 22.492
 5.7333 22.3574
 5.419 22.2822
 5.1655 22.2512
 4.9248 22.2631
 4.7568 22.323
 4.6862 22.3743
 4.62735 22.4097
 4.57635 22.4337
 4.4641 22.4006
 4.33535 22.3559
 4.33995 22.3127
 4.38535 22.2842
 4.396 22.2766
237 14 7
 9.5203 20.6808
 10.0433 20.7642
 10.4557 21.0149
 10.8586 21.2044
 11.0091 21.1631
 11.0208 21.1091
 11.0273 21.1126
238 117 19
 11.3131 15.0989
 12.1632 14.6959
 12.894 14.9293
 14.1909 15.0819
 15.0266 14.9687
 15.1404 14.4628
 15.9402 14.9725
 16.4396 15.7862
 16.7673 15.8161
 17.4137 15.2541
 17.9398 15.3162
 18.5876 15.5471
 18.7365 15.7321
 19.0372 15.7332
 19.8638 15.1156
 20.7451 14.33
 21.1698 14.1798
 21.285 14.2471
 21.3108 14.2775
238 99 4
 11.3131 15.0989
 10.5368 15.7902
 10.3997 15.8947
 10.3551 15.9002
239 92 4
 28.5027 15.4743
 28.2198 14.7966
 28.3826 14.2014
 28.3975 14.1786
239 106 4
 28.5027 15.4743
 29.6996 15.8151
 30.4986 16.1381
 30.5314 16.2257
240 38 38
 43.8797 -2.5911
 44.7343 -3.45605
 45.4227 -4.053
 46.0632 -4.64445
 45.9232 -4.77195
 46.7106 -5.371
 47.6196 -5.7172
 47.485 -6.60575
 46.7472 -7.5274
 46.753 -7.8882
 47.432 -8.6167
 47.4604 -9.4199
 47.4072 -10.0037
 47.3725 -10.3397
 47.1757 -10.7905
 46.8693 -11.3499
 46.4529 -11.7934
 46.1042 -12.102
 46.0264 -12.1244
 45.813 -12.1206
 45.0899 -12.8194
 44.0928 -13.7962
 43.4687 -14.0849
 43.266 -14.1233
 43.0589 -14.1321
 43.1825 -14.17
 43.3018 -14.3142
 43.7146 -14.4795
 44.2381 -14.8197
 44.4689 -15.1855
 44.4445 -15.2968
 44.4815 -15.294
 44.738 -15.2626
 44.904 -15.0865
 44.9806 -15.2766
 45.2661 -15.5239
 45.6411 -15.7707
 45.7462 -15.8003
240 118 3
 43.8797 -2.5911
 43.0283 -1.70215
 43.0046 -1.6624
241 79 13
 62.6674 9.5994
 62.4103 8.3624
 61.616 7.812
 61.4896 7.57565
 61.514 7.43295
 62.1612 7.0802
 62.886 6.7211
 63.6311 6.57705
 64.2681 6.62985
 64.4583 6.81445
 64.729 6.72055
 64.8777 6.6402
 64.9414 6.6935
241 8 16
 62.6674 9.5994
 62.1946 10.4912
 61.6515 10.7773
 60.993 11.1801
 61.1365 11.6423
 60.5222 11.4335
 59.966 12.0031
 59.4912 12.5255
 59.2789 12.8324
 59.5233 13.4377
 59.7107 13.903
 59.4546 14.2884
 59.1275 14.7666
 59.1919 15.0466
 59.398 15.0715
 59.4226 15.0524
242 36 3
 59.73 15.3354
 60.0845 15.6493
 60.1316 15.6803
242 8 2
 59.73 15.3354
 59.4226 15.0524
243 122 20
 44.814 22.6245
 45.1816 23.1315
 46.094 23.4125
 47.1266 23.7526
 48.2503 24.6204
 49.1487 25.1101
 49.2234 25.0988
 49.5836 24.6421
 49.9529 24.0017
 50.0649 23.707
 50.1209 23.6884
 50.1623 23.6832
 50.2882 23.6939
 50.68 23.5532
 51.1008 23.5429
 51.4028 23.8076
 51.6319 23.9375
 51.465 23.9841
 51.3905 24.1398
 51.426 24.2429
243 11 12
 44.814 22.6245
 44.1429 22.6147
 43.2002 22.8484
 42.2855 23.1585
 41.8886 23.3403
 41.7004 23.168
 41.1046 22.4882
 40.9351 21.7364
 40.5494 21.7687
 40.1539 21.7585
 39.9165 21.986
 39.9219 22.0254
244 75 20
 50.9123 39.8921
 52.0495 40.2764
 53.521 40.9661
 55.1655 40.7987
 56.4289 40.3037
 56.4776 40.151
 56.2262 38.8632
 56.3775 37.2268
 56.1273 37.0058
 56.4091 35.8274
 56.887 34.9506
 57.0699 34.0842
 56.6218 33.454
 56.0406 33.0988
 55.7552 32.6749
 55.417 32.1077
 54.7647 31.8671
 54.3402 32.7373
 54.2738 33.5735
 54.3586 33.66
244 77 4
 50.9123 39.8921
 50.3644 40.8977
 49.2654 41.8948
 48.6463 41.9116
245 87 14
 49.2775 33.0961
 48.6975 32.4899
 48.1357 32.7615
 46.9249 33.1148
 46.0646 32.8713
 45.5243 32.6899
 45.0401 32.7812
 44.9221 32.8001
 44.7734 33.0143
 44.6206 33.8989
 45.1441 34.9796
 45.875 35.4106
 46.0815 35.3979
 46.1131 35.385
245 75 12
 49.2775 33.0961
 50.052 34.0628
 51.2209 34.0424
 52.4002 33.6867
 52.6591 33.718
 52.6788 33.558
 52.8486 33.3228
 53.2402 33.2178
 53.5975 33.1866
 53.9455 33.2934
 54.2738 33.5735
 54.3586 33.66
246 122 26
 54.3962 27.6059
 54.9631 26.4998
 55.563 25.8587
 56.0764 25.1506
 56.0345 24.4926
 55.8906 24.3112
 55.2763 23.7617
 54.6664 23.353
 54.3196 23.1713
 53.9954 23.0774
 53.8727 23.1629
 53.5401 22.8711
 52.9419 22.5923
 52.4688 22.6366
 52.2517 22.6708
 52.2069 22.6966
 52.1436 22.757
 52.0332 22.7556
 51.8363 22.8824
 51.6746 23.0451
 51.6273 23.5
 51.694 23.9146
 51.6319 23.9375
 51.465 23.9841
 51.3905 24.1398
 51.426 24.2429
246 75 11
 54.3962 27.6059
 54.1434 28.512
 54.3496 29.2219
 54.4427 29.6996
 55.2173 30.0182
 55.2706 30.6924
 54.867 31.4562
 54.7647 31.8671
 54.3402 32.7373
 54.2738 33.5735
 54.3586 33.66
247 45 23
 62.6316 24.3702
 63.2142 23.1207
 62.8183 22.6859
 62.8086 22.4833
 63.0153 21.8995
 63.2179 21.4766
 63.2925 21.4418
 63.5751 21.3538
 63.8101 21.2651
 63.6683 21.1302
 63.4583 20.9212
 63.5023 20.7707
 63.702 20.5607
 63.801 20.4165
 64.0164 20.3116
 64.2485 20.224
 64.3347 20.2153
 64.4082 20.1413
 64.4162 20.0662
 64.3612 19.9172
 64.2682 19.7835
 64.1985 19.7551
 64.1718 19.7363
247 122 34
 62.6316 24.3702
 61.4543 25.2136
 61.053 25.206
 60.508 25.7429
 60.3522 26.3708
 59.8729 25.7989
 59.3448 25.2851
 58.9958 25.2178
 58.0625 24.9153
 57.0295 24.6316
 56.5884 24.557
 56.192 24.4636
 56.0429 24.4292
 55.8906 24.3112
 55.2763 23.7617
 54.6664 23.353
 54.3196 23.1713
 53.9954 23.0774
 53.8727 23.1629
 53.5401 22.8711
 52.9419 22.5923
 52.4688 22.6366
 52.2517 22.6708
 52.2069 22.6966
 52.1436 22.757
 52.0332 22.7556
 51.8363 22.8824
 51.6746 23.0451
 51.6273 23.5
 51.694 23.9146
 51.6319 23.9375
 51.465 23.9841
 51.3905 24.1398
 51.426 24.2429
248 91 18
 74.5 32.9287
 73.8808 34.0201
 73.6004 34.9925
 72.9739 35.5459
 72.889 35.6002
 72.7374 35.3742
 71.8652 35.0826
 70.9977 35.4818
 70.7807 36.2949
 70.6751 37.1168
 70.8339 37.9475
 71.212 38.5946
 71.4041 38.9658
 71.0477 39.3218
 70.9212 39.9036
 71.096 40.2525
 71.1062 40.3489
 71.1478 40.4033
248 102 8
 74.5 32.9287
 75.4114 32.3019
 75.4735 31.8158
 75.8574 31.0578
 76.4395 30.9837
 76.7776 31.1806
 76.8864 31.1927
 76.9191 31.2146
249 65 9
 73.2272 22.6819
 72.5385 24.2621
 72.1002 25.0605
 72.2187 25.178
 72.1793 25.1968
 71.9581 25.1456
 71.6171 25.2854
 71.4577 25.4697
 71.436 25.4694
249 103 11
 73.2272 22.6819
 73.2977 21.1147
 73.6227 22.5706
 74.9053 23.2052
 75.9411 23.0294
 76.4043 23.2774
 77.7258 23.1996
 78.7804 22.5495
 78.7085 21.5858
 78.3622 20.8927
 78.2458 20.8859
250 78 43
 78.7997 11.2351
 78.643 10.2796
 78.4332 9.781
 78.567 9.57265
 78.5751 9.4006
 78.5766 9.24225
 78.7337 9.1004
 79.1637 8.9034
 79.6853 8.67135
 80.2672 8.881
 80.838 9.24435
 81.1202 9.32215
 81.3372 9.3392
 81.523 9.26195
 81.5498 9.26765
 81.5252 9.49275
 81.5905 9.8593
 81.3891 10.1177
 80.8091 10.6021
 80.9377 11.453
 81.6167 11.8936
 81.9122 11.9363
 82.0197 12.1519
 82.4295 12.5407
 82.8265 12.7922
 82.8786 12.9114
 82.8643 13.1375
 83.0823 13.4857
 83.7824 13.8015
 84.4622 14.1679
 84.7124 14.4239
 84.8511 14.3247
 84.9967 14.2632
 85.1624 14.4107
 85.3135 14.565
 85.386 14.5301
 85.4895 14.459
 85.6615 14.3875
 85.8197 14.2447
 85.9008 14.1629
 85.8745 14.1107
 85.9155 14.0101
 86.0139 13.948
250 103 16
 78.7997 11.2351
 78.6678 11.984
 78.6655 14.1952
 78.81 16.5844
 78.7194 16.9226
 78.2733 17.6648
 78.0796 18.4131
 78.4448 18.693
 78.8691 18.991
 78.9234 19.0486
 79.0547 19.1719
 79.35 19.3924
 78.8136 19.918
 78.3511 20.7031
 78.2488 20.8704
 78.2458 20.8859
251 128 14
 72.3969 7.6866
 71.6416 7.41085
 71.4525 7.19095
 71.0593 6.8611
 70.498 6.6356
 70.2439 6.67385
 70.5305 6.60085
 70.7072 6.19555
 70.5023 5.75605
 70.321 5.70365
 70.1441 5.6876
 70.0285 5.60825
 70.0246 5.5536
 70.0006 5.5297
251 19 4
 72.3969 7.6866
 73.2347 7.78915
 73.4983 7.72525
 73.5311 7.703
252 23 12
 64.9599 5.889
 64.6539 5.5249
 64.4449 5.5121
 64.3711 5.0426
 64.28 4.61275
 64.0134 4.28375
 63.8317 3.9177
 63.8257 3.88895
 63.7045 3.9688
 63.458 3.942
 63.2952 3.88515
 63.2948 3.8737
252 79 4
 64.9599 5.889
 64.9536 6.4599
 64.8777 6.6402
 64.9414 6.6935
253 15 7
 66.4087 1.00815
 66.5975 1.67285
 67.3423 1.9593
 67.9841 2.33915
 68.0585 2.9806
 68.007 3.34715
 67.9931 3.3706
253 108 5
 66.4087 1.00815
 67.0737 -0.09845
 67.72 -0.86115
 67.7142 -1.01795
 67.7009 -1.0589
254 47 29
 72.8936 3.6817
 73.8804 3.76495
 74.1875 3.83055
 74.4475 4.0711
 75.0338 4.0013
 75.7559 3.92345
 76.7347 3.8032
 76.1588 4.37725
 76.1291 4.63075
 76.8326 5.0602
 77.5641 5.65585
 77.7549 5.6361
 78.4823 5.6789
 79.1673 5.97865
 79.3668 6.07315
 79.6183 6.26625
 79.9175 6.58205
 80.1992 6.861
 80.3443 6.67215
 80.7854 5.9889
 81.1104 5.43625
 81.3156 5.56705
 81.6021 5.62305
 81.9081 5.7661
 81.9982 5.89765
 82.0592 5.9052
 82.1404 5.92015
 82.1938 5.93575
 82.205 5.9396
254 72 5
 72.8936 3.6817
 72.1169 3.71675
 71.9928 3.897
 71.9331 4.0264
 71.8906 4.0443
255 61 30
 77.4655 -21.1052
 76.1527 -21.9609
 75.6068 -22.4067
 75.5473 -21.8041
 74.3806 -20.6732
 73.6618 -19.1285
 74.0465 -18.4021
 74.8176 -17.8829
 74.995 -16.8526
 74.8241 -16.1813
 74.6049 -15.8794
 73.922 -15.3596
 73.334 -14.944
 73.2741 -14.7281
 73.8074 -14.097
 73.9935 -13.089
 73.7065 -12.4678
 73.7168 -12.417
 73.579 -11.9164
 72.9987 -11.0906
 72.298 -10.7362
 71.9767 -10.6787
 71.8929 -10.8193
 71.7731 -10.9372
 71.7607 -11.1081
 71.2803 -11.5855
 70.5105 -12.1075
 69.97 -12.5439
 69.7847 -12.8436
 69.8294 -12.8796
255 119 4
 77.4655 -21.1052
 78.8732 -20.4765
 79.1046 -20.4865
 79.118 -20.4779
256 61 18
 67.2396 -9.57115
 68.489 -9.3051
 68.9466 -8.5062
 68.9626 -9.0129
 69.5453 -9.63285
 70.6551 -9.9395
 71.3855 -10.1478
 71.6209 -10.4735
 71.7994 -10.5862
 71.9767 -10.6787
 71.8929 -10.8193
 71.7731 -10.9372
 71.7607 -11.1081
 71.2803 -11.5855
 70.5105 -12.1075
 69.97 -12.5439
 69.7847 -12.8436
 69.8294 -12.8796
256 32 6
 67.2396 -9.57115
 66.3592 -9.12825
 66.0714 -8.9129
 65.6651 -9.0383
 65.3993 -9.17745
 65.3426 -9.1109
257 17 15
 59.5061 -11.7407
 60.0443 -12.7882
 60.3801 -13.328
 60.9752 -14.261
 61.2092 -15.3242
 62.1426 -15.115
 63.229 -15.0613
 63.5146 -15.0546
 63.9137 -15.4021
 64.8758 -15.4713
 65.5719 -15.1721
 65.703 -15.1245
 65.7742 -14.8242
 65.9401 -14.5506
 66.0352 -14.5366
257 111 6
 59.5061 -11.7407
 58.743 -10.9638
 58.8196 -10.1754
 59.1869 -9.55045
 59.0212 -9.40095
 58.8947 -9.3393
258 33 14
 45.0302 -23.5562
 44.5777 -23.0224
 44.3381 -22.724
 43.5896 -22.1895
 43.1212 -21.8481
 42.3153 -21.7339
 41.4206 -22.0038
 41.1772 -22.3997
 40.9091 -22.2319
 40.7026 -22.0695
 40.393 -21.7659
 40.2285 -21.3568
 40.2682 -21.1448
 40.2311 -21.0346
258 1 5
 45.0302 -23.5562
 45.7824 -23.5413
 46.1292 -23.0819
 46.0605 -22.9857
 45.8795 -22.9188
259 20 19
 67.0275 -38.9068
 67.6989 -39.7808
 67.7319 -40.4151
 67.881 -40.8381
 68.4699 -41.1304
 68.6952 -41.5173
 68.7538 -41.8556
 68.9686 -42.2052
 68.8855 -42.6158
 68.8197 -43.0841
 68.7307 -43.4275
 68.6544 -43.5
 68.6256 -43.5265
 68.6216 -43.6629
 68.7296 -43.8806
 68.7696 -44.0497
 68.6723 -44.1424
 68.674 -44.2138
 68.7016 -44.2531
259 31 16
 67.0275 -38.9068
 66.3479 -38.3711
 66.4147 -37.1554
 66.3726 -35.78
 66.7278 -35.1039
 67.1478 -34.6011
 67.1751 -34.5469
 68.0566 -34.2621
 68.688 -33.5919
 69.1326 -32.9957
 69.8289 -32.8439
 70.1931 -32.9686
 70.6284 -33.1609
 70.7476 -33.2355
 70.8031 -33.226
 70.8426 -33.2211
260 5 14
 62.4811 -50.8977
 61.9804 -51.0703
 61.194 -51.6123
 60.7945 -52.1513
 60.8013 -52.3222
 60.7087 -52.4033
 60.4818 -52.4786
 60.3349 -52.6143
 60.3523 -52.7313
 60.4128 -52.8449
 60.418 -52.9183
 60.4114 -52.9835
 60.3963 -53.0499
 60.388 -53.0719
260 4 6
 62.4811 -50.8977
 62.9175 -50.3371
 63.2057 -49.7259
 63.3208 -49.8833
 63.4431 -49.9203
 63.5033 -49.9348
261 4 3
 64.1491 -50.1073
 63.5315 -49.9615
 63.5033 -49.9348
261 28 5
 64.1491 -50.1073
 64.8439 -50.2497
 65.0763 -50.2461
 65.207 -50.2621
 65.2108 -50.3051
262 30 38
 68.5043 -47.6367
 68.4422 -48.2586
 68.3791 -48.6102
 68.1501 -48.7579
 68.0107 -48.7631
 68.1205 -48.9127
 68.1725 -49.1059
 68.1062 -49.1828
 67.9724 -49.2701
 67.8296 -49.3392
 67.6124 -49.3888
 67.4131 -49.5271
 67.4218 -49.6524
 67.439 -49.8362
 67.6761 -50.2629
 67.8826 -50.7688
 67.8608 -51.2378
 68.059 -51.5369
 68.274 -51.6059
 68.3288 -52.0763
 68.3485 -52.68
 68.1589 -52.9064
 67.9556 -52.9974
 67.8605 -53.0716
 67.7583 -53.1217
 67.6949 -53.1744
 67.4695 -53.3069
 67.0665 -53.5664
 66.5524 -53.9385
 66.1756 -54.1965
 66.0044 -54.4843
 65.9355 -54.7309
 66.0073 -54.8383
 66.0759 -54.9452
 66.1306 -55.034
 66.1393 -55.1362
 66.0939 -55.1767
 66.059 -55.1692
262 89 9
 68.5043 -47.6367
 68.6357 -46.8393
 68.6837 -46.3782
 68.6233 -46.2606
 68.255 -46.0387
 67.7694 -45.9752
 67.4986 -46.0858
 67.2937 -46.1048
 67.1753 -46.1485
263 2 27
 69.2318 -28.8232
 69.0863 -29.5023
 68.7537 -29.9804
 68.3281 -29.9251
 67.4861 -29.8076
 66.8162 -29.843
 66.5842 -29.6235
 66.1165 -29.3549
 65.7289 -29.1982
 65.1864 -28.4472
 64.8141 -27.6481
 64.7977 -27.4282
 64.7451 -27.2926
 64.5919 -27.1219
 64.402 -27.0351
 64.2486 -26.9935
 64.4047 -26.9192
 64.4577 -26.6864
 64.5341 -26.467
 64.6687 -26.0317
 64.6055 -25.3679
 64.3582 -24.9918
 64.448 -24.6938
 64.4129 -24.286
 64.4541 -24.0703
 64.5074 -23.9088
 64.5064 -23.8922
263 112 7
 69.2318 -28.8232
 69.3594 -28.5326
 69.4991 -28.0495
 69.5933 -27.4548
 69.7417 -27.3866
 69.9226 -27.4037
 69.9894 -27.3788
264 26 8
 76.9169 -42.2708
 77.9564 -42.4197
 77.8771 -42.6041
 78.0914 -42.4364
 78.7057 -42.7774
 79.2775 -43.3363
 79.3796 -43.4934
 79.3851 -43.4983
264 52 4
 76.9169 -42.2708
 75.6122 -42.3073
 75.3373 -42.368
 75.324 -42.3259
265 30 42
 71.0783 -49.5146
 70.3408 -48.6609
 70.1087 -48.4558
 69.5651 -48.2117
 69.1613 -48.412
 69.1056 -48.7064
 69.0484 -48.7768
 68.756 -48.9701
 68.4413 -49.1535
 68.299 -49.1455
 68.1676 -49.1411
 68.1062 -49.1828
 67.9724 -49.2701
 67.8296 -49.3392
 67.6124 -49.3888
 67.4131 -49.5271
 67.4218 -49.6524
 67.439 -49.8362
 67.6761 -50.2629
 67.8826 -50.7688
 67.8608 -51.2378
 68.059 -51.5369
 68.274 -51.6059
 68.3288 -52.0763
 68.3485 -52.68
 68.1589 -52.9064
 67.9556 -52.9974
 67.8605 -53.0716
 67.7583 -53.1217
 67.6949 -53.1744
 67.4695 -53.3069
 67.0665 -53.5664
 66.5524 -53.9385
 66.1756 -54.1965
 66.0044 -54.4843
 65.9355 -54.7309
 66.0073 -54.8383
 66.0759 -54.9452
 66.1306 -55.034
 66.1393 -55.1362
 66.0939 -55.1767
 66.059 -55.1692
265 52 20
 71.0783 -49.5146
 71.6949 -50.4206
 72.3301 -49.9535
 72.8382 -49.4698
 73.338 -49.0023
 74.39 -48.3727
 74.4321 -48.0377
 73.548 -47.2785
 73.164 -46.4847
 73.481 -46.1198
 73.7435 -45.8633
 73.7334 -45.2718
 73.813 -44.2859
 73.6553 -43.3008
 73.4308 -42.7002
 73.7463 -42.7356
 74.2025 -42.7932
 74.8022 -42.7083
 75.285 -42.4748
 75.324 -42.3259
266 34 5
 72.3839 -53.9117
 72.0128 -52.9805
 71.6936 -52.4064
 71.6188 -52.4174
 71.6111 -52.421
266 49 5
 72.3839 -53.9117
 73.1071 -54.758
 73.9301 -55.2407
 74.1375 -55.1869
 74.1259 -55.1468
271 80 5
 82.0827 42.2121
 80.8946 42.1875
 80.6633 42.471
 79.237 42.7268
 79.2302 42.7238
272 26 16
 84.9822 -56.7009
 85.0118 -56.1231
 85.0884 -53.9484
 83.4781 -51.6983
 81.1106 -50.2436
 80.7146 -48.8697
 80.9124 -48.2612
 80.5539 -47.3134
 80.3235 -46.3458
 80.2683 -46.3493
 80.0616 -45.7856
 79.8566 -44.8759
 79.7001 -44.4041
 79.5001 -43.9271
 79.3882 -43.5667
 79.3851 -43.4983
273 43 8
 -13.1986 -56.8744
 -13.2375 -55.5876
 -12.9958 -54.0785
 -12.8375 -53.6189
 -11.8324 -52.9943
 -9.7918 -52.0958
 -8.789 -51.4637
 -8.6993 -51.3427
