   4.2227332410125102     
   1.5585741894759972     
   2.5164295342827869     
   1.4669363406412737     
   1.5964208778583528     
   1.5438971842828058     
   8.9920309629046020     
   6.1447963430644217     
   4.0456970031771347     
   1.0582912700840315     
   1.4158468348206461     
   1.7814232381274064     
   4.6932977312755675     
   2.8227825508822497     
   5.0238838564665320     
  0.82930038788504057     
   4.4758799211145126     
   5.0402116160065100     
   1.5693400166236162     
   1.2790874011347644     
   10.170116603527207     
   1.9469807216299311     
   7.7266405200184467     
   1.0967067687799339     
   5.8790238179425840     
   9.2763207890363155     
   1.9973707183821932     
   2.4614580967293831     
   2.4033093719489105     
  0.78515113742284370     
   3.3180478024468085     
   4.4181313191821374     
   7.8746900667313557     
   3.8964936118386460     
   1.1340620911221722     
  0.77058582271118004     
   2.9087803629476343     
   6.5798534675726366     
   2.4049023670916783     
   1.5389236125904768     
   4.2279585747121944     
  0.91347659538340731     
   1.8478655238815827     
  0.47340596480199226     
   1.6706618062746863     
   1.0817305767607890     
   6.7163817572772384     
   2.4931913269561088     
   3.9070792014268276     
   1.9719198728133542     
   1.0562883353302244     
   1.2787085595254422     
   3.0169690134710589     
   4.2164933048793269     
   8.8655575791104777     
   2.0121910947476467     
   2.4504994769339379     
   5.1265195696543628     
   7.3799067121925210     
   1.0779926055388052     
   2.0066354879922752     
   2.8383798131144036     
   2.5144285419316179     
   6.7970624040329080     
   4.2704017622770349     
   1.4639438154276367     
   2.0296008629265518     
   1.4502614179450481     
   4.4513784173434745     
   2.0899568061786913     
   3.8041392921374810     
   8.8768903869083999     
   3.1984726313031620     
   3.4187466523605288     
  0.69056202236734054     
  0.46620496110276799     
   4.5125746723834448     
   3.8079124944278560     
   1.9651057805744165     
   1.9382789039965977     
  0.73883609249456905     
  0.49744856531412751     
   3.5567409753507739     
  0.80171026456730576     
   3.0833769393712704     
   2.7813988105299510     
   1.9204664917580891     
   2.8570712826054234     
   3.1834853148475095     
   1.6902992055861930     
   4.2398592798454837     
  0.84259529086359686     
   4.0773447092688091     
   3.9561959541430451     
   3.3279497586775952     
   4.7380457188427139     
   7.8989101059855900     
   1.0518474914853040     
   8.3828206118102013     
   8.8706937405014088     
   1.2248066117408429     
  0.95873706509648859     
   1.7326534109328049     
  0.84012472568148810     
  0.75530228035619229     
   2.9721651606775388     
  0.77042664978166731     
   1.1530510838271981     
   1.1565922266285014     
  0.93015197490858814     
   4.2785666233336972     
   1.4131759639409898     
   1.6216230887344762     
   2.3948751364450342     
   3.4037136580406555     
  0.78315741666880656     
   8.5623967445903109     
  0.98990421581801524     
   1.6552549639362240     
   2.2660410353204887     
  0.92391954829079259     
   1.5956359645305986     
   4.4992291746507309     
   2.1468184182660686     
   2.4554069899331714     
   6.2258611695618669     
   3.0986031528465112     
   1.6130786997417683     
   5.7653253860457019     
   1.2558315819300288     
   1.3404893335556061     
  0.91052885041081721     
   1.8290057085474498     
   4.7514221668596406     
   4.7362901632715211     
   6.4147809662110831     
   4.5168731696803617     
  0.65037060807921432     
   2.4203284459938930     
  0.70168238248725145     
   3.4344464887477919     
   5.2986967435478673     
   7.0341589251705479     
   4.4445570826086263     
   4.4019124043420090     
   1.2170006347482523     
   10.400561328025050     
   3.8273048042820359     
   2.9033355446006945     
   1.5972786743788541     
   4.1396037222936091     
   1.1510744029383042     
   3.0636654568999084     
   3.4610666368662195     
   4.4811364320414757     
   2.7340684623149802     
   1.8691228423149926     
  0.79417731652197332     
   15.948441861731190     
   5.3358937549437986     
   4.0378887195778352     
   4.3432556380458056     
   1.8700547477185372     
   5.8250522007719399     
   5.6563763820793600     
   2.6750902250189412     
   18.137510993587167     
   4.2939632242191648     
   4.3207609070330610     
   3.3576988531663190     
   1.9801743656066142     
   1.7085066210820385     
   5.5676513254038493     
   1.1067051913943458     
   1.9026315483325933     
   1.1434510823049979     
  0.67325407536828719     
  0.76729955551278362     
   1.7379634255175249     
   2.1574583297162704     
   5.5884559428491940     
   9.2793669220308743     
   1.2876702600906409     
  0.84954840377193297     
   2.2769606165501921     
  0.84960576902838769     
   2.3797157360982277     
   2.4655040682817120     
   5.3891695754541535     
   4.0162820267611368     
   4.9006891223067788     
   11.260285520250033     
   3.2115764456304206     
  0.73580614694314128     
   8.7310787642992214     
   2.2677131876641932     
   1.5812952867099144     
  0.51389951770207853     
   4.9413226127089231     
   1.5314352282858927     
   6.8594085948508567     
   5.9156102430712458     
   8.4097683281402418     
   2.9469244071322982     
   1.6863619793211306     
   2.9590048550531081     
   1.4383025154333264     
   4.1663232974289945     
   1.8533644992501419     
  0.39404300024304084     
   3.6598601208230415     
   1.0374833084009221     
   6.9187836302309487     
   1.1293646913913686     
  0.78885092991170891     
   1.4315520761540868     
   10.278841359654320     
   1.2771787683043694     
   3.5445792312208573     
   4.6011602290793983     
  0.52988753490830587     
  0.83566443025893133     
   4.8844926688017152     
   3.1380057757556483     
   9.3061632248995974     
   2.3838307990449552     
   4.6041863334313087     
   3.6433951028701039     
   5.5412103722959047     
   3.4871044794033246     
   3.4929468832698132     
   8.1781706526093494     
   5.9268800570626263     
   2.4257725888914563     
   2.3830559568728655     
   5.6554749711600376     
   7.5501857640017045     
   5.8705428926322867     
   2.4130757413190138     
  0.92332215115936211     
   1.6745686388392773     
  0.73705014143325531     
   1.8341870696901592     
   1.4910045813786570     
   6.8845495534761598     
  0.96611388836760881     
   10.648336518988383     
   1.5735589218639419     
   5.1924196736941113     
   1.5855966654315106     
   5.0466928409939831     
   2.0953285647773172     
   3.8344223147271128     
   1.0635276826051203     
   3.4164769010134215     
   5.1718038425163844     
   1.7648699249327124     
   1.0292721694201517     
  0.67341120120261888     
  0.88408569325933684     
   5.1406195150283658     
   1.7620784076587364     
   5.6096502127961623     
   1.1724907830757703     
   2.1365373779150145     
   1.3935122134873794     
   6.5469440359863036     
   7.4923849539482488     
   1.0865258906476831     
   1.3692208611702645     
   2.6448437134275209     
   7.4306697733587939     
   4.3043828786805349     
