329
160 133 4
 -12.0575 17.7225
 -12.3166 18.7363
 -12.6984 18.6466
 -12.7646 18.6282
160 139 5
 -12.0575 17.7225
 -12.0842 16.4608
 -11.5406 16.0144
 -10.9197 15.7757
 -10.8127 15.8067
161 19 11
 15.7021 -31.4969
 14.9503 -31.002
 14.3787 -30.1909
 14.3673 -30.109
 14.4846 -29.216
 14.3515 -28.1768
 14.022 -27.951
 13.7877 -27.9366
 13.6266 -27.9592
 13.5899 -28.0676
 13.5806 -28.1457
161 137 11
 15.7021 -31.4969
 16.6432 -30.9942
 17.5662 -30.8771
 17.8353 -31.0405
 17.9474 -31.2606
 18.0672 -31.4738
 18.4553 -31.5293
 18.8526 -31.3373
 19.2211 -31.48
 19.5737 -31.8699
 19.649 -31.9472
162 73 5
 -52.0244 -52.1945
 -52.7749 -52.192
 -53.0924 -52.2167
 -53.2623 -52.276
 -53.3253 -52.2675
162 78 5
 -52.0244 -52.1945
 -50.8148 -51.9658
 -49.9882 -52.1278
 -49.7749 -52.7012
 -49.7186 -52.9248
163 6 16
 -24.3799 -54.7399
 -23.2169 -55.6964
 -23.0768 -55.8956
 -22.9506 -55.8103
 -22.573 -55.4207
 -22.1364 -55.1513
 -21.8328 -55.2934
 -21.417 -55.4146
 -21.1484 -55.4665
 -20.6385 -55.6929
 -19.8918 -55.7139
 -19.395 -55.8638
 -19.229 -56.0818
 -19.2397 -56.1371
 -19.2833 -56.2063
 -19.2945 -56.2438
163 72 21
 -24.3799 -54.7399
 -25.4725 -53.5747
 -25.442 -53.0149
 -25.8135 -52.1514
 -26.1214 -51.4067
 -26.0179 -51.1482
 -26.0847 -50.7969
 -26.2354 -50.5348
 -26.4076 -50.692
 -27.3839 -50.5206
 -28.2299 -50.2136
 -28.8744 -49.763
 -29.6968 -48.8638
 -30.248 -48.533
 -30.7141 -48.6672
 -30.9755 -48.5483
 -31.4193 -48.3213
 -31.7561 -48.1941
 -32.1337 -48.226
 -32.5588 -48.2845
 -32.6265 -48.2669
164 25 26
 -34.954 -46.5441
 -34.7705 -45.9583
 -35.2868 -45.9813
 -35.9335 -45.8455
 -36.1665 -45.6546
 -36.159 -45.1803
 -36.1509 -44.6165
 -36.3624 -43.8433
 -36.6945 -42.9912
 -36.8155 -42.6761
 -37.0459 -42.1326
 -36.9222 -41.2979
 -36.5164 -40.8059
 -36.5257 -40.6304
 -36.8396 -40.5501
 -37.0243 -40.4293
 -37.012 -40.3395
 -37.1525 -40.1561
 -37.2473 -39.9681
 -37.3002 -39.9292
 -37.2468 -39.8722
 -37.2019 -39.7478
 -37.1837 -39.6878
 -37.1999 -39.6487
 -37.2263 -39.6079
 -37.2307 -39.5969
164 72 7
 -34.954 -46.5441
 -34.1955 -47.3804
 -33.3457 -47.4604
 -33.1222 -47.8724
 -32.8084 -48.0932
 -32.6662 -48.1987
 -32.6265 -48.2669
165 31 6
 -41.5294 -21.41
 -42.0017 -21.4424
 -42.7351 -21.1587
 -43.5256 -20.4641
 -43.9451 -20.1821
 -43.9509 -20.1865
165 48 4
 -41.5294 -21.41
 -40.8417 -21.6544
 -40.2011 -21.9197
 -40.1325 -22.0328
166 34 22
 -42.3265 14.8116
 -41.4225 14.556
 -40.8013 14.2731
 -40.853 13.5765
 -40.9387 12.8389
 -40.9968 12.2976
 -41.2958 11.701
 -41.5733 11.1304
 -41.3746 10.4837
 -41.444 9.6319
 -41.8508 8.88745
 -41.7974 8.8322
 -41.3203 8.6368
 -40.75 7.9068
 -40.3063 7.31085
 -39.877 6.70235
 -39.6071 6.11475
 -39.3414 6.05775
 -38.9775 6.23845
 -38.8004 6.34605
 -38.6804 6.2749
 -38.6357 6.2561
166 145 4
 -42.3265 14.8116
 -43.2377 15.7014
 -43.8924 16.642
 -43.9205 16.6931
167 127 28
 -5.3216 6.55055
 -4.52355 6.55555
 -4.26905 6.5259
 -4.07405 6.3603
 -3.88375 6.2264
 -3.65935 6.23525
 -3.3223 6.29515
 -2.69035 6.39745
 -2.23295 6.51325
 -2.0131 6.75315
 -1.8116 6.92215
 -1.71965 6.85965
 -1.6451 6.7375
 -1.48555 6.61505
 -1.1352 6.3863
 -0.6691 6.19715
 -0.21505 6.2252
 0.02325 6.3276
 -0.07515 6.086
 -0.09185 5.7859
 -0.14615 5.5606
 -0.14755 5.45435
 -0.0424 5.4881
 0.0818 5.5951
 0.30635 5.3316
 0.4289 4.89955
 0.45155 4.817
 0.4567 4.7999
167 113 5
 -5.3216 6.55055
 -6.146 6.50515
 -6.4088 6.3154
 -6.6135 6.1142
 -6.7085 6.0871
168 129 12
 25.1796 23.1472
 24.86 24.1251
 24.8331 24.1732
 25.6926 24.8245
 26.4755 25.6658
 26.6193 26.2402
 26.7287 26.5649
 26.9027 26.6236
 26.9934 26.8035
 27.4048 27.0532
 27.8582 27.3517
 27.9074 27.4014
168 124 26
 25.1796 23.1472
 25.8108 21.5513
 26.4599 20.9774
 27.4347 21.2477
 28.4499 21.3209
 29.1864 21.0075
 29.6171 20.4798
 30.1674 19.8491
 31.3251 19.341
 31.8268 19.245
 32.2897 19.513
 33.5028 19.7761
 34.6468 19.7397
 34.3065 20.6559
 34.4533 21.5815
 34.9101 21.7156
 36.4837 22.1884
 37.7498 22.6044
 37.9375 22.1726
 38.1367 21.7286
 38.135 21.608
 38.7462 21.1209
 39.479 20.2508
 40.3183 19.3748
 41.1074 19.0947
 41.1593 19.2027
169 28 23
 30.4559 17.1623
 31.3204 16.2239
 31.1911 15.7034
 30.8841 14.639
 30.6307 13.8463
 30.7093 13.5149
 30.8955 13.4805
 30.6712 13.4826
 30.0132 13.4274
 29.3489 13.2619
 29.1078 13.2609
 29.0216 13.2618
 28.9417 13.0985
 28.9946 12.9686
 29.0707 12.8412
 29.0061 12.6831
 28.9645 12.6243
 28.9598 12.594
 28.9682 12.493
 28.8211 12.3507
 28.5947 12.1759
 28.5377 12.0415
 28.55 12.0268
169 124 21
 30.4559 17.1623
 29.5942 18.193
 30.425 18.6547
 31.5085 19.1082
 31.8268 19.245
 32.2897 19.513
 33.5028 19.7761
 34.6468 19.7397
 34.3065 20.6559
 34.4533 21.5815
 34.9101 21.7156
 36.4837 22.1884
 37.7498 22.6044
 37.9375 22.1726
 38.1367 21.7286
 38.135 21.608
 38.7462 21.1209
 39.479 20.2508
 40.3183 19.3748
 41.1074 19.0947
 41.1593 19.2027
170 79 10
 36.3511 -31.2693
 36.4665 -33.1422
 36.7165 -33.8513
 36.6948 -33.9959
 36.5666 -34.1789
 36.3771 -34.3913
 36.2797 -34.2968
 35.6887 -34.6246
 35.0033 -35.1396
 34.894 -35.106
170 39 14
 36.3511 -31.2693
 35.9776 -29.8234
 35.2858 -29.688
 34.3964 -30.5797
 33.674 -31.4389
 33.6369 -31.521
 33.1935 -32.2739
 32.0752 -33.2435
 31.1446 -33.0327
 30.5191 -32.567
 30.0444 -32.5364
 29.9318 -32.5893
 29.903 -32.6508
 29.903 -32.6514
171 144 8
 30.3225 -33.6386
 30.937 -34.4154
 31.5361 -34.8629
 31.7424 -35.4732
 31.6007 -35.9734
 31.3292 -36.103
 31.3869 -36.1553
 31.397 -36.1706
171 39 4
 30.3225 -33.6386
 30.1577 -32.9216
 29.97 -32.6938
 29.903 -32.6514
172 60 11
 -7.16435 -92.2686
 14.5096 -92.755
 14.1913 -92.3166
 14.0674 -91.9552
 13.8316 -91.4332
 13.6693 -91.2061
 13.6151 -91.1708
 13.5744 -91.1671
 13.5112 -91.1776
 13.3823 -91.1792
 13.3069 -91.1745
172 141 7
 -7.16435 -92.2686
 -26.535 -90.116
 -29.6375 -90.6501
 -33.3756 -88.3693
 -37.7852 -86.551
 -39.0132 -86.5347
 -39.0614 -86.7886
173 142 12
 32.9007 -50.9184
 32.5072 -51.7548
 32.1845 -52.3119
 32.4707 -52.704
 32.9019 -53.1899
 32.9824 -53.4438
 33.2443 -53.6488
 33.6363 -53.736
 33.8045 -53.7808
 33.7962 -53.8531
 33.7072 -53.9199
 33.6972 -53.972
173 46 13
 32.9007 -50.9184
 32.7806 -50.312
 32.6755 -49.8615
 32.5953 -49.4969
 32.4515 -49.0638
 32.8752 -48.5946
 33.2953 -48.3928
 33.3882 -48.334
 33.4641 -48.1143
 33.4311 -47.7989
 33.5909 -47.4155
 33.8754 -47.1945
 33.9334 -47.1814
174 37 11
 34.3264 -49.8345
 34.945 -50.2983
 35.6134 -50.4996
 36.0961 -50.5261
 36.725 -50.5927
 37.2509 -50.577
 37.3349 -50.6386
 37.5975 -50.6723
 37.8623 -50.6416
 37.9276 -50.6101
 37.97 -50.5987
174 46 15
 34.3264 -49.8345
 33.5386 -49.7581
 32.8698 -49.9301
 32.6398 -50.0144
 32.6755 -49.8615
 32.5953 -49.4969
 32.4515 -49.0638
 32.8752 -48.5946
 33.2953 -48.3928
 33.3882 -48.334
 33.4641 -48.1143
 33.4311 -47.7989
 33.5909 -47.4155
 33.8754 -47.1945
 33.9334 -47.1814
175 32 9
 -19.4791 -2.5491
 -20.1493 -1.23255
 -20.1613 -0.5729
 -20.16 -0.30475
 -20.3665 -0.21875
 -20.8619 0.1086
 -21.4303 0.4123
 -21.5317 0.5305
 -21.5249 0.5564
175 1 5
 -19.4791 -2.5491
 -19.8349 -4.0537
 -20.9673 -4.7158
 -21.2555 -4.835
 -21.2527 -4.8417
176 87 18
 -34.3643 -15.458
 -34.9398 -16.15
 -34.9557 -16.2294
 -35.4995 -16.4876
 -36.5578 -17.1736
 -37.7038 -18.0252
 -38.3939 -18.3618
 -38.6679 -18.1362
 -39.0393 -17.9739
 -39.3912 -18.0767
 -39.6821 -18.0004
 -39.9412 -17.8944
 -40.0932 -17.7687
 -40.2725 -17.131
 -40.5702 -16.5986
 -40.6974 -16.4572
 -40.7845 -16.3659
 -40.8718 -16.3168
176 135 3
 -34.3643 -15.458
 -33.6905 -14.8026
 -33.5979 -14.7779
177 114 16
 -17.5406 7.5051
 -16.8637 6.58865
 -16.3905 6.44515
 -16.2533 5.86525
 -16.1061 5.19975
 -16.1833 4.97755
 -16.3201 4.53765
 -16.5421 4.03725
 -17.216 3.74655
 -18.1425 3.2836
 -18.8284 2.9619
 -19.4314 3.18845
 -19.8559 3.3182
 -20.0172 3.39515
 -20.1499 3.509
 -20.2048 3.4912
177 136 3
 -17.5406 7.5051
 -17.9087 8.2358
 -18.074 8.188
178 87 15
 -39.2272 -20.6897
 -38.7624 -19.5749
 -38.4101 -18.8965
 -38.7007 -18.2652
 -38.9482 -18.0277
 -39.0393 -17.9739
 -39.3912 -18.0767
 -39.6821 -18.0004
 -39.9412 -17.8944
 -40.0932 -17.7687
 -40.2725 -17.131
 -40.5702 -16.5986
 -40.6974 -16.4572
 -40.7845 -16.3659
 -40.8718 -16.3168
178 48 5
 -39.2272 -20.6897
 -39.7261 -21.6382
 -40.0784 -21.7927
 -40.1101 -21.9549
 -40.1325 -22.0328
179 124 23
 30.1304 22.5551
 28.6352 21.7137
 29.1864 21.0075
 29.6171 20.4798
 30.1674 19.8491
 31.3251 19.341
 31.8268 19.245
 32.2897 19.513
 33.5028 19.7761
 34.6468 19.7397
 34.3065 20.6559
 34.4533 21.5815
 34.9101 21.7156
 36.4837 22.1884
 37.7498 22.6044
 37.9375 22.1726
 38.1367 21.7286
 38.135 21.608
 38.7462 21.1209
 39.479 20.2508
 40.3183 19.3748
 41.1074 19.0947
 41.1593 19.2027
179 66 3
 30.1304 22.5551
 31.647 22.9368
 31.7037 22.914
180 91 22
 20.702 -73.3037
 22.3828 -72.7859
 22.7952 -72.398
 22.9471 -73.7957
 23.1123 -74.3315
 23.1508 -74.5203
 24.5984 -74.7998
 26.2439 -75.1985
 26.6186 -75.5632
 26.7632 -75.6991
 26.8748 -75.5699
 26.9185 -75.3664
 26.8207 -75.2733
 26.8198 -74.9024
 26.9268 -74.5127
 27.0185 -74.504
 27.8203 -74.6922
 28.6684 -74.9025
 28.8262 -74.9474
 28.9022 -75.0889
 28.9416 -75.2184
 28.9594 -75.2228
180 12 7
 20.702 -73.3037
 18.731 -74.8799
 17.8996 -75.0255
 16.2309 -73.9164
 14.7584 -73.0509
 14.773 -72.9504
 14.7708 -72.9433
181 152 15
 -46.0203 -52.0575
 -46.4623 -51.1906
 -46.2931 -50.3848
 -46.3069 -49.9892
 -45.6962 -49.7044
 -45.0611 -49.4887
 -44.9127 -49.4887
 -44.8767 -49.4718
 -44.8373 -49.4358
 -44.8545 -49.2639
 -44.8821 -48.9937
 -44.8577 -48.8519
 -44.8165 -48.7637
 -44.784 -48.6958
 -44.7796 -48.6941
181 134 22
 -46.0203 -52.0575
 -46.2603 -53.2125
 -47.2647 -53.9977
 -46.9629 -54.2174
 -46.4916 -54.4422
 -46.2775 -54.4949
 -45.6364 -54.3161
 -45.3415 -54.4965
 -45.586 -54.9112
 -45.1173 -55.2475
 -44.6725 -55.5817
 -44.6377 -55.6277
 -44.5835 -55.7113
 -44.4776 -55.8428
 -44.3762 -56.042
 -44.323 -56.2226
 -44.1886 -56.5329
 -44.0648 -56.8049
 -44.0649 -57.0734
 -44.0713 -57.4799
 -43.969 -57.7047
 -43.888 -57.7804
182 8 16
 -30.9298 -55.2351
 -31.3313 -55.7344
 -31.7678 -56.3511
 -31.7593 -57.4877
 -31.384 -58.1242
 -30.7019 -57.9809
 -32.0623 -58.6148
 -32.8631 -59.3573
 -32.9586 -59.6828
 -33.0138 -59.8602
 -33.0418 -60.2135
 -32.9769 -60.4019
 -32.9743 -60.4972
 -32.9865 -60.6156
 -32.9207 -60.6909
 -32.89 -60.7476
182 115 6
 -30.9298 -55.2351
 -30.3224 -54.5968
 -29.5658 -54.9102
 -28.9368 -55.6236
 -28.7564 -55.8283
 -28.7634 -55.8319
183 77 16
 -30.4549 -53.5336
 -31.1444 -53.1232
 -31.4581 -52.8027
 -31.7579 -52.565
 -32.4966 -52.9034
 -32.4155 -52.4359
 -33.6983 -51.7929
 -34.5907 -51.116
 -34.8269 -51.0276
 -35.0399 -50.8103
 -35.383 -50.508
 -35.9555 -50.1184
 -36.3877 -49.8063
 -36.4342 -49.7846
 -36.545 -49.6933
 -36.643 -49.622
183 115 6
 -30.4549 -53.5336
 -29.9307 -54.0951
 -29.5658 -54.9102
 -28.9368 -55.6236
 -28.7564 -55.8283
 -28.7634 -55.8319
184 96 3
 -20.5566 -68.8049
 -21.5588 -69.3948
 -21.5605 -69.4034
184 4 4
 -20.5566 -68.8049
 -19.4408 -68.1923
 -19.3149 -68.1326
 -19.3046 -68.1043
185 4 10
 -18.7376 -60.955
 -18.7887 -61.6952
 -18.2431 -62.7084
 -18.5116 -63.9228
 -19.1766 -64.281
 -19.6139 -64.1917
 -19.4048 -64.7963
 -19.3173 -66.5005
 -19.2987 -67.9215
 -19.3046 -68.1043
185 122 7
 -18.7376 -60.955
 -18.0736 -60.3363
 -17.6817 -60.0827
 -16.5981 -59.191
 -15.4499 -58.0763
 -15.0553 -57.5324
 -14.9444 -57.479
186 122 11
 -8.94155 -57.7304
 -9.9261 -57.6854
 -10.1122 -57.6213
 -10.8586 -58.1413
 -11.859 -58.8281
 -12.3194 -58.8959
 -12.4676 -58.8731
 -12.621 -58.8682
 -13.7649 -58.1729
 -14.8977 -57.4801
 -14.9444 -57.479
186 49 11
 -8.94155 -57.7304
 -7.9464 -57.7281
 -7.89745 -57.6855
 -7.25545 -58.2354
 -6.48895 -58.8095
 -6.01265 -58.9482
 -5.4489 -59.4476
 -5.1633 -60.1105
 -5.07855 -60.3212
 -5.06 -60.2609
 -5.0586 -60.2498
187 6 13
 -17.2207 -53.9029
 -17.5711 -54.596
 -17.8645 -54.7682
 -18.1294 -54.656
 -18.6571 -54.567
 -19.2334 -54.6312
 -19.5717 -54.9678
 -19.5744 -55.4767
 -19.395 -55.8638
 -19.229 -56.0818
 -19.2397 -56.1371
 -19.2833 -56.2063
 -19.2945 -56.2438
187 3 12
 -17.2207 -53.9029
 -17.1712 -53.1928
 -17.2746 -52.9163
 -17.3441 -52.7374
 -17.5021 -52.6253
 -17.8146 -52.3964
 -18.0158 -52.2034
 -18.1569 -52.2608
 -18.2382 -52.3722
 -18.2137 -52.4599
 -18.1903 -52.5064
 -18.1911 -52.5137
188 72 20
 -24.7766 -52.1675
 -25.442 -53.0149
 -25.8135 -52.1514
 -26.1214 -51.4067
 -26.0179 -51.1482
 -26.0847 -50.7969
 -26.2354 -50.5348
 -26.4076 -50.692
 -27.3839 -50.5206
 -28.2299 -50.2136
 -28.8744 -49.763
 -29.6968 -48.8638
 -30.248 -48.533
 -30.7141 -48.6672
 -30.9755 -48.5483
 -31.4193 -48.3213
 -31.7561 -48.1941
 -32.1337 -48.226
 -32.5588 -48.2845
 -32.6265 -48.2669
188 50 4
 -24.7766 -52.1675
 -23.8033 -51.0484
 -23.5881 -50.4054
 -23.6362 -50.3093
189 123 4
 -18.1376 -51.1013
 -18.5046 -50.3893
 -18.7684 -50.1047
 -18.7658 -50.0937
189 3 9
 -18.1376 -51.1013
 -18.1331 -51.7281
 -18.2211 -52.0181
 -18.2458 -52.1723
 -18.2586 -52.2745
 -18.2382 -52.3722
 -18.2137 -52.4599
 -18.1903 -52.5064
 -18.1911 -52.5137
190 71 17
 -19.0819 -42.5376
 -18.4431 -42.8483
 -17.8039 -43.4052
 -17.3025 -43.973
 -16.9415 -44.1304
 -16.8066 -44.1381
 -16.5611 -43.3083
 -16.152 -42.2789
 -16.0032 -42.0302
 -15.4548 -42.0415
 -14.6026 -42.5594
 -14.2096 -43.083
 -13.9292 -43.1329
 -13.5972 -43.1763
 -13.2403 -43.0956
 -13.0378 -42.9172
 -13.0625 -42.7937
190 103 22
 -19.0819 -42.5376
 -19.8228 -42.0597
 -20.3878 -41.7119
 -20.5621 -41.5546
 -21.4727 -41.9725
 -22.9571 -42.1031
 -23.8503 -41.4314
 -24.58 -40.6658
 -25.111 -40.1425
 -25.708 -40.0977
 -26.4896 -40.1269
 -27.7375 -39.641
 -28.9092 -39.2723
 -29.1029 -39.2557
 -29.0978 -39.1339
 -28.8919 -38.6366
 -28.9888 -37.4588
 -29.1282 -36.41
 -29.0756 -35.9607
 -29.1739 -35.8423
 -28.5611 -35.5344
 -27.9417 -35.2385
191 87 4
 -41.9156 -17.1515
 -41.196 -16.6184
 -40.909 -16.3478
 -40.8718 -16.3168
191 155 4
 -41.9156 -17.1515
 -42.4909 -17.5329
 -42.6433 -17.6232
 -42.6902 -17.6255
192 56 26
 -40.1701 -15.0672
 -40.2283 -14.344
 -40.2921 -13.8252
 -39.9414 -13.4609
 -39.5382 -12.8851
 -39.193 -12.396
 -39.2194 -12.71
 -38.8675 -12.8917
 -38.3954 -12.6511
 -38.1253 -12.2843
 -38.1388 -11.7416
 -38.1954 -11.1097
 -38.3585 -10.9721
 -39.2356 -10.4883
 -40.0732 -9.8323
 -40.3133 -9.47765
 -40.4446 -8.97935
 -40.6281 -8.58055
 -40.7796 -7.9763
 -40.797 -7.4211
 -41.2195 -7.0569
 -41.2957 -6.62415
 -41.229 -6.49565
 -41.5684 -6.2728
 -41.6996 -6.0861
 -41.7024 -6.0781
192 87 5
 -40.1701 -15.0672
 -40.4168 -15.5175
 -40.6148 -16.0644
 -40.7845 -16.3659
 -40.8718 -16.3168
193 53 51
 -35.7081 0.16065
 -36.0188 0.25245
 -36.1807 0.32265
 -36.3467 0.266
 -36.3734 0.188
 -36.3959 0.4118
 -36.6338 0.5549
 -36.9558 0.6125
 -37.0929 0.72805
 -37.1326 0.87335
 -37.1972 1.07475
 -37.29 1.1947
 -37.3279 1.27885
 -37.405 1.34245
 -37.5172 1.2472
 -37.6351 1.0492
 -37.704 0.9383
 -37.7292 0.9323
 -37.7502 0.92155
 -37.821 0.8956
 -37.9402 0.86305
 -37.9604 0.75475
 -38.0413 0.86155
 -38.1516 0.8306
 -38.2744 0.7828
 -38.4773 0.61665
 -38.7583 0.43865
 -39.0339 0.59455
 -39.2036 0.7369
 -39.1028 0.8229
 -39.1374 1.03595
 -39.3139 1.20645
 -39.4394 1.3273
 -39.6619 1.281
 -39.8175 1.1065
 -39.8821 1.0598
 -39.9837 0.91575
 -40.1218 0.67845
 -40.389 0.60025
 -40.6161 0.53115
 -40.6515 0.3897
 -40.6335 0.2044
 -40.6546 0.0307
 -40.6795 -0.06605
 -40.7271 -0.13075
 -40.8257 -0.1196
 -40.9193 -0.08605
 -40.9654 -0.0395
 -41.0098 -0.0388
 -41.0472 -0.04125
 -41.0701 -0.0212
193 112 25
 -35.7081 0.16065
 -35.4508 0.0913
 -35.4271 0.0038
 -35.2393 -0.0425
 -34.9895 -0.09215
 -34.7807 -0.0459
 -34.6297 -0.12505
 -34.5927 -0.2835
 -34.4661 -0.2011
 -34.1996 -0.045
 -33.9908 0.0559
 -33.8825 0.1647
 -33.8514 0.31955
 -33.8257 0.33405
 -33.7579 0.2982
 -33.6827 0.2653
 -33.4566 0.19
 -33.2626 0.048
 -33.2643 -0.10435
 -33.2574 -0.1569
 -32.9806 -0.2899
 -32.695 -0.4696
 -32.7085 -0.55865
 -32.7454 -0.6449
 -32.7429 -0.6824
194 114 7
 -19.231 2.143
 -19.0637 2.85955
 -19.4314 3.18845
 -19.8559 3.3182
 -20.0172 3.39515
 -20.1499 3.509
 -20.2048 3.4912
194 32 7
 -19.231 2.143
 -19.632 1.4441
 -20.4096 1.2707
 -21.0293 1.2099
 -21.2138 0.90135
 -21.437 0.5817
 -21.5249 0.5564
195 114 14
 -13.041 4.0941
 -13.3959 4.0028
 -13.9676 3.89545
 -15.0145 3.73955
 -16.1685 3.71915
 -16.5421 4.03725
 -17.216 3.74655
 -18.1425 3.2836
 -18.8284 2.9619
 -19.4314 3.18845
 -19.8559 3.3182
 -20.0172 3.39515
 -20.1499 3.509
 -20.2048 3.4912
195 117 5
 -13.041 4.0941
 -12.9739 3.4599
 -12.5487 3.12095
 -11.8762 3.40125
 -11.7828 3.3934
196 158 6
 -9.14785 13.7671
 -9.358 12.4806
 -9.9365 11.5196
 -9.94095 11.4321
 -9.88235 11.3508
 -9.834 11.3305
196 139 4
 -9.14785 13.7671
 -10.1364 14.8588
 -10.792 15.7027
 -10.8127 15.8067
197 139 7
 -16.0216 13.4611
 -14.0926 13.3103
 -13.2678 13.8558
 -12.5385 14.5375
 -11.4617 15.3418
 -10.8678 15.74
 -10.8127 15.8067
197 85 8
 -16.0216 13.4611
 -17.1203 14.1474
 -17.2315 15.3851
 -17.6077 16.6117
 -17.2404 17.5066
 -16.7467 18.2119
 -16.6334 18.207
 -16.5785 18.2044
198 32 15
 -16.0405 0.10695
 -17.0452 0.2996
 -17.6346 0.23895
 -18.0919 0.4084
 -18.1526 0.3572
 -18.3558 -0.0932
 -19.1571 -0.11045
 -19.8237 -0.06155
 -19.9226 -0.1824
 -20.16 -0.30475
 -20.3665 -0.21875
 -20.8619 0.1086
 -21.4303 0.4123
 -21.5317 0.5305
 -21.5249 0.5564
198 90 6
 -16.0405 0.10695
 -15.1489 -0.26565
 -15.0035 -0.4723
 -14.8251 -0.3883
 -14.705 -0.49325
 -14.662 -0.6344
199 67 23
 8.484 -17.2165
 6.9379 -15.5926
 5.7884 -15.002
 4.74925 -15.1297
 4.399 -14.7663
 3.8962 -14.3428
 3.4276 -14.2297
 3.3953 -14.153
 3.4097 -14.0245
 3.4509 -13.5937
 3.41085 -13.2299
 2.7355 -12.8645
 2.0373 -12.3177
 2.94095 -11.4698
 4.1584 -10.1374
 4.7055 -9.77735
 5.09495 -9.81565
 5.47825 -10.1301
 5.93875 -10.5035
 6.6042 -10.7459
 7.2314 -10.4546
 7.54555 -10.0726
 7.5565 -10.0537
199 146 5
 8.484 -17.2165
 9.84195 -18.1812
 10.0376 -18.5028
 10.1711 -18.838
 10.2965 -18.9323
200 21 10
 15.7817 -10.0147
 15.0597 -9.1922
 14.7306 -8.28875
 14.5106 -7.37935
 14.4288 -6.781
 14.5962 -6.6034
 14.6228 -6.4348
 14.5907 -6.26745
 14.4946 -6.22435
 14.4237 -6.2173
200 107 3
 15.7817 -10.0147
 16.3858 -10.4538
 16.5929 -10.5224
201 159 40
 21.1695 -18.607
 22.3167 -18.5488
 23.3472 -18.7174
 23.5386 -19.0422
 24.4775 -19.6643
 25.4694 -20.825
 24.8225 -21.5866
 24.0429 -21.8018
 24.1137 -22.0448
 24.5278 -22.4071
 24.9785 -22.6601
 25.3569 -23.1212
 26.4869 -23.2369
 27.5398 -22.9617
 27.8134 -22.8298
 27.6754 -23.2756
 27.6025 -23.6536
 27.5222 -23.9754
 27.4013 -24.3549
 27.3214 -24.4901
 27.2838 -24.9683
 27.1898 -25.6046
 27.1641 -25.7875
 26.9318 -25.8312
 26.3984 -25.7761
 25.9952 -25.5136
 25.8881 -25.4113
 25.7896 -25.5113
 25.7561 -25.6208
 25.8385 -25.8152
 26.1024 -26.1908
 26.2332 -26.5947
 26.1237 -26.8094
 25.9577 -26.8905
 25.6358 -26.7775
 25.3475 -26.6979
 25.0905 -26.9787
 24.7933 -27.1948
 24.6696 -27.1499
 24.6622 -27.106
201 102 5
 21.1695 -18.607
 20.4498 -18.4585
 19.9894 -18.4184
 20.024 -18.5677
 20.0251 -18.6345
202 41 53
 17.4787 -11.4312
 18.5759 -11.0139
 19.5595 -10.705
 20.0779 -11.6191
 20.7066 -11.6469
 21.6035 -11.7899
 22.1727 -12.118
 22.7313 -11.5415
 23.0202 -10.9691
 23.0264 -10.9598
 23.8717 -11.4401
 25.5884 -12.0119
 26.4403 -11.9824
 26.2824 -11.6996
 25.8885 -10.9668
 25.6409 -10.3427
 25.3157 -9.7897
 24.8833 -9.0524
 24.7621 -8.5923
 24.3437 -8.0408
 23.875 -7.6848
 23.5541 -7.1491
 23.0732 -6.17575
 23.2459 -5.50585
 24.292 -5.3399
 25.2126 -5.35435
 25.645 -5.26385
 26.1494 -4.6868
 26.5872 -3.81395
 26.6465 -3.3525
 26.618 -3.25715
 26.7129 -3.11025
 27.094 -2.97465
 27.561 -2.60815
 27.8333 -2.17415
 27.8371 -2.03875
 28.075 -1.8524
 28.6322 -1.5337
 29.0789 -0.991
 28.9872 -0.36765
 28.7509 -0.05095
 29.0527 -0.03415
 29.3947 -0.12725
 29.4964 -0.3345
 29.6652 -0.60555
 29.9648 -0.8021
 30.156 -0.7101
 30.1416 -0.39655
 30.0495 -0.17645
 30.0703 -0.17535
 30.199 -0.1743
 30.3089 -0.1154
 30.323 -0.1131
202 107 3
 17.4787 -11.4312
 16.7337 -10.6947
 16.5929 -10.5224
203 21 8
 14.3715 -3.67815
 14.361 -4.58315
 14.8267 -4.82185
 15.0114 -5.01435
 14.8015 -5.62195
 14.6063 -6.1763
 14.4946 -6.22435
 14.4237 -6.2173
203 27 5
 14.3715 -3.67815
 14.6612 -2.7733
 14.7509 -2.49085
 14.7845 -2.34245
 14.7819 -2.3221
204 149 16
 12.5521 9.3062
 13.2069 10.6247
 13.4664 10.9939
 12.8631 11.3668
 11.7273 11.9552
 11.0929 12.195
 11.6152 12.9093
 12.3883 14.1158
 12.9755 14.737
 13.5002 14.8606
 13.7722 15.5989
 13.8043 16.4427
 13.7838 17.0468
 13.8039 17.8417
 13.8729 18.166
 13.8642 18.2403
204 29 5
 12.5521 9.3062
 11.2768 8.3582
 10.3522 8.33955
 10.3024 8.29585
 10.3102 8.289
205 95 28
 4.97015 21.4838
 4.1506 20.4485
 4.0607 19.2171
 3.7979 18.9775
 3.53625 18.1549
 3.33455 17.1908
 3.2726 16.7827
 3.3559 16.0993
 3.5014 15.0982
 3.66255 14.6084
 3.70175 13.865
 3.36785 12.7706
 2.99545 12.2691
 2.4237 12.3614
 1.56825 12.7553
 1.0767 13.1255
 0.96225 13.281
 0.5818 12.8406
 -0.297 12.4412
 -1.25275 12.3484
 -1.86395 12.1079
 -2.07215 11.722
 -2.1853 11.4433
 -1.879 11.4188
 -1.0585 11.1423
 -0.5013 10.7615
 -0.45175 10.5386
 -0.4232 10.4972
205 132 5
 4.97015 21.4838
 6.40465 21.7468
 6.95455 22.2149
 7.06325 22.3152
 7.1541 22.3779
206 40 9
 7.9272 28.9562
 9.05065 29.1521
 9.5984 28.9484
 9.8056 28.8246
 10.0629 28.6674
 10.2333 28.6128
 10.3379 28.5937
 10.4362 28.5684
 10.4529 28.5363
206 9 4
 7.9272 28.9562
 6.6045 28.0418
 5.9168 27.481
 5.8787 27.4305
207 132 13
 9.50575 25.9525
 9.2255 25.3127
 8.89425 24.6675
 8.2884 24.2538
 8.18025 24.2682
 8.1269 24.2402
 8.06995 23.767
 8.18335 23.2364
 7.81585 23.1811
 7.3282 22.8259
 7.11365 22.5112
 7.15045 22.3908
 7.1541 22.3779
207 40 11
 9.50575 25.9525
 9.9973 26.6402
 10.0869 27.0028
 10.1639 27.3689
 10.1819 27.6934
 10.1067 27.9087
 10.0548 28.2632
 10.1653 28.5189
 10.3379 28.5937
 10.4362 28.5684
 10.4529 28.5363
208 28 8
 26.4832 12.4586
 27.3447 11.9101
 27.9322 11.9179
 28.1279 11.9179
 28.2698 11.9051
 28.4074 11.9325
 28.5311 11.9809
 28.55 12.0268
208 84 8
 26.4832 12.4586
 24.6072 13.43
 22.9156 13.8699
 22.5192 13.9711
 22.1385 14.3582
 21.6975 14.8916
 21.4971 15.4105
 21.5773 15.6692
209 131 9
 42.0984 12.5631
 40.4521 11.8461
 39.7369 11.9477
 38.8623 11.4552
 38.5135 10.5954
 38.7014 9.9707
 38.9146 9.40755
 39.0301 9.2751
 39.0498 9.2657
209 116 3
 42.0984 12.5631
 43.5641 13.2294
 43.6433 13.26
210 80 15
 51.5786 0.47575
 51.8594 -0.1058
 52.0117 -0.64635
 51.9509 -0.7299
 52.0766 -0.94245
 52.5973 -1.28065
 53.241 -1.077
 53.3469 -1.1541
 53.2391 -1.978
 53.3156 -2.6494
 53.3873 -2.98885
 53.3681 -3.0867
 53.4044 -3.2815
 53.4361 -3.5013
 53.4132 -3.5594
210 147 22
 51.5786 0.47575
 51.1207 1.0019
 50.3032 1.5608
 49.3359 1.68285
 48.3218 1.0003
 47.826 0.3523
 47.1485 0.6808
 46.5174 1.0435
 46.2116 1.25465
 45.9264 1.5611
 46.121 1.9992
 46.3049 2.30665
 46.2395 2.69095
 46.1147 4.0428
 45.9458 5.20745
 46.3376 5.5927
 46.7627 6.0446
 46.1584 6.50605
 45.3237 6.93525
 45.1036 7.14105
 45.216 7.13335
 45.2383 7.1324
211 80 5
 53.6213 -5.13135
 53.583 -4.2361
 53.3862 -3.77045
 53.4014 -3.57095
 53.4132 -3.5594
211 35 3
 53.6213 -5.13135
 53.6236 -5.7992
 53.7879 -5.8495
212 88 25
 45.5946 -20.7778
 44.5668 -20.3797
 43.8126 -19.8153
 43.3836 -19.8435
 43.1781 -19.7832
 43.0641 -19.8382
 42.8898 -19.9402
 42.7944 -19.8556
 42.8366 -19.7262
 42.8771 -19.6576
 42.8185 -19.4936
 42.7094 -19.2761
 42.5967 -19.1784
 42.4592 -19.1193
 42.3202 -19.0438
 42.3365 -18.9365
 42.427 -18.5913
 42.7501 -17.8641
 43.0538 -17.4056
 42.8502 -17.1874
 42.6468 -16.9474
 42.5893 -16.8401
 42.489 -16.6879
 42.4401 -16.5874
 42.4227 -16.5711
212 57 9
 45.5946 -20.7778
 46.1178 -20.5714
 46.4642 -20.2969
 47.2691 -19.7084
 47.477 -18.8367
 47.1952 -18.1712
 46.8957 -18.1857
 46.5857 -18.3554
 46.5533 -18.3931
213 79 22
 45.2043 -37.7448
 44.6262 -37.6295
 43.9265 -37.6728
 43.2594 -37.7171
 42.8933 -37.4793
 42.1405 -37.0865
 41.3843 -37.0196
 40.8083 -37.4774
 40.5313 -37.6675
 40.2029 -36.9879
 39.7283 -36.0521
 39.0694 -35.8084
 38.3167 -36.2683
 38.2987 -35.5003
 37.4623 -34.6701
 36.8032 -34.2215
 36.5666 -34.1789
 36.3771 -34.3913
 36.2797 -34.2968
 35.6887 -34.6246
 35.0033 -35.1396
 34.894 -35.106
213 20 13
 45.2043 -37.7448
 46.562 -38.1122
 47.4226 -38.3747
 47.5243 -38.352
 47.9621 -38.0665
 48.0402 -37.6981
 47.7789 -37.5329
 48.1237 -36.9828
 48.5126 -36.3923
 49.352 -35.5171
 49.8924 -33.8191
 49.7481 -32.7938
 49.8354 -32.6715
214 18 11
 39.6287 -44.5996
 38.2384 -44.076
 37.7118 -44.4026
 37.1251 -44.0862
 36.4577 -43.7908
 36.1012 -43.5731
 35.9758 -43.2888
 35.9362 -43.1369
 35.953 -43.0812
 35.9982 -43.063
 36.0413 -43.0461
214 148 6
 39.6287 -44.5996
 41.6022 -45.2436
 42.742 -44.726
 43.2061 -44.461
 43.4442 -44.4572
 43.4529 -44.4593
215 153 33
 12.3961 -48.2977
 13.3093 -46.4226
 12.8191 -45.7201
 11.729 -45.6926
 10.93 -45.84
 10.779 -45.6792
 10.7072 -45.5909
 10.3371 -44.8462
 9.97715 -44.0707
 9.94615 -43.6763
 10.2943 -43.0555
 10.5002 -42.293
 10.264 -41.6012
 9.4356 -41.3962
 8.45345 -41.4506
 8.1316 -41.5133
 8.06465 -41.6292
 8.0099 -41.8421
 7.8816 -42.5085
 7.87315 -43.8123
 7.4653 -44.7357
 6.8702 -44.8645
 6.38075 -44.7505
 5.91485 -44.3807
 5.1713 -44.6394
 3.7311 -45.3849
 2.8843 -45.1719
 2.881 -44.7578
 2.95895 -44.1651
 2.45875 -43.6383
 1.786 -43.5724
 1.6526 -43.4373
 1.6203 -43.4272
215 52 6
 12.3961 -48.2977
 11.2215 -49.7652
 10.7589 -49.6777
 10.0416 -49.7223
 9.6251 -49.8715
 9.6113 -49.8742
216 60 14
 14.73 -88.255
 14.617 -88.9494
 14.5688 -90.0345
 14.2211 -91.0247
 14.0935 -91.2035
 14.0231 -91.2426
 13.854 -91.2504
 13.7245 -91.2269
 13.6693 -91.2061
 13.6151 -91.1708
 13.5744 -91.1671
 13.5112 -91.1776
 13.3823 -91.1792
 13.3069 -91.1745
216 17 6
 14.73 -88.255
 15.5085 -87.3447
 16.098 -86.7309
 16.2183 -86.5079
 16.2194 -86.4298
 16.1945 -86.4494
217 89 5
 22.4128 -81.0596
 21.6003 -81.3158
 21.0037 -81.6547
 20.7441 -81.7578
 20.689 -81.7597
217 51 6
 22.4128 -81.0596
 23.0756 -80.5602
 23.3424 -80.0155
 23.3232 -79.8681
 23.2871 -79.7393
 23.2944 -79.6944
218 61 26
 35.1978 -73.8831
 36.1886 -72.7495
 36.3335 -72.6269
 36.4299 -72.6006
 36.847 -71.6759
 37.6165 -70.4198
 37.9014 -70.0461
 37.6863 -69.6394
 37.2138 -68.817
 37.0316 -68.3029
 37.4479 -68.3009
 36.9617 -68.1774
 36.5334 -67.5699
 35.9998 -66.9738
 35.9761 -66.8036
 36.1734 -66.4529
 36.4288 -65.9636
 36.35 -65.4081
 35.806 -64.7977
 35.5958 -64.3971
 35.6014 -64.2747
 35.4068 -64.1504
 35.1089 -63.9373
 34.993 -63.7198
 34.9706 -63.5737
 34.9692 -63.5444
218 76 18
 35.1978 -73.8831
 33.9192 -75.2704
 33.4197 -75.6216
 32.8948 -75.8973
 32.3664 -76.0009
 32.1076 -75.5835
 31.9681 -74.9987
 31.8698 -74.4389
 31.5835 -74.1412
 31.5972 -73.7764
 31.7745 -73.4805
 31.7896 -73.1416
 31.7955 -72.819
 31.9536 -72.7062
 32.2739 -72.6435
 32.4747 -72.6469
 32.5285 -72.578
 32.5572 -72.5485
219 61 8
 32.3081 -63.814
 33.4691 -63.3883
 34.3689 -63.312
 34.7337 -63.4245
 34.8958 -63.4016
 34.9227 -63.4622
 34.9512 -63.5284
 34.9692 -63.5444
219 120 7
 32.3081 -63.814
 31.1798 -63.4958
 30.425 -62.9902
 30.3081 -62.9492
 29.9572 -62.778
 29.6157 -62.6308
 29.6149 -62.5974
220 46 13
 30.8692 -48.6333
 31.7399 -49.151
 32.1595 -49.2322
 32.5953 -49.4969
 32.4515 -49.0638
 32.8752 -48.5946
 33.2953 -48.3928
 33.3882 -48.334
 33.4641 -48.1143
 33.4311 -47.7989
 33.5909 -47.4155
 33.8754 -47.1945
 33.9334 -47.1814
220 156 5
 30.8692 -48.6333
 30.1385 -47.7843
 30.1381 -47.436
 30.1936 -47.412
 30.2074 -47.4023
221 37 11
 45.8424 -47.7584
 44.087 -48.2257
 42.8194 -49.3118
 42.2059 -49.3825
 41.1432 -49.1789
 40.3134 -49.6078
 39.5339 -50.1699
 38.7497 -50.2329
 38.2441 -50.4285
 37.9969 -50.587
 37.97 -50.5987
221 81 10
 45.8424 -47.7584
 46.5265 -49.4453
 47.3668 -51.0563
 48.3767 -51.1848
 49.236 -50.9993
 49.9696 -51.3988
 50.2509 -51.9097
 50.6956 -52.1726
 51.0631 -52.224
 51.1267 -52.1974
222 24 37
 42.4785 -13.8354
 43.2095 -12.9575
 43.7574 -12.4267
 44.0584 -12.486
 43.9967 -12.3902
 43.7941 -12.2654
 43.6179 -12.1561
 43.5283 -11.6171
 43.7909 -11.0254
 44.2003 -10.8379
 44.4707 -10.5733
 44.7542 -10.3172
 44.9077 -10.0385
 45.0208 -9.7651
 45.4454 -9.7623
 46.2992 -10.4853
 46.8632 -11.0105
 46.9296 -10.9402
 46.9055 -11.0247
 46.9719 -10.8895
 47.157 -10.4628
 47.3044 -9.49295
 47.2169 -8.52835
 47.1108 -8.1828
 47.1778 -8.0877
 47.6617 -8.0362
 48.0563 -7.72695
 48.2173 -7.36165
 48.6256 -7.20685
 48.9713 -7.18765
 49.2385 -7.29765
 49.4488 -7.32795
 49.5429 -7.26315
 49.6381 -7.1197
 49.5985 -6.88505
 49.5557 -6.6962
 49.6175 -6.6629
222 2 19
 42.4785 -13.8354
 42.3648 -14.293
 42.7797 -14.8088
 42.5508 -14.6856
 42.1387 -14.9178
 41.8055 -15.1151
 41.7197 -15.0933
 41.5342 -14.8302
 40.9715 -14.5474
 40.5325 -14.3948
 40.3884 -14.406
 40.2077 -14.2417
 39.9204 -14.0218
 39.6769 -13.8081
 39.5062 -13.5783
 39.3824 -13.4688
 39.2889 -13.2888
 39.263 -13.0878
 39.2928 -13.0734
223 58 14
 -11.5971 -51.0412
 -10.4095 -51.3943
 -10.0042 -51.6348
 -9.91635 -51.7456
 -9.73295 -51.7229
 -9.20015 -51.5732
 -8.8003 -51.4953
 -8.64275 -51.433
 -8.10755 -51.5155
 -7.51405 -51.8046
 -6.9915 -51.7917
 -6.19505 -51.4869
 -5.6816 -51.3207
 -5.6361 -51.3134
223 3 21
 -11.5971 -51.0412
 -12.5278 -50.7592
 -12.6746 -50.961
 -12.5863 -51.1784
 -12.5464 -51.3361
 -13.3289 -51.5856
 -14.1209 -51.8239
 -14.6324 -52.0702
 -15.0271 -52.0712
 -15.1586 -52.1271
 -16.0375 -52.4411
 -16.973 -52.6544
 -17.2454 -52.6291
 -17.5021 -52.6253
 -17.8146 -52.3964
 -18.0158 -52.2034
 -18.1569 -52.2608
 -18.2382 -52.3722
 -18.2137 -52.4599
 -18.1903 -52.5064
 -18.1911 -52.5137
224 95 8
 1.7059 6.74745
 1.97045 8.1905
 1.84455 9.1862
 1.48425 9.79715
 1.3652 9.81565
 0.4449 9.9852
 -0.38855 10.3672
 -0.4232 10.4972
224 127 6
 1.7059 6.74745
 1.2505 5.48525
 0.6171 5.0727
 0.4289 4.89955
 0.45155 4.817
 0.4567 4.7999
225 138 16
 32.3381 30.213
 32.5173 30.5842
 33.2365 29.82
 33.8268 29.2042
 33.8685 29.1435
 34.3985 28.9909
 34.9461 28.8962
 36.0701 29.2723
 37.1732 29.7523
 37.2777 30.075
 37.3167 30.3101
 37.2639 30.3597
 37.1289 30.4837
 37.1567 30.9263
 37.3127 31.3301
 37.3324 31.395
225 129 9
 32.3381 30.213
 31.6997 29.2227
 30.5686 29.0733
 29.6661 28.822
 29.1009 28.2813
 28.4992 28.1447
 28.0298 27.7407
 27.9314 27.4453
 27.9074 27.4014
226 147 20
 40.6928 5.90285
 42.3661 4.35335
 43.0388 3.87105
 43.2098 3.7078
 44.3587 3.50025
 45.4424 2.87325
 45.8342 2.38155
 46.2907 2.30375
 46.121 1.9992
 46.3049 2.30665
 46.2395 2.69095
 46.1147 4.0428
 45.9458 5.20745
 46.3376 5.5927
 46.7627 6.0446
 46.1584 6.50605
 45.3237 6.93525
 45.1036 7.14105
 45.216 7.13335
 45.2383 7.1324
226 16 7
 40.6928 5.90285
 39.2486 6.4512
 38.6853 5.80375
 38.4137 5.8885
 38.2449 6.03405
 38.0219 6.1059
 37.9753 6.0928
227 159 26
 30.139 -24.7589
 30.1108 -24.2817
 30.0533 -24.6958
 29.1322 -25.0943
 28.3014 -25.1233
 27.8251 -25.2987
 27.3588 -25.5192
 27.2729 -25.7449
 27.1641 -25.7875
 26.9318 -25.8312
 26.3984 -25.7761
 25.9952 -25.5136
 25.8881 -25.4113
 25.7896 -25.5113
 25.7561 -25.6208
 25.8385 -25.8152
 26.1024 -26.1908
 26.2332 -26.5947
 26.1237 -26.8094
 25.9577 -26.8905
 25.6358 -26.7775
 25.3475 -26.6979
 25.0905 -26.9787
 24.7933 -27.1948
 24.6696 -27.1499
 24.6622 -27.106
227 143 5
 30.139 -24.7589
 30.4995 -25.3812
 30.853 -25.8036
 30.8911 -25.914
 30.8953 -25.9177
228 79 16
 39.9002 -39.2895
 40.3986 -38.2715
 40.5313 -37.6675
 40.2029 -36.9879
 39.7283 -36.0521
 39.0694 -35.8084
 38.3167 -36.2683
 38.2987 -35.5003
 37.4623 -34.6701
 36.8032 -34.2215
 36.5666 -34.1789
 36.3771 -34.3913
 36.2797 -34.2968
 35.6887 -34.6246
 35.0033 -35.1396
 34.894 -35.106
228 69 4
 39.9002 -39.2895
 40.1038 -39.8355
 40.6847 -39.8202
 40.7453 -39.8625
229 77 6
 -38.9056 -47.6785
 -38.4161 -48.1501
 -38.4401 -48.5776
 -37.4347 -49.2389
 -36.6889 -49.6247
 -36.643 -49.622
229 7 7
 -38.9056 -47.6785
 -39.3219 -47.2143
 -39.9538 -47.4884
 -40.5692 -47.7939
 -41.2458 -47.5109
 -41.7123 -47.0257
 -41.7421 -47.0168
230 11 6
 -22.3409 -69.711
 -23.3354 -70.0988
 -23.6889 -70.1199
 -23.7901 -69.9915
 -23.9188 -69.9655
 -23.9743 -69.9576
230 96 3
 -22.3409 -69.711
 -21.6161 -69.429
 -21.5605 -69.4034
231 6 16
 -16.7393 -56.1669
 -16.6817 -55.2341
 -17.0198 -54.7463
 -17.2286 -54.5018
 -17.5711 -54.596
 -17.8645 -54.7682
 -18.1294 -54.656
 -18.6571 -54.567
 -19.2334 -54.6312
 -19.5717 -54.9678
 -19.5744 -55.4767
 -19.395 -55.8638
 -19.229 -56.0818
 -19.2397 -56.1371
 -19.2833 -56.2063
 -19.2945 -56.2438
231 122 5
 -16.7393 -56.1669
 -16.8725 -57.3301
 -15.9614 -57.7235
 -15.0553 -57.5324
 -14.9444 -57.479
232 3 24
 -12.437 -48.1638
 -12.3872 -48.9421
 -12.472 -49.0382
 -12.643 -49.7973
 -12.5887 -50.566
 -12.6746 -50.961
 -12.5863 -51.1784
 -12.5464 -51.3361
 -13.3289 -51.5856
 -14.1209 -51.8239
 -14.6324 -52.0702
 -15.0271 -52.0712
 -15.1586 -52.1271
 -16.0375 -52.4411
 -16.973 -52.6544
 -17.2454 -52.6291
 -17.5021 -52.6253
 -17.8146 -52.3964
 -18.0158 -52.2034
 -18.1569 -52.2608
 -18.2382 -52.3722
 -18.2137 -52.4599
 -18.1903 -52.5064
 -18.1911 -52.5137
232 54 4
 -12.437 -48.1638
 -12.3706 -47.1316
 -12.4369 -46.8498
 -12.4506 -46.8311
233 43 10
 -47.1822 -30.5025
 -48.1998 -30.2118
 -48.6934 -30.1202
 -48.9311 -30.1809
 -49.152 -30.2584
 -49.298 -30.2873
 -49.8382 -30.1969
 -50.829 -30.6308
 -51.376 -31.1394
 -51.3962 -31.1442
233 100 20
 -47.1822 -30.5025
 -46.3811 -30.6893
 -44.9313 -31.1501
 -43.5628 -31.5497
 -43.5564 -31.6981
 -43.6347 -32.0373
 -43.1223 -32.3689
 -42.6303 -32.593
 -42.8572 -33.1179
 -43.0609 -33.9344
 -42.6814 -34.5207
 -42.618 -35.1108
 -42.9311 -35.4703
 -43.0335 -35.6782
 -43.3217 -36.2296
 -43.5183 -36.8155
 -44.2284 -37.3455
 -44.3476 -37.9945
 -43.6915 -38.3388
 -43.6394 -38.3431
234 5 7
 -36.6831 11.7048
 -36.6362 12.9712
 -36.8258 13.2702
 -36.916 13.4743
 -36.9674 13.6184
 -37.0407 13.6593
 -37.0763 13.668
234 34 17
 -36.6831 11.7048
 -36.8214 10.6242
 -36.8724 10.4543
 -37.269 10.0424
 -38.0729 9.0854
 -38.6792 8.27035
 -39.4462 7.8651
 -40.2779 7.49515
 -40.75 7.9068
 -40.3063 7.31085
 -39.877 6.70235
 -39.6071 6.11475
 -39.3414 6.05775
 -38.9775 6.23845
 -38.8004 6.34605
 -38.6804 6.2749
 -38.6357 6.2561
235 42 19
 -15.7892 -1.97735
 -16.4267 -3.53115
 -15.9326 -4.4414
 -15.6108 -4.4346
 -15.4214 -4.3224
 -15.3475 -4.66445
 -15.2606 -5.12405
 -15.1452 -5.33035
 -15.0599 -5.4476
 -14.9651 -5.47215
 -14.8584 -5.6051
 -14.9177 -5.7422
 -15.0413 -5.83665
 -15.0398 -5.90445
 -15.0308 -5.9235
 -15.0166 -6.04355
 -14.9895 -6.19305
 -14.9624 -6.26135
 -14.9638 -6.2947
235 90 6
 -15.7892 -1.97735
 -14.9305 -0.9145
 -14.9478 -0.49255
 -14.8251 -0.3883
 -14.705 -0.49325
 -14.662 -0.6344
236 42 13
 -9.9537 -5.8408
 -10.5962 -6.121
 -11.0751 -6.1483
 -11.6264 -6.03345
 -12.4615 -6.14255
 -13.4613 -6.26365
 -14.1073 -6.1937
 -14.3053 -6.22175
 -14.4707 -6.2717
 -14.6297 -6.30885
 -14.746 -6.33985
 -14.8934 -6.32755
 -14.9638 -6.2947
236 106 14
 -9.9537 -5.8408
 -9.2706 -4.98805
 -9.0244 -3.98645
 -8.9281 -3.53935
 -8.7642 -3.45505
 -8.737 -3.8461
 -8.25235 -4.1574
 -7.68235 -4.0565
 -7.36345 -3.9941
 -6.73835 -4.07115
 -6.24675 -4.1804
 -5.6003 -4.44465
 -5.0007 -4.7419
 -4.9912 -4.7767
237 132 12
 10.5033 23.0572
 9.8149 23.2203
 9.1114 22.9214
 8.5753 22.9018
 8.3852 23.1933
 8.31025 23.174
 8.18335 23.2364
 7.81585 23.1811
 7.3282 22.8259
 7.11365 22.5112
 7.15045 22.3908
 7.1541 22.3779
237 126 3
 10.5033 23.0572
 10.9331 22.926
 10.9564 22.9568
238 28 26
 29.3408 4.10845
 28.6516 4.96525
 28.2807 5.91295
 28.7286 6.59625
 28.8505 6.63155
 28.7181 7.0148
 28.7746 7.375
 29.001 7.47935
 28.9827 8.4516
 28.8641 9.59695
 28.6771 10.0225
 28.5294 10.4207
 28.3899 10.7638
 28.3274 10.9474
 28.3394 11.0253
 28.2723 11.0702
 28.3731 11.0217
 28.5297 11.0508
 28.6822 11.1573
 28.6157 11.3328
 28.6332 11.5153
 28.7627 11.6344
 28.6754 11.7377
 28.5459 11.8514
 28.5311 11.9809
 28.55 12.0268
238 41 15
 29.3408 4.10845
 29.4363 3.1673
 29.6059 2.80505
 29.6772 1.8857
 29.7121 0.84465
 29.7063 0.6472
 29.7267 0.5355
 29.7295 0.4202
 29.8849 0.3718
 30.0613 0.1278
 30.0696 -0.07845
 30.0703 -0.17535
 30.199 -0.1743
 30.3089 -0.1154
 30.323 -0.1131
239 75 9
 28.4395 -32.035
 28.1121 -31.8076
 27.9763 -31.7725
 27.8391 -31.7145
 27.3774 -31.5131
 26.9828 -31.2085
 26.9438 -31.0229
 26.9559 -30.9491
 26.9597 -30.8952
239 39 9
 28.4395 -32.035
 28.8691 -32.3488
 29.0952 -32.3241
 29.1257 -32.1768
 29.3236 -32.2452
 29.6096 -32.4639
 29.7754 -32.6273
 29.8683 -32.6443
 29.903 -32.6514
240 153 9
 -0.21645 -43.3024
 0.4776 -43.7173
 0.56805 -44.1339
 0.77755 -44.2059
 1.13655 -43.911
 1.3851 -43.4989
 1.56915 -43.4147
 1.61935 -43.4253
 1.6203 -43.4272
240 140 4
 -0.21645 -43.3024
 -0.81015 -43.1306
 -0.90595 -42.9658
 -0.9759 -42.9268
241 154 20
 10.8006 -39.8936
 12.1505 -39.4963
 12.534 -39.3832
 12.5747 -39.2091
 12.5079 -38.9886
 12.76 -38.7706
 13.349 -38.522
 13.6798 -38.0759
 14.0846 -37.4711
 14.7436 -37.0226
 15.3264 -36.3748
 15.4274 -35.5863
 15.6451 -34.9295
 16.1273 -34.619
 16.5222 -34.6161
 16.9633 -34.6121
 17.1535 -34.5041
 17.2985 -34.2411
 17.3836 -34.0764
 17.3835 -34.0753
241 153 25
 10.8006 -39.8936
 9.33595 -40.0981
 8.7679 -40.0033
 8.26685 -39.861
 8.0664 -40.1142
 8.06745 -40.8556
 7.95195 -41.3383
 8.01745 -41.4982
 8.06465 -41.6292
 8.0099 -41.8421
 7.8816 -42.5085
 7.87315 -43.8123
 7.4653 -44.7357
 6.8702 -44.8645
 6.38075 -44.7505
 5.91485 -44.3807
 5.1713 -44.6394
 3.7311 -45.3849
 2.8843 -45.1719
 2.881 -44.7578
 2.95895 -44.1651
 2.45875 -43.6383
 1.786 -43.5724
 1.6526 -43.4373
 1.6203 -43.4272
242 76 22
 37.4919 -82.1092
 35.5971 -80.8549
 34.0024 -79.2904
 33.3299 -78.5618
 33.1203 -78.1672
 32.9345 -77.736
 32.6861 -76.9594
 32.4319 -76.2047
 32.3664 -76.0009
 32.1076 -75.5835
 31.9681 -74.9987
 31.8698 -74.4389
 31.5835 -74.1412
 31.5972 -73.7764
 31.7745 -73.4805
 31.7896 -73.1416
 31.7955 -72.819
 31.9536 -72.7062
 32.2739 -72.6435
 32.4747 -72.6469
 32.5285 -72.578
 32.5572 -72.5485
242 104 5
 37.4919 -82.1092
 38.8601 -83.0097
 39.7339 -83.8349
 40.2087 -84.1946
 40.2163 -84.213
243 141 12
 -43.3912 -77.1122
 -43.8456 -78.3434
 -43.6474 -79.2999
 -43.3937 -81.2937
 -43.2772 -82.5621
 -42.5498 -83.3069
 -41.7001 -84.1622
 -41.1017 -84.8915
 -40.1598 -85.9725
 -39.5111 -86.7044
 -39.2385 -86.7797
 -39.0614 -86.7886
243 8 24
 -43.3912 -77.1122
 -42.1362 -75.0197
 -41.1438 -73.6792
 -39.593 -71.6943
 -38.4475 -69.7475
 -38.2637 -69.6883
 -37.2321 -70.3998
 -36.1723 -71.5067
 -35.7048 -72.352
 -35.2269 -71.3677
 -34.7477 -70.1674
 -34.0322 -68.5804
 -32.4651 -67.3486
 -31.1746 -67.2039
 -31.6756 -66.4646
 -31.7106 -65.0993
 -31.5596 -64.2973
 -31.1185 -63.6693
 -31.1843 -62.9583
 -31.6951 -62.327
 -32.1824 -61.748
 -32.6246 -61.1743
 -32.806 -60.8716
 -32.89 -60.7476
244 134 5
 -42.2818 -57.963
 -42.927 -58.1809
 -43.31 -58.1074
 -43.8568 -57.7962
 -43.888 -57.7804
244 15 3
 -42.2818 -57.963
 -41.3851 -57.9897
 -41.2665 -58.0124
245 134 21
 -48.8091 -54.5629
 -47.562 -54.2757
 -46.9629 -54.2174
 -46.4916 -54.4422
 -46.2775 -54.4949
 -45.6364 -54.3161
 -45.3415 -54.4965
 -45.586 -54.9112
 -45.1173 -55.2475
 -44.6725 -55.5817
 -44.6377 -55.6277
 -44.5835 -55.7113
 -44.4776 -55.8428
 -44.3762 -56.042
 -44.323 -56.2226
 -44.1886 -56.5329
 -44.0648 -56.8049
 -44.0649 -57.0734
 -44.0713 -57.4799
 -43.969 -57.7047
 -43.888 -57.7804
245 78 4
 -48.8091 -54.5629
 -49.6917 -53.7854
 -49.655 -52.9517
 -49.7186 -52.9248
246 7 7
 -43.9852 -48.3398
 -43.5532 -47.8043
 -43.0239 -47.294
 -42.2889 -46.9185
 -41.8694 -46.9378
 -41.7549 -47.008
 -41.7421 -47.0168
246 152 5
 -43.9852 -48.3398
 -44.4553 -48.6555
 -44.6747 -48.6629
 -44.7617 -48.7034
 -44.7796 -48.6941
247 25 24
 -36.7226 -47.2998
 -36.2353 -46.2225
 -36.1665 -45.6546
 -36.159 -45.1803
 -36.1509 -44.6165
 -36.3624 -43.8433
 -36.6945 -42.9912
 -36.8155 -42.6761
 -37.0459 -42.1326
 -36.9222 -41.2979
 -36.5164 -40.8059
 -36.5257 -40.6304
 -36.8396 -40.5501
 -37.0243 -40.4293
 -37.012 -40.3395
 -37.1525 -40.1561
 -37.2473 -39.9681
 -37.3002 -39.9292
 -37.2468 -39.8722
 -37.2019 -39.7478
 -37.1837 -39.6878
 -37.1999 -39.6487
 -37.2263 -39.6079
 -37.2307 -39.5969
247 77 8
 -36.7226 -47.2998
 -37.3764 -47.9942
 -37.8606 -48.0424
 -38.4161 -48.1501
 -38.4401 -48.5776
 -37.4347 -49.2389
 -36.6889 -49.6247
 -36.643 -49.622
248 72 11
 -29.1144 -47.9826
 -29.4412 -48.9547
 -29.6968 -48.8638
 -30.248 -48.533
 -30.7141 -48.6672
 -30.9755 -48.5483
 -31.4193 -48.3213
 -31.7561 -48.1941
 -32.1337 -48.226
 -32.5588 -48.2845
 -32.6265 -48.2669
248 13 3
 -29.1144 -47.9826
 -28.758 -47.2748
 -28.6919 -47.1903
249 115 18
 -26.3085 -59.3254
 -26.6084 -59.0611
 -26.9705 -59.0919
 -27.3102 -58.6754
 -27.3409 -58.0764
 -27.2352 -57.8825
 -27.2987 -57.7847
 -27.6243 -57.3812
 -27.8622 -57.0352
 -28.0154 -57.278
 -28.2948 -57.3368
 -28.418 -57.1442
 -28.4266 -57.0678
 -28.3997 -56.9437
 -28.3528 -56.6879
 -28.5471 -56.1686
 -28.7605 -55.8355
 -28.7634 -55.8319
249 151 5
 -26.3085 -59.3254
 -25.9781 -60.0163
 -25.8952 -60.6259
 -26.0461 -60.8752
 -26.1228 -60.9297
250 8 22
 -34.5283 -75.9895
 -34.7698 -74.6595
 -34.6752 -74.1359
 -34.2239 -73.7936
 -34.2449 -72.7207
 -35.1959 -72.1991
 -35.7048 -72.352
 -35.2269 -71.3677
 -34.7477 -70.1674
 -34.0322 -68.5804
 -32.4651 -67.3486
 -31.1746 -67.2039
 -31.6756 -66.4646
 -31.7106 -65.0993
 -31.5596 -64.2973
 -31.1185 -63.6693
 -31.1843 -62.9583
 -31.6951 -62.327
 -32.1824 -61.748
 -32.6246 -61.1743
 -32.806 -60.8716
 -32.89 -60.7476
250 94 3
 -34.5283 -75.9895
 -34.2013 -76.8599
 -34.1959 -76.8842
251 58 9
 -7.88715 -48.5894
 -7.31945 -49.3229
 -6.9688 -49.7941
 -6.85935 -50.5281
 -7.16405 -51.3943
 -6.9915 -51.7917
 -6.19505 -51.4869
 -5.6816 -51.3207
 -5.6361 -51.3134
251 14 10
 -7.88715 -48.5894
 -8.14165 -47.7364
 -8.1354 -46.9059
 -8.1339 -45.9446
 -7.7854 -45.3554
 -7.371 -44.9021
 -6.97275 -44.5051
 -6.80505 -44.1639
 -6.7385 -44.0324
 -6.7233 -44.0196
252 71 20
 -18.2035 -39.3923
 -17.6495 -40.5318
 -17.3599 -40.8321
 -17.4438 -41.6934
 -17.8205 -42.7011
 -17.8039 -43.4052
 -17.3025 -43.973
 -16.9415 -44.1304
 -16.8066 -44.1381
 -16.5611 -43.3083
 -16.152 -42.2789
 -16.0032 -42.0302
 -15.4548 -42.0415
 -14.6026 -42.5594
 -14.2096 -43.083
 -13.9292 -43.1329
 -13.5972 -43.1763
 -13.2403 -43.0956
 -13.0378 -42.9172
 -13.0625 -42.7937
252 36 3
 -18.2035 -39.3923
 -18.514 -38.4933
 -18.5523 -38.4879
253 71 6
 -14.6125 -44.1326
 -13.7929 -43.2943
 -13.5972 -43.1763
 -13.2403 -43.0956
 -13.0378 -42.9172
 -13.0625 -42.7937
253 63 7
 -14.6125 -44.1326
 -15.3164 -45.0722
 -15.497 -45.9977
 -16.5227 -46.8103
 -17.612 -47.0619
 -17.9282 -47.2653
 -17.9502 -47.2979
254 63 6
 -14.3286 -46.8359
 -15.5607 -47.5168
 -16.3236 -47.4976
 -17.3645 -47.3928
 -17.9325 -47.4231
 -17.9502 -47.2979
254 54 4
 -14.3286 -46.8359
 -12.9623 -46.58
 -12.5033 -46.7975
 -12.4506 -46.8311
255 0 24
 2.26595 -45.7278
 2.9551 -46.5026
 3.122 -47.4108
 3.1812 -47.9291
 3.3368 -48.0126
 3.71305 -48.2381
 4.2302 -48.7358
 4.55755 -49.094
 4.74015 -49.2423
 4.8121 -49.7841
 4.5681 -50.3503
 4.37135 -50.5539
 4.33645 -50.6376
 4.2486 -50.919
 4.176 -51.257
 4.20325 -51.3755
 4.2299 -51.4117
 4.1402 -51.6092
 3.9412 -51.8166
 3.79165 -52.076
 3.7852 -52.33
 3.8676 -52.4123
 3.9229 -52.4651
 3.9293 -52.4697
255 153 10
 2.26595 -45.7278
 1.71645 -45.242
 1.6909 -45.1617
 1.3344 -44.7036
 0.77755 -44.2059
 1.13655 -43.911
 1.3851 -43.4989
 1.56915 -43.4147
 1.61935 -43.4253
 1.6203 -43.4272
256 14 16
 -2.14775 -43.8846
 -3.1654 -43.5129
 -3.9517 -43.4683
 -4.40715 -43.5359
 -4.7338 -43.6525
 -5.03745 -43.7636
 -5.1457 -43.7822
 -5.21895 -44.4389
 -5.20515 -45.0957
 -5.1566 -45.177
 -5.29925 -45.2649
 -5.5302 -45.2589
 -5.7893 -44.7025
 -6.29365 -44.1127
 -6.68595 -43.9747
 -6.7233 -44.0196
256 86 4
 -2.14775 -43.8846
 -1.3987 -44.2407
 -1.2688 -44.3502
 -1.2725 -44.3618
257 86 4
 -0.79875 -43.7026
 -1.03915 -44.2437
 -1.2688 -44.3502
 -1.2725 -44.3618
257 140 4
 -0.79875 -43.7026
 -0.81015 -43.1306
 -0.90595 -42.9658
 -0.9759 -42.9268
258 67 33
 2.568 -26.2195
 1.8635 -25.2658
 0.9591 -24.2189
 0.1329 -24.4067
 -0.8468 -24.6954
 -1.76525 -23.9826
 -2.9122 -23.0609
 -3.76465 -22.2358
 -4.08535 -21.3615
 -4.3282 -20.3973
 -3.3329 -18.834
 -2.34105 -17.2928
 -1.1625 -16.1651
 0.19105 -15.2271
 0.4074 -14.8815
 1.7217 -14.602
 3.17205 -14.3525
 3.3953 -14.153
 3.4097 -14.0245
 3.4509 -13.5937
 3.41085 -13.2299
 2.7355 -12.8645
 2.0373 -12.3177
 2.94095 -11.4698
 4.1584 -10.1374
 4.7055 -9.77735
 5.09495 -9.81565
 5.47825 -10.1301
 5.93875 -10.5035
 6.6042 -10.7459
 7.2314 -10.4546
 7.54555 -10.0726
 7.5565 -10.0537
258 98 5
 2.568 -26.2195
 3.868 -26.7362
 5.87995 -27.5657
 6.79005 -28.1974
 6.8195 -28.1755
259 67 31
 -7.1848 -23.5741
 -5.53195 -24.8769
 -4.75775 -24.3838
 -3.9704 -22.9953
 -2.9122 -23.0609
 -3.76465 -22.2358
 -4.08535 -21.3615
 -4.3282 -20.3973
 -3.3329 -18.834
 -2.34105 -17.2928
 -1.1625 -16.1651
 0.19105 -15.2271
 0.4074 -14.8815
 1.7217 -14.602
 3.17205 -14.3525
 3.3953 -14.153
 3.4097 -14.0245
 3.4509 -13.5937
 3.41085 -13.2299
 2.7355 -12.8645
 2.0373 -12.3177
 2.94095 -11.4698
 4.1584 -10.1374
 4.7055 -9.77735
 5.09495 -9.81565
 5.47825 -10.1301
 5.93875 -10.5035
 6.6042 -10.7459
 7.2314 -10.4546
 7.54555 -10.0726
 7.5565 -10.0537
259 128 20
 -7.1848 -23.5741
 -9.6442 -22.5936
 -10.871 -22.6946
 -11.6077 -22.9049
 -12.6942 -22.9714
 -13.9888 -23.0622
 -15.3505 -22.9557
 -16.1532 -22.9491
 -16.3868 -22.5472
 -16.7099 -21.3796
 -17.0742 -20.7277
 -17.38 -19.6421
 -17.4748 -17.8919
 -17.9433 -17.3272
 -19.9181 -17.9222
 -21.8729 -18.5644
 -22.6523 -18.7713
 -23.0535 -18.8059
 -23.3623 -18.5216
 -23.4043 -18.2396
260 48 23
 -36.3853 -25.4466
 -36.4097 -26.0482
 -36.5161 -26.1569
 -37.1134 -26.9286
 -37.7738 -27.9713
 -38.3308 -28.133
 -38.8647 -27.9195
 -38.9063 -27.726
 -38.809 -26.9219
 -38.6922 -25.9147
 -38.6154 -25.5056
 -38.5266 -25.1359
 -38.6577 -25.4453
 -38.9968 -25.3759
 -39.206 -25.1599
 -39.2245 -24.7082
 -39.4292 -23.8523
 -39.6506 -23.0261
 -39.7571 -22.5516
 -39.813 -22.2103
 -39.9668 -21.9763
 -40.1049 -21.9832
 -40.1325 -22.0328
260 92 3
 -36.3853 -25.4466
 -36.2178 -24.4165
 -35.9984 -23.8869
261 25 31
 -42.7003 -39.3637
 -41.8046 -39.8511
 -41.5921 -39.8294
 -41.4963 -39.9846
 -41.2429 -40.1974
 -40.6729 -40.0395
 -40.2602 -40.0105
 -39.7626 -39.7842
 -39.2541 -39.5314
 -39.1214 -39.1099
 -38.8292 -38.955
 -38.5775 -39.0863
 -38.4131 -39.0695
 -38.0982 -39.1161
 -37.8314 -39.2706
 -37.7631 -39.2715
 -37.6679 -39.2763
 -37.5933 -39.2978
 -37.5692 -39.2824
 -37.5146 -39.2257
 -37.4122 -39.243
 -37.3408 -39.3044
 -37.3025 -39.3065
 -37.3216 -39.3368
 -37.3065 -39.3745
 -37.3048 -39.4162
 -37.2823 -39.458
 -37.2232 -39.4769
 -37.2448 -39.5304
 -37.2328 -39.5924
 -37.2307 -39.5969
261 100 4
 -42.7003 -39.3637
 -43.4629 -38.6255
 -43.5916 -38.3712
 -43.6394 -38.3431
262 43 11
 -48.3217 -27.1943
 -48.8714 -29.5734
 -48.6237 -30.0652
 -48.6934 -30.1202
 -48.9311 -30.1809
 -49.152 -30.2584
 -49.298 -30.2873
 -49.8382 -30.1969
 -50.829 -30.6308
 -51.376 -31.1394
 -51.3962 -31.1442
262 83 8
 -48.3217 -27.1943
 -47.0796 -24.875
 -46.6148 -24.4254
 -46.2838 -24.2013
 -45.7785 -23.9195
 -45.4777 -23.5713
 -45.3206 -23.2522
 -45.2876 -23.1837
263 31 7
 -43.5804 -22.3861
 -42.571 -21.764
 -42.0017 -21.4424
 -42.7351 -21.1587
 -43.5256 -20.4641
 -43.9451 -20.1821
 -43.9509 -20.1865
263 83 5
 -43.5804 -22.3861
 -44.6541 -22.9359
 -44.955 -23.0717
 -45.1333 -23.1332
 -45.2876 -23.1837
264 155 9
 -46.7245 -14.3166
 -46.2588 -15.2224
 -45.1671 -15.2105
 -44.6227 -16.0317
 -43.9199 -16.7081
 -43.1105 -17.1191
 -42.7369 -17.525
 -42.6983 -17.5975
 -42.6902 -17.6255
264 105 3
 -46.7245 -14.3166
 -46.384 -13.1791
 -46.3616 -13.1538
265 53 21
 -42.8225 -0.70805
 -42.7903 -0.52975
 -42.6766 -0.47505
 -42.3813 -0.4536
 -42.0455 -0.41855
 -41.9922 -0.4891
 -41.8342 -0.50855
 -41.6874 -0.6053
 -41.6207 -0.6103
 -41.5742 -0.60135
 -41.5853 -0.54305
 -41.5715 -0.49395
 -41.5634 -0.40845
 -41.4706 -0.32485
 -41.362 -0.3039
 -41.3307 -0.2433
 -41.254 -0.17915
 -41.1393 -0.15385
 -41.0817 -0.0963
 -41.0733 -0.03215
 -41.0701 -0.0212
265 59 10
 -42.8225 -0.70805
 -42.7944 -0.9343
 -42.8019 -1.10745
 -42.893 -1.2288
 -43.0602 -1.39075
 -43.2126 -1.4697
 -43.339 -1.4851
 -43.522 -1.36225
 -43.6414 -1.21765
 -43.6436 -1.208
266 59 25
 -42.2104 -4.8912
 -42.6385 -4.17035
 -43.0415 -3.9332
 -43.3008 -3.54605
 -43.4036 -3.4687
 -43.618 -3.27065
 -43.9188 -3.0681
 -44.1003 -2.882
 -44.2499 -2.55885
 -44.4022 -2.3443
 -44.5476 -2.15685
 -44.6244 -1.9822
 -44.6693 -1.9202
 -44.557 -1.98495
 -44.3542 -2.0356
 -44.1731 -2.0448
 -44.1026 -2.07205
 -44.054 -2.02175
 -43.9645 -1.8954
 -43.9011 -1.8081
 -43.8666 -1.69345
 -43.7924 -1.4857
 -43.7124 -1.29385
 -43.6644 -1.20425
 -43.6436 -1.208
266 56 5
 -42.2104 -4.8912
 -41.8062 -5.70065
 -41.6487 -5.8457
 -41.7013 -6.02065
 -41.7024 -6.0781
267 145 5
 -45.4008 15.8326
 -44.2202 16.4895
 -44.0035 16.6528
 -43.9546 16.6833
 -43.9205 16.6931
267 130 3
 -45.4008 15.8326
 -46.4242 15.3103
 -46.469 15.3024
268 53 47
 -38.4501 4.902
 -38.3876 3.3729
 -38.2518 2.42445
 -38.2229 2.3987
 -37.8602 2.21705
 -37.5476 1.97525
 -37.502 1.94555
 -37.5079 1.63995
 -37.4938 1.3608
 -37.405 1.34245
 -37.5172 1.2472
 -37.6351 1.0492
 -37.704 0.9383
 -37.7292 0.9323
 -37.7502 0.92155
 -37.821 0.8956
 -37.9402 0.86305
 -37.9604 0.75475
 -38.0413 0.86155
 -38.1516 0.8306
 -38.2744 0.7828
 -38.4773 0.61665
 -38.7583 0.43865
 -39.0339 0.59455
 -39.2036 0.7369
 -39.1028 0.8229
 -39.1374 1.03595
 -39.3139 1.20645
 -39.4394 1.3273
 -39.6619 1.281
 -39.8175 1.1065
 -39.8821 1.0598
 -39.9837 0.91575
 -40.1218 0.67845
 -40.389 0.60025
 -40.6161 0.53115
 -40.6515 0.3897
 -40.6335 0.2044
 -40.6546 0.0307
 -40.6795 -0.06605
 -40.7271 -0.13075
 -40.8257 -0.1196
 -40.9193 -0.08605
 -40.9654 -0.0395
 -41.0098 -0.0388
 -41.0472 -0.04125
 -41.0701 -0.0212
268 34 4
 -38.4501 4.902
 -38.6708 5.8071
 -38.8265 6.1461
 -38.6357 6.2561
269 112 39
 -29.1394 1.4589
 -29.2378 1.06595
 -29.5401 0.83055
 -29.7834 0.9433
 -30.0713 0.82765
 -30.0411 0.5606
 -30.0089 0.37235
 -30.1727 0.2961
 -30.371 0.3348
 -30.4593 0.3316
 -30.4511 0.22675
 -30.4306 0.12505
 -30.3933 0.05695
 -30.3782 0.02115
 -30.3706 -0.004
 -30.4344 -0.0311
 -30.503 -0.06495
 -30.5419 -0.0686
 -30.6054 -0.20095
 -30.7459 -0.3062
 -30.8858 -0.3389
 -30.9706 -0.4345
 -30.9558 -0.60005
 -30.9541 -0.84635
 -31.132 -1.0559
 -31.4291 -1.15675
 -31.6079 -1.27445
 -31.7621 -1.2854
 -31.9869 -1.18855
 -32.0219 -1.10475
 -32.0173 -0.98875
 -32.1084 -0.97495
 -32.2475 -0.97205
 -32.4031 -0.9151
 -32.5224 -0.82465
 -32.6515 -0.75215
 -32.761 -0.72155
 -32.7621 -0.6917
 -32.7429 -0.6824
269 22 10
 -29.1394 1.4589
 -29.457 1.6997
 -29.6213 1.8139
 -29.7122 2.01335
 -29.9107 2.16575
 -30.0947 2.2472
 -30.1416 2.2327
 -30.2788 2.18345
 -30.3877 2.1589
 -30.403 2.1508
270 136 9
 -24.1971 9.94905
 -22.4988 9.76595
 -21.5382 9.6516
 -21.1819 9.4625
 -20.4556 9.10535
 -19.2327 8.43775
 -18.1793 7.955
 -18.0142 8.0832
 -18.074 8.188
270 26 9
 -24.1971 9.94905
 -25.7526 10.0957
 -26.6815 10.1383
 -27.5472 10.5205
 -28.6562 10.3062
 -28.9575 9.49765
 -28.9741 9.27465
 -29.0482 9.1533
 -29.0281 9.0848
271 30 5
 -19.2058 22.7546
 -17.7871 22.5682
 -17.6619 22.5528
 -17.6064 22.5791
 -17.5792 22.5849
271 23 6
 -19.2058 22.7546
 -20.8545 23.056
 -21.8526 22.9752
 -22.5365 22.7532
 -22.5672 22.7786
 -22.5851 22.7944
272 133 14
 -13.2183 23.8473
 -11.4582 23.0131
 -10.9841 22.3666
 -10.3125 21.7665
 -10.7662 21.1143
 -11.7148 20.5242
 -11.6994 19.7766
 -11.3626 19.1282
 -11.1988 18.8079
 -11.4418 19.0048
 -12.1196 19.4556
 -12.7316 19.2248
 -12.8235 18.691
 -12.7646 18.6282
272 30 6
 -13.2183 23.8473
 -15.1043 24.0452
 -15.9736 23.5244
 -17.0177 22.7941
 -17.5318 22.5237
 -17.5792 22.5849
273 82 12
 0.81895 38.9575
 -2.74695 37.7629
 -3.48455 37.2963
 -4.42495 36.7429
 -5.13065 35.9416
 -5.36905 36.0277
 -6.47425 35.9554
 -7.6246 35.4325
 -7.6963 35.0307
 -8.1177 35.4891
 -8.47675 35.6188
 -8.5541 35.7423
273 47 7
 0.81895 38.9575
 2.9745 38.1545
 2.1345 36.4124
 2.24725 36.3501
 3.50685 35.9622
 4.82405 35.5675
 4.8548 35.5428
274 158 5
 -10.6986 10.2892
 -9.9513 10.9174
 -9.8657 11.0347
 -9.82485 11.2142
 -9.834 11.3305
274 114 22
 -10.6986 10.2892
 -11.7074 9.4809
 -12.0312 9.22925
 -12.2506 8.58785
 -13.0366 7.80365
 -13.431 7.04615
 -12.9469 6.39915
 -12.751 5.2366
 -13.0513 4.1124
 -13.3959 4.0028
 -13.9676 3.89545
 -15.0145 3.73955
 -16.1685 3.71915
 -16.5421 4.03725
 -17.216 3.74655
 -18.1425 3.2836
 -18.8284 2.9619
 -19.4314 3.18845
 -19.8559 3.3182
 -20.0172 3.39515
 -20.1499 3.509
 -20.2048 3.4912
275 106 24
 -9.02995 4.0094
 -9.276 2.5318
 -9.41195 1.39275
 -9.42345 0.3363
 -9.747 -0.4942
 -9.79745 -0.60765
 -9.76595 -0.7199
 -9.67165 -1.08285
 -9.711 -1.80135
 -9.7716 -2.49
 -9.74555 -2.7859
 -9.7288 -2.8541
 -9.53445 -3.077
 -9.0592 -3.3643
 -8.7642 -3.45505
 -8.737 -3.8461
 -8.25235 -4.1574
 -7.68235 -4.0565
 -7.36345 -3.9941
 -6.73835 -4.07115
 -6.24675 -4.1804
 -5.6003 -4.44465
 -5.0007 -4.7419
 -4.9912 -4.7767
275 113 8
 -9.02995 4.0094
 -8.8041 5.2393
 -8.2292 6.1148
 -7.618 6.23635
 -7.11835 6.0979
 -6.9001 6.10915
 -6.72085 6.094
 -6.7085 6.0871
276 112 66
 -23.1459 -0.19825
 -23.6253 -0.7401
 -23.7682 -0.8457
 -23.932 -0.8229
 -24.461 -0.80585
 -24.9202 -0.8098
 -24.9745 -0.80745
 -25.3965 -0.43125
 -25.7345 0.09745
 -25.6658 0.32505
 -25.613 0.4103
 -25.6708 0.4719
 -25.7576 0.51065
 -25.8471 0.5296
 -25.9384 0.67525
 -26.0233 0.82265
 -26.2977 0.7533
 -26.5062 1.0652
 -26.5193 1.47575
 -26.5713 1.4979
 -26.8661 1.859
 -27.1847 2.37755
 -27.3914 2.50595
 -27.688 2.53465
 -27.8785 2.6193
 -28.1692 2.20305
 -28.6047 1.52865
 -28.8432 1.25395
 -29.2378 1.06595
 -29.5401 0.83055
 -29.7834 0.9433
 -30.0713 0.82765
 -30.0411 0.5606
 -30.0089 0.37235
 -30.1727 0.2961
 -30.371 0.3348
 -30.4593 0.3316
 -30.4511 0.22675
 -30.4306 0.12505
 -30.3933 0.05695
 -30.3782 0.02115
 -30.3706 -0.004
 -30.4344 -0.0311
 -30.503 -0.06495
 -30.5419 -0.0686
 -30.6054 -0.20095
 -30.7459 -0.3062
 -30.8858 -0.3389
 -30.9706 -0.4345
 -30.9558 -0.60005
 -30.9541 -0.84635
 -31.132 -1.0559
 -31.4291 -1.15675
 -31.6079 -1.27445
 -31.7621 -1.2854
 -31.9869 -1.18855
 -32.0219 -1.10475
 -32.0173 -0.98875
 -32.1084 -0.97495
 -32.2475 -0.97205
 -32.4031 -0.9151
 -32.5224 -0.82465
 -32.6515 -0.75215
 -32.761 -0.72155
 -32.7621 -0.6917
 -32.7429 -0.6824
276 32 6
 -23.1459 -0.19825
 -22.6642 0.0598
 -22.2206 0.02415
 -21.6891 0.3286
 -21.5317 0.5305
 -21.5249 0.5564
277 68 6
 -20.965 -6.33195
 -21.2574 -6.8113
 -21.5366 -6.90165
 -21.9745 -6.87345
 -22.2931 -6.7979
 -22.3304 -6.7933
277 1 4
 -20.965 -6.33195
 -20.9093 -5.452
 -21.138 -4.92275
 -21.2527 -4.8417
278 106 8
 -5.53775 -10.8185
 -5.0383 -8.07205
 -4.13205 -6.9988
 -3.2759 -6.47395
 -3.15685 -5.6029
 -4.23695 -4.87735
 -4.92005 -4.72105
 -4.9912 -4.7767
278 125 3
 -5.53775 -10.8185
 -5.96685 -12.9868
 -6.5338 -13.3145
279 67 5
 10.0092 -9.08665
 9.05515 -9.38325
 8.30505 -9.7157
 7.6467 -9.9709
 7.5565 -10.0537
279 62 4
 10.0092 -9.08665
 10.8656 -8.8651
 10.9807 -8.766
 11.0116 -8.7519
280 21 12
 13.6311 -9.06695
 14.7887 -9.7041
 15.2218 -9.7192
 15.0597 -9.1922
 14.7306 -8.28875
 14.5106 -7.37935
 14.4288 -6.781
 14.5962 -6.6034
 14.6228 -6.4348
 14.5907 -6.26745
 14.4946 -6.22435
 14.4237 -6.2173
280 62 7
 13.6311 -9.06695
 12.4331 -8.5059
 12.0796 -8.48765
 11.9625 -8.51535
 11.5443 -8.65545
 11.1059 -8.7577
 11.0116 -8.7519
281 102 5
 20.5661 -17.8794
 19.9424 -18.3131
 19.9894 -18.4184
 20.024 -18.5677
 20.0251 -18.6345
281 97 3
 20.5661 -17.8794
 21.215 -17.4401
 21.2267 -17.4116
282 159 59
 29.9534 -17.3723
 30.2793 -16.6684
 30.944 -16.5674
 31.4327 -16.5847
 31.8884 -16.5464
 32.8231 -16.7063
 33.7318 -17.4434
 34.3974 -18.0361
 34.8307 -18.61
 34.8874 -19.1814
 35.3146 -19.1898
 36.2506 -18.9587
 36.8009 -18.6466
 36.9425 -18.4432
 37.0756 -18.3377
 37.0872 -18.4337
 36.9892 -18.7976
 36.7713 -19.8181
 36.5832 -20.5751
 36.3145 -20.629
 36.062 -20.8695
 35.3512 -21.4146
 34.1751 -21.4768
 33.6553 -21.2715
 33.6623 -21.3967
 33.1116 -21.9503
 32.1815 -22.7173
 31.556 -23.1796
 30.9643 -23.3818
 30.5872 -23.3529
 30.4045 -23.2723
 30.3274 -23.3422
 30.3885 -23.6817
 30.2619 -24.0172
 30.1108 -24.2817
 30.0533 -24.6958
 29.1322 -25.0943
 28.3014 -25.1233
 27.8251 -25.2987
 27.3588 -25.5192
 27.2729 -25.7449
 27.1641 -25.7875
 26.9318 -25.8312
 26.3984 -25.7761
 25.9952 -25.5136
 25.8881 -25.4113
 25.7896 -25.5113
 25.7561 -25.6208
 25.8385 -25.8152
 26.1024 -26.1908
 26.2332 -26.5947
 26.1237 -26.8094
 25.9577 -26.8905
 25.6358 -26.7775
 25.3475 -26.6979
 25.0905 -26.9787
 24.7933 -27.1948
 24.6696 -27.1499
 24.6622 -27.106
282 108 5
 29.9534 -17.3723
 29.7802 -18.0125
 29.4089 -18.2248
 29.1779 -18.3497
 29.1598 -18.3622
283 41 42
 28.1894 -13.6269
 27.0144 -12.3085
 26.2824 -11.6996
 25.8885 -10.9668
 25.6409 -10.3427
 25.3157 -9.7897
 24.8833 -9.0524
 24.7621 -8.5923
 24.3437 -8.0408
 23.875 -7.6848
 23.5541 -7.1491
 23.0732 -6.17575
 23.2459 -5.50585
 24.292 -5.3399
 25.2126 -5.35435
 25.645 -5.26385
 26.1494 -4.6868
 26.5872 -3.81395
 26.6465 -3.3525
 26.618 -3.25715
 26.7129 -3.11025
 27.094 -2.97465
 27.561 -2.60815
 27.8333 -2.17415
 27.8371 -2.03875
 28.075 -1.8524
 28.6322 -1.5337
 29.0789 -0.991
 28.9872 -0.36765
 28.7509 -0.05095
 29.0527 -0.03415
 29.3947 -0.12725
 29.4964 -0.3345
 29.6652 -0.60555
 29.9648 -0.8021
 30.156 -0.7101
 30.1416 -0.39655
 30.0495 -0.17645
 30.0703 -0.17535
 30.199 -0.1743
 30.3089 -0.1154
 30.323 -0.1131
283 159 62
 28.1894 -13.6269
 29.0606 -14.2301
 29.3517 -15.6411
 29.9515 -16.8157
 30.2793 -16.6684
 30.944 -16.5674
 31.4327 -16.5847
 31.8884 -16.5464
 32.8231 -16.7063
 33.7318 -17.4434
 34.3974 -18.0361
 34.8307 -18.61
 34.8874 -19.1814
 35.3146 -19.1898
 36.2506 -18.9587
 36.8009 -18.6466
 36.9425 -18.4432
 37.0756 -18.3377
 37.0872 -18.4337
 36.9892 -18.7976
 36.7713 -19.8181
 36.5832 -20.5751
 36.3145 -20.629
 36.062 -20.8695
 35.3512 -21.4146
 34.1751 -21.4768
 33.6553 -21.2715
 33.6623 -21.3967
 33.1116 -21.9503
 32.1815 -22.7173
 31.556 -23.1796
 30.9643 -23.3818
 30.5872 -23.3529
 30.4045 -23.2723
 30.3274 -23.3422
 30.3885 -23.6817
 30.2619 -24.0172
 30.1108 -24.2817
 30.0533 -24.6958
 29.1322 -25.0943
 28.3014 -25.1233
 27.8251 -25.2987
 27.3588 -25.5192
 27.2729 -25.7449
 27.1641 -25.7875
 26.9318 -25.8312
 26.3984 -25.7761
 25.9952 -25.5136
 25.8881 -25.4113
 25.7896 -25.5113
 25.7561 -25.6208
 25.8385 -25.8152
 26.1024 -26.1908
 26.2332 -26.5947
 26.1237 -26.8094
 25.9577 -26.8905
 25.6358 -26.7775
 25.3475 -26.6979
 25.0905 -26.9787
 24.7933 -27.1948
 24.6696 -27.1499
 24.6622 -27.106
284 41 24
 25.8916 5.7576
 26.3102 4.8076
 26.327 4.06605
 25.8588 3.7978
 25.5121 3.1685
 25.3488 2.6141
 25.2145 2.25145
 25.4432 1.56295
 26.6605 1.22455
 27.7411 1.3227
 27.9815 1.36205
 28.0602 1.3744
 28.3391 1.2344
 28.8937 0.8741
 29.3775 0.56795
 29.6294 0.4093
 29.7295 0.4202
 29.8849 0.3718
 30.0613 0.1278
 30.0696 -0.07845
 30.0703 -0.17535
 30.199 -0.1743
 30.3089 -0.1154
 30.323 -0.1131
284 99 9
 25.8916 5.7576
 25.6487 6.2822
 25.2625 6.68695
 24.6247 6.5884
 24.115 5.93125
 23.9 5.8707
 22.9192 6.4892
 21.9414 6.8773
 21.8897 6.8937
285 41 29
 24.2076 -2.7015
 25.0517 -2.4915
 25.7896 -2.36895
 26.0447 -2.826
 26.2766 -2.99735
 26.502 -3.0467
 26.5883 -3.2275
 26.7129 -3.11025
 27.094 -2.97465
 27.561 -2.60815
 27.8333 -2.17415
 27.8371 -2.03875
 28.075 -1.8524
 28.6322 -1.5337
 29.0789 -0.991
 28.9872 -0.36765
 28.7509 -0.05095
 29.0527 -0.03415
 29.3947 -0.12725
 29.4964 -0.3345
 29.6652 -0.60555
 29.9648 -0.8021
 30.156 -0.7101
 30.1416 -0.39655
 30.0495 -0.17645
 30.0703 -0.17535
 30.199 -0.1743
 30.3089 -0.1154
 30.323 -0.1131
285 70 6
 24.2076 -2.7015
 23.396 -2.43055
 22.8218 -1.6441
 22.7267 -0.8493
 22.6889 -0.6465
 22.6892 -0.6373
286 149 7
 13.6642 20.1785
 14.2167 19.5606
 14.1499 19.3377
 14.0076 19.0469
 13.9172 18.7392
 13.905 18.3939
 13.8642 18.2403
286 126 9
 13.6642 20.1785
 12.8398 21.0816
 12.6483 21.6511
 12.5649 22.1045
 12.4191 22.6879
 12.2647 23.3824
 11.6431 23.3945
 11.0534 23.0175
 10.9564 22.9568
287 40 14
 8.79115 33.9416
 9.22455 32.9879
 9.331 31.5552
 9.4298 30.4409
 10.0014 30.0758
 10.552 29.6105
 10.6182 29.4075
 10.4646 29.3312
 10.3368 29.0943
 10.2831 28.793
 10.2653 28.6483
 10.3379 28.5937
 10.4362 28.5684
 10.4529 28.5363
287 93 5
 8.79115 33.9416
 8.7685 35.5352
 9.2356 36.9116
 9.70265 37.4764
 9.9479 37.6691
288 47 6
 7.23795 35.2753
 5.7857 35.9799
 5.36415 35.6938
 5.01295 35.4789
 4.88555 35.5265
 4.8548 35.5428
288 93 5
 7.23795 35.2753
 8.7685 35.5352
 9.2356 36.9116
 9.70265 37.4764
 9.9479 37.6691
289 84 12
 18.1988 15.1804
 19.0433 15.3278
 19.8279 15.5169
 20.0744 15.3618
 20.2235 14.8546
 20.2472 14.4415
 20.4347 14.5442
 20.6752 14.7115
 20.871 14.7935
 21.2019 14.9981
 21.4971 15.4105
 21.5773 15.6692
289 149 10
 18.1988 15.1804
 16.7626 15.1028
 15.438 15.0175
 15.0944 15.0557
 14.7632 15.3263
 14.2875 16.0609
 13.7838 17.0468
 13.8039 17.8417
 13.8729 18.166
 13.8642 18.2403
290 131 9
 36.8489 9.33865
 37.6068 8.70685
 37.7607 9.3652
 38.2713 10.0417
 38.5436 10.3791
 38.7014 9.9707
 38.9146 9.40755
 39.0301 9.2751
 39.0498 9.2657
290 150 3
 36.8489 9.33865
 36.2034 9.69795
 36.191 9.7129
291 28 25
 31 6.82025
 29.6561 6.81935
 28.9489 6.68545
 28.8505 6.63155
 28.7181 7.0148
 28.7746 7.375
 29.001 7.47935
 28.9827 8.4516
 28.8641 9.59695
 28.6771 10.0225
 28.5294 10.4207
 28.3899 10.7638
 28.3274 10.9474
 28.3394 11.0253
 28.2723 11.0702
 28.3731 11.0217
 28.5297 11.0508
 28.6822 11.1573
 28.6157 11.3328
 28.6332 11.5153
 28.7627 11.6344
 28.6754 11.7377
 28.5459 11.8514
 28.5311 11.9809
 28.55 12.0268
291 150 15
 31 6.82025
 31.8311 6.525
 32.167 6.61885
 32.5848 7.1569
 32.7646 7.3401
 32.7411 7.63985
 33.1645 7.7236
 33.8027 7.60725
 34.1394 7.61085
 33.9197 7.70585
 34.2955 8.37825
 34.8461 9.1863
 35.5412 9.52485
 36.1455 9.70805
 36.191 9.7129
292 138 9
 37.2505 29.3124
 37.1732 29.7523
 37.2777 30.075
 37.3167 30.3101
 37.2639 30.3597
 37.1289 30.4837
 37.1567 30.9263
 37.3127 31.3301
 37.3324 31.395
292 33 6
 37.2505 29.3124
 37.4862 28.3503
 37.536 27.6104
 37.5845 26.8667
 37.7146 26.161
 37.7271 26.0983
293 147 7
 43.6382 8.83865
 44.0435 8.48895
 44.5755 8.21885
 44.9695 7.6672
 45.1338 7.172
 45.216 7.13335
 45.2383 7.1324
293 118 4
 43.6382 8.83865
 43.1647 9.31145
 42.8018 9.78095
 42.7495 9.9514
294 16 10
 39.0702 6.98815
 38.3378 6.76795
 38.0354 6.6856
 37.9778 6.64155
 37.937 6.5429
 38.0027 6.35505
 38.0882 6.2172
 38.0323 6.1506
 37.9743 6.09585
 37.9753 6.0928
294 131 5
 39.0702 6.98815
 39.2394 7.7958
 39.0154 8.79935
 39.0677 9.20455
 39.0498 9.2657
295 35 7
 51.2259 -6.51465
 52.2627 -6.193
 52.6502 -6.1309
 53.057 -6.0306
 53.3657 -5.8687
 53.6236 -5.7992
 53.7879 -5.8495
295 24 6
 51.2259 -6.51465
 50.3486 -6.81845
 50.0498 -6.84315
 49.7183 -6.77435
 49.6336 -6.6649
 49.6175 -6.6629
296 41 35
 36.5651 -1.2294
 35.997 -0.62715
 35.4278 -0.3789
 34.463 -0.2156
 33.57 0.15385
 33.1071 0.18875
 33.0084 -0.40845
 32.5933 -0.8185
 32.3664 -1.2977
 32.2436 -0.9224
 32.2315 -0.40345
 32.1164 0.1534
 31.909 0.22645
 31.7307 0.16385
 31.536 0.11645
 31.3922 0.11825
 31.2634 0.19255
 31.1602 0.2894
 31.0492 0.30085
 30.9815 0.22095
 30.9716 0.15745
 30.9424 0.17245
 30.8993 0.2103
 30.8597 0.23985
 30.8046 0.23245
 30.7425 0.24285
 30.6656 0.2913
 30.5723 0.28945
 30.5236 0.2487
 30.5408 0.1274
 30.5472 0.01995
 30.4848 0.0044
 30.3815 0.0004
 30.3209 -0.06045
 30.323 -0.1131
296 119 11
 36.5651 -1.2294
 37.4904 -2.2118
 38.1194 -2.6292
 38.8238 -2.42145
 39.4935 -2.26625
 39.7904 -2.3088
 39.8861 -2.336
 40.1643 -2.66815
 41.4333 -3.3738
 42.4627 -3.81795
 42.4885 -3.8701
297 2 8
 37.5428 -13.0135
 37.8379 -13.345
 38.229 -13.4302
 38.7921 -13.197
 39.062 -13.0102
 39.1975 -13.0649
 39.263 -13.0878
 39.2928 -13.0734
297 157 6
 37.5428 -13.0135
 37.1502 -13.2515
 36.8759 -13.751
 36.5649 -13.9114
 36.4112 -14.0448
 36.39 -14.0619
298 157 14
 34.0487 -16.0802
 34.5872 -15.2411
 34.8556 -15.097
 34.8788 -15.1009
 34.9799 -15.0793
 35.1908 -15.0758
 35.322 -14.9719
 35.5624 -14.7197
 35.994 -14.4974
 36.3541 -14.2831
 36.5325 -14.1271
 36.4866 -14.0582
 36.4112 -14.0448
 36.39 -14.0619
298 159 54
 34.0487 -16.0802
 33.9019 -17.4017
 34.3974 -18.0361
 34.8307 -18.61
 34.8874 -19.1814
 35.3146 -19.1898
 36.2506 -18.9587
 36.8009 -18.6466
 36.9425 -18.4432
 37.0756 -18.3377
 37.0872 -18.4337
 36.9892 -18.7976
 36.7713 -19.8181
 36.5832 -20.5751
 36.3145 -20.629
 36.062 -20.8695
 35.3512 -21.4146
 34.1751 -21.4768
 33.6553 -21.2715
 33.6623 -21.3967
 33.1116 -21.9503
 32.1815 -22.7173
 31.556 -23.1796
 30.9643 -23.3818
 30.5872 -23.3529
 30.4045 -23.2723
 30.3274 -23.3422
 30.3885 -23.6817
 30.2619 -24.0172
 30.1108 -24.2817
 30.0533 -24.6958
 29.1322 -25.0943
 28.3014 -25.1233
 27.8251 -25.2987
 27.3588 -25.5192
 27.2729 -25.7449
 27.1641 -25.7875
 26.9318 -25.8312
 26.3984 -25.7761
 25.9952 -25.5136
 25.8881 -25.4113
 25.7896 -25.5113
 25.7561 -25.6208
 25.8385 -25.8152
 26.1024 -26.1908
 26.2332 -26.5947
 26.1237 -26.8094
 25.9577 -26.8905
 25.6358 -26.7775
 25.3475 -26.6979
 25.0905 -26.9787
 24.7933 -27.1948
 24.6696 -27.1499
 24.6622 -27.106
299 2 18
 42.6778 -15.5949
 42.7797 -14.8088
 42.5508 -14.6856
 42.1387 -14.9178
 41.8055 -15.1151
 41.7197 -15.0933
 41.5342 -14.8302
 40.9715 -14.5474
 40.5325 -14.3948
 40.3884 -14.406
 40.2077 -14.2417
 39.9204 -14.0218
 39.6769 -13.8081
 39.5062 -13.5783
 39.3824 -13.4688
 39.2889 -13.2888
 39.263 -13.0878
 39.2928 -13.0734
299 88 5
 42.6778 -15.5949
 42.5741 -16.2453
 42.5245 -16.4944
 42.4328 -16.5626
 42.4227 -16.5711
300 69 9
 37.4193 -40.617
 38.234 -40.9086
 39.0266 -41.2789
 39.3254 -41.0863
 39.4772 -41.0236
 39.6659 -40.7571
 40.276 -40.2663
 40.7523 -39.9549
 40.7453 -39.8625
300 18 7
 37.4193 -40.617
 36.755 -41.1289
 36.0051 -41.4064
 35.9109 -42.0434
 36.1009 -42.8536
 36.0548 -43.0209
 36.0413 -43.0461
301 18 6
 34.9302 -43.1312
 35.6754 -43.2375
 35.9184 -43.1341
 35.953 -43.0812
 35.9982 -43.063
 36.0413 -43.0461
301 44 12
 34.9302 -43.1312
 33.2733 -42.7293
 32.1174 -42.5716
 31.8511 -42.547
 31.5269 -42.3267
 31.3979 -42.3356
 31.2134 -42.7807
 30.9941 -43.1532
 30.7493 -43.4005
 30.5223 -43.7705
 30.4754 -43.9828
 30.483 -44.0264
302 44 10
 33.3291 -44.8237
 32.214 -44.0411
 32.0561 -43.9841
 31.5247 -43.5931
 30.9828 -43.1884
 30.9941 -43.1532
 30.7493 -43.4005
 30.5223 -43.7705
 30.4754 -43.9828
 30.483 -44.0264
302 46 7
 33.3291 -44.8237
 34.7253 -45.4165
 35.1455 -45.5311
 34.6432 -46.3274
 34.0378 -47.0281
 33.9498 -47.1685
 33.9334 -47.1814
303 159 10
 26.3234 -28.1226
 26.1052 -27.5958
 26.0561 -27.0698
 25.9577 -26.8905
 25.6358 -26.7775
 25.3475 -26.6979
 25.0905 -26.9787
 24.7933 -27.1948
 24.6696 -27.1499
 24.6622 -27.106
303 75 10
 26.3234 -28.1226
 26.6718 -28.5098
 26.8373 -28.8257
 26.6983 -29.1221
 26.5822 -29.3031
 26.7354 -29.4284
 26.9726 -30.0161
 26.9942 -30.6726
 26.9466 -30.8693
 26.9597 -30.8952
304 159 10
 23.2262 -28.6472
 24.0088 -27.7933
 24.1577 -27.6461
 24.3129 -27.49
 24.3956 -27.4646
 24.4121 -27.3519
 24.4225 -27.1685
 24.556 -27.1045
 24.6491 -27.1106
 24.6622 -27.106
304 137 10
 23.2262 -28.6472
 22.3706 -29.5109
 22.135 -29.4458
 21.2612 -29.6839
 20.6015 -30.1192
 20.5201 -30.7072
 20.2437 -31.4663
 19.9468 -31.8537
 19.7127 -31.9538
 19.649 -31.9472
305 19 14
 17.6833 -26.4277
 16.7224 -26.988
 16.2686 -27.577
 15.5464 -28.0639
 15.1645 -28.0625
 15.0508 -28.024
 14.8521 -27.9119
 14.4908 -27.9053
 14.1744 -27.9655
 14.022 -27.951
 13.7877 -27.9366
 13.6266 -27.9592
 13.5899 -28.0676
 13.5806 -28.1457
305 109 5
 17.6833 -26.4277
 18.6875 -25.5009
 18.9946 -25.0468
 19.2072 -25.0168
 19.2577 -24.9725
306 19 10
 10.5168 -28.085
 10.8142 -27.3395
 11.0257 -27.0672
 11.1538 -26.9764
 11.309 -26.6862
 11.3997 -26.3577
 11.7221 -26.8213
 12.697 -27.7194
 13.466 -28.2005
 13.5806 -28.1457
306 98 13
 10.5168 -28.085
 10.441 -28.7526
 10.7632 -29.0831
 10.8277 -29.3285
 10.5008 -29.3652
 10.0243 -29.4403
 9.31635 -29.2976
 8.68805 -28.8299
 8.18135 -28.6165
 7.8204 -28.5271
 7.3171 -28.3105
 6.87 -28.1752
 6.8195 -28.1755
307 98 18
 8.5523 -32.0438
 8.9897 -31.4558
 9.36195 -31.1647
 9.8963 -31.0639
 10.4121 -31.0231
 10.5334 -30.7803
 10.4416 -30.0721
 10.4962 -29.5536
 10.8277 -29.3285
 10.5008 -29.3652
 10.0243 -29.4403
 9.31635 -29.2976
 8.68805 -28.8299
 8.18135 -28.6165
 7.8204 -28.5271
 7.3171 -28.3105
 6.87 -28.1752
 6.8195 -28.1755
307 38 11
 8.5523 -32.0438
 8.0812 -32.6096
 7.4687 -32.8086
 6.9336 -33.0423
 7.02195 -33.5717
 7.57805 -34.0931
 7.677 -34.6574
 6.57755 -34.8153
 5.6173 -34.7982
 5.55555 -34.8765
 5.532 -34.8913
308 154 9
 18.1947 -36.1507
 17.795 -35.2654
 17.5095 -34.5781
 17.3132 -34.5687
 17.1525 -34.6219
 17.1535 -34.5041
 17.2985 -34.2411
 17.3836 -34.0764
 17.3835 -34.0753
308 65 4
 18.1947 -36.1507
 19.1572 -36.707
 19.8891 -37.1694
 19.8669 -37.3544
309 154 7
 18.4781 -32.5835
 18.3218 -33.6295
 18.0938 -33.8826
 18.0174 -33.9978
 17.7124 -34.0432
 17.4221 -34.0493
 17.3835 -34.0753
309 137 4
 18.4781 -32.5835
 19.0201 -31.8433
 19.6298 -31.9467
 19.649 -31.9472
310 144 10
 28.022 -38.0034
 29.2454 -37.2913
 29.5363 -37.2171
 29.5318 -37.0074
 29.5131 -36.5392
 30.2054 -36.1921
 31.0475 -36.1904
 31.2868 -36.1827
 31.3869 -36.1553
 31.397 -36.1706
310 121 4
 28.022 -38.0034
 26.7062 -38.4391
 26.298 -38.257
 26.2595 -38.3291
311 45 23
 21.1807 -41.6814
 22.1467 -42.7767
 22.777 -43.4123
 23.3285 -44.12
 24.2148 -45.2997
 24.4901 -46.327
 24.3857 -46.8717
 24.3938 -46.9116
 24.2644 -47.2845
 24.3549 -48.6128
 24.7133 -49.7025
 24.9487 -50.0571
 25.0633 -50.3097
 25.2285 -50.5854
 25.3032 -51.0268
 25.5179 -51.4763
 26.1896 -52.2444
 26.6246 -52.8691
 26.6689 -52.9928
 26.6219 -53.0448
 26.5154 -53.0802
 26.4254 -53.0491
 26.402 -53.0253
311 65 8
 21.1807 -41.6814
 20.4874 -40.7013
 19.5816 -39.527
 18.984 -38.8151
 19.0929 -38.4952
 19.4766 -37.8097
 19.8105 -37.3924
 19.8669 -37.3544
312 17 12
 20.085 -82.9605
 19.3965 -83.9934
 18.9853 -84.5919
 18.9044 -84.9185
 18.4681 -85.1433
 17.7966 -85.4379
 17.2986 -85.6359
 17.0473 -85.7827
 16.7174 -86.093
 16.3168 -86.3873
 16.2194 -86.4298
 16.1945 -86.4494
312 89 5
 20.085 -82.9605
 20.4701 -82.1067
 20.5665 -81.8987
 20.6559 -81.7818
 20.689 -81.7597
313 51 16
 25.6138 -77.1075
 24.9865 -77.8418
 24.2682 -78.2576
 23.9757 -78.2232
 23.9006 -78.4072
 23.8771 -78.6398
 23.8855 -78.7508
 23.862 -78.8423
 23.6639 -79.0047
 23.4017 -79.1548
 23.2686 -79.2424
 23.2151 -79.3036
 23.2271 -79.4725
 23.2696 -79.6257
 23.2925 -79.6777
 23.2944 -79.6944
313 91 18
 25.6138 -77.1075
 25.9914 -76.9922
 26.5494 -76.9343
 26.6412 -76.3342
 26.5576 -75.8111
 26.7632 -75.6991
 26.8748 -75.5699
 26.9185 -75.3664
 26.8207 -75.2733
 26.8198 -74.9024
 26.9268 -74.5127
 27.0185 -74.504
 27.8203 -74.6922
 28.6684 -74.9025
 28.8262 -74.9474
 28.9022 -75.0889
 28.9416 -75.2184
 28.9594 -75.2228
314 91 7
 30.8022 -75.2245
 29.4106 -74.9559
 29.0758 -74.8611
 28.9471 -74.935
 28.9022 -75.0889
 28.9416 -75.2184
 28.9594 -75.2228
314 76 13
 30.8022 -75.2245
 31.9681 -74.9987
 31.8698 -74.4389
 31.5835 -74.1412
 31.5972 -73.7764
 31.7745 -73.4805
 31.7896 -73.1416
 31.7955 -72.819
 31.9536 -72.7062
 32.2739 -72.6435
 32.4747 -72.6469
 32.5285 -72.578
 32.5572 -72.5485
315 89 12
 29.0835 -85.3562
 27.9589 -85.7862
 27.6841 -85.1446
 27.4431 -84.5976
 27.286 -84.399
 26.3404 -83.9482
 24.6812 -83.8174
 23.0952 -83.2544
 21.7904 -82.0501
 21.0037 -81.6547
 20.7441 -81.7578
 20.689 -81.7597
315 10 3
 29.0835 -85.3562
 30.9727 -84.4436
 31.7785 -84.0785
316 120 7
 28.9562 -64.916
 29.6411 -63.471
 30.021 -63.0793
 30.3081 -62.9492
 29.9572 -62.778
 29.6157 -62.6308
 29.6149 -62.5974
316 111 10
 28.9562 -64.916
 28.3832 -66.2141
 27.9739 -66.6787
 27.2327 -67.295
 27.0523 -67.9155
 27.0854 -68.6956
 27.0002 -69.1981
 27.3057 -69.6229
 27.6262 -70.0974
 27.6456 -70.1665
317 74 6
 28.3597 -61.4501
 27.2439 -60.9633
 26.5235 -60.9738
 26.4014 -60.9501
 26.3398 -60.9128
 26.3203 -60.8973
317 120 5
 28.3597 -61.4501
 28.8994 -61.9982
 29.2763 -62.3377
 29.6021 -62.6128
 29.6149 -62.5974
318 120 21
 32.2379 -56.9693
 31.6183 -57.0872
 31.5463 -57.2464
 31.5718 -57.8612
 31.5345 -58.7624
 31.2466 -59.0941
 31.388 -59.6097
 31.3583 -60.0874
 31.1764 -60.1886
 31.1028 -60.6032
 31.2999 -61.0127
 31.3135 -61.039
 31.1386 -61.1885
 30.9892 -61.7164
 30.8682 -62.2765
 30.5839 -62.5898
 30.3647 -62.8121
 30.3081 -62.9492
 29.9572 -62.778
 29.6157 -62.6308
 29.6149 -62.5974
318 55 4
 32.2379 -56.9693
 32.687 -56.3434
 32.5919 -55.828
 32.5891 -55.816
319 55 6
 33.1979 -54.7429
 32.724 -55.1245
 32.6181 -55.1339
 32.5557 -55.4186
 32.5461 -55.7613
 32.5891 -55.816
319 142 4
 33.1979 -54.7429
 33.6593 -54.2052
 33.7201 -54.0042
 33.6972 -53.972
320 61 16
 36.1222 -59.3882
 35.7229 -60.1049
 35.2564 -60.3336
 34.858 -60.6911
 34.6234 -61.2693
 34.4564 -61.7224
 34.5145 -62.2755
 34.7643 -62.6909
 34.8706 -62.9401
 34.9938 -63.1026
 35.1257 -63.182
 35.0828 -63.298
 34.9687 -63.3867
 34.9227 -63.4622
 34.9512 -63.5284
 34.9692 -63.5444
320 101 3
 36.1222 -59.3882
 36.3004 -58.8526
 36.3063 -58.7861
321 110 5
 50.4341 -54.3537
 49.5247 -55.2584
 48.82 -55.6463
 48.7411 -55.6772
 48.7323 -55.6799
321 81 7
 50.4341 -54.3537
 50.8379 -53.3893
 50.9895 -52.8708
 51.0271 -52.5889
 51.0987 -52.3259
 51.1411 -52.2216
 51.1267 -52.1974
322 104 7
 44.0998 -82.3743
 42.821 -82.0831
 42.3379 -83.0784
 41.2392 -84.1358
 40.634 -84.2413
 40.3587 -84.2072
 40.2163 -84.213
322 64 4
 44.0998 -82.3743
 45.0899 -81.3853
 44.9872 -80.1506
 45.0297 -80.1132
327 152 25
 -55.7269 -39.825
 -54.4632 -39.8488
 -53.2413 -40.3027
 -52.9365 -41.4627
 -52.4481 -42.1768
 -51.9632 -42.4962
 -51.1701 -43.3514
 -50.7884 -43.9114
 -50.8727 -43.9672
 -50.619 -44.6702
 -49.856 -45.1271
 -49.1174 -45.009
 -48.697 -45.608
 -48.506 -46.1296
 -47.9587 -46.4049
 -47.4139 -47.08
 -46.7173 -47.7332
 -45.6608 -48.08
 -45.2358 -48.3002
 -45.1462 -48.3666
 -44.9341 -48.3563
 -44.8106 -48.5058
 -44.8248 -48.6686
 -44.784 -48.6958
 -44.7796 -48.6941
328 60 11
 14.8005 -93.1544
 14.5096 -92.755
 14.1913 -92.3166
 14.0674 -91.9552
 13.8316 -91.4332
 13.6693 -91.2061
 13.6151 -91.1708
 13.5744 -91.1671
 13.5112 -91.1776
 13.3823 -91.1792
 13.3069 -91.1745
329 138 24
 27.1433 39.6746
 27.0243 39.2258
 26.9525 38.6732
 27.1087 38.153
 28.299 36.5084
 29.4943 34.5404
 30.5114 33.6392
 31.9057 32.1325
 32.393 30.7679
 32.5173 30.5842
 33.2365 29.82
 33.8268 29.2042
 33.8685 29.1435
 34.3985 28.9909
 34.9461 28.8962
 36.0701 29.2723
 37.1732 29.7523
 37.2777 30.075
 37.3167 30.3101
 37.2639 30.3597
 37.1289 30.4837
 37.1567 30.9263
 37.3127 31.3301
 37.3324 31.395
