   1.1838048707020659     
   2.0385852603181354     
   2.4582883552305539     
   2.7011884911694453     
  0.99402637284472273     
   2.0733972595998975     
   3.8156869555166368     
   6.6848615586763742     
   4.6233966500661294     
   1.8537284488698940     
   1.5402817034562963     
  0.99439417479645220     
   5.9953360014083517     
   1.3902223115707981     
   4.3743070780303590     
   1.2114641893278248     
   3.5040718511482778     
   11.624455030674993     
   4.4309447924274101     
   9.4639346099322861     
   3.2118349406621252     
   5.2284238698055043     
   1.9722059858208940     
  0.89427379901702253     
   22.585913727802904     
   25.355408738247711     
   2.2565968301277644     
   2.4704691742220350     
   2.1638811727843899     
   2.8887485687809953     
   2.5217682882883521     
   1.8652361649606686     
   4.9842132818314546     
   1.0358140057744256     
   4.4919228797563928     
  0.99025342587069765     
   3.3428937368887772     
   1.3180311097378157     
   10.607033005166715     
   1.6250083578092973     
   6.9911450660616188     
   4.6363870676611185     
   2.4760538529476337     
   4.0379574918863739     
   4.1994202240169010     
   1.8479512050446874     
   4.0700267426001062     
   1.7349961022679636     
   1.1716881001367667     
   1.3331377126065174     
   4.5042498016240247     
   3.1059465711898389     
   3.8886701916628508     
   3.1326322844767955     
   2.5480267914986214     
   1.5491874175000815     
   6.0949352122781839     
   1.6980686612169109     
  0.82362616862367333     
  0.94218847060934774     
   4.6445216699086354     
   8.9195188205530442     
  0.99240266097985863     
  0.78415619697968808     
   6.6026585921792318     
  0.95958781607700949     
   4.3045735697396061     
   2.1726774470001580     
   1.4122675238705520     
   1.9097766658207491     
   3.8895974572699381     
   1.4600460304095890     
   1.4960414174659129     
   1.6848461816566283     
   3.7347347619276579     
   3.5492739021203676     
   3.7165648796335473     
   1.4586191684974430     
   8.8449504959912009     
   2.1834419323096301     
   2.5870271742772419     
  0.96498961045391352     
   10.128681037250075     
  0.95492662920939964     
   15.308336184249693     
   1.2701087020062201     
   1.9020512391223838     
   1.1227661847158381     
   6.6207788500074587     
   1.6656903735156634     
   9.2672769133518873     
   1.7167002116215542     
   1.6983912058431641     
   1.7345200923947832     
   2.7775471418340394     
   1.8637197606887663     
   1.4565699295686481     
   3.7554825120432440     
   3.6493041039886216     
   1.6949468793546527     
   2.5609943737806828     
   7.0065496540796435     
   1.1126589876195514     
  0.83968114107894865     
   3.7189259959515266     
   2.6853574893237337     
   7.0549060035249527     
   4.9348858771064155     
   2.8219190261607325     
   2.6282468618711121     
   12.308320524426010     
   2.6265003622221430     
   2.2449911417728754     
   1.5145497354699198     
   1.1863923701205963     
   1.0695063734875574     
   7.3376257733279857     
   4.7206810414546405     
   1.7328060142606359     
   1.7014753646861336     
   3.0018454821923073     
   1.1974793560551482     
   4.4778949984670948     
   4.3281805459695191     
   7.9508714258685442     
   2.8746202663274665     
   3.7083456996757924     
   4.4313959394699403     
   3.3812428492347060     
   1.6332931897701566     
   3.9927709791611390     
   3.0934744923767110     
   7.6036858405314973     
   2.1120092419669052     
   4.6645940391456246     
  0.84156512510804127     
   5.3454219804164804     
  0.73053141238566355     
   1.9750666038378930     
   2.0147692583418215     
   1.3430416225440245     
  0.83893729812973705     
   3.1699316270471125     
   2.2199211027825756     
   5.1990077618393107     
   1.0806964214254458     
   2.5756379123547726     
   6.1861799322660618     
   1.6109975825443565     
   5.5712097294480944     
   3.1305559281110078     
   1.8225041221645080     
   2.8600431528943551     
   3.9211762112685804     
   2.1006386607789107     
  0.48799932515663230     
   5.2167469401377851     
   2.7179263822624913     
   1.1748875467159512     
   1.1723242045485540     
   1.5648186148866809     
  0.77823231968448914     
   5.3838536884215484     
   8.6272461143034693     
   6.7708879676091236     
   2.2535220901647603     
   6.6393553911013949     
   14.787180232241766     
   1.3451290940401888     
   1.0178502662163311     
   4.7929086727555372     
   1.3143277628426890     
   1.6632328500574807     
  0.68240552879537564     
   4.5311101880890154     
   2.8149460468272842     
   2.8146541487823065     
  0.89974779730108412     
   2.8829443243438524     
   1.1513411506721118     
   11.105571883382460     
  0.95469122131324657     
   2.6886466874405315     
   2.8855591576594115     
   6.2855347343916792     
  0.98978934067729529     
   1.7901884284350578     
   2.8978988836026929     
   2.7067793453858213     
   1.5150577326140084     
   4.3771436979363694     
   1.9851618052041098     
   3.7465222481775551     
  0.85373878226658018     
  0.61645071309309452     
  0.73228852573728154     
   15.314073137032025     
   2.5434687912021037     
   15.819274549931645     
   11.617849494460685     
   5.9444693949122431     
   1.6168767153420907     
   3.9108757468107020     
   1.1722615470887767     
   4.0800566373560168     
   3.6428935977209385     
   2.4848190620689401     
   1.5572423007915970     
   3.0228206917861220     
   1.2211608428468341     
   1.2265252889579308     
  0.79157063452591081     
   3.1422642059359713     
   1.1449047174307123     
   1.4441615961156060     
   1.1944667733912597     
   5.2115473340244698     
   1.3720946687565732     
   3.0279167728627128     
  0.99936978398662257     
   3.8344638269491766     
   3.5851509234165944     
   1.5201205855364996     
   2.4428039575525227     
   5.8352792883352347     
   3.3253327927636347     
   7.2830256800913631     
   3.8435858515856953     
   1.2770135439745078     
   7.8882839792143775     
   6.7417072616131843     
   2.1204673940667447     
   7.8307075434593987     
   1.2125422785823332     
   1.0754650436310977     
   1.1626039249760385     
   5.2775404388315819     
   2.8651942170784088     
   1.8276143810756085     
  0.95252329564017391     
   3.3653201198616989     
   1.9878445531005651     
  0.97973512386736039     
  0.81442517790477553     
   14.437631780296829     
  0.94781621039144714     
   11.565400664626459     
   16.302499471250211     
   5.5314021919224752     
   2.5530813979697555     
   5.1612715890976144     
   1.6745124178330952     
   1.6570804593372681     
   3.2095940980412556     
   3.5278713477377219     
   2.6385545099720056     
   2.0954917686504135     
   2.5972533166739602     
   2.7859865902111949     
   3.6039540808347268     
   2.4696571666858316     
  0.75818351872979839     
   4.5035759830585160     
   4.4069737889428353     
   1.3689688192072988     
   1.8636983235144928     
   1.3263685946989183     
   1.0257218834168251     
   1.1296770122359201     
   1.2974604314638714     
   1.9434574523933001     
   1.2994241337803802     
   4.9605782506574911     
   3.9964614051660177     
   1.2656164730191044     
  0.86350769085133161     
   2.1362116203309660     
   12.953905338575328     
   3.0456098741612667     
  0.78609678338603228     
   2.2090765925070066     
   1.6847024526007131     
  0.90854383845062259     
   3.0565455675605566     
   2.5816340714121830     
   2.6448864634996241     
   1.5303136076027026     
   1.7610642957779965     
   1.6681191902030015     
   3.3311771073220564     
   2.9377970395725215     
   1.6484027714364138     
   2.8800199571010916     
   3.0807523281308189     
   4.3192781962123528     
   3.3207248592678211     
   1.4721676789211806     
   1.4843540507619812     
   1.5327488510843186     
  0.95583333669233028     
   2.6758327356758893     
   1.5495312606101939     
   6.9983735907202895     
   3.0515963127973240     
   3.1625851507368052     
   1.1235965891055855     
   2.1645473273854607     
   2.9782455403064167     
   1.7193895884267001     
   2.7231526068474485     
   5.5230049664767513     
   2.9827276189321115     
   2.3195830851296511     
   3.8304826680514474     
   1.3915661342099162     
   1.2156488636609881     
   4.1398805575001267     
  0.79499629589590781     
   1.0390544691209882     
  0.78755283480173066     
   2.7875074517928407     
  0.63122786720536050     
   1.3767066055824031     
   1.4706702638509024     
   3.2563306039996887     
   1.5126608622812816     
   8.1111421870716534     
   1.4006150563062718     
   9.1652471823825330     
