335
162 98 5
 39.4171 17.0383
 39.8679 17.0126
 39.9508 16.851
 40.0255 16.7116
 40.0391 16.7083
162 59 6
 39.4171 17.0383
 38.6402 17.5865
 38.1493 17.9846
 37.8658 17.7314
 37.6834 17.513
 37.6417 17.3977
163 79 29
 -20.3519 -61.7375
 -21.4357 -62.0201
 -22.2024 -62.502
 -22.7317 -62.6822
 -22.941 -62.7144
 -23.1536 -62.5695
 -23.6402 -62.1599
 -24.0463 -61.8205
 -24.1008 -61.784
 -24.2136 -61.8731
 -24.4939 -61.9265
 -24.6982 -61.8995
 -24.8515 -61.9348
 -25.0561 -62.093
 -25.1367 -62.2752
 -25.1087 -62.3169
 -25.1139 -62.4711
 -25.3892 -62.714
 -25.648 -62.7844
 -25.7243 -62.7121
 -25.7462 -62.6059
 -25.7857 -62.5373
 -25.8587 -62.5145
 -25.9043 -62.4918
 -25.9701 -62.4481
 -26.042 -62.4535
 -26.0884 -62.4876
 -26.1231 -62.5042
 -26.1339 -62.5118
163 122 22
 -20.3519 -61.7375
 -19.6123 -61.8708
 -19.4884 -62.1712
 -19.2342 -62.6501
 -18.9381 -62.7549
 -18.7561 -62.6604
 -18.4382 -62.4272
 -17.6623 -62.4394
 -17.0047 -62.6648
 -16.7013 -62.8914
 -16.2773 -63.1727
 -15.7936 -63.1154
 -15.3818 -63.2219
 -14.912 -63.2494
 -14.5072 -63.0214
 -14.2676 -63.2045
 -14.0654 -63.4835
 -13.9774 -63.5691
 -13.857 -63.6145
 -13.7374 -63.5687
 -13.6427 -63.5811
 -13.5636 -63.6332
164 72 17
 -56.6751 -23.2449
 -56.4661 -24.3006
 -56.6364 -24.4692
 -57.2233 -25.0749
 -57.4043 -25.7738
 -57.4124 -26.2416
 -57.446 -26.6616
 -57.2361 -26.7806
 -56.9589 -27.1088
 -56.9406 -27.5444
 -57.3338 -27.9135
 -57.9637 -28.4902
 -58.1875 -29.2081
 -57.943 -29.6016
 -57.7846 -30.0351
 -57.6832 -30.2964
 -57.5746 -30.2376
164 137 9
 -56.6751 -23.2449
 -56.1444 -22.0616
 -55.8853 -21.499
 -56.1357 -21.2591
 -55.9967 -20.757
 -55.625 -19.8466
 -55.3558 -19.3762
 -55.3147 -19.3091
 -55.3074 -19.2889
165 95 15
 -8.00555 -68.454
 -8.60165 -68.6581
 -8.79005 -68.8163
 -8.79595 -68.8676
 -8.7731 -68.9184
 -8.68465 -69.1469
 -8.55195 -69.5979
 -8.6492 -70.2728
 -9.1803 -70.7589
 -9.64475 -70.8707
 -9.81095 -71.3308
 -9.91545 -71.7601
 -9.9687 -71.8442
 -10.0546 -71.8805
 -10.1122 -71.8556
165 3 8
 -8.00555 -68.454
 -7.3942 -68.4546
 -7.17355 -68.5384
 -6.9817 -68.2415
 -6.8828 -67.8142
 -6.94375 -67.5094
 -6.9386 -67.3019
 -6.9316 -67.2815
166 122 24
 -12.9353 -53.0064
 -12.2864 -54.0954
 -12.0014 -55.2085
 -11.5884 -55.6427
 -11.268 -56.0459
 -11.8523 -57.7046
 -12.56 -59.3598
 -13.1784 -59.8562
 -13.5768 -60.2735
 -13.5311 -60.3392
 -13.286 -60.7771
 -13.1397 -61.2587
 -13.233 -61.39
 -13.3069 -61.6488
 -13.3335 -61.9169
 -13.385 -62.1767
 -13.7669 -62.6071
 -14.0237 -63.1206
 -13.9834 -63.4594
 -13.9774 -63.5691
 -13.857 -63.6145
 -13.7374 -63.5687
 -13.6427 -63.5811
 -13.5636 -63.6332
166 70 9
 -12.9353 -53.0064
 -14.1959 -53.5117
 -15.4005 -54.1954
 -15.9653 -54.6721
 -16.0766 -55.5917
 -16.2911 -56.5852
 -15.7928 -57.1203
 -15.6233 -58.2445
 -15.6037 -58.3404
167 73 11
 -53.457 14.2889
 -54.6501 15.417
 -56.2894 15.353
 -57.312 15.6698
 -57.9225 17.0883
 -58.3654 17.7654
 -58.3806 17.7965
 -58.3555 17.8661
 -57.9603 18.2077
 -57.458 18.5276
 -57.3758 18.6026
167 138 22
 -53.457 14.2889
 -54.4699 12.9706
 -55.9032 12.3622
 -55.6925 12.0021
 -55.2994 11.4076
 -54.934 10.9519
 -54.4599 10.7373
 -54.2056 10.7024
 -54.1115 10.7092
 -53.3913 11.0882
 -51.7679 10.8275
 -50.5686 10.1031
 -50.2276 9.77655
 -49.5645 9.73655
 -48.4786 10.1742
 -47.9254 10.4858
 -48.0147 11.1967
 -46.9148 12.2074
 -45.0535 12.3605
 -44.3563 12.4499
 -44.3335 12.8706
 -44.3671 13.028
168 157 8
 -5.4148 34.3699
 -3.9347 35.0103
 -3.78205 35.3065
 -3.7048 35.4517
 -3.6531 35.4794
 -3.55875 35.3178
 -3.33185 35.0996
 -3.1909 35.0186
168 63 3
 -5.4148 34.3699
 -6.77825 33.9043
 -6.7803 33.8758
169 23 22
 -5.15605 0.32505
 -6.5472 0.3045
 -7.9524 0.3707
 -8.24775 0.4269
 -8.38395 0.65505
 -8.42665 0.9635
 -9.0207 0.6574
 -9.5315 0.1353
 -10.3333 0.26995
 -11.301 0.21295
 -11.4102 0.1441
 -11.531 0.06735
 -11.8116 0.08095
 -12.0304 0.1162
 -12.1178 0.096
 -12.1311 0.33605
 -12.4782 0.82765
 -13.0942 0.8681
 -13.5758 0.47495
 -13.8387 0.4058
 -13.941 0.56475
 -14.0105 0.6121
169 48 10
 -5.15605 0.32505
 -4.886 0.3128
 -4.61805 0.31005
 -4.332 0.7846
 -3.6214 0.94635
 -3.11345 0.64195
 -3.0403 0.4952
 -3.0064 0.30965
 -3.01515 0.21425
 -3.0249 0.1686
170 146 9
 -0.61735 -2.1894
 0.4381 -2.12035
 0.9174 -1.9321
 1.2084 -2.0651
 1.5746 -1.97865
 2.259 -2.4019
 3.07865 -3.2548
 3.3192 -3.6238
 3.3554 -3.6219
170 48 6
 -0.61735 -2.1894
 -1.4288 -1.4238
 -1.70605 -1.32545
 -2.38995 -0.8124
 -3.03145 0.1283
 -3.0249 0.1686
171 135 6
 4.9413 -19.0268
 4.9266 -19.6507
 5.23065 -20.3172
 5.7429 -20.4865
 6.0164 -20.5579
 6.0454 -20.5704
171 90 6
 4.9413 -19.0268
 5.14785 -18.7747
 5.48245 -17.9209
 5.73505 -17.2023
 5.8421 -17.1241
 5.8756 -17.0951
172 149 6
 25.8627 -5.87145
 26.8475 -5.99615
 27.2819 -6.01345
 27.5476 -5.76705
 27.7957 -5.6359
 27.8396 -5.7046
172 101 8
 25.8627 -5.87145
 24.9146 -5.711
 24.449 -6.2587
 24.4372 -7.0617
 24.5457 -7.48195
 24.6083 -7.86875
 24.6556 -8.08525
 24.6313 -8.1795
173 150 14
 9.6789 18.9589
 9.84645 18.3545
 10.367 17.7528
 10.9193 17.1546
 11.0646 16.8283
 10.9626 16.6346
 10.431 16.1095
 10.4607 13.981
 11.6505 12.8614
 12.4829 13.2949
 13.1511 13.036
 14.4578 13.2311
 15.1288 13.6945
 15.168 13.6724
173 17 10
 9.6789 18.9589
 9.51845 19.9498
 9.46005 20.8379
 8.85695 21.2728
 8.48735 21.5663
 8.4799 22.7405
 8.3932 23.7509
 9.2599 23.7423
 10.0799 23.6614
 10.1271 23.731
174 136 18
 31.2711 10.9361
 32.3032 11.0083
 32.6766 11.3098
 33.0276 11.8637
 33.6688 12.4112
 33.9668 12.7708
 34.1904 13.1009
 34.4709 13.4146
 34.68 13.6912
 34.8344 14.0007
 34.4975 14.0945
 33.8663 14.0068
 33.4539 13.9895
 33.3446 14.0368
 33.2107 13.9487
 32.8888 13.8379
 32.715 13.8631
 32.7454 13.9156
174 46 5
 31.2711 10.9361
 30.5567 10.8991
 30.225 10.7552
 29.8854 10.6383
 29.8564 10.6686
175 92 10
 40.267 6.3015
 40.4427 7.5398
 41.2986 8.6188
 41.6982 9.7182
 41.7388 9.77735
 41.6499 9.7653
 40.9216 10.2577
 39.7282 10.9223
 39.1315 10.978
 39.0634 10.8956
175 120 3
 40.267 6.3015
 40.6179 5.03335
 40.6219 4.9868
176 62 26
 62.8447 -33.5807
 62.0551 -32.9244
 61.4193 -30.7786
 61.3564 -28.738
 59.566 -29.8242
 57.6948 -30.6721
 57.5632 -29.29
 57.852 -28.392
 56.8981 -27.3779
 55.4618 -26.1968
 54.9734 -26.0344
 53.9101 -26.669
 52.5961 -25.8948
 52.3407 -24.4923
 51.1349 -24.7144
 49.7944 -25.0361
 49.0494 -25.4178
 47.7933 -25.729
 46.9803 -26.101
 46.1942 -27.6459
 45.0166 -28.6153
 44.2999 -28.3303
 44.0903 -28.3489
 43.9731 -28.3972
 43.8835 -28.4837
 43.8638 -28.5852
176 85 5
 62.8447 -33.5807
 62.6581 -35.3826
 62.5828 -36.913
 62.7288 -37.0218
 62.8829 -37.1058
177 161 23
 15.3584 -71.2556
 15.7509 -69.3062
 15.7764 -67.5997
 16.5303 -67.5848
 15.8662 -66.7258
 15.1276 -65.8626
 14.5412 -65.6694
 14.3359 -65.6714
 14.2964 -65.683
 14.222 -65.4062
 14.0949 -65.054
 13.9874 -64.8506
 13.8911 -64.6321
 13.8813 -64.3424
 14.0261 -64.0557
 14.0972 -63.9005
 14.0566 -63.8311
 14.0494 -63.7468
 13.9191 -63.6475
 13.7738 -63.5562
 13.7449 -63.4641
 13.7139 -63.4296
 13.6835 -63.4205
177 119 3
 15.3584 -71.2556
 14.3412 -72.0415
 14.1034 -72.3816
178 161 13
 16.0643 -63.5773
 15.2545 -63.6501
 14.8648 -63.8314
 14.8126 -63.9874
 14.4535 -64.0081
 14.0972 -63.9005
 14.0566 -63.8311
 14.0494 -63.7468
 13.9191 -63.6475
 13.7738 -63.5562
 13.7449 -63.4641
 13.7139 -63.4296
 13.6835 -63.4205
178 2 14
 16.0643 -63.5773
 16.4206 -64.0791
 16.3746 -64.6329
 16.8147 -64.7982
 17.4806 -64.9785
 17.832 -65.2346
 18.1277 -65.2523
 18.634 -64.3554
 18.9084 -63.3386
 18.9223 -63.3368
 19.6082 -63.913
 20.372 -64.2469
 20.5121 -64.264
 20.5189 -64.2552
179 128 18
 33.5087 -62.3053
 32.4866 -60.7516
 31.8417 -60.0378
 32.1287 -59.827
 32.4891 -59.6307
 32.521 -59.0424
 32.67 -58.3293
 32.7306 -58.0564
 32.9165 -57.9449
 33.9007 -57.8776
 34.7979 -58.2896
 35.0918 -58.2566
 36.1862 -58.1119
 37.6323 -58.8521
 38.0587 -59.7708
 37.9302 -60.6609
 38.0251 -61.3704
 38.0571 -61.498
179 154 12
 33.5087 -62.3053
 34.1477 -63.9555
 33.5124 -64.408
 32.182 -64.3134
 31.6749 -64.5188
 31.5238 -64.3918
 31.3736 -64.3928
 31.363 -64.6769
 31.3002 -64.7495
 31.0895 -64.6208
 30.976 -64.6349
 31.0069 -64.6729
180 161 32
 17.2125 -80.7718
 17.0589 -79.6066
 16.9467 -78.9729
 16.625 -77.7465
 16.4149 -76.0635
 16.5003 -75.2551
 17.3849 -75.2188
 17.9495 -73.8974
 17.1694 -71.682
 17.5696 -70.2887
 18.5746 -69.2697
 17.7248 -68.2787
 16.5303 -67.5848
 15.8662 -66.7258
 15.1276 -65.8626
 14.5412 -65.6694
 14.3359 -65.6714
 14.2964 -65.683
 14.222 -65.4062
 14.0949 -65.054
 13.9874 -64.8506
 13.8911 -64.6321
 13.8813 -64.3424
 14.0261 -64.0557
 14.0972 -63.9005
 14.0566 -63.8311
 14.0494 -63.7468
 13.9191 -63.6475
 13.7738 -63.5562
 13.7449 -63.4641
 13.7139 -63.4296
 13.6835 -63.4205
180 125 3
 17.2125 -80.7718
 17.4524 -81.9164
 17.4836 -82.2487
181 88 3
 -25.3026 -81.1484
 -24.7401 -81.8231
 -24.7346 -81.9067
181 110 5
 -25.3026 -81.1484
 -26.3465 -79.8978
 -26.9256 -79.1149
 -27.1012 -78.9639
 -27.1846 -78.9362
182 20 12
 -12.0683 -71.0473
 -12.7292 -70.9066
 -13.007 -70.963
 -13.2444 -71.0934
 -13.4261 -71.2414
 -13.5898 -71.3696
 -13.7115 -71.7765
 -13.743 -72.2077
 -13.8092 -72.3689
 -13.872 -72.8308
 -13.8733 -73.204
 -13.8746 -73.2356
182 95 6
 -12.0683 -71.0473
 -11.517 -71.5658
 -11.3022 -71.6418
 -10.6103 -71.5585
 -10.1017 -71.8351
 -10.1122 -71.8556
183 7 12
 -33.2888 -2.24015
 -32.1382 -2.5897
 -30.9235 -2.5436
 -29.8213 -2.41185
 -29.529 -2.464
 -29.5604 -2.2634
 -29.2622 -2.06375
 -28.9186 -2.07015
 -28.8713 -2.0654
 -28.64 -1.8592
 -28.3602 -1.6662
 -28.3312 -1.6376
183 12 24
 -33.2888 -2.24015
 -34.3945 -1.96035
 -34.7708 -2.7586
 -35.397 -3.66625
 -36.2206 -3.9492
 -36.5814 -4.15715
 -37.2192 -3.94975
 -37.7587 -3.71265
 -38.3074 -3.2323
 -39.1707 -3.04345
 -39.7531 -2.91645
 -40.1981 -2.3184
 -40.6021 -2.21835
 -40.8248 -2.3743
 -40.8684 -2.48145
 -41.042 -2.60795
 -41.3153 -3.1872
 -41.4801 -3.76085
 -41.8801 -3.1747
 -42.7196 -2.6667
 -43.5175 -2.6281
 -43.9454 -2.60145
 -44.05 -2.6081
 -44.0981 -2.5831
184 123 7
 12.2848 -86.6451
 13.2143 -86.565
 13.428 -86.5505
 13.382 -86.3749
 14.1758 -86.3325
 15.0695 -86.4268
 15.0893 -86.4437
184 82 5
 12.2848 -86.6451
 10.9714 -87.2868
 10.3902 -87.8755
 10.3701 -87.9642
 10.3678 -87.9848
185 113 3
 -7.41945 -48.2511
 -8.1701 -48.8031
 -8.3867 -48.9116
185 38 4
 -7.41945 -48.2511
 -6.8783 -47.7655
 -6.87675 -47.7117
 -6.8823 -47.6999
186 130 37
 -3.014 -37.7516
 -3.02765 -36.2861
 -3.552 -35.5509
 -4.025 -34.2174
 -3.0058 -32.7344
 -1.62435 -32.2257
 -0.8985 -32.7346
 -0.1736 -33.029
 0.8569 -32.8928
 1.85425 -32.7211
 2.1799 -32.8476
 2.2619 -32.8804
 2.7581 -32.6898
 3.2868 -32.4295
 3.32405 -32.2701
 3.42795 -32.0246
 3.6944 -31.5345
 3.8031 -31.2069
 3.7835 -30.4002
 4.03155 -30.1954
 4.8916 -29.8449
 5.79945 -28.6735
 6.059 -28.0631
 6.03945 -27.5989
 6.14485 -27.4571
 6.3278 -27.3186
 6.41075 -27.2452
 6.50325 -27.0984
 6.75475 -26.799
 6.95995 -26.4793
 7.0669 -26.2673
 7.1952 -26.219
 7.42255 -26.0233
 7.591 -25.819
 7.72605 -25.608
 7.9002 -25.3797
 7.9399 -25.3598
186 67 3
 -3.014 -37.7516
 -3.1259 -39.2294
 -3.1352 -39.275
187 0 20
 -52.3276 -0.5977
 -51.7323 -1.14025
 -51.7566 -1.49575
 -51.5187 -1.8606
 -51.1965 -2.1358
 -51.0847 -2.189
 -50.9081 -2.4892
 -50.7817 -2.822
 -50.5582 -3.04435
 -50.0259 -3.37265
 -49.6423 -3.52705
 -49.593 -3.5585
 -49.6669 -3.5927
 -49.6666 -3.722
 -49.6411 -3.8999
 -49.7378 -4.15055
 -49.8181 -4.54345
 -49.7722 -4.8464
 -49.7438 -4.9893
 -49.7613 -5.0085
187 111 6
 -52.3276 -0.5977
 -53.0961 -0.1651
 -53.2751 0.00775
 -53.6576 0.3312
 -54.0303 0.617
 -54.0346 0.6193
188 13 11
 23.8403 -17.8933
 25.2558 -17.2877
 25.1139 -16.6375
 24.825 -16.3009
 24.7701 -16.077
 24.9781 -15.9217
 25.1187 -15.8865
 24.968 -15.873
 24.9002 -15.6992
 24.9895 -15.5247
 25.0412 -15.4696
188 93 13
 23.8403 -17.8933
 22.3072 -18.1066
 22.0545 -18.1774
 21.1578 -18.5373
 20.6474 -19.0711
 20.739 -20.0065
 20.5529 -20.864
 20.4891 -21.2649
 20.3974 -21.5943
 19.7106 -21.6324
 19.0269 -21.5191
 18.9142 -21.4245
 18.873 -21.3701
189 141 20
 8.9736 25.5912
 8.7529 27.0484
 8.2246 27.7453
 8.26045 28.2514
 8.073 27.8426
 7.6995 27.4415
 7.29305 27.2779
 6.94985 26.7091
 6.11525 26.452
 5.11005 26.4663
 4.774 26.3643
 4.5518 26.6422
 3.6289 26.6533
 2.74535 26.923
 2.57065 27.4279
 2.2376 27.367
 1.4932 27.5002
 0.934 27.5338
 0.6462 27.2498
 0.4879 27.138
189 17 4
 8.9736 25.5912
 9.33945 23.9677
 10.0799 23.6614
 10.1271 23.731
190 37 18
 56.0335 -1.9066
 55.8477 0.76875
 58.1212 0.1337
 54.4655 3.15845
 52.8319 5.30425
 51.2421 3.6005
 49.1665 1.59955
 47.9844 0.8505
 46.5072 0.66415
 46.2977 -0.29805
 46.6882 -1.35805
 47.0462 -1.756
 47.5424 -1.88825
 48.5322 -2.24395
 49.1354 -2.4957
 49.4546 -2.5379
 49.7151 -2.54875
 49.7526 -2.571
190 68 12
 56.0335 -1.9066
 55.959 -4.2585
 55.3075 -4.9634
 54.2215 -5.3449
 53.4927 -5.4553
 54.3616 -5.8243
 55.4827 -7.1477
 56.3684 -8.1992
 56.7956 -8.4922
 57.2821 -10.1809
 57.6304 -11.686
 57.5936 -11.776
191 147 5
 31.8974 -20.4176
 32.3503 -19.8983
 32.1047 -19.5604
 32.2452 -19.0425
 32.2828 -18.9432
191 56 9
 31.8974 -20.4176
 32.0906 -21.024
 32.5254 -21.2342
 33.0382 -21.2368
 33.5145 -21.1606
 33.6692 -21.1621
 33.7236 -21.242
 33.7678 -21.326
 33.8115 -21.3679
192 33 16
 45.2309 -29.6639
 46.0749 -30.6451
 46.3224 -30.8321
 46.2673 -30.9592
 46.1822 -31.0728
 46.1652 -31.2057
 46.2655 -31.2809
 46.3621 -31.3289
 46.384 -31.3969
 46.4047 -31.4829
 46.459 -31.5145
 46.338 -31.5971
 46.2476 -31.7038
 46.2094 -31.7843
 46.1306 -31.807
 46.0861 -31.7996
192 62 7
 45.2309 -29.6639
 44.5542 -28.583
 44.2999 -28.3303
 44.0903 -28.3489
 43.9731 -28.3972
 43.8835 -28.4837
 43.8638 -28.5852
193 161 22
 17.0714 -61.4782
 16.6451 -61.6509
 16.51 -61.8442
 16.3795 -62.1558
 16.1302 -62.3079
 15.4192 -62.3263
 14.8635 -62.3512
 14.7061 -62.3883
 14.6425 -62.4941
 14.5306 -62.4399
 14.421 -62.5606
 14.3534 -62.8756
 14.1358 -63.0369
 13.9222 -62.913
 13.7836 -62.8691
 13.6167 -62.7971
 13.6673 -62.916
 13.6464 -63.0529
 13.6393 -63.2207
 13.6595 -63.3392
 13.6903 -63.4067
 13.6835 -63.4205
193 105 6
 17.0714 -61.4782
 17.8154 -61.3523
 18.4513 -61.4214
 18.8875 -61.2731
 19.087 -61.0278
 19.1512 -60.9741
194 144 7
 -27.222 -78.1855
 -27.7265 -77.4209
 -28.2097 -76.8645
 -28.3675 -75.7183
 -28.7264 -74.8212
 -29.138 -74.7632
 -29.19 -74.7297
194 110 3
 -27.222 -78.1855
 -27.1134 -78.8018
 -27.1846 -78.9362
195 144 9
 -31.191 -72.8447
 -31.5247 -73.4897
 -31.3454 -73.7454
 -31.047 -73.8782
 -30.9149 -73.9294
 -30.1623 -74.2972
 -29.3242 -74.6668
 -29.1964 -74.7129
 -29.19 -74.7297
195 80 4
 -31.191 -72.8447
 -30.8988 -72.1897
 -30.9135 -72.0111
 -30.9097 -71.9891
196 79 37
 -31.9155 -61.1717
 -31.4049 -61.7537
 -30.8472 -61.8455
 -30.4207 -61.7644
 -30.1823 -61.8674
 -30.0075 -62.2611
 -29.5576 -62.4902
 -29.2659 -62.482
 -29.0899 -62.4396
 -28.9263 -62.3246
 -28.5601 -62.3401
 -28.2559 -62.5125
 -28.0434 -62.775
 -27.8538 -62.9727
 -27.59 -62.8971
 -27.4007 -62.8097
 -27.4235 -62.619
 -27.4906 -62.3974
 -27.554 -62.3134
 -27.4397 -62.1604
 -27.2075 -61.9637
 -27.0645 -61.9134
 -26.9121 -61.9798
 -26.6731 -61.9721
 -26.5247 -61.9547
 -26.4399 -61.9979
 -26.33 -62.0131
 -26.2447 -61.9761
 -26.2475 -62.0832
 -26.2188 -62.1743
 -26.1872 -62.2441
 -26.1601 -62.3295
 -26.1762 -62.4205
 -26.1821 -62.4699
 -26.168 -62.4916
 -26.1426 -62.5088
 -26.1339 -62.5118
196 89 4
 -31.9155 -61.1717
 -31.7362 -60.3444
 -31.5672 -59.9736
 -31.5654 -59.9296
197 79 54
 -24.6871 -70.6264
 -22.8065 -70.729
 -22.4261 -69.8139
 -22.6569 -68.6597
 -23.0178 -68.2977
 -23.0542 -68.1737
 -23.1949 -68.1067
 -23.6153 -67.9167
 -23.9407 -67.8187
 -24.2888 -67.6714
 -24.7458 -67.4109
 -25.0373 -67.1093
 -25.3237 -66.7439
 -25.3706 -66.4611
 -25.093 -66.2882
 -24.8421 -66.2184
 -24.7263 -65.9847
 -24.5677 -65.2305
 -24.2693 -64.5173
 -24.0909 -64.3394
 -24.4133 -64.4546
 -24.9616 -64.672
 -25.048 -64.5311
 -24.7994 -64.0383
 -24.4576 -63.7081
 -24.0022 -63.4875
 -23.7541 -63.4176
 -23.5738 -63.4126
 -23.2103 -62.9871
 -22.941 -62.7144
 -23.1536 -62.5695
 -23.6402 -62.1599
 -24.0463 -61.8205
 -24.1008 -61.784
 -24.2136 -61.8731
 -24.4939 -61.9265
 -24.6982 -61.8995
 -24.8515 -61.9348
 -25.0561 -62.093
 -25.1367 -62.2752
 -25.1087 -62.3169
 -25.1139 -62.4711
 -25.3892 -62.714
 -25.648 -62.7844
 -25.7243 -62.7121
 -25.7462 -62.6059
 -25.7857 -62.5373
 -25.8587 -62.5145
 -25.9043 -62.4918
 -25.9701 -62.4481
 -26.042 -62.4535
 -26.0884 -62.4876
 -26.1231 -62.5042
 -26.1339 -62.5118
197 144 10
 -24.6871 -70.6264
 -26.8045 -70.8977
 -27.3363 -71.2843
 -27.5083 -71.3961
 -28.0575 -72.1325
 -28.5128 -72.9178
 -28.8209 -73.7561
 -29.1379 -74.5676
 -29.1964 -74.7129
 -29.19 -74.7297
198 71 30
 -3.1106 -88.2131
 -4.6187 -88.3486
 -5.1008 -88.2154
 -5.48325 -88.018
 -5.90635 -87.4625
 -6.2921 -86.7101
 -6.6204 -85.959
 -6.74485 -85.4839
 -6.9924 -85.3073
 -7.1094 -85.1385
 -6.9517 -84.9122
 -6.8222 -84.7361
 -6.95615 -84.5319
 -6.96105 -84.196
 -7.2445 -83.5798
 -7.66615 -83.0159
 -8.2415 -83.0174
 -8.7952 -83.0835
 -9.0171 -82.6395
 -9.231 -82.0642
 -9.1464 -81.6803
 -9.46605 -81.2085
 -9.70825 -80.6964
 -9.73335 -80.2746
 -9.93655 -80.0672
 -9.9867 -79.9637
 -10.0278 -79.9154
 -10.2566 -79.7578
 -10.5107 -79.5848
 -10.5429 -79.5464
198 58 8
 -3.1106 -88.2131
 -1.6045 -88.3019
 -2.6814 -88.978
 -3.43935 -90.075
 -3.5136 -90.8785
 -3.82155 -91.6087
 -4.20655 -91.6039
 -4.2561 -91.5634
199 102 6
 -24.2386 -51.7326
 -25.6588 -52.7167
 -26.2307 -52.7542
 -25.9718 -53.5614
 -25.674 -54.3748
 -25.5893 -54.3861
199 42 5
 -24.2386 -51.7326
 -22.8197 -50.6387
 -22.2666 -50.4437
 -22.2139 -50.2582
 -22.1895 -50.1153
200 100 27
 -20.5346 -42.9091
 -22.795 -41.6525
 -23.7778 -40.9656
 -25.4566 -40.6362
 -27.462 -40.2694
 -28.0796 -40.8026
 -28.9128 -42.1659
 -30.8083 -42.5239
 -32.2514 -42.2358
 -32.4466 -41.9455
 -32.1053 -40.8103
 -31.916 -39.6695
 -32.0584 -39.3429
 -32.007 -38.6314
 -31.7852 -37.8935
 -31.466 -37.7197
 -31.1947 -37.1251
 -30.8144 -36.6378
 -29.7397 -36.064
 -29.0741 -35.1182
 -29.2953 -34.7601
 -28.827 -34.9188
 -28.3351 -34.5095
 -27.772 -33.79
 -26.8298 -33.6463
 -26.391 -33.5191
 -26.3656 -33.3923
200 70 24
 -20.5346 -42.9091
 -19.0702 -43.7589
 -17.9425 -43.3586
 -16.9332 -42.9153
 -16.4996 -43.5715
 -15.9367 -44.3572
 -16.0397 -45.5666
 -16.3238 -46.6669
 -16.7062 -47.6553
 -16.3455 -49.5002
 -15.4889 -50.3951
 -16.011 -50.5773
 -16.495 -50.7271
 -16.6592 -51.3164
 -16.7564 -52.129
 -17.6493 -52.1889
 -16.764 -52.4079
 -16.2223 -53.3457
 -15.9653 -54.6721
 -16.0766 -55.5917
 -16.2911 -56.5852
 -15.7928 -57.1203
 -15.6233 -58.2445
 -15.6037 -58.3404
201 106 50
 -2.93195 -45.1891
 -1.06895 -45.45
 -0.4519 -46.002
 -1.4915 -46.7394
 -2.7951 -47.2247
 -3.40085 -48.473
 -3.16015 -49.3666
 -3.0176 -49.6336
 -2.5656 -50.0634
 -1.8128 -51.2912
 -2.0686 -52.3709
 -3.1721 -53.2639
 -3.74755 -54.23
 -3.8187 -54.5962
 -3.729 -55.4377
 -4.50355 -56.8538
 -5.18555 -57.6446
 -4.9855 -57.8442
 -5.4156 -57.8661
 -6.2241 -58.48
 -6.57325 -59.0965
 -6.7345 -59.7215
 -7.3008 -60.1426
 -7.888 -60.4655
 -8.2472 -60.642
 -8.4926 -60.6567
 -9.05535 -61.5154
 -9.7012 -62.0292
 -9.9401 -62.0361
 -10.0522 -62.0476
 -10.2787 -62.569
 -10.4573 -63.1516
 -10.2026 -63.3669
 -9.79905 -63.5984
 -9.55165 -63.77
 -9.29625 -63.9815
 -9.09775 -64.1163
 -8.4472 -63.7128
 -7.85595 -63.2273
 -7.6709 -63.3278
 -6.99025 -63.6496
 -6.14315 -63.9914
 -5.3889 -63.8102
 -4.9468 -63.6698
 -4.83465 -63.7637
 -3.9327 -63.4767
 -3.0252 -63.3036
 -2.7679 -63.5534
 -2.6041 -63.6942
 -2.5996 -63.7105
201 67 9
 -2.93195 -45.1891
 -4.9065 -43.8266
 -5.89455 -42.8806
 -5.58265 -42.5564
 -4.5121 -42.2105
 -3.53135 -42.045
 -3.38685 -40.7339
 -3.19315 -39.3477
 -3.1352 -39.275
202 60 8
 2.28865 -19.3596
 2.1168 -18.5055
 2.2056 -18.1269
 2.14745 -17.9872
 2.0683 -18.0297
 0.83285 -18.2267
 -0.361 -18.4776
 -0.3616 -18.5979
202 135 17
 2.28865 -19.3596
 2.7462 -20.3567
 3.0762 -20.8414
 3.4275 -21.0165
 4.2544 -21.1392
 5.202 -21.4972
 5.51365 -22.2423
 5.88135 -22.6479
 6.6544 -22.3482
 6.89845 -21.944
 6.7757 -21.6474
 6.9676 -21.2778
 7.1034 -20.983
 6.79425 -21.0119
 6.2685 -20.767
 6.06045 -20.5866
 6.0454 -20.5704
203 31 8
 -8.25785 -24.0644
 -9.3175 -25.3195
 -9.5415 -26.1954
 -8.9054 -26.511
 -8.21275 -26.8725
 -7.66985 -26.636
 -7.20455 -26.3127
 -7.1911 -26.2968
203 139 3
 -8.25785 -24.0644
 -7.40745 -23.7245
 -7.3582 -23.7887
204 124 6
 -41.0062 -17.9678
 -42.2 -17.9311
 -42.4458 -17.7739
 -42.7751 -16.8681
 -43.3493 -15.7676
 -43.5655 -15.5235
204 16 6
 -41.0062 -17.9678
 -39.8382 -18.4855
 -39.6932 -19.1935
 -39.7495 -19.4839
 -39.7588 -19.7689
 -39.8155 -19.8827
205 16 7
 -43.4377 -24.3065
 -41.7525 -22.1349
 -41.0854 -20.7873
 -41.6152 -20.1665
 -40.6412 -19.972
 -39.8897 -19.9097
 -39.8155 -19.8827
205 132 13
 -43.4377 -24.3065
 -44.2209 -26.2865
 -44.4007 -26.8666
 -45.5961 -27.798
 -47.1836 -28.946
 -47.4715 -29.826
 -47.0233 -30.8419
 -45.5628 -31.9314
 -43.856 -32.5979
 -42.8814 -33.174
 -42.3212 -33.8094
 -42.3633 -34.7457
 -42.3998 -35.4886
206 0 21
 -45.2349 -3.2777
 -45.7235 -3.53365
 -46.0541 -2.9073
 -46.7915 -2.69935
 -47.0877 -3.38365
 -46.9866 -3.8841
 -47.2082 -4.11455
 -47.4315 -4.34255
 -47.6206 -4.42915
 -47.8237 -4.3472
 -48.2962 -4.1925
 -48.7071 -4.24315
 -48.7859 -4.3714
 -48.8175 -4.3964
 -48.9595 -4.4938
 -49.2014 -4.6571
 -49.3454 -4.81715
 -49.5017 -4.89455
 -49.6735 -4.95335
 -49.7445 -5.00125
 -49.7613 -5.0085
206 12 5
 -45.2349 -3.2777
 -44.6563 -2.6982
 -44.2896 -2.5258
 -44.0996 -2.56465
 -44.0981 -2.5831
207 55 41
 -60.4452 0.05885
 -59.7163 -0.8871
 -59.4761 -1.48895
 -58.612 -2.48295
 -58.1022 -3.36655
 -58.0268 -3.88155
 -56.8212 -4.99805
 -55.6509 -5.70335
 -55.2847 -5.24535
 -54.939 -5.0649
 -54.5681 -5.37265
 -54.2718 -5.607
 -54.1637 -5.4775
 -53.9087 -5.4167
 -53.5739 -5.34535
 -53.2863 -5.45495
 -53.1392 -5.6486
 -53.0378 -5.66675
 -52.8864 -5.6043
 -52.8172 -5.58475
 -52.7459 -5.5783
 -52.715 -5.6093
 -52.7293 -5.6709
 -52.717 -5.7622
 -52.6712 -5.839
 -52.6198 -5.92865
 -52.5711 -6.0107
 -52.5761 -6.0381
 -52.5329 -6.02085
 -52.4864 -5.9648
 -52.454 -5.8774
 -52.4543 -5.8199
 -52.4003 -5.8944
 -52.3216 -5.9428
 -52.2638 -5.93085
 -52.1768 -5.95265
 -52.1177 -6.01445
 -52.1105 -6.04815
 -52.1507 -6.0719
 -52.1713 -6.14585
 -52.1565 -6.2
207 32 12
 -60.4452 0.05885
 -61.2756 1.0551
 -61.4112 1.20925
 -61.8159 2.02885
 -62.1721 2.828
 -62.218 2.82165
 -62.3218 2.7215
 -62.4714 2.5591
 -62.8699 2.26235
 -63.1825 1.9942
 -63.2029 1.9185
 -63.2075 1.9096
208 51 25
 -53.2118 18.8484
 -50.5207 21.6511
 -48.4884 23.8884
 -47.6719 24.2785
 -47.2938 24.6562
 -46.1819 25.6787
 -44.8996 27.3877
 -44.3421 28.6334
 -44.0855 28.8156
 -42.6422 28.0553
 -39.9123 27.4907
 -37.9928 27.3355
 -36.6516 26.9837
 -34.4138 26.2646
 -32.2452 26.3936
 -31.3115 26.9146
 -30.4718 27.052
 -28.937 27.188
 -28.3816 26.18
 -28.4828 25.1549
 -26.6572 24.8717
 -24.5625 24.7974
 -24.0905 24.6264
 -24.0975 24.3842
 -24.0734 24.2937
208 73 7
 -53.2118 18.8484
 -55.225 18.0471
 -56.2856 18.1964
 -56.8858 18.4072
 -57.2348 18.5551
 -57.3671 18.6038
 -57.3758 18.6026
209 10 25
 -40.1553 6.41635
 -39.4635 5.88895
 -39.3583 5.04485
 -39.7998 4.00705
 -40.7589 2.82985
 -41.5656 2.0323
 -41.468 1.8321
 -41.5326 1.469
 -42.3984 0.82805
 -43.6143 0.62905
 -43.8788 0.56925
 -44.0786 0.48435
 -43.9703 0.7756
 -44.1253 1.0725
 -44.7364 1.5029
 -45.5971 1.60035
 -46.2507 1.51375
 -46.6163 1.7553
 -46.7424 1.8996
 -46.7799 1.99825
 -46.9323 2.07015
 -46.8865 2.5017
 -46.7665 3.21005
 -46.8673 3.62125
 -46.9342 3.7421
209 116 4
 -40.1553 6.41635
 -41.548 7.4305
 -42.4276 8.23975
 -42.3722 8.333
210 51 17
 -35.6741 23.3531
 -36.441 25.6132
 -37.1114 26.5047
 -37.9928 27.3355
 -36.6516 26.9837
 -34.4138 26.2646
 -32.2452 26.3936
 -31.3115 26.9146
 -30.4718 27.052
 -28.937 27.188
 -28.3816 26.18
 -28.4828 25.1549
 -26.6572 24.8717
 -24.5625 24.7974
 -24.0905 24.6264
 -24.0975 24.3842
 -24.0734 24.2937
210 53 5
 -35.6741 23.3531
 -34.8572 21.0522
 -34.2888 20.145
 -34.077 19.563
 -34.0609 19.5526
211 61 13
 -24.5468 4.0911
 -24.3611 4.816
 -23.9669 4.95775
 -23.7278 5.2641
 -23.5102 5.4699
 -23.3415 5.5889
 -23.2599 5.8665
 -23.2586 6.00685
 -23.255 6.07675
 -23.2502 6.1668
 -23.2724 6.2605
 -23.2962 6.3394
 -23.2942 6.3791
211 4 5
 -24.5468 4.0911
 -24.4679 3.3625
 -24.3928 3.2098
 -24.2584 3.16405
 -24.2212 3.1735
212 34 18
 -14.3184 24.4259
 -13.7922 24.234
 -13.1805 23.7907
 -12.496 23.8995
 -12.4053 24.3147
 -12.2612 24.5252
 -12.1462 24.666
 -12.0945 24.8546
 -11.9137 24.9944
 -11.6869 24.9385
 -11.6273 24.9608
 -11.5652 25.1092
 -11.34 25.2712
 -11.0935 25.4354
 -11.132 25.6206
 -11.3448 25.7438
 -11.4426 25.7537
 -11.4644 25.7391
212 26 12
 -14.3184 24.4259
 -15.1923 24.375
 -15.8379 24.5579
 -16.2576 25.0281
 -16.6189 25.3533
 -16.9356 25.1464
 -16.9972 24.5879
 -18.4958 23.9563
 -20.0567 23.6847
 -20.1809 23.8135
 -20.224 23.9016
 -20.2248 23.9089
213 61 23
 -20.9895 9.7084
 -20.2913 8.8678
 -19.9579 8.49775
 -19.7986 8.37395
 -20.1651 7.47725
 -20.4715 6.5306
 -20.5025 6.2692
 -20.9216 6.1713
 -21.5402 5.90925
 -21.932 5.5721
 -22.1915 5.4952
 -22.4823 5.48495
 -22.8667 5.4526
 -23.243 5.4068
 -23.4202 5.41205
 -23.3415 5.5889
 -23.2599 5.8665
 -23.2586 6.00685
 -23.255 6.07675
 -23.2502 6.1668
 -23.2724 6.2605
 -23.2962 6.3394
 -23.2942 6.3791
213 81 3
 -20.9895 9.7084
 -21.5798 10.2177
 -21.5969 10.2243
214 35 16
 -24.9382 1.51085
 -24.9268 1.0108
 -24.923 0.5671
 -24.8952 0.34045
 -24.9545 0.26
 -25.0731 0.26415
 -25.1075 0.32565
 -25.1882 0.4375
 -25.4167 0.4437
 -25.563 0.2864
 -25.6417 0.1941
 -25.7287 0.1483
 -25.8326 0.10855
 -25.934 0.0684
 -25.9351 0.02145
 -25.9359 -0.0121
214 4 8
 -24.9382 1.51085
 -24.897 2.09945
 -24.6341 2.6682
 -24.3707 2.9728
 -24.276 3.0557
 -24.2256 3.0859
 -24.2215 3.13955
 -24.2212 3.1735
215 23 23
 -21.8451 2.88275
 -21.3459 2.55625
 -21.0331 2.34465
 -20.0162 2.13305
 -18.6291 2.1309
 -18.1387 2.38355
 -18.1858 3.0088
 -17.6428 2.31315
 -17.0978 1.93095
 -16.7507 1.87515
 -16.3688 1.89695
 -15.9778 1.8544
 -15.6353 1.81745
 -15.5863 1.67105
 -15.6173 1.50225
 -15.527 1.47235
 -15.1091 1.479
 -14.5751 1.34505
 -14.3367 0.9371
 -14.3226 0.6339
 -14.1697 0.62745
 -14.0187 0.6188
 -14.0105 0.6121
215 61 13
 -21.8451 2.88275
 -22.4576 3.8498
 -22.9559 4.9082
 -23.2741 5.3339
 -23.4202 5.41205
 -23.3415 5.5889
 -23.2599 5.8665
 -23.2586 6.00685
 -23.255 6.07675
 -23.2502 6.1668
 -23.2724 6.2605
 -23.2962 6.3394
 -23.2942 6.3791
216 118 3
 -13.7452 -10.3902
 -15.2034 -9.9178
 -15.4434 -9.8526
216 52 3
 -13.7452 -10.3902
 -12.4176 -10.8337
 -12.3081 -10.8699
217 109 12
 -10.8881 -11.0364
 -10.0567 -10.7507
 -9.04375 -11.0849
 -8.3122 -11.2381
 -8.1574 -11.6122
 -8.07385 -12.1024
 -7.98575 -12.1947
 -7.9211 -12.2184
 -7.6443 -12.6061
 -7.35295 -13.1973
 -7.3364 -13.5387
 -7.3446 -13.5669
217 9 5
 -10.8881 -11.0364
 -11.5824 -11.7188
 -11.9613 -12.3558
 -11.8969 -12.7788
 -11.7029 -12.7184
218 23 23
 -11.9494 -9.5856
 -11.8624 -8.9433
 -11.4764 -8.37505
 -12.3263 -8.37545
 -13.1044 -7.8567
 -12.7128 -7.24215
 -12.8818 -6.4986
 -13.0522 -6.2527
 -12.7895 -5.75785
 -12.5875 -5.31235
 -13.3116 -4.5347
 -14.0289 -3.7316
 -13.9753 -3.5762
 -14.2259 -3.0703
 -14.4783 -2.60195
 -14.6425 -2.1951
 -15.0422 -1.52885
 -15.1501 -1.05105
 -14.632 -0.37685
 -14.0106 0.2143
 -13.8387 0.4058
 -13.941 0.56475
 -14.0105 0.6121
218 52 4
 -11.9494 -9.5856
 -12.1591 -10.5326
 -12.2968 -10.8629
 -12.3081 -10.8699
219 66 5
 -6.79365 -9.5966
 -5.9278 -8.3704
 -5.8353 -8.2717
 -5.69585 -8.2506
 -5.5845 -8.2046
219 109 11
 -6.79365 -9.5966
 -7.5379 -10.7575
 -7.844 -11.0581
 -8.1574 -11.6122
 -8.07385 -12.1024
 -7.98575 -12.1947
 -7.9211 -12.2184
 -7.6443 -12.6061
 -7.35295 -13.1973
 -7.3364 -13.5387
 -7.3446 -13.5669
220 130 14
 7.14135 -24.1683
 8.22165 -24.2132
 8.84015 -24.4796
 9.0042 -25.2294
 8.7888 -25.9905
 8.55025 -26.726
 8.7026 -27.2473
 8.40665 -26.7626
 7.909 -26.0812
 7.42255 -26.0233
 7.591 -25.819
 7.72605 -25.608
 7.9002 -25.3797
 7.9399 -25.3598
220 135 13
 7.14135 -24.1683
 6.51885 -24.1456
 6.8314 -23.9653
 7.31485 -23.1095
 7.29735 -22.2345
 6.89845 -21.944
 6.7757 -21.6474
 6.9676 -21.2778
 7.1034 -20.983
 6.79425 -21.0119
 6.2685 -20.767
 6.06045 -20.5866
 6.0454 -20.5704
221 140 9
 18.7822 -5.7948
 18.0738 -6.08875
 17.8948 -6.14315
 17.8544 -5.9063
 17.2451 -5.5712
 16.5869 -5.2186
 16.705 -4.76695
 16.8328 -4.3995
 16.8023 -4.3839
221 44 5
 18.7822 -5.7948
 19.5554 -6.4335
 19.7885 -7.2653
 19.8505 -7.4131
 19.8744 -7.4528
222 142 23
 12.7248 -3.5706
 11.8055 -2.95305
 11.6583 -2.8422
 11.0964 -2.4979
 10.7822 -1.9077
 11.0168 -1.4813
 11.3486 -0.8449
 11.6056 -0.33745
 11.5645 -0.26315
 11.9002 0.2257
 12.2828 0.68275
 12.4473 0.6572
 13.0625 0.6527
 13.7173 0.6629
 14.0584 0.5555
 14.3261 0.4085
 14.1425 0.81505
 14.1711 1.3545
 14.4011 2.1262
 14.1255 3.11765
 13.7148 3.5925
 13.6786 3.7054
 13.6468 3.7383
222 140 10
 12.7248 -3.5706
 13.6236 -4.31395
 13.8018 -4.31925
 14.4277 -4.6491
 15.1542 -5.15025
 15.8566 -5.0915
 16.439 -5.1054
 16.705 -4.76695
 16.8328 -4.3995
 16.8023 -4.3839
223 159 7
 15.0637 6.5799
 16.3909 5.74755
 16.8466 5.179
 16.9346 4.7302
 16.898 4.541
 16.8923 4.43515
 16.9204 4.3533
223 155 6
 15.0637 6.5799
 14.0723 7.62075
 14.0498 8.3682
 13.9557 8.6787
 13.8722 8.75795
 13.8896 8.7807
224 6 43
 36.5266 6.77095
 37.5967 6.5624
 37.3105 5.4712
 36.8087 4.55445
 36.8653 4.4841
 37.5408 4.13545
 38.1158 3.4589
 38.1272 2.94585
 38.2737 2.3195
 38.3179 1.6593
 38.1096 1.3388
 37.8969 1.03655
 37.858 0.8409
 38.5012 0.48655
 38.6651 -0.19855
 38.1932 -0.62865
 38.1666 -0.7363
 38.0899 -0.8733
 38.0068 -1.01565
 37.8884 -1.05575
 37.6775 -1.00785
 37.5452 -0.8763
 37.4084 -0.7795
 37.2943 -0.76795
 37.2302 -0.79185
 37.1625 -0.8776
 37.1368 -0.9554
 37.1208 -1.0035
 37.0407 -1.08365
 36.8669 -1.23325
 36.612 -1.32635
 36.2872 -1.3188
 36.1206 -1.33915
 36.0679 -1.3434
 36.0819 -1.43545
 35.9906 -1.55525
 35.9166 -1.5895
 35.8818 -1.61865
 35.7608 -1.67545
 35.6558 -1.74915
 35.5939 -1.8183
 35.516 -1.83985
 35.4952 -1.8466
224 22 8
 36.5266 6.77095
 35.5329 6.9269
 35.3801 7.10285
 34.7619 7.80535
 34.2598 8.66325
 34.6875 8.97175
 35.0798 9.05205
 35.135 8.9958
225 6 34
 37.2928 2.2603
 37.9759 1.53405
 37.8969 1.03655
 37.858 0.8409
 38.5012 0.48655
 38.6651 -0.19855
 38.1932 -0.62865
 38.1666 -0.7363
 38.0899 -0.8733
 38.0068 -1.01565
 37.8884 -1.05575
 37.6775 -1.00785
 37.5452 -0.8763
 37.4084 -0.7795
 37.2943 -0.76795
 37.2302 -0.79185
 37.1625 -0.8776
 37.1368 -0.9554
 37.1208 -1.0035
 37.0407 -1.08365
 36.8669 -1.23325
 36.612 -1.32635
 36.2872 -1.3188
 36.1206 -1.33915
 36.0679 -1.3434
 36.0819 -1.43545
 35.9906 -1.55525
 35.9166 -1.5895
 35.8818 -1.61865
 35.7608 -1.67545
 35.6558 -1.74915
 35.5939 -1.8183
 35.516 -1.83985
 35.4952 -1.8466
225 28 42
 37.2928 2.2603
 35.8918 3.3287
 35.2308 4.04905
 34.7653 3.85855
 34.1769 3.7387
 33.9273 3.55945
 33.6695 3.46995
 33.9164 3.35875
 33.9916 2.6116
 33.9938 1.8374
 33.1272 1.92925
 31.8963 2.10435
 31.5068 1.94135
 31.2454 1.71845
 30.8651 1.7461
 30.6454 1.6484
 30.3988 1.65985
 29.9265 1.9971
 29.2654 2.38
 28.8339 2.0948
 28.6544 1.1629
 28.3428 0.64815
 27.9797 0.43735
 27.7658 0.1662
 27.606 0.01155
 27.3843 0.0015
 27.2031 0.0872
 27.1219 0.17175
 27.0706 0.2389
 26.9907 0.30925
 26.8638 0.3186
 26.7622 0.40825
 26.7678 0.24595
 26.5952 0.2544
 26.4028 0.31235
 26.2862 0.35055
 26.1768 0.3607
 26.1985 0.29295
 26.1902 0.1661
 26.0598 0.01355
 25.9903 0.02715
 25.9953 0.1063
226 28 31
 29.5086 -3.26165
 29.0281 -2.7429
 28.8664 -2.4428
 28.6807 -2.5352
 28.1733 -2.2355
 27.7817 -1.75355
 27.8689 -1.4433
 27.9394 -1.26215
 27.9921 -1.24255
 28.0657 -1.09415
 28.1417 -0.8582
 28.2304 -0.7096
 27.9827 -0.29885
 27.606 0.01155
 27.3843 0.0015
 27.2031 0.0872
 27.1219 0.17175
 27.0706 0.2389
 26.9907 0.30925
 26.8638 0.3186
 26.7622 0.40825
 26.7678 0.24595
 26.5952 0.2544
 26.4028 0.31235
 26.2862 0.35055
 26.1768 0.3607
 26.1985 0.29295
 26.1902 0.1661
 26.0598 0.01355
 25.9903 0.02715
 25.9953 0.1063
226 149 20
 29.5086 -3.26165
 30.0676 -3.74915
 30.4363 -4.1196
 31.1038 -4.66115
 31.81 -5.0117
 31.8159 -5.02895
 31.6402 -5.3364
 31.6646 -5.5562
 31.4892 -5.95435
 31.2891 -6.3442
 31.1397 -6.46705
 30.9178 -6.46325
 30.5745 -6.47785
 29.9692 -6.7092
 29.1556 -6.64955
 28.5559 -6.2802
 28.1547 -5.95475
 27.8956 -5.76465
 27.8475 -5.7266
 27.8396 -5.7046
227 43 17
 29.0678 -8.3349
 28.9323 -8.99365
 28.6847 -9.5381
 28.5315 -9.8555
 28.5585 -10.0127
 28.5322 -10.1361
 28.6981 -10.4451
 28.8935 -10.67
 29.1806 -11.0578
 29.3317 -11.7238
 28.736 -12.1984
 28.2743 -12.3006
 28.0859 -12.2353
 27.5829 -12.1188
 27.2495 -11.9731
 27.2347 -11.9577
 27.237 -11.9516
227 149 8
 29.0678 -8.3349
 29.0147 -7.4916
 28.8174 -6.6924
 28.5559 -6.2802
 28.1547 -5.95475
 27.8956 -5.76465
 27.8475 -5.7266
 27.8396 -5.7046
228 15 10
 29.5573 -12.5521
 29.0096 -13.119
 28.3244 -13.5498
 28.1813 -13.97
 28.3889 -14.566
 28.6515 -15.0023
 28.7548 -15.0251
 29.0626 -14.9254
 29.2567 -14.8548
 29.2641 -14.8439
228 43 9
 29.5573 -12.5521
 29.3431 -12.1145
 28.736 -12.1984
 28.2743 -12.3006
 28.0859 -12.2353
 27.5829 -12.1188
 27.2495 -11.9731
 27.2347 -11.9577
 27.237 -11.9516
229 15 9
 26.9254 -13.6793
 27.5394 -14.1224
 28.0459 -14.5857
 28.3927 -14.9032
 28.6515 -15.0023
 28.7548 -15.0251
 29.0626 -14.9254
 29.2567 -14.8548
 29.2641 -14.8439
229 13 13
 26.9254 -13.6793
 26.439 -13.4396
 25.9516 -13.4137
 25.5891 -13.4545
 25.3957 -13.6185
 25.0921 -13.8036
 24.7681 -13.9599
 24.7722 -14.1604
 24.7983 -14.3941
 24.8742 -14.6119
 24.9748 -15.0856
 25.0162 -15.4457
 25.0412 -15.4696
230 107 9
 36.0731 -32.8275
 37.0267 -33.122
 37.7649 -33.1672
 37.839 -33.1654
 37.9812 -33.1797
 38.1282 -33.2168
 38.2867 -33.15
 38.4503 -33.0394
 38.4651 -33.014
230 103 13
 36.0731 -32.8275
 36.0571 -32.1003
 36.409 -31.2119
 36.5849 -30.2617
 36.8672 -29.6014
 37.336 -29.3421
 37.9349 -28.753
 38.3035 -28.278
 38.3591 -28.2472
 37.9926 -27.7759
 37.4488 -27.2522
 37.2523 -27.1742
 37.226 -27.1575
231 130 34
 6.96315 -34.5397
 7.89205 -33.7463
 7.8109 -33.4447
 7.473 -33.1578
 6.97365 -32.3325
 6.2362 -31.5428
 5.45795 -31.7318
 4.76525 -32.0307
 3.89355 -32.1912
 3.3492 -32.327
 3.2868 -32.4295
 3.32405 -32.2701
 3.42795 -32.0246
 3.6944 -31.5345
 3.8031 -31.2069
 3.7835 -30.4002
 4.03155 -30.1954
 4.8916 -29.8449
 5.79945 -28.6735
 6.059 -28.0631
 6.03945 -27.5989
 6.14485 -27.4571
 6.3278 -27.3186
 6.41075 -27.2452
 6.50325 -27.0984
 6.75475 -26.799
 6.95995 -26.4793
 7.0669 -26.2673
 7.1952 -26.219
 7.42255 -26.0233
 7.591 -25.819
 7.72605 -25.608
 7.9002 -25.3797
 7.9399 -25.3598
231 41 4
 6.96315 -34.5397
 7.08705 -35.8619
 8.14125 -36.2907
 8.2143 -36.087
232 130 26
 12.58 -34.618
 12.3309 -33.3765
 12.1013 -32.5524
 11.6966 -32.163
 11.4265 -31.8108
 11.3321 -31.5705
 11.4477 -31.3836
 12.1458 -30.978
 12.8376 -30.5286
 12.9319 -30.3465
 12.6067 -30.2614
 12.0399 -30.0165
 11.7288 -29.4778
 11.3312 -29.0287
 10.8702 -28.784
 10.0723 -28.1382
 9.3861 -27.5992
 9.0914 -27.4377
 8.7026 -27.2473
 8.40665 -26.7626
 7.909 -26.0812
 7.42255 -26.0233
 7.591 -25.819
 7.72605 -25.608
 7.9002 -25.3797
 7.9399 -25.3598
232 112 6
 12.58 -34.618
 12.8605 -35.3758
 12.8909 -35.5683
 12.8811 -35.8818
 12.8783 -36.1618
 12.9003 -36.1756
233 75 22
 12.9808 -57.5122
 13.2418 -57.2792
 13.3464 -57.2999
 13.5496 -57.2821
 13.7089 -57.2645
 13.7164 -57.1029
 13.8703 -56.9039
 14.036 -56.8087
 14.0652 -56.7298
 14.1105 -56.6598
 14.198 -56.5906
 14.2683 -56.5681
 14.2873 -56.5553
 14.2817 -56.5056
 14.3563 -56.4815
 14.5028 -56.4047
 14.5799 -56.3026
 14.6241 -56.2867
 14.7108 -56.2495
 14.8659 -56.2274
 14.9937 -56.254
 15.0137 -56.2609
233 5 7
 12.9808 -57.5122
 12.53 -57.9114
 12.2084 -58.1308
 12.1163 -58.2201
 12.0326 -58.2805
 11.954 -58.308
 11.9447 -58.3002
234 5 11
 10.7596 -58.3202
 11.127 -58.2439
 11.2421 -58.142
 11.4298 -58.2262
 11.6393 -58.2467
 11.6901 -58.2766
 11.7278 -58.291
 11.7684 -58.3041
 11.8148 -58.2999
 11.8984 -58.2978
 11.9447 -58.3002
234 65 12
 10.7596 -58.3202
 10.3579 -58.2237
 10.0409 -58.2638
 9.6338 -58.1942
 9.4116 -58.0923
 9.395 -58.0907
 9.30295 -58.1292
 9.20325 -58.1273
 9.18065 -58.167
 8.9734 -58.4087
 8.7741 -58.7108
 8.741 -58.7823
235 54 40
 6.55975 -59.0196
 6.3634 -59.9092
 6.55865 -60.7292
 6.7871 -61.2107
 7.05255 -61.6894
 7.29295 -61.9745
 7.30365 -62.2577
 6.95585 -62.7937
 6.4005 -63.2611
 5.8939 -63.3249
 5.5686 -63.222
 5.45795 -63.1926
 5.39495 -63.0781
 5.3213 -63.1806
 5.1381 -63.209
 4.9445 -63.1932
 4.77745 -63.1587
 4.6176 -63.1117
 4.50915 -63.09
 4.3806 -63.1381
 4.3129 -63.2679
 4.3345 -63.36
 4.35775 -63.4106
 4.36695 -63.4577
 4.3158 -63.496
 4.2591 -63.5464
 4.2262 -63.5854
 4.16145 -63.6211
 4.10585 -63.6689
 4.0902 -63.7328
 4.06475 -63.7637
 4.02265 -63.7751
 3.99505 -63.7383
 3.954 -63.6434
 3.9131 -63.5542
 3.81565 -63.4763
 3.7206 -63.4346
 3.7255 -63.4166
 3.78455 -63.3924
 3.8309 -63.3769
235 86 7
 6.55975 -59.0196
 6.71675 -58.472
 6.6008 -58.0446
 6.7002 -57.5682
 6.87065 -57.173
 6.8646 -57.0378
 6.8587 -57.0308
236 40 21
 3.859 -67.26
 2.7626 -67.4402
 2.08365 -67.2054
 1.83055 -66.8974
 1.7253 -66.8343
 1.7386 -66.7718
 1.75365 -66.6422
 1.71975 -66.4068
 1.6829 -66.1821
 1.6418 -66.0098
 1.6523 -65.9655
 1.572 -66.0154
 1.421 -66.1624
 1.1901 -66.2889
 1.0062 -66.576
 0.8864 -66.777
 0.8781 -66.535
 0.83375 -66.2601
 0.7615 -66.0892
 0.7787 -65.9872
 0.7834 -65.9928
236 39 6
 3.859 -67.26
 4.8214 -67.1349
 5.46185 -67.1544
 5.8011 -67.1684
 5.9334 -67.1525
 5.9728 -67.1427
237 128 14
 33.9459 -55.3293
 33.4633 -56.8874
 32.8558 -57.6496
 32.7306 -58.0564
 32.9165 -57.9449
 33.9007 -57.8776
 34.7979 -58.2896
 35.0918 -58.2566
 36.1862 -58.1119
 37.6323 -58.8521
 38.0587 -59.7708
 37.9302 -60.6609
 38.0251 -61.3704
 38.0571 -61.498
237 18 10
 33.9459 -55.3293
 33.4897 -53.9451
 33.1578 -53.3043
 33.7276 -52.5845
 34.2474 -52.0854
 34.3428 -51.9258
 34.0484 -51.1688
 34.3561 -50.0273
 35.1192 -49.49
 35.3303 -49.3837
238 128 5
 38.6937 -59.5874
 38.0587 -59.7708
 37.9302 -60.6609
 38.0251 -61.3704
 38.0571 -61.498
238 126 4
 38.6937 -59.5874
 39.1416 -59.5261
 39.2518 -59.3129
 39.3576 -59.286
239 77 12
 40.4988 -59.2348
 41.6052 -59.1319
 41.8701 -59.1093
 42.2565 -59.3986
 42.3386 -60.09
 42.6038 -60.5938
 43.0672 -60.8839
 43.241 -60.9925
 43.4825 -61.0697
 44.1166 -61.2018
 44.5703 -61.1653
 44.5765 -61.1338
239 126 3
 40.4988 -59.2348
 39.3949 -59.3104
 39.3576 -59.286
240 122 15
 -11.6045 -60.9688
 -12.8249 -61.2091
 -13.1397 -61.2587
 -13.233 -61.39
 -13.3069 -61.6488
 -13.3335 -61.9169
 -13.385 -62.1767
 -13.7669 -62.6071
 -14.0237 -63.1206
 -13.9834 -63.4594
 -13.9774 -63.5691
 -13.857 -63.6145
 -13.7374 -63.5687
 -13.6427 -63.5811
 -13.5636 -63.6332
240 106 26
 -11.6045 -60.9688
 -10.5684 -60.7766
 -10.5931 -61.2459
 -10.5271 -61.7724
 -10.1905 -61.9699
 -10.0522 -62.0476
 -10.2787 -62.569
 -10.4573 -63.1516
 -10.2026 -63.3669
 -9.79905 -63.5984
 -9.55165 -63.77
 -9.29625 -63.9815
 -9.09775 -64.1163
 -8.4472 -63.7128
 -7.85595 -63.2273
 -7.6709 -63.3278
 -6.99025 -63.6496
 -6.14315 -63.9914
 -5.3889 -63.8102
 -4.9468 -63.6698
 -4.83465 -63.7637
 -3.9327 -63.4767
 -3.0252 -63.3036
 -2.7679 -63.5534
 -2.6041 -63.6942
 -2.5996 -63.7105
241 10 16
 -43.7732 -0.9562
 -43.9759 0.3159
 -44.0786 0.48435
 -43.9703 0.7756
 -44.1253 1.0725
 -44.7364 1.5029
 -45.5971 1.60035
 -46.2507 1.51375
 -46.6163 1.7553
 -46.7424 1.8996
 -46.7799 1.99825
 -46.9323 2.07015
 -46.8865 2.5017
 -46.7665 3.21005
 -46.8673 3.62125
 -46.9342 3.7421
241 12 5
 -43.7732 -0.9562
 -43.827 -2.3664
 -43.9454 -2.60145
 -44.05 -2.6081
 -44.0981 -2.5831
242 150 8
 11.4841 10.7298
 11.7456 12.319
 12.4993 13.2549
 12.4829 13.2949
 13.1511 13.036
 14.4578 13.2311
 15.1288 13.6945
 15.168 13.6724
242 155 9
 11.4841 10.7298
 11.4996 10.0674
 11.0323 9.62325
 11.7315 9.1558
 12.6834 8.9846
 13.3365 8.7693
 13.7862 8.71835
 13.8722 8.75795
 13.8896 8.7807
243 31 15
 -5.49105 -17.7259
 -4.24805 -18.0624
 -3.762 -18.4029
 -3.79775 -19.2633
 -4.1372 -19.9583
 -4.4345 -20.4954
 -4.73055 -20.6206
 -5.23465 -21.1955
 -5.6953 -21.8157
 -5.00655 -22.8543
 -4.4664 -24.0765
 -5.213 -24.8633
 -6.49265 -25.8587
 -7.17845 -26.3009
 -7.1911 -26.2968
243 109 9
 -5.49105 -17.7259
 -6.9036 -16.9105
 -7.41965 -16.5873
 -7.5872 -16.4463
 -8.2498 -15.9973
 -8.898 -15.4658
 -8.23615 -14.5182
 -7.44685 -13.6354
 -7.3446 -13.5669
244 50 16
 -59.7695 -18.6166
 -60.8338 -16.9471
 -60.8916 -15.2316
 -60.9897 -14.6958
 -60.7853 -14.6364
 -60.0565 -14.64
 -59.4667 -14.5974
 -59.2969 -14.4814
 -59.1852 -14.4279
 -58.9376 -14.4403
 -58.6446 -14.3489
 -58.4504 -14.0991
 -58.278 -13.9601
 -58.1857 -13.9513
 -58.1078 -13.8729
 -58.059 -13.8159
244 152 7
 -59.7695 -18.6166
 -58.4089 -19.0557
 -58.1017 -19.1842
 -57.9858 -19.6902
 -57.9286 -20.1776
 -57.9848 -20.2822
 -58.0014 -20.2749
245 0 17
 -49.7921 -1.9067
 -50.6964 -2.1018
 -51.0847 -2.189
 -50.9081 -2.4892
 -50.7817 -2.822
 -50.5582 -3.04435
 -50.0259 -3.37265
 -49.6423 -3.52705
 -49.593 -3.5585
 -49.6669 -3.5927
 -49.6666 -3.722
 -49.6411 -3.8999
 -49.7378 -4.15055
 -49.8181 -4.54345
 -49.7722 -4.8464
 -49.7438 -4.9893
 -49.7613 -5.0085
245 25 6
 -49.7921 -1.9067
 -48.8471 -1.6651
 -48.4972 -1.4234
 -48.4752 -1.2761
 -48.3114 -1.0623
 -48.2051 -0.918
246 111 3
 -54.3682 1.11915
 -53.9572 0.69965
 -54.0346 0.6193
246 134 4
 -54.3682 1.11915
 -54.8908 1.45475
 -54.9641 1.41155
 -55.0032 1.3719
247 56 15
 30.3029 -25.105
 31.1137 -23.9881
 31.3567 -23.2524
 31.3737 -22.7361
 31.4283 -21.9899
 31.3323 -21.2462
 31.5963 -21.06
 32.0906 -21.024
 32.5254 -21.2342
 33.0382 -21.2368
 33.5145 -21.1606
 33.6692 -21.1621
 33.7236 -21.242
 33.7678 -21.326
 33.8115 -21.3679
247 129 6
 30.3029 -25.105
 29.8082 -26.0528
 29.9123 -26.1786
 30.5051 -26.3297
 30.9859 -26.4896
 30.9712 -26.5535
248 146 14
 3.9755 3.55135
 4.45595 2.30925
 4.3788 1.3903
 4.3406 0.13895
 4.5883 -0.4108
 4.6886 -0.4845
 4.65485 -0.49455
 4.32795 -0.46775
 3.99775 -0.8684
 3.83475 -1.3259
 3.77305 -2.2785
 3.58985 -3.37635
 3.3743 -3.6096
 3.3554 -3.6219
248 151 7
 3.9755 3.55135
 3.56675 4.88635
 3.35315 5.0989
 3.29975 4.91255
 3.09455 4.8151
 2.7941 4.81945
 2.7715 4.8146
249 103 12
 34.5871 -29.715
 35.7888 -29.8318
 36.6104 -29.6411
 36.8672 -29.6014
 37.336 -29.3421
 37.9349 -28.753
 38.3035 -28.278
 38.3591 -28.2472
 37.9926 -27.7759
 37.4488 -27.2522
 37.2523 -27.1742
 37.226 -27.1575
249 129 9
 34.5871 -29.715
 33.4759 -28.4971
 32.5194 -27.8363
 32.1552 -27.8924
 31.9191 -27.4764
 31.7512 -27.1297
 31.3599 -26.8766
 30.9717 -26.6088
 30.9712 -26.5535
250 20 10
 -12.8585 -77.5345
 -13.521 -75.3306
 -13.2564 -74.8404
 -13.2761 -74.804
 -13.6659 -74.3107
 -14.0823 -73.7453
 -14.0473 -73.6439
 -13.9249 -73.4882
 -13.8777 -73.2907
 -13.8746 -73.2356
250 71 6
 -12.8585 -77.5345
 -11.4123 -79.1864
 -10.816 -79.3139
 -10.6626 -79.5063
 -10.5663 -79.5177
 -10.5429 -79.5464
251 100 20
 -21.7021 -22.2185
 -21.5005 -24.5893
 -21.7109 -25.0181
 -22.2605 -25.172
 -22.7146 -25.6858
 -22.8138 -26.8722
 -23.6539 -28.8413
 -24.6126 -30.1647
 -25.0657 -30.7222
 -25.6576 -31.148
 -25.8939 -31.1047
 -26.04 -31.3949
 -26.7487 -32.0277
 -27.6248 -32.1555
 -27.8957 -31.8383
 -28.0149 -32.0251
 -27.6991 -32.2824
 -26.8566 -32.896
 -26.3823 -33.368
 -26.3656 -33.3923
251 145 7
 -21.7021 -22.2185
 -21.7583 -20.1377
 -20.106 -20.4039
 -18.5793 -20.7153
 -18.4991 -20.7743
 -18.4077 -20.8237
 -18.3895 -20.8056
252 160 12
 -18.9033 -16.4566
 -18.6469 -15.389
 -18.529 -15.2577
 -18.6834 -14.7599
 -18.689 -14.3595
 -18.7767 -14.271
 -18.9496 -14.1444
 -19.2248 -13.9534
 -19.4602 -13.7825
 -19.6017 -13.7236
 -19.7038 -13.7172
 -19.7356 -13.7308
252 145 12
 -18.9033 -16.4566
 -18.8711 -17.6239
 -18.5396 -18.1692
 -17.302 -18.1538
 -16.2949 -17.4441
 -15.9226 -17.5241
 -16.3525 -18.6669
 -17.2894 -19.7587
 -17.9091 -20.3794
 -18.3337 -20.7593
 -18.384 -20.8075
 -18.3895 -20.8056
253 79 25
 -27.1925 -60.6296
 -27.3094 -60.9651
 -27.573 -61.0725
 -27.778 -61.1857
 -27.5903 -61.5666
 -27.5543 -62.0758
 -27.5951 -62.2355
 -27.4397 -62.1604
 -27.2075 -61.9637
 -27.0645 -61.9134
 -26.9121 -61.9798
 -26.6731 -61.9721
 -26.5247 -61.9547
 -26.4399 -61.9979
 -26.33 -62.0131
 -26.2447 -61.9761
 -26.2475 -62.0832
 -26.2188 -62.1743
 -26.1872 -62.2441
 -26.1601 -62.3295
 -26.1762 -62.4205
 -26.1821 -62.4699
 -26.168 -62.4916
 -26.1426 -62.5088
 -26.1339 -62.5118
253 24 8
 -27.1925 -60.6296
 -27.1264 -60.0956
 -27.127 -59.7906
 -27.2613 -59.6315
 -27.3112 -59.5499
 -27.552 -59.5273
 -27.8086 -59.507
 -27.8344 -59.4988
254 132 27
 -62.7605 -42.621
 -60.4383 -43.6607
 -59.2426 -44.2231
 -58.4699 -43.9151
 -57.4848 -43.6926
 -56.6233 -43.7476
 -55.5957 -44.4487
 -54.676 -45.8515
 -52.934 -45.1716
 -51.2689 -43.415
 -49.9626 -41.8145
 -49.1516 -40.0049
 -48.531 -40.8779
 -47.3351 -41.6413
 -46.5026 -41.9947
 -46.3698 -41.988
 -46.0558 -41.8911
 -45.564 -41.6813
 -44.8513 -40.9594
 -44.2111 -39.994
 -43.9966 -39.5269
 -43.2038 -38.0487
 -42.6931 -36.425
 -42.7366 -35.8949
 -42.5132 -35.5929
 -42.445 -35.5252
 -42.3998 -35.4886
254 97 4
 -62.7605 -42.621
 -65.9451 -41.1811
 -68.1791 -40.332
 -68.1905 -40.3034
255 72 5
 -57.6646 -31.2799
 -57.4636 -30.4748
 -57.5116 -30.3382
 -57.5699 -30.2416
 -57.5746 -30.2376
255 99 4
 -57.6646 -31.2799
 -57.7449 -32.2477
 -57.6824 -32.4882
 -57.735 -32.5219
256 35 13
 -27.2576 -1.7603
 -26.6635 -1.59845
 -26.5056 -1.1433
 -26.2806 -0.86765
 -26.1147 -0.6375
 -26.1013 -0.5951
 -26.1392 -0.545
 -26.1781 -0.4345
 -26.1326 -0.3074
 -26.1119 -0.2069
 -26.0707 -0.11875
 -25.9691 -0.04605
 -25.9359 -0.0121
256 7 5
 -27.2576 -1.7603
 -27.8538 -1.58845
 -28.0833 -1.6704
 -28.2789 -1.6704
 -28.3312 -1.6376
257 51 6
 -25.5971 20.989
 -23.6922 22.5833
 -23.6778 23.4301
 -23.9771 24.1175
 -24.0507 24.275
 -24.0734 24.2937
257 108 3
 -25.5971 20.989
 -27.224 19.6694
 -27.2088 19.6457
258 9 5
 -11.8094 -11.2106
 -11.5824 -11.7188
 -11.9613 -12.3558
 -11.8969 -12.7788
 -11.7029 -12.7184
258 52 3
 -11.8094 -11.2106
 -12.2968 -10.8629
 -12.3081 -10.8699
259 153 15
 10.6766 -3.4458
 10.1518 -4.41295
 9.32775 -4.9589
 8.90325 -5.5402
 8.7038 -5.93335
 8.7158 -6.07685
 8.7977 -6.14345
 8.9989 -6.27275
 9.18815 -6.53275
 9.51895 -7.0717
 10.0965 -7.60435
 10.5084 -7.91025
 10.6725 -8.1474
 10.6789 -8.2735
 10.6685 -8.2941
259 142 22
 10.6766 -3.4458
 10.6266 -2.43205
 11.0964 -2.4979
 10.7822 -1.9077
 11.0168 -1.4813
 11.3486 -0.8449
 11.6056 -0.33745
 11.5645 -0.26315
 11.9002 0.2257
 12.2828 0.68275
 12.4473 0.6572
 13.0625 0.6527
 13.7173 0.6629
 14.0584 0.5555
 14.3261 0.4085
 14.1425 0.81505
 14.1711 1.3545
 14.4011 2.1262
 14.1255 3.11765
 13.7148 3.5925
 13.6786 3.7054
 13.6468 3.7383
260 159 13
 14.8855 2.37395
 15.4851 1.93
 15.8197 1.79605
 16.2007 1.9551
 16.478 2.19515
 16.4983 2.2902
 16.7498 2.65125
 16.9159 3.0093
 16.6745 3.58325
 16.5098 4.13845
 16.6819 4.3276
 16.8741 4.41945
 16.9204 4.3533
260 142 5
 14.8855 2.37395
 14.1255 3.11765
 13.7148 3.5925
 13.6786 3.7054
 13.6468 3.7383
261 103 12
 42.1259 -29.2356
 41.177 -28.9814
 40.6611 -28.0861
 40.3748 -27.3615
 39.9945 -27.062
 39.3194 -27.0222
 38.978 -27.158
 38.8385 -27.2181
 38.1665 -27.2719
 37.4488 -27.2522
 37.2523 -27.1742
 37.226 -27.1575
261 62 5
 42.1259 -29.2356
 42.9407 -29.1568
 43.4186 -28.9643
 43.8166 -28.6736
 43.8638 -28.5852
262 64 8
 24.9324 -35.6588
 23.9326 -35.4783
 23.7748 -35.4042
 23.6632 -35.332
 23.576 -35.2881
 23.4564 -35.2757
 23.379 -35.3411
 23.3567 -35.3751
262 76 5
 24.9324 -35.6588
 25.9769 -35.8019
 26.1479 -35.788
 26.2706 -35.7889
 26.3359 -35.7685
263 30 29
 14.8587 -41.2077
 15.4974 -41.7519
 15.8944 -42.1413
 16.2565 -42.2261
 16.7291 -42.4613
 17.0513 -42.4344
 17.0139 -42.8036
 16.7334 -43.6405
 16.3315 -44.4688
 16.0173 -44.6919
 15.7047 -44.9522
 15.4806 -45.1011
 15.3277 -45.2229
 15.0059 -45.5146
 14.6348 -45.7202
 14.4121 -46.224
 14.3295 -46.7152
 14.0567 -46.7851
 13.6354 -46.9562
 13.2636 -47.0341
 13.0926 -47.0216
 13.2928 -47.2733
 13.5704 -47.5983
 13.7761 -48.141
 13.8469 -48.7689
 14.0603 -49.5555
 14.3258 -50.2529
 14.466 -50.3174
 14.5875 -50.2869
263 19 4
 14.8587 -41.2077
 13.9401 -40.9912
 13.5388 -40.899
 13.5701 -40.7893
264 87 19
 18.1831 -45.6345
 19.0503 -45.8731
 19.7984 -46.1922
 20.4396 -46.5112
 20.778 -46.8517
 21.0714 -47.0251
 21.2201 -47.028
 21.4207 -46.775
 21.5043 -46.5736
 21.5122 -46.4921
 21.5805 -46.4191
 21.6601 -46.3869
 21.7002 -46.3657
 21.7236 -46.3088
 21.7498 -46.1989
 21.755 -46.1383
 21.6188 -46.1479
 21.472 -46.1253
 21.4257 -46.1022
264 30 24
 18.1831 -45.6345
 17.1264 -45.4603
 16.6431 -44.8731
 16.3275 -44.5258
 16.0173 -44.6919
 15.7047 -44.9522
 15.4806 -45.1011
 15.3277 -45.2229
 15.0059 -45.5146
 14.6348 -45.7202
 14.4121 -46.224
 14.3295 -46.7152
 14.0567 -46.7851
 13.6354 -46.9562
 13.2636 -47.0341
 13.0926 -47.0216
 13.2928 -47.2733
 13.5704 -47.5983
 13.7761 -48.141
 13.8469 -48.7689
 14.0603 -49.5555
 14.3258 -50.2529
 14.466 -50.3174
 14.5875 -50.2869
265 87 9
 22.8042 -44.4247
 22.1352 -45.4406
 21.9613 -45.9501
 21.8131 -46.0956
 21.7498 -46.1989
 21.755 -46.1383
 21.6188 -46.1479
 21.472 -46.1253
 21.4257 -46.1022
265 76 24
 22.8042 -44.4247
 23.6166 -43.5818
 23.885 -43.174
 23.6856 -42.406
 23.6245 -41.5668
 24.0217 -41.231
 24.3456 -40.8682
 24.8222 -40.5712
 24.9109 -40.2569
 24.976 -39.6929
 25.5907 -39.7175
 25.9312 -39.6554
 25.8187 -38.8243
 25.3115 -38.2525
 25.0893 -37.7721
 25.8104 -37.2992
 26.4099 -37.2055
 26.8098 -36.6028
 27.1792 -35.8819
 27.2658 -35.5801
 26.998 -35.5409
 26.5336 -35.7083
 26.388 -35.7543
 26.3359 -35.7685
266 65 12
 7.77765 -57.3073
 8.23395 -57.5705
 8.3977 -57.7118
 8.72875 -57.7956
 9.0613 -57.9222
 9.15565 -57.9683
 9.1785 -58.0323
 9.20325 -58.1273
 9.18065 -58.167
 8.9734 -58.4087
 8.7741 -58.7108
 8.741 -58.7823
266 86 7
 7.77765 -57.3073
 7.37455 -57.0939
 7.2083 -56.986
 7.00135 -57.0014
 6.89845 -57.042
 6.8646 -57.0378
 6.8587 -57.0308
267 8 4
 -33.301 -71.9464
 -34.1263 -70.8671
 -34.4163 -70.3037
 -34.4602 -70.1757
267 36 4
 -33.301 -71.9464
 -33.0982 -72.8503
 -33.4874 -73.1114
 -33.5002 -73.1124
268 144 9
 -31.9403 -73.4588
 -31.5247 -73.4897
 -31.3454 -73.7454
 -31.047 -73.8782
 -30.9149 -73.9294
 -30.1623 -74.2972
 -29.3242 -74.6668
 -29.1964 -74.7129
 -29.19 -74.7297
268 36 6
 -31.9403 -73.4588
 -32.4781 -73.5472
 -32.8742 -73.45
 -33.3228 -73.2452
 -33.4874 -73.1114
 -33.5002 -73.1124
269 79 48
 -37.5555 -60.4797
 -36.8979 -60.2589
 -36.3766 -60.2626
 -35.5003 -60.4529
 -34.8701 -60.5862
 -34.7828 -60.6615
 -35.1268 -61.3229
 -34.8039 -62.1876
 -34.0185 -62.17
 -33.1966 -62.0115
 -32.3361 -61.9726
 -32.0225 -61.7499
 -31.4049 -61.7537
 -30.8472 -61.8455
 -30.4207 -61.7644
 -30.1823 -61.8674
 -30.0075 -62.2611
 -29.5576 -62.4902
 -29.2659 -62.482
 -29.0899 -62.4396
 -28.9263 -62.3246
 -28.5601 -62.3401
 -28.2559 -62.5125
 -28.0434 -62.775
 -27.8538 -62.9727
 -27.59 -62.8971
 -27.4007 -62.8097
 -27.4235 -62.619
 -27.4906 -62.3974
 -27.554 -62.3134
 -27.4397 -62.1604
 -27.2075 -61.9637
 -27.0645 -61.9134
 -26.9121 -61.9798
 -26.6731 -61.9721
 -26.5247 -61.9547
 -26.4399 -61.9979
 -26.33 -62.0131
 -26.2447 -61.9761
 -26.2475 -62.0832
 -26.2188 -62.1743
 -26.1872 -62.2441
 -26.1601 -62.3295
 -26.1762 -62.4205
 -26.1821 -62.4699
 -26.168 -62.4916
 -26.1426 -62.5088
 -26.1339 -62.5118
269 158 10
 -37.5555 -60.4797
 -38.6728 -60.4124
 -39.3281 -60.1589
 -39.5148 -60.2391
 -39.5713 -60.4315
 -39.6388 -60.5465
 -39.8312 -60.56
 -39.9676 -60.568
 -40.1031 -60.5618
 -40.1657 -60.508
270 3 8
 -4.2529 -66.8166
 -5.18815 -67.0049
 -6.19765 -67.3242
 -6.48335 -67.3387
 -6.5913 -67.3017
 -6.7864 -67.2813
 -6.9248 -67.2863
 -6.9316 -67.2815
270 106 9
 -4.2529 -66.8166
 -3.70295 -66.3579
 -3.1421 -65.6794
 -2.88955 -65.3996
 -2.90815 -65.2092
 -2.97705 -64.8782
 -2.7339 -64.1933
 -2.55735 -63.7646
 -2.5996 -63.7105
271 40 29
 -1.98845 -64.0478
 -1.4992 -64.1788
 -1.17215 -64.2383
 -0.70405 -64.1949
 -0.1109 -64.0674
 0.4957 -64.0518
 1.20425 -64.0636
 1.885 -64.1616
 2.25425 -64.4373
 2.24315 -64.6626
 2.24165 -64.78
 2.2261 -64.9238
 2.14425 -65.045
 2.07145 -65.1277
 2.142 -65.2896
 2.137 -65.4575
 2.0079 -65.6499
 1.8323 -65.8968
 1.6523 -65.9655
 1.572 -66.0154
 1.421 -66.1624
 1.1901 -66.2889
 1.0062 -66.576
 0.8864 -66.777
 0.8781 -66.535
 0.83375 -66.2601
 0.7615 -66.0892
 0.7787 -65.9872
 0.7834 -65.9928
271 106 5
 -1.98845 -64.0478
 -2.273 -63.8327
 -2.3819 -63.7438
 -2.5235 -63.7257
 -2.5996 -63.7105
272 24 9
 -25.993 -57.1224
 -26.74 -57.5128
 -27.2098 -57.8393
 -27.3107 -58.7712
 -27.2051 -59.5087
 -27.3112 -59.5499
 -27.552 -59.5273
 -27.8086 -59.507
 -27.8344 -59.4988
272 102 7
 -25.993 -57.1224
 -24.7001 -56.8556
 -24.6851 -56.7415
 -25.4692 -55.9536
 -25.5968 -55.1216
 -25.6138 -54.653
 -25.5893 -54.3861
273 70 24
 -15.0944 -39.6892
 -16.5012 -42.3515
 -16.8438 -42.929
 -16.9332 -42.9153
 -16.4996 -43.5715
 -15.9367 -44.3572
 -16.0397 -45.5666
 -16.3238 -46.6669
 -16.7062 -47.6553
 -16.3455 -49.5002
 -15.4889 -50.3951
 -16.011 -50.5773
 -16.495 -50.7271
 -16.6592 -51.3164
 -16.7564 -52.129
 -17.6493 -52.1889
 -16.764 -52.4079
 -16.2223 -53.3457
 -15.9653 -54.6721
 -16.0766 -55.5917
 -16.2911 -56.5852
 -15.7928 -57.1203
 -15.6233 -58.2445
 -15.6037 -58.3404
273 131 9
 -15.0944 -39.6892
 -13.7486 -37.6403
 -15.8025 -38.0633
 -19.125 -37.6262
 -20.138 -35.8699
 -19.2833 -35.2803
 -18.6935 -35.4478
 -18.5643 -35.2404
 -18.6058 -35.2251
274 70 26
 -9.74485 -49.1653
 -10.9457 -49.4965
 -11.3505 -49.4547
 -12.0956 -49.7806
 -12.5649 -50.2695
 -12.9998 -50.4336
 -13.6185 -50.583
 -14.018 -50.6684
 -14.4778 -50.6928
 -14.9767 -50.6342
 -15.1954 -50.5044
 -15.2963 -50.3918
 -15.4889 -50.3951
 -16.011 -50.5773
 -16.495 -50.7271
 -16.6592 -51.3164
 -16.7564 -52.129
 -17.6493 -52.1889
 -16.764 -52.4079
 -16.2223 -53.3457
 -15.9653 -54.6721
 -16.0766 -55.5917
 -16.2911 -56.5852
 -15.7928 -57.1203
 -15.6233 -58.2445
 -15.6037 -58.3404
274 113 3
 -9.74485 -49.1653
 -8.48165 -48.8893
 -8.3867 -48.9116
275 130 35
 -6.63495 -33.7262
 -4.7992 -33.2935
 -3.0058 -32.7344
 -1.62435 -32.2257
 -0.8985 -32.7346
 -0.1736 -33.029
 0.8569 -32.8928
 1.85425 -32.7211
 2.1799 -32.8476
 2.2619 -32.8804
 2.7581 -32.6898
 3.2868 -32.4295
 3.32405 -32.2701
 3.42795 -32.0246
 3.6944 -31.5345
 3.8031 -31.2069
 3.7835 -30.4002
 4.03155 -30.1954
 4.8916 -29.8449
 5.79945 -28.6735
 6.059 -28.0631
 6.03945 -27.5989
 6.14485 -27.4571
 6.3278 -27.3186
 6.41075 -27.2452
 6.50325 -27.0984
 6.75475 -26.799
 6.95995 -26.4793
 7.0669 -26.2673
 7.1952 -26.219
 7.42255 -26.0233
 7.591 -25.819
 7.72605 -25.608
 7.9002 -25.3797
 7.9399 -25.3598
275 1 3
 -6.63495 -33.7262
 -7.7868 -34.4201
 -7.8122 -34.3893
276 130 36
 -0.0512 -36.9127
 -0.10675 -36.1048
 -0.61005 -34.8854
 -1.22305 -33.9776
 -0.92655 -33.1959
 -0.8985 -32.7346
 -0.1736 -33.029
 0.8569 -32.8928
 1.85425 -32.7211
 2.1799 -32.8476
 2.2619 -32.8804
 2.7581 -32.6898
 3.2868 -32.4295
 3.32405 -32.2701
 3.42795 -32.0246
 3.6944 -31.5345
 3.8031 -31.2069
 3.7835 -30.4002
 4.03155 -30.1954
 4.8916 -29.8449
 5.79945 -28.6735
 6.059 -28.0631
 6.03945 -27.5989
 6.14485 -27.4571
 6.3278 -27.3186
 6.41075 -27.2452
 6.50325 -27.0984
 6.75475 -26.799
 6.95995 -26.4793
 7.0669 -26.2673
 7.1952 -26.219
 7.42255 -26.0233
 7.591 -25.819
 7.72605 -25.608
 7.9002 -25.3797
 7.9399 -25.3598
276 127 7
 -0.0512 -36.9127
 0.53055 -37.7472
 1.151 -38.646
 1.2165 -39.2596
 1.25315 -39.8341
 1.2829 -39.9369
 1.2976 -40.0045
277 31 17
 -0.9958 -17.1045
 -1.5806 -16.691
 -2.44575 -17.3092
 -3.61395 -17.8763
 -3.762 -18.4029
 -3.79775 -19.2633
 -4.1372 -19.9583
 -4.4345 -20.4954
 -4.73055 -20.6206
 -5.23465 -21.1955
 -5.6953 -21.8157
 -5.00655 -22.8543
 -4.4664 -24.0765
 -5.213 -24.8633
 -6.49265 -25.8587
 -7.17845 -26.3009
 -7.1911 -26.2968
277 60 5
 -0.9958 -17.1045
 -0.48035 -17.7729
 -0.46905 -18.2897
 -0.43125 -18.5703
 -0.3616 -18.5979
278 9 11
 -14.8638 -16.115
 -13.9134 -15.6159
 -13.5044 -15.5588
 -13.1973 -15.3356
 -13.1046 -15.0837
 -12.6918 -14.306
 -12.3907 -13.4608
 -12.2785 -13.2351
 -12.0861 -12.9961
 -11.8969 -12.7788
 -11.7029 -12.7184
278 145 9
 -14.8638 -16.115
 -15.9179 -16.8935
 -15.9226 -17.5241
 -16.3525 -18.6669
 -17.2894 -19.7587
 -17.9091 -20.3794
 -18.3337 -20.7593
 -18.384 -20.8075
 -18.3895 -20.8056
279 100 17
 -36.2324 -37.0986
 -33.7797 -37.7416
 -32.4934 -37.9909
 -32.007 -38.6314
 -31.7852 -37.8935
 -31.466 -37.7197
 -31.1947 -37.1251
 -30.8144 -36.6378
 -29.7397 -36.064
 -29.0741 -35.1182
 -29.2953 -34.7601
 -28.827 -34.9188
 -28.3351 -34.5095
 -27.772 -33.79
 -26.8298 -33.6463
 -26.391 -33.5191
 -26.3656 -33.3923
279 132 9
 -36.2324 -37.0986
 -38.4007 -37.1713
 -40.4532 -37.2257
 -41.9255 -36.4859
 -42.403 -36.1492
 -42.7366 -35.8949
 -42.5132 -35.5929
 -42.445 -35.5252
 -42.3998 -35.4886
280 133 6
 -69.6388 -33.9178
 -67.6172 -34.635
 -65.9666 -34.9198
 -65.0622 -35.3766
 -64.8778 -35.3206
 -64.8799 -35.3738
280 94 4
 -69.6388 -33.9178
 -70.3996 -32.1591
 -70.147 -31.3302
 -70.2224 -31.2612
281 137 7
 -56.4668 -20.8193
 -56.1357 -21.2591
 -55.9967 -20.757
 -55.625 -19.8466
 -55.3558 -19.3762
 -55.3147 -19.3091
 -55.3074 -19.2889
281 152 6
 -56.4668 -20.8193
 -57.4128 -20.4577
 -58.0949 -20.5181
 -58.0982 -20.3979
 -58.0193 -20.2926
 -58.0014 -20.2749
282 94 18
 -60.7649 -21.2459
 -62.4879 -21.1434
 -62.7055 -20.856
 -63.8758 -21.7623
 -65.0268 -22.9151
 -65.4534 -23.688
 -66.0805 -24.7722
 -66.9864 -24.6424
 -68.6387 -24.1171
 -69.9763 -25.1257
 -69.6082 -26.8639
 -68.4565 -27.7795
 -68.213 -28.3042
 -68.4079 -29.7296
 -69.1844 -30.993
 -70.0242 -31.39
 -70.147 -31.3302
 -70.2224 -31.2612
282 152 7
 -60.7649 -21.2459
 -59.1408 -20.9956
 -58.6524 -20.7545
 -58.1807 -20.5077
 -58.0982 -20.3979
 -58.0193 -20.2926
 -58.0014 -20.2749
283 55 44
 -55.3906 -13.1464
 -54.8585 -13.2573
 -54.5817 -13.3668
 -54.2322 -13.1318
 -53.5947 -12.8679
 -53.2147 -12.7218
 -53.0055 -11.8822
 -52.8656 -10.9326
 -52.8602 -10.6713
 -52.9362 -10.5777
 -53.0219 -10.4509
 -52.7448 -9.9511
 -52.225 -9.2429
 -52.2321 -8.75735
 -52.6548 -8.91595
 -52.5031 -8.3864
 -52.6638 -8.1574
 -52.8585 -8.0777
 -53.1071 -7.7996
 -53.0728 -7.14215
 -52.8606 -6.74125
 -52.8375 -6.6115
 -52.8413 -6.459
 -52.8417 -6.3765
 -52.8295 -6.2724
 -52.8072 -6.15225
 -52.7605 -6.07145
 -52.7389 -6.05415
 -52.6891 -6.0543
 -52.6341 -6.0487
 -52.5761 -6.0381
 -52.5329 -6.02085
 -52.4864 -5.9648
 -52.454 -5.8774
 -52.4543 -5.8199
 -52.4003 -5.8944
 -52.3216 -5.9428
 -52.2638 -5.93085
 -52.1768 -5.95265
 -52.1177 -6.01445
 -52.1105 -6.04815
 -52.1507 -6.0719
 -52.1713 -6.14585
 -52.1565 -6.2
283 50 5
 -55.3906 -13.1464
 -56.7684 -13.2636
 -57.9521 -13.5982
 -58.0446 -13.8085
 -58.059 -13.8159
284 12 31
 -37.2017 -13.6537
 -37.7481 -11.9
 -37.3528 -10.6114
 -35.5302 -9.7067
 -34.6073 -9.26415
 -34.6603 -8.89235
 -34.4791 -7.8549
 -34.4925 -6.5335
 -34.8484 -5.83125
 -35.4583 -5.3541
 -35.9067 -4.5396
 -36.2108 -3.99435
 -36.5814 -4.15715
 -37.2192 -3.94975
 -37.7587 -3.71265
 -38.3074 -3.2323
 -39.1707 -3.04345
 -39.7531 -2.91645
 -40.1981 -2.3184
 -40.6021 -2.21835
 -40.8248 -2.3743
 -40.8684 -2.48145
 -41.042 -2.60795
 -41.3153 -3.1872
 -41.4801 -3.76085
 -41.8801 -3.1747
 -42.7196 -2.6667
 -43.5175 -2.6281
 -43.9454 -2.60145
 -44.05 -2.6081
 -44.0981 -2.5831
284 16 9
 -37.2017 -13.6537
 -36.9492 -15.1683
 -36.7929 -16.2163
 -37.3285 -17.183
 -38.7398 -18.2186
 -39.6932 -19.1935
 -39.7495 -19.4839
 -39.7588 -19.7689
 -39.8155 -19.8827
285 55 15
 -50.1477 -5.09525
 -50.4656 -5.33025
 -50.598 -5.42195
 -50.7729 -5.40155
 -51.1678 -5.67895
 -51.4358 -5.98825
 -51.5023 -6.0815
 -51.6339 -6.13355
 -51.8724 -6.13065
 -52.062 -6.06665
 -52.1177 -6.01445
 -52.1105 -6.04815
 -52.1507 -6.0719
 -52.1713 -6.14585
 -52.1565 -6.2
285 0 3
 -50.1477 -5.09525
 -49.8514 -5.0144
 -49.7613 -5.0085
286 51 26
 -44.3657 36.5812
 -43.8518 32.7715
 -43.4943 32.6907
 -42.876 31.7997
 -42.4919 30.973
 -43.196 30.9057
 -43.8792 30.6341
 -43.9581 30.0894
 -44.1088 29.2661
 -44.0855 28.8156
 -42.6422 28.0553
 -39.9123 27.4907
 -37.9928 27.3355
 -36.6516 26.9837
 -34.4138 26.2646
 -32.2452 26.3936
 -31.3115 26.9146
 -30.4718 27.052
 -28.937 27.188
 -28.3816 26.18
 -28.4828 25.1549
 -26.6572 24.8717
 -24.5625 24.7974
 -24.0905 24.6264
 -24.0975 24.3842
 -24.0734 24.2937
286 47 4
 -44.3657 36.5812
 -45.3153 41.0536
 -45.8102 41.6852
 -45.7718 41.7862
287 116 6
 -44.6364 11.3395
 -44.82 9.7794
 -44.6142 9.15725
 -43.4095 8.81355
 -42.3712 8.35605
 -42.3722 8.333
287 138 4
 -44.6364 11.3395
 -44.3563 12.4499
 -44.3335 12.8706
 -44.3671 13.028
288 35 24
 -32.1929 7.4074
 -31.3807 7.03855
 -30.3861 6.39085
 -29.8066 6.1204
 -29.6294 5.4063
 -29.6213 4.2594
 -29.7964 3.6486
 -29.8186 3.10785
 -29.8546 2.61985
 -29.344 2.5815
 -28.3623 2.7562
 -27.8273 3.0129
 -27.713 2.6556
 -27.4589 2.13835
 -27.3785 1.8665
 -27.1929 1.58005
 -26.906 0.4111
 -26.6776 -0.4958
 -26.348 -0.38805
 -26.1458 -0.28495
 -26.1119 -0.2069
 -26.0707 -0.11875
 -25.9691 -0.04605
 -25.9359 -0.0121
288 83 7
 -32.1929 7.4074
 -33.1002 7.48135
 -33.93 7.5142
 -34.2028 7.6249
 -34.4952 7.97215
 -34.7859 8.27535
 -34.7797 8.4189
289 51 6
 -21.6887 23.3256
 -23.1576 23.5765
 -23.5944 23.8455
 -23.9771 24.1175
 -24.0507 24.275
 -24.0734 24.2937
289 26 6
 -21.6887 23.3256
 -20.2149 23.4307
 -20.1218 23.6917
 -20.1809 23.8135
 -20.224 23.9016
 -20.2248 23.9089
290 74 25
 -10.1087 22.9525
 -9.2589 22.0671
 -8.8991 21.5287
 -8.29795 21.3878
 -7.7549 21.035
 -7.48755 20.6439
 -7.47575 20.0645
 -7.67035 19.4478
 -7.29465 18.9151
 -6.79475 18.3157
 -6.60075 18.066
 -6.5663 17.9571
 -6.52375 17.9087
 -6.4518 17.8341
 -6.2281 17.6954
 -5.9962 17.7677
 -5.72365 18.04
 -5.3564 18.0791
 -5.1905 18.0076
 -5.1883 18.0445
 -5.09135 18.0187
 -4.96755 18.0177
 -4.907 17.9939
 -4.8341 17.9139
 -4.7767 17.8418
290 34 12
 -10.1087 22.9525
 -10.8796 24.008
 -11.3115 24.6365
 -11.5727 24.7885
 -11.6273 24.9608
 -11.5652 25.1092
 -11.34 25.2712
 -11.0935 25.4354
 -11.132 25.6206
 -11.3448 25.7438
 -11.4426 25.7537
 -11.4644 25.7391
291 34 13
 -9.4966 27.7428
 -9.90475 27.1197
 -10.1835 26.7153
 -10.0883 26.4645
 -10.144 26.0721
 -10.5387 25.7319
 -10.871 25.5485
 -10.9472 25.538
 -11.0935 25.4354
 -11.132 25.6206
 -11.3448 25.7438
 -11.4426 25.7537
 -11.4644 25.7391
291 96 10
 -9.4966 27.7428
 -9.58095 28.5065
 -9.77625 29.1274
 -9.78255 29.42
 -9.7303 29.699
 -9.6546 29.7326
 -9.51865 29.8092
 -9.4083 29.9401
 -9.3287 29.9473
 -9.2827 29.939
292 96 14
 -8.98085 33.9696
 -9.3827 33.006
 -9.3453 32.0842
 -9.4853 31.1735
 -9.6159 30.7812
 -9.6678 30.6392
 -9.65445 30.5452
 -9.6039 30.4181
 -9.57715 30.2914
 -9.521 30.1804
 -9.4789 30.0801
 -9.43055 30.0108
 -9.3287 29.9473
 -9.2827 29.939
292 63 6
 -8.98085 33.9696
 -7.72865 34.1484
 -6.9532 33.6727
 -6.8836 33.7442
 -6.80055 33.8566
 -6.7803 33.8758
293 63 7
 -8.80135 35.953
 -8.49225 34.6514
 -7.72865 34.1484
 -6.9532 33.6727
 -6.8836 33.7442
 -6.80055 33.8566
 -6.7803 33.8758
293 57 10
 -8.80135 35.953
 -9.6981 37.7302
 -10.7141 38.8361
 -11.3069 39.6989
 -11.472 39.9981
 -11.8432 40.2407
 -12.344 40.6918
 -12.5465 41.0622
 -12.6467 41.2779
 -12.6796 41.3493
294 74 27
 -9.88325 19.6596
 -9.9941 20.9149
 -9.83945 22.0747
 -9.2589 22.0671
 -8.8991 21.5287
 -8.29795 21.3878
 -7.7549 21.035
 -7.48755 20.6439
 -7.47575 20.0645
 -7.67035 19.4478
 -7.29465 18.9151
 -6.79475 18.3157
 -6.60075 18.066
 -6.5663 17.9571
 -6.52375 17.9087
 -6.4518 17.8341
 -6.2281 17.6954
 -5.9962 17.7677
 -5.72365 18.04
 -5.3564 18.0791
 -5.1905 18.0076
 -5.1883 18.0445
 -5.09135 18.0187
 -4.96755 18.0177
 -4.907 17.9939
 -4.8341 17.9139
 -4.7767 17.8418
294 121 3
 -9.88325 19.6596
 -9.86455 18.9816
 -9.8201 18.8061
295 74 9
 -4.274 13.8228
 -4.76375 14.5691
 -4.8504 15.1534
 -4.448 15.7429
 -4.20595 16.4539
 -4.48915 16.9733
 -4.7543 17.6065
 -4.80395 17.838
 -4.7767 17.8418
295 117 5
 -4.274 13.8228
 -3.6123 13.1038
 -2.7409 13.0246
 -2.14555 13.4934
 -2.0976 13.4764
296 60 8
 3.4956 -14.4587
 2.5133 -15.4347
 2.40915 -17.0269
 2.1308 -17.8467
 2.0683 -18.0297
 0.83285 -18.2267
 -0.361 -18.4776
 -0.3616 -18.5979
296 69 3
 3.4956 -14.4587
 4.7541 -14.4371
 4.8764 -14.5028
297 130 14
 9.5139 -23.4916
 8.7297 -24.0923
 8.84015 -24.4796
 9.0042 -25.2294
 8.7888 -25.9905
 8.55025 -26.726
 8.7026 -27.2473
 8.40665 -26.7626
 7.909 -26.0812
 7.42255 -26.0233
 7.591 -25.819
 7.72605 -25.608
 7.9002 -25.3797
 7.9399 -25.3598
297 156 11
 9.5139 -23.4916
 10.2979 -22.8875
 10.2618 -22.2731
 10.6542 -22.9756
 11.5835 -23.688
 11.8764 -24.207
 11.7248 -24.4771
 11.9273 -24.7195
 12.1512 -24.7752
 12.3203 -24.836
 12.3447 -24.8336
298 130 27
 18.2567 -24.293
 17.7534 -25.2027
 17.4862 -25.5098
 16.9344 -25.6656
 16.1347 -26.0776
 15.6821 -27.2797
 15.6381 -28.3225
 15.3878 -28.3662
 13.971 -29.0803
 12.8671 -30.0648
 12.9319 -30.3465
 12.6067 -30.2614
 12.0399 -30.0165
 11.7288 -29.4778
 11.3312 -29.0287
 10.8702 -28.784
 10.0723 -28.1382
 9.3861 -27.5992
 9.0914 -27.4377
 8.7026 -27.2473
 8.40665 -26.7626
 7.909 -26.0812
 7.42255 -26.0233
 7.591 -25.819
 7.72605 -25.608
 7.9002 -25.3797
 7.9399 -25.3598
298 93 5
 18.2567 -24.293
 18.6165 -22.7361
 18.93 -21.6458
 18.9142 -21.4245
 18.873 -21.3701
299 27 11
 11.1117 -9.6599
 11.2832 -10.3728
 11.297 -10.6667
 11.5921 -10.8493
 11.7424 -10.9106
 11.9488 -11.1774
 12.1379 -11.4904
 13.0898 -11.7171
 14.0349 -11.9816
 14.0476 -12.5319
 13.984 -12.9679
299 153 4
 11.1117 -9.6599
 10.6484 -8.7512
 10.6283 -8.35365
 10.6685 -8.2941
300 146 23
 10.2886 1.29545
 9.66865 1.33285
 9.1916 1.5453
 8.64025 1.1575
 7.9973 0.77045
 7.5367 0.5647
 7.3632 0.3515
 6.77885 -0.0791
 6.2854 -0.36765
 6.2289 -0.4926
 6.14085 -0.5882
 5.78025 -0.3965
 5.2648 -0.32885
 4.92285 -0.47935
 4.75815 -0.5281
 4.65485 -0.49455
 4.32795 -0.46775
 3.99775 -0.8684
 3.83475 -1.3259
 3.77305 -2.2785
 3.58985 -3.37635
 3.3743 -3.6096
 3.3554 -3.6219
300 142 20
 10.2886 1.29545
 10.6252 1.9097
 11.0259 1.4647
 11.4262 0.535
 11.5318 -0.237
 11.5645 -0.26315
 11.9002 0.2257
 12.2828 0.68275
 12.4473 0.6572
 13.0625 0.6527
 13.7173 0.6629
 14.0584 0.5555
 14.3261 0.4085
 14.1425 0.81505
 14.1711 1.3545
 14.4011 2.1262
 14.1255 3.11765
 13.7148 3.5925
 13.6786 3.7054
 13.6468 3.7383
301 150 18
 2.86985 15.864
 3.86585 14.7746
 4.48895 14.4271
 4.98465 14.5101
 5.6085 14.8138
 6.64985 15.1537
 7.51195 15.2812
 8.106 15.4373
 9.63165 16.1853
 10.9626 16.6346
 10.431 16.1095
 10.4607 13.981
 11.6505 12.8614
 12.4829 13.2949
 13.1511 13.036
 14.4578 13.2311
 15.1288 13.6945
 15.168 13.6724
301 117 16
 2.86985 15.864
 2.08635 16.9515
 1.861 17.2355
 1.59825 16.8074
 1.1784 16.2678
 0.53435 15.7888
 0.0492 15.1361
 -0.0617 14.8448
 -0.22755 14.7885
 -0.5336 15.1034
 -0.8785 15.5061
 -1.21595 15.5944
 -1.58485 15.305
 -1.90785 14.2556
 -2.0751 13.5076
 -2.0976 13.4764
302 150 12
 19.666 18.3495
 19.8523 16.9194
 19.8298 15.8495
 19.281 15.6411
 17.8008 15.7686
 16.5506 15.5124
 15.8236 15.2994
 15.7167 15.0523
 15.8141 14.6866
 15.5308 14.1038
 15.2059 13.6672
 15.168 13.6724
302 148 5
 19.666 18.3495
 19.2734 19.2267
 19.2492 19.4397
 19.1568 19.5657
 19.1123 19.5944
303 91 9
 26.38 18.4785
 25.9864 19.7659
 25.7623 20.6005
 25.4347 21.5679
 25.1774 21.9529
 25.1164 22.0661
 25.1786 22.1858
 25.2631 22.2464
 25.2867 22.2463
303 136 23
 26.38 18.4785
 26.7412 17.1478
 26.7215 16.8904
 27.2215 16.7959
 28.0667 16.5419
 28.7777 16.6064
 29.172 16.7669
 29.3653 16.6366
 29.462 16.5066
 29.7737 16.4432
 30.1231 16.3111
 30.3495 15.6864
 30.6706 15.0518
 30.8647 14.8573
 31.0406 14.8073
 31.135 14.7834
 31.3238 14.5552
 31.4405 14.0342
 31.3368 13.6872
 31.9377 13.5574
 32.6038 13.6479
 32.7066 13.8861
 32.7454 13.9156
304 28 36
 21.2922 1.81095
 22.103 2.5236
 22.2482 3.29895
 22.3209 3.31425
 22.6647 3.09835
 23.2756 3.33665
 24.0555 3.7039
 24.5744 3.7659
 24.8773 3.93505
 24.7529 3.51115
 25.038 2.7952
 25.5048 2.2022
 25.6786 2.06905
 25.7703 1.92965
 25.9102 1.77105
 25.9479 1.56505
 25.9307 1.38395
 25.9716 1.44115
 26.1962 1.4461
 26.378 1.26855
 26.3927 1.1188
 26.5152 0.9978
 26.6386 0.82105
 26.7711 0.6525
 26.8122 0.5367
 26.7622 0.40825
 26.7678 0.24595
 26.5952 0.2544
 26.4028 0.31235
 26.2862 0.35055
 26.1768 0.3607
 26.1985 0.29295
 26.1902 0.1661
 26.0598 0.01355
 25.9903 0.02715
 25.9953 0.1063
304 159 24
 21.2922 1.81095
 20.3551 1.38945
 19.8712 0.63225
 19.8974 0.14755
 20.3015 -0.74075
 20.1395 -1.83935
 18.9639 -2.33965
 18.2005 -2.5585
 17.7335 -1.99515
 16.9885 -1.39765
 16.6534 -0.5431
 16.3432 0.65295
 15.9875 1.4129
 15.8197 1.79605
 16.2007 1.9551
 16.478 2.19515
 16.4983 2.2902
 16.7498 2.65125
 16.9159 3.0093
 16.6745 3.58325
 16.5098 4.13845
 16.6819 4.3276
 16.8741 4.41945
 16.9204 4.3533
305 22 19
 30.417 9.05785
 30.7269 8.67375
 30.9202 8.518
 31.0787 8.27235
 31.2851 7.94715
 31.48 7.83045
 31.5906 7.83615
 31.6931 7.80415
 31.7718 7.84645
 31.9915 7.9071
 32.5049 8.09335
 32.9259 8.5256
 33.1039 8.7747
 33.6588 8.93875
 34.1986 9.0196
 34.3089 8.88545
 34.6875 8.97175
 35.0798 9.05205
 35.135 8.9958
305 46 7
 30.417 9.05785
 30.2095 9.5309
 30.2292 9.9162
 30.391 10.5097
 30.225 10.7552
 29.8854 10.6383
 29.8564 10.6686
306 45 11
 26.3883 11.1432
 25.746 11.0613
 25.3354 10.8386
 25.0861 10.7015
 25.0441 10.6004
 25.1246 10.2055
 25.1611 9.8164
 25.1617 9.73835
 25.1575 9.6621
 25.1807 9.6135
 25.2243 9.6037
306 46 8
 26.3883 11.1432
 27.269 11.4656
 27.7947 11.8804
 28.168 11.5601
 28.9867 10.9466
 29.6618 10.6702
 29.8462 10.6609
 29.8564 10.6686
307 136 15
 34.7395 16.3094
 34.8219 15.6483
 34.923 15.2064
 34.9393 14.8305
 34.9081 14.6663
 34.8254 14.3554
 34.7897 14.1523
 34.4975 14.0945
 33.8663 14.0068
 33.4539 13.9895
 33.3446 14.0368
 33.2107 13.9487
 32.8888 13.8379
 32.715 13.8631
 32.7454 13.9156
307 59 8
 34.7395 16.3094
 35.1059 16.9119
 35.5108 16.9342
 36.1045 17.0126
 36.8456 17.3129
 37.291 17.4751
 37.5969 17.408
 37.6417 17.3977
308 22 13
 40.1869 8.02695
 38.9267 8.4764
 38.1199 8.6983
 37.5474 8.61415
 37.1411 8.09015
 36.2603 7.5443
 35.472 7.14085
 35.3801 7.10285
 34.7619 7.80535
 34.2598 8.66325
 34.6875 8.97175
 35.0798 9.05205
 35.135 8.9958
308 92 9
 40.1869 8.02695
 41.2986 8.6188
 41.6982 9.7182
 41.7388 9.77735
 41.6499 9.7653
 40.9216 10.2577
 39.7282 10.9223
 39.1315 10.978
 39.0634 10.8956
309 37 24
 41.3551 -8.96555
 40.1463 -7.38405
 40.7278 -5.71895
 41.4962 -4.14055
 42.1916 -2.5802
 42.7646 -1.4712
 42.8372 -1.1692
 43.0961 -1.12775
 43.085 -0.81415
 43.099 -0.53115
 42.996 -0.5178
 43.4158 0.03575
 44.1203 1.021
 44.7511 0.96315
 45.7463 0.40285
 46.2977 -0.29805
 46.6882 -1.35805
 47.0462 -1.756
 47.5424 -1.88825
 48.5322 -2.24395
 49.1354 -2.4957
 49.4546 -2.5379
 49.7151 -2.54875
 49.7526 -2.571
309 104 5
 41.3551 -8.96555
 41.5124 -10.9762
 42.6473 -12.1357
 44.6405 -12.0611
 44.6826 -12.0922
310 6 18
 40.954 -3.7851
 39.9809 -4.23715
 39.3797 -4.34065
 38.8363 -4.1676
 38.2992 -3.8441
 37.7367 -3.3498
 36.872 -2.9255
 36.2293 -2.9426
 35.9355 -2.9487
 35.607 -2.8496
 35.3244 -2.76115
 35.2811 -2.6423
 35.1395 -2.5418
 35.1088 -2.3925
 35.3735 -2.1308
 35.5423 -1.91715
 35.516 -1.83985
 35.4952 -1.8466
310 37 21
 40.954 -3.7851
 42.1916 -2.5802
 42.7646 -1.4712
 42.8372 -1.1692
 43.0961 -1.12775
 43.085 -0.81415
 43.099 -0.53115
 42.996 -0.5178
 43.4158 0.03575
 44.1203 1.021
 44.7511 0.96315
 45.7463 0.40285
 46.2977 -0.29805
 46.6882 -1.35805
 47.0462 -1.756
 47.5424 -1.88825
 48.5322 -2.24395
 49.1354 -2.4957
 49.4546 -2.5379
 49.7151 -2.54875
 49.7526 -2.571
311 49 8
 30.7602 -15.0788
 31.4757 -15.0531
 31.5268 -14.5793
 31.6964 -13.8148
 31.7285 -13.1675
 31.5547 -12.5309
 31.5032 -12.2316
 31.476 -12.2069
311 15 6
 30.7602 -15.0788
 29.7977 -15.3521
 29.3039 -15.3427
 29.1975 -14.9802
 29.2695 -14.8567
 29.2641 -14.8439
312 15 10
 29.5979 -16.2148
 29.3924 -15.7143
 29.0312 -15.4403
 28.7909 -15.3869
 28.8153 -15.265
 28.7246 -15.1553
 28.7548 -15.0251
 29.0626 -14.9254
 29.2567 -14.8548
 29.2641 -14.8439
312 14 5
 29.5979 -16.2148
 29.9413 -16.9164
 30.585 -17.0495
 30.948 -16.8337
 30.9506 -16.804
313 147 7
 31.1502 -18.4454
 31.5529 -18.588
 31.8731 -18.5108
 31.9806 -18.5658
 32.1665 -18.7645
 32.2767 -18.9142
 32.2828 -18.9432
313 14 7
 31.1502 -18.4454
 30.9865 -17.9777
 30.9984 -17.489
 31.0029 -17.1194
 30.9429 -16.9154
 30.948 -16.8337
 30.9506 -16.804
314 84 4
 35.2448 -21.3061
 35.9949 -21.2406
 36.1351 -21.3139
 36.1537 -21.3228
314 56 5
 35.2448 -21.3061
 34.4683 -21.3843
 34.132 -21.3935
 33.8777 -21.4111
 33.8115 -21.3679
315 107 3
 39.4321 -32.9842
 38.5387 -33.0476
 38.4651 -33.014
315 11 3
 39.4321 -32.9842
 40.3695 -32.8518
 40.4871 -32.8163
316 143 12
 61.6584 -39.5582
 59.8453 -41.8265
 59.4327 -42.2786
 59.1301 -42.3657
 57.6488 -42.6361
 55.4152 -43.6724
 54.5837 -44.5436
 54.9966 -46.4179
 55.692 -48.5603
 55.9501 -49.2328
 55.9468 -49.5533
 55.9392 -49.5872
316 85 3
 61.6584 -39.5582
 63.0973 -37.374
 62.8829 -37.1058
317 78 13
 33.4909 -46.089
 35.2355 -45.3553
 35.8308 -44.861
 36.3103 -44.3608
 36.8092 -43.9506
 36.7732 -44.0784
 37.6418 -44.4347
 38.5546 -44.7348
 39.06 -44.8116
 38.9628 -45.0161
 39.5562 -46.0338
 39.833 -46.7945
 39.8685 -46.8188
317 18 13
 33.4909 -46.089
 31.3153 -47.5379
 30.3601 -48.6672
 30.8729 -48.8925
 31.8951 -48.8258
 33.1159 -49.5466
 33.4365 -50.8325
 34.0386 -51.1786
 34.3428 -51.9258
 34.0484 -51.1688
 34.3561 -50.0273
 35.1192 -49.49
 35.3303 -49.3837
318 21 12
 22.6422 -53.5732
 22.3146 -52.165
 21.0667 -51.9986
 20.0155 -52.2276
 19.6392 -51.827
 19.5751 -51.6974
 19.383 -51.3228
 18.9896 -50.7419
 18.7626 -50.5566
 18.7736 -50.7626
 18.778 -50.9536
 18.7608 -50.9534
318 114 4
 22.6422 -53.5732
 22.6038 -54.8745
 22.7674 -55.439
 22.7732 -55.4497
319 87 11
 25.3251 -47.5785
 23.4132 -46.8298
 22.5987 -46.8163
 22.0342 -46.4509
 21.7829 -46.3456
 21.7236 -46.3088
 21.7498 -46.1989
 21.755 -46.1383
 21.6188 -46.1479
 21.472 -46.1253
 21.4257 -46.1022
319 18 15
 25.3251 -47.5785
 26.8745 -48.5966
 27.8657 -48.659
 29.4245 -48.5789
 30.2448 -48.6056
 30.8729 -48.8925
 31.8951 -48.8258
 33.1159 -49.5466
 33.4365 -50.8325
 34.0386 -51.1786
 34.3428 -51.9258
 34.0484 -51.1688
 34.3561 -50.0273
 35.1192 -49.49
 35.3303 -49.3837
320 129 21
 29.4391 -32.5591
 29.4199 -31.7344
 29.5399 -30.7736
 29.2862 -29.8927
 28.9188 -29.7211
 29.0018 -29.6755
 29.1772 -29.5261
 29.5899 -28.9636
 30.0347 -28.6096
 30.5433 -28.619
 30.9259 -28.5357
 31.1803 -28.3247
 31.4137 -28.1243
 31.7043 -28.0358
 32.1093 -27.9766
 32.1552 -27.8924
 31.9191 -27.4764
 31.7512 -27.1297
 31.3599 -26.8766
 30.9717 -26.6088
 30.9712 -26.5535
320 76 15
 29.4391 -32.5591
 29.4844 -33.2504
 29.4405 -33.5046
 29.2243 -33.7926
 29.0226 -33.9415
 28.7492 -33.8066
 28.1096 -33.6679
 27.8748 -34.2784
 27.9896 -34.93
 27.6671 -35.1605
 27.4026 -35.368
 26.998 -35.5409
 26.5336 -35.7083
 26.388 -35.7543
 26.3359 -35.7685
321 30 13
 13.1051 -53.3777
 13.2339 -52.8261
 13.2668 -51.9894
 13.0562 -51.3642
 12.7878 -51.201
 12.7185 -51.1953
 12.7825 -51.1444
 13.0864 -51.135
 13.3887 -50.9125
 13.5387 -50.6758
 13.9755 -50.5121
 14.466 -50.3174
 14.5875 -50.2869
321 29 6
 13.1051 -53.3777
 12.5803 -53.905
 11.7147 -54.24
 11.0803 -54.3292
 10.8059 -54.3994
 10.7208 -54.3441
322 75 20
 13.1348 -54.2891
 13.5551 -55.1417
 13.8465 -55.248
 13.8156 -55.3838
 13.7645 -55.5196
 13.8278 -55.8885
 13.8915 -56.3196
 13.9198 -56.3629
 14.0352 -56.3372
 14.1637 -56.4007
 14.2508 -56.4692
 14.2817 -56.5056
 14.3563 -56.4815
 14.5028 -56.4047
 14.5799 -56.3026
 14.6241 -56.2867
 14.7108 -56.2495
 14.8659 -56.2274
 14.9937 -56.254
 15.0137 -56.2609
322 29 6
 13.1348 -54.2891
 12.5803 -53.905
 11.7147 -54.24
 11.0803 -54.3292
 10.8059 -54.3994
 10.7208 -54.3441
323 75 11
 17.774 -52.8476
 17.2355 -54.6825
 16.4216 -55.7324
 16.4125 -55.9782
 16.3975 -56.1401
 16.3027 -56.0005
 16.0068 -56.2188
 15.6178 -56.4606
 15.2167 -56.3653
 15.0215 -56.2579
 15.0137 -56.2609
323 21 5
 17.774 -52.8476
 17.93 -51.5255
 18.4119 -51.1766
 18.6216 -51.0516
 18.7608 -50.9534
324 5 11
 11.0519 -60.1963
 10.7829 -59.5491
 11.0783 -59.1254
 11.4642 -58.7475
 11.6104 -58.6051
 11.655 -58.424
 11.7156 -58.3397
 11.7684 -58.3041
 11.8148 -58.2999
 11.8984 -58.2978
 11.9447 -58.3002
324 161 24
 11.0519 -60.1963
 11.6144 -60.5815
 11.8999 -60.276
 11.9801 -60.4021
 12.0802 -60.6865
 12.1178 -61.0375
 12.4858 -61.3754
 12.9158 -61.6254
 13.0527 -61.852
 13.1927 -61.8999
 13.3209 -62.0011
 13.4694 -62.1177
 13.5638 -62.215
 13.4583 -62.336
 13.419 -62.4884
 13.5156 -62.6444
 13.4849 -62.711
 13.6167 -62.7971
 13.6673 -62.916
 13.6464 -63.0529
 13.6393 -63.2207
 13.6595 -63.3392
 13.6903 -63.4067
 13.6835 -63.4205
325 54 20
 2.6771 -64.357
 2.7717 -63.9681
 2.9284 -63.8459
 3.1585 -63.7725
 3.28465 -63.7712
 3.45265 -63.9271
 3.56125 -63.961
 3.5977 -63.9311
 3.65435 -63.9407
 3.7054 -63.9078
 3.74235 -63.8357
 3.742 -63.7534
 3.75375 -63.6718
 3.75195 -63.6365
 3.7153 -63.6075
 3.7035 -63.5193
 3.70805 -63.4434
 3.7255 -63.4166
 3.78455 -63.3924
 3.8309 -63.3769
325 40 21
 2.6771 -64.357
 2.4042 -64.6601
 2.24165 -64.78
 2.2261 -64.9238
 2.14425 -65.045
 2.07145 -65.1277
 2.142 -65.2896
 2.137 -65.4575
 2.0079 -65.6499
 1.8323 -65.8968
 1.6523 -65.9655
 1.572 -66.0154
 1.421 -66.1624
 1.1901 -66.2889
 1.0062 -66.576
 0.8864 -66.777
 0.8781 -66.535
 0.83375 -66.2601
 0.7615 -66.0892
 0.7787 -65.9872
 0.7834 -65.9928
326 125 5
 14.9342 -83.9722
 14.6349 -82.9818
 16.1236 -82.8635
 17.3472 -82.2139
 17.4836 -82.2487
326 123 4
 14.9342 -83.9722
 14.941 -85.4033
 15.0695 -86.4268
 15.0893 -86.4437
327 154 7
 31.0436 -67.9313
 31.5788 -66.3745
 31.4052 -64.9201
 31.3002 -64.7495
 31.0895 -64.6208
 30.976 -64.6349
 31.0069 -64.6729
327 115 7
 31.0436 -67.9313
 30.6656 -68.4693
 30.2313 -69.4651
 29.1909 -70.1739
 29.9684 -70.7095
 30.4446 -71.3736
 30.457 -71.4193
333 82 11
 10.373 -95.379
 8.8941 -92.8933
 7.4535 -90.1552
 7.5697 -89.7453
 7.45965 -89.5453
 7.457 -89.5345
 7.94555 -89.2948
 9.31955 -88.804
 10.2983 -88.2688
 10.2871 -87.9689
 10.3678 -87.9848
334 143 15
 66.053 -39.408
 65.9953 -38.7813
 64.3113 -41.6964
 61.5049 -43.473
 60.0627 -42.5701
 59.4327 -42.2786
 59.1301 -42.3657
 57.6488 -42.6361
 55.4152 -43.6724
 54.5837 -44.5436
 54.9966 -46.4179
 55.692 -48.5603
 55.9501 -49.2328
 55.9468 -49.5533
 55.9392 -49.5872
335 32 8
 -66.2652 -0.4517
 -66.2469 -0.451
 -65.9983 -0.2434
 -65.6149 -0.0074
 -64.8405 0.1447
 -63.7135 1.0421
 -63.2076 1.86305
 -63.2075 1.9096
