  0.62367987144530446     
   1.5761667069085361     
   3.8505110606390649     
   4.3529544899797648     
   4.7858092936779615     
   2.7271536749972896     
   2.6841623883734926     
   1.3188109051518686     
   6.5373756466473756     
   4.3483642098538100     
   4.3023955627026504     
   8.9532081906989269     
   2.2894329410832959     
   1.4693301226115789     
   5.3656556675953571     
   1.6985803043590055     
   2.6590934152313999     
   2.0522215845261855     
   1.2267338173779869     
   1.1762309571189766     
   1.5180871574072228     
   2.3511648122199484     
   6.1386911885367654     
   3.9565136154615801     
   4.1422205498199212     
   1.1164560388551230     
   4.0899611860612968     
   1.3625236672719259     
   16.100220917347261     
   2.1691242898922924     
   5.3955299016893488     
   1.7004218785199210     
   1.6840851112822739     
   3.4201584815375021     
   7.1537666800096442     
   3.9298916992573969     
   10.531113953644502     
   1.5032319523319053     
  0.96220336885783408     
   1.9485015690650658     
   2.1162442567430775     
   1.4997798054979734     
   3.2506018568896167     
   7.4800656947625210     
   2.0391630721809912     
   1.5734560941241034     
   1.1740171329598770     
  0.75316375230380705     
   11.220977840863540     
   1.5285692094587204     
   3.1610107629621114     
   1.3925711009028854     
   2.6656507440591333     
   4.7631531438403920     
   6.7648651923162113     
   1.8324014344241084     
   14.137318969100008     
   7.7748082981926299     
   1.3318506555267109     
   1.4594078936197630     
   2.0889203671401360     
   1.7136105791203124     
   2.8354012214428321     
   1.3826933848152652     
   2.5505767042085576     
  0.77788992144485214     
   2.0443301421499362     
  0.76187245409031223     
   4.2391244275519426     
  0.93458041594913344     
   10.343515382635136     
   4.1547669573486203     
   7.4021419804625950     
   3.7625655615330107     
   2.7464413482032279     
   2.1294267023591305     
   13.393936935347138     
   11.774125216586796     
   18.588568716138408     
   5.3361399024145655     
   2.5141971646196115     
   4.5466141251972676     
   2.9865166746689207     
  0.99672708606076221     
   2.8103220519370193     
   1.8276834417101284     
   4.3979469897395829     
   9.2058729694101480     
   3.3909679697931874     
   1.0313427171250713     
   6.6576139666568981     
   2.9100512098001898     
   19.645408170828322     
   2.9527108218566922     
   7.6904082397557021     
   1.9397519925101927     
   12.020498097664930     
   3.0801193100673294     
   1.6960630216349950     
  0.91321443878081843     
   2.6928529067564848     
   3.7038166468249072     
   4.4530943141588617     
  0.79797079940924343     
   1.4744408088293348     
   1.1193900867912083     
   5.0795912179682174     
   2.2224487464151439     
   1.7815095099689100     
   1.5150478785750514     
   2.9104928471699818     
   1.6045695448372683     
   6.7158251174721073     
  0.99652469339438099     
   1.7626019107846234     
   2.9907104010529881     
   4.0191151437225283     
   3.1237248526359402     
   2.1772307212802158     
   1.2095001598669990     
   6.2752974464561833     
   3.0777019716274636     
   2.2164984714886025     
   1.8191714247544983     
   7.5900788659080272     
   2.6266118050481921     
   3.7082439317380897     
   8.7961417568440208     
   3.7193463830232503     
   4.2212131147650513     
   3.1490742041080257     
   1.7012294060833426     
   2.0912811383189944     
   1.5042809931223660     
   1.5528774879365104     
   2.0908676728130571     
   1.4506456120451436     
   3.6702942670327490     
   8.7365626059570598     
   1.7607972599142003     
   7.0754193513007015     
   1.1736408045865470     
   1.5252939995172774     
  0.82584153510641178     
  0.81255550569414137     
   1.4184990414264729     
   4.4516120107255999     
   1.2008113936711655     
   2.9696461337104623     
   1.3912363963541923     
   6.1259650543995132     
   4.2163615773199927     
   1.5083242329405324     
  0.67040764110116391     
   3.0800752461113272     
   1.1510575366026679     
   2.9098167538408251     
   6.8415942771216365     
   4.3604972469972783     
   1.5702460015022235     
   3.0649882215230351     
   2.3146393992162659     
   6.6875590634663773     
   3.9955084047831817     
   4.2661549402796517     
   2.0856794894085833     
   2.8360146628126297     
   1.4827821559573493     
  0.69884853592092655     
  0.73245022572639629     
   3.9652016395393717     
   1.8120287063375173     
   4.6799783999829376     
   1.9136200963056473     
   3.1881244560253159     
   2.9292733587609887     
   3.3533227574430948     
   2.5156393859788242     
   9.0370446588046125     
   3.7692570139536481     
   2.3011741096867548     
   4.8063037969482929     
   2.1261283578077537     
   1.0422821517244059     
   15.928542182913088     
   3.5565714930414289     
  0.94881243587723796     
   1.0960647847040643     
   1.4082122830704993     
  0.87780744595364157     
   3.2925902026485803     
   2.1229460880511359     
   1.1876526970011585     
  0.61200280135267016     
   3.4981029139363402     
   6.0257576864234448     
   2.5237013934274408     
   1.2276569423628121     
   3.3699154266214846     
   1.4116728182739686     
   1.3504439417059961     
   1.2453726713737847     
   6.7146421844624635     
   1.1719240028216618     
   2.7696474265073752     
   5.7470934901948860     
   1.6851745934933515     
   7.2252888878809891     
   1.5474091065009858     
  0.70688869253343467     
   1.6293168226120651     
  0.95204890919359131     
   1.7348674604336818     
   1.0638327983704221     
   7.6885458469326462     
   1.7575868092636795     
   1.4528958041645081     
   1.9634260131346755     
   4.2035231439199050     
  0.57705783964093160     
   2.1785033120275270     
   3.1686466453320250     
   12.080229294163752     
   7.1294060130089933     
   8.5817268434170426     
   1.3905340250162146     
   10.226567038510341     
   1.3846363841369316     
   8.9634310542254436     
   1.8105467928142283     
   7.4146116031824105     
   1.2021196813107042     
   3.0769501363159732     
   3.4839815281207995     
   7.4722473586008782     
   4.3909648363131728     
   3.2647490134653046     
   2.1206181053954776     
   1.6340223638160305     
   1.1833460366844124     
   10.722744614837286     
   2.3323915765045800     
   5.8835734362226626     
   1.6287099111749170     
   11.803216843678982     
   4.4165553124419334     
   1.4896633496398402     
  0.39742553263789088     
   17.522710775495860     
   4.7882073943793637     
   2.8697793191266552     
   1.4670756819534461     
   6.5971786695834256     
   1.7684412760663895     
   2.0185087936394575     
   1.6276112449029212     
   4.9368506108462666     
   2.3646695220399025     
   1.9248327219668733     
   1.4085265766544928     
   2.5557827797680637     
   1.4204931921600135     
   2.4151900063392135     
   4.0602666035243349     
   5.5504052985044474     
  0.85929941117181530     
   2.4622628617250752     
   1.7857868921056923     
   3.7421611986879126     
   1.3975153898559372     
   3.9257134905601134     
   2.9104239133726075     
   8.8564783719010709     
   1.8880382460644523     
   3.3871651700148937     
   1.1636889555075247     
   5.3671438769402720     
   5.2940566569963057     
   9.5714652947174965     
   4.9198426010834648     
   4.2991521805109434     
   1.1702499726690083     
   2.6237616311655634     
   5.6462866299047159     
   5.4796334237788678     
   7.8731186246132925     
   3.1832895352875452     
   1.5328166338429505     
   1.5116272197994933     
   2.1847862518560497     
   2.4713717737056240     
   1.8699697199514875     
   4.5255470836428326     
   2.9165010444122839     
   9.7561064263582082     
   4.0637305986747752     
   3.9730754560975838     
   7.4099439306782005     
   2.2324291376510299     
   1.4061268559424778     
   1.2794407660388005     
   1.2332464936768961     
  0.76347745366777708     
  0.97682092395370379     
  0.79419365616919646     
   1.1143846704123563     
  0.97655362075710150     
   1.0695454315946187     
   8.3901102734263340     
   2.9589253257005224     
   4.7580897967852938     
   7.2680868748830312     
   3.6085151630693151     
   1.3262081823135188     
   3.0565957098435743     
   8.1994013443845528     
   4.6849945297807700     
   3.0549617848241604     
   2.5329606484342402     
   1.5875682660912700     
   2.1183017655202145     
   1.5181582677046612     
   3.0161799295146658     
   1.7457531984873627     
   1.6211750069314612     
   2.8092866139768797     
   1.3151920297215560     
   2.1146423126963900     
   2.5607494798834449     
   1.4831795781747248     
   2.0099008392206406     
   2.7809564988828868     
   5.1709381946356272     
   9.9627825246692030     
   2.0022706090473563     
