313
152 122 9
 -46.9752 -52.657
 -46.6197 -50.0012
 -46.4871 -46.4617
 -45.5966 -45.7008
 -47.407 -44.245
 -48.1117 -43.0575
 -47.8275 -42.4827
 -47.6928 -41.9337
 -47.6408 -41.8618
152 59 3
 -46.9752 -52.657
 -47.1508 -53.6054
 -47.1172 -54.3107
153 112 12
 34.4697 20.2257
 35.4148 20.571
 36.2488 20.7362
 36.6786 21.0178
 37.0726 21.2613
 37.1162 21.2455
 37.2612 21.1504
 37.5165 20.8536
 37.989 20.6972
 38.4003 20.663
 38.4678 20.5842
 38.4777 20.5825
153 67 22
 34.4697 20.2257
 33.5816 19.1984
 32.5508 18.0448
 31.7603 18.1647
 31.0411 18.4694
 30.7668 18.312
 29.9851 18.4156
 28.8604 18.3021
 28.3734 18.4936
 27.9438 19.2035
 27.6297 19.5474
 27.4707 20.0965
 26.904 20.8218
 26.4781 21.0637
 26.4448 21.0807
 26.2442 21.3188
 25.8438 21.7182
 25.6474 22.0625
 25.6699 22.2683
 25.6777 22.3322
 25.7044 22.3883
 25.719 22.4125
154 119 6
 -8.9732 -31.5613
 -10.3229 -31.1858
 -9.9264 -30.1348
 -10.4181 -29.1801
 -10.2983 -28.9722
 -10.2906 -28.9513
154 108 5
 -8.9732 -31.5613
 -8.21905 -33.6186
 -7.47605 -35.7398
 -7.1084 -36.5486
 -7.079 -36.6345
155 93 8
 23.9888 30.0117
 24.191 31.3447
 24.6268 31.9391
 25.7963 32.5118
 26.7492 32.4168
 27.5405 32.0833
 28.0243 31.9479
 28.0059 31.9129
155 11 5
 23.9888 30.0117
 23.2855 28.6186
 22.7392 28.3111
 22.5876 28.2302
 22.5513 28.237
156 57 15
 40.1862 -3.08985
 41.2149 -3.79385
 41.6301 -4.06385
 41.8994 -4.433
 42.2431 -4.5714
 42.5519 -4.5048
 42.334 -4.65245
 42.3642 -5.22445
 42.442 -5.72585
 42.2965 -5.87625
 42.2225 -6.07955
 42.2253 -6.2685
 42.2022 -6.40815
 42.1161 -6.48255
 42.0817 -6.4882
156 74 5
 40.1862 -3.08985
 39.5303 -2.2564
 39.705 -1.91675
 39.7409 -1.73
 39.7212 -1.6595
157 113 8
 19.8718 -42.6091
 19.9333 -41.1069
 19.7357 -40.2634
 19.63 -40.1553
 19.8831 -39.7581
 20.3385 -39.0702
 20.5664 -38.7423
 20.5689 -38.7123
157 55 7
 19.8718 -42.6091
 19.4484 -43.5816
 18.9371 -44.5559
 19.2564 -45.7401
 19.9235 -46.2334
 20.0755 -46.3336
 20.0977 -46.3633
158 48 34
 24.0421 -45.9851
 25.8433 -45.7568
 26.4772 -45.7495
 27.3432 -46.1213
 27.7089 -46.3921
 27.8098 -46.512
 27.8717 -46.9942
 28.2031 -47.8063
 28.3036 -48.4802
 27.9751 -48.9706
 28.0881 -49.3296
 28.3854 -49.4551
 28.4726 -49.815
 29.1355 -50.2292
 29.9482 -50.3234
 30.2088 -50.2416
 30.3065 -50.2887
 30.3561 -50.4082
 30.4614 -50.5993
 30.5722 -50.8942
 30.6543 -51.153
 30.999 -51.2778
 31.3127 -51.3509
 31.4595 -51.5616
 31.7141 -51.6604
 31.984 -51.6725
 32.2377 -51.6847
 32.38 -51.6391
 32.396 -51.5143
 32.4597 -51.3119
 32.5592 -51.2328
 32.7117 -51.198
 32.8302 -51.13
 32.847 -51.1164
158 55 6
 24.0421 -45.9851
 22.0293 -46.1516
 21.0711 -46.1586
 20.203 -46.2278
 20.0755 -46.3336
 20.0977 -46.3633
159 30 22
 26.8223 -62.8643
 26.4776 -62.6202
 26.2736 -62.52
 26.2357 -62.1957
 26.2919 -61.8829
 26.2456 -61.7754
 26.1244 -61.6509
 26.0621 -61.486
 26.0498 -61.31
 26.0327 -61.1171
 25.9966 -60.9662
 25.9828 -60.8566
 25.9571 -60.8004
 25.9045 -60.7744
 25.8196 -60.7899
 25.7745 -60.8507
 25.7427 -60.8904
 25.696 -60.9094
 25.6643 -60.9371
 25.6562 -61.0056
 25.6472 -61.0693
 25.6275 -61.0854
159 134 5
 26.8223 -62.8643
 27.1108 -63.3704
 27.3656 -63.7174
 27.5352 -63.8001
 27.5455 -63.8112
160 134 13
 30.2123 -73.4366
 31.7573 -71.12
 32.9557 -69.1987
 31.7861 -69.0959
 30.2667 -67.7748
 29.5816 -66.2511
 29.1101 -65.5796
 28.3894 -64.8552
 27.864 -64.1228
 27.8327 -63.9868
 27.7205 -63.8697
 27.5812 -63.813
 27.5455 -63.8112
160 137 6
 30.2123 -73.4366
 29.0003 -74.7301
 27.1423 -76.3543
 25.9686 -77.2971
 25.8623 -77.1886
 25.8554 -77.1632
161 143 12
 46.6023 -56.5955
 47.5991 -58.2262
 48.7125 -58.3708
 49.4572 -58.1202
 49.4967 -57.8883
 49.8904 -57.4965
 50.2384 -57.0589
 50.6255 -56.9453
 51.3008 -57.1972
 51.6232 -57.5306
 51.654 -57.652
 51.6945 -57.6887
161 102 15
 46.6023 -56.5955
 45.616 -55.3399
 46.2879 -54.8655
 46.7724 -54.3298
 46.916 -53.778
 47.0171 -52.854
 46.6483 -52.2146
 45.8606 -51.6395
 45.5388 -50.9403
 45.52 -50.7236
 44.8056 -49.764
 43.7975 -48.4594
 43.6026 -47.8284
 43.8148 -47.5068
 43.8905 -47.4436
162 133 26
 -31.7208 -19.6418
 -30.3855 -21.9074
 -30.2957 -23.5919
 -30.3254 -24.5186
 -29.2946 -24.3175
 -27.6742 -25.2699
 -26.8786 -25.5641
 -26.3591 -25.7262
 -25.1586 -25.5225
 -23.5627 -25.565
 -22.4852 -26.089
 -22.1409 -26.5131
 -21.9778 -26.8228
 -21.7166 -26.7388
 -21.0778 -26.8052
 -20.6095 -26.9198
 -20.125 -26.9604
 -19.6106 -26.9846
 -18.1349 -27.2684
 -16.6205 -27.3464
 -16.471 -27.0912
 -16.5611 -27.4099
 -16.5844 -28.2035
 -16.5702 -29.042
 -16.612 -29.416
 -16.5875 -29.4369
162 1 4
 -31.7208 -19.6418
 -33.8116 -18.3809
 -34.5789 -17.913
 -34.6352 -18.0635
163 151 33
 36.1316 -54.5017
 35.3615 -54.9517
 35.1237 -55.4132
 35.1899 -55.7611
 35.3203 -56.0026
 35.5105 -56.2365
 35.5611 -56.5014
 35.3173 -56.8156
 34.8787 -57.1249
 34.5369 -57.1805
 34.3624 -57.2472
 34.2095 -57.2316
 34.1209 -57.0042
 33.8661 -56.749
 33.5673 -56.7072
 33.4813 -56.7865
 33.4085 -56.8666
 33.3269 -56.9522
 33.2661 -57.0422
 33.2203 -57.1133
 33.2802 -57.1442
 33.3663 -57.1679
 33.6182 -57.2672
 33.7496 -57.5357
 33.6653 -57.6954
 33.6386 -57.7616
 33.6458 -57.9007
 33.6681 -58.003
 33.607 -58.1169
 33.5983 -58.237
 33.6614 -58.3037
 33.7048 -58.3689
 33.7326 -58.3982
163 82 7
 36.1316 -54.5017
 36.7608 -54.1852
 36.9384 -53.8988
 37.0646 -53.8027
 37.2481 -53.7311
 37.4174 -53.6309
 37.4682 -53.5907
164 70 10
 -18.8944 -68.6689
 -18.3635 -68.6758
 -17.9384 -68.655
 -17.7451 -68.7068
 -17.3768 -68.8299
 -17.1686 -68.9215
 -16.6597 -68.8683
 -15.9338 -68.6133
 -15.6439 -68.4034
 -15.5888 -68.3749
164 34 5
 -18.8944 -68.6689
 -19.2805 -68.6426
 -19.7077 -68.5365
 -19.8814 -68.433
 -19.8927 -68.4367
165 56 7
 -45.8535 -37.3745
 -44.993 -36.149
 -44.9345 -35.3812
 -44.9832 -34.887
 -44.5798 -34.1835
 -44.167 -33.6013
 -44.1404 -33.5773
165 122 7
 -45.8535 -37.3745
 -46.8516 -38.6181
 -47.398 -40.0115
 -47.5941 -41.1163
 -47.5777 -41.5113
 -47.6451 -41.8097
 -47.6408 -41.8618
166 40 14
 -46.9365 -20.2426
 -46.1367 -20.3047
 -45.9466 -20.4044
 -45.8415 -20.4139
 -45.5461 -20.3274
 -45.2168 -20.3879
 -45.0456 -20.3849
 -44.9785 -20.2896
 -44.9384 -20.1131
 -44.8305 -19.8554
 -44.6847 -19.5723
 -44.5813 -19.3749
 -44.551 -19.3086
 -44.5429 -19.2702
166 9 3
 -46.9365 -20.2426
 -47.6349 -20.1903
 -47.6857 -20.1967
167 126 9
 37.2938 27.175
 36.2192 27.3055
 35.9276 27.1367
 35.6342 26.9548
 35.3416 26.5238
 34.9955 26.1116
 34.5894 26.0794
 34.3554 26.3141
 34.3718 26.3751
167 32 8
 37.2938 27.175
 38.3585 26.7623
 38.1455 26.1486
 37.6273 25.3311
 37.443 24.9911
 37.5548 24.8222
 37.6202 24.6684
 37.6043 24.618
168 64 14
 39.521 19.4678
 40.5408 19.326
 41.0191 19.6935
 41.3563 20.0762
 41.5943 20.2493
 42.1286 20.6668
 42.6478 21.0107
 43.1062 21.1426
 43.4997 21.1474
 44.0379 20.8721
 44.4874 20.6767
 44.5406 20.5236
 44.5529 20.3447
 44.5262 20.3163
168 116 3
 39.521 19.4678
 38.6427 19.5753
 38.5882 19.5016
169 57 34
 44.3184 -9.57975
 43.631 -9.36785
 43.4515 -9.17605
 42.9655 -9.348
 42.3707 -9.50595
 42.0905 -9.4044
 41.9524 -9.3699
 41.7239 -9.3003
 41.4655 -9.22085
 41.3607 -9.1551
 41.267 -9.105
 41.2396 -9.0467
 41.1936 -8.97675
 41.13 -8.7361
 40.881 -8.38015
 40.5835 -8.18025
 40.5041 -8.1286
 40.592 -8.12125
 40.723 -8.03525
 40.7635 -7.9281
 40.8048 -8.0363
 41.2118 -8.2443
 41.7235 -8.37185
 41.9139 -8.2661
 41.9679 -7.99445
 41.9053 -7.6219
 41.8081 -7.17035
 41.7324 -6.8891
 41.6831 -6.8034
 41.7244 -6.706
 41.8411 -6.5807
 41.9623 -6.5287
 42.0466 -6.5196
 42.0817 -6.4882
169 22 4
 44.3184 -9.57975
 44.8664 -9.7721
 44.8904 -9.9399
 44.9005 -10.0193
170 57 36
 43.4664 -10.6252
 43.6079 -10.2221
 43.5528 -9.74415
 43.4724 -9.3043
 43.4515 -9.17605
 42.9655 -9.348
 42.3707 -9.50595
 42.0905 -9.4044
 41.9524 -9.3699
 41.7239 -9.3003
 41.4655 -9.22085
 41.3607 -9.1551
 41.267 -9.105
 41.2396 -9.0467
 41.1936 -8.97675
 41.13 -8.7361
 40.881 -8.38015
 40.5835 -8.18025
 40.5041 -8.1286
 40.592 -8.12125
 40.723 -8.03525
 40.7635 -7.9281
 40.8048 -8.0363
 41.2118 -8.2443
 41.7235 -8.37185
 41.9139 -8.2661
 41.9679 -7.99445
 41.9053 -7.6219
 41.8081 -7.17035
 41.7324 -6.8891
 41.6831 -6.8034
 41.7244 -6.706
 41.8411 -6.5807
 41.9623 -6.5287
 42.0466 -6.5196
 42.0817 -6.4882
170 129 13
 43.4664 -10.6252
 43.1884 -11.0185
 42.9952 -11.1182
 42.8538 -11.3244
 42.7281 -11.614
 42.68 -11.8202
 42.5265 -12.0129
 42.7905 -11.9643
 43.1101 -12.3566
 43.7377 -13.08
 44.2535 -13.4387
 44.3211 -13.4527
 44.3291 -13.4872
171 69 3
 45.0131 -39.8933
 45.3983 -39.2682
 45.4685 -39.3073
171 61 3
 45.0131 -39.8933
 44.718 -40.615
 44.7382 -40.6722
172 151 29
 35.8671 -56.5684
 35.5105 -56.2365
 35.5611 -56.5014
 35.3173 -56.8156
 34.8787 -57.1249
 34.5369 -57.1805
 34.3624 -57.2472
 34.2095 -57.2316
 34.1209 -57.0042
 33.8661 -56.749
 33.5673 -56.7072
 33.4813 -56.7865
 33.4085 -56.8666
 33.3269 -56.9522
 33.2661 -57.0422
 33.2203 -57.1133
 33.2802 -57.1442
 33.3663 -57.1679
 33.6182 -57.2672
 33.7496 -57.5357
 33.6653 -57.6954
 33.6386 -57.7616
 33.6458 -57.9007
 33.6681 -58.003
 33.607 -58.1169
 33.5983 -58.237
 33.6614 -58.3037
 33.7048 -58.3689
 33.7326 -58.3982
172 136 7
 35.8671 -56.5684
 36.4715 -56.2643
 36.8678 -55.9462
 37.1917 -56.3764
 37.8365 -56.6932
 38.2933 -56.659
 38.3865 -56.6344
173 147 7
 -27.8011 -59.5826
 -28.2455 -57.2599
 -28.3132 -57.0536
 -28.3892 -56.9147
 -28.2704 -56.9972
 -28.1891 -57.0006
 -28.1803 -56.9433
173 81 7
 -27.8011 -59.5826
 -27.2533 -61.8591
 -26.9256 -61.7387
 -26.8269 -61.742
 -26.1077 -61.1734
 -25.6899 -60.615
 -25.9042 -60.4582
174 2 38
 -21.3688 -65.1839
 -21.2068 -64.0246
 -21.2492 -63.3085
 -20.9703 -63.0459
 -20.8046 -62.6646
 -19.3883 -62.6283
 -18.1968 -62.1555
 -18.0777 -61.3144
 -17.6215 -60.8885
 -17.2383 -60.7009
 -17.0581 -60.6522
 -16.7055 -60.5264
 -16.531 -59.8976
 -16.4971 -59.3364
 -16.237 -59.122
 -15.8598 -58.991
 -15.2323 -58.9732
 -14.4079 -58.9463
 -14.0128 -58.9882
 -13.8307 -59.1153
 -13.3126 -59.392
 -12.8611 -59.653
 -12.5335 -59.6574
 -12.1579 -59.7029
 -11.9959 -59.8486
 -11.8757 -59.805
 -11.7527 -59.7287
 -11.6201 -59.8141
 -11.271 -59.9285
 -11.012 -59.8824
 -10.8988 -59.8109
 -10.779 -59.769
 -10.7844 -59.6882
 -10.7809 -59.6553
 -10.6754 -59.6441
 -10.5879 -59.6385
 -10.5608 -59.6323
 -10.5603 -59.6094
174 3 3
 -21.3688 -65.1839
 -21.2211 -65.6619
 -21.2165 -65.6909
175 2 34
 -17.7139 -66.7366
 -17.8526 -63.8942
 -18.1632 -62.1611
 -18.0777 -61.3144
 -17.6215 -60.8885
 -17.2383 -60.7009
 -17.0581 -60.6522
 -16.7055 -60.5264
 -16.531 -59.8976
 -16.4971 -59.3364
 -16.237 -59.122
 -15.8598 -58.991
 -15.2323 -58.9732
 -14.4079 -58.9463
 -14.0128 -58.9882
 -13.8307 -59.1153
 -13.3126 -59.392
 -12.8611 -59.653
 -12.5335 -59.6574
 -12.1579 -59.7029
 -11.9959 -59.8486
 -11.8757 -59.805
 -11.7527 -59.7287
 -11.6201 -59.8141
 -11.271 -59.9285
 -11.012 -59.8824
 -10.8988 -59.8109
 -10.779 -59.769
 -10.7844 -59.6882
 -10.7809 -59.6553
 -10.6754 -59.6441
 -10.5879 -59.6385
 -10.5608 -59.6323
 -10.5603 -59.6094
175 70 10
 -17.7139 -66.7366
 -17.8324 -68.462
 -17.8631 -68.5891
 -17.7451 -68.7068
 -17.3768 -68.8299
 -17.1686 -68.9215
 -16.6597 -68.8683
 -15.9338 -68.6133
 -15.6439 -68.4034
 -15.5888 -68.3749
176 2 28
 -17.3129 -55.8324
 -17.4623 -56.8769
 -17.0393 -57.6768
 -16.2934 -58.1474
 -15.9146 -58.7202
 -15.8598 -58.991
 -15.2323 -58.9732
 -14.4079 -58.9463
 -14.0128 -58.9882
 -13.8307 -59.1153
 -13.3126 -59.392
 -12.8611 -59.653
 -12.5335 -59.6574
 -12.1579 -59.7029
 -11.9959 -59.8486
 -11.8757 -59.805
 -11.7527 -59.7287
 -11.6201 -59.8141
 -11.271 -59.9285
 -11.012 -59.8824
 -10.8988 -59.8109
 -10.779 -59.769
 -10.7844 -59.6882
 -10.7809 -59.6553
 -10.6754 -59.6441
 -10.5879 -59.6385
 -10.5608 -59.6323
 -10.5603 -59.6094
176 19 6
 -17.3129 -55.8324
 -17.0203 -55.3943
 -17.1182 -54.3951
 -17.2116 -53.3911
 -17.2779 -53.3356
 -17.3054 -53.3304
177 103 13
 -9.54495 -50.574
 -7.8485 -49.5494
 -7.41995 -48.6999
 -7.12105 -48.0294
 -6.9406 -47.8681
 -5.768 -48.3454
 -4.3497 -49.0681
 -3.69865 -49.2697
 -3.3397 -49.5805
 -3.23675 -50.076
 -3.34285 -50.3686
 -3.4783 -50.4745
 -3.5674 -50.5258
177 91 3
 -9.54495 -50.574
 -11.1574 -51.3769
 -11.1743 -51.3984
178 16 19
 1.14265 -55.5789
 0.89035 -57.1376
 0.03415 -58.2666
 -0.57075 -58.8584
 -0.55375 -59.4445
 -0.7089 -59.9723
 -0.16135 -60.2634
 0.5648 -60.427
 1.24565 -60.0418
 1.66105 -60.0241
 1.92445 -60.2562
 2.05665 -60.5591
 1.9372 -60.7808
 2.3411 -60.6065
 3.36045 -60.5419
 4.18015 -60.6842
 4.41505 -60.9612
 4.55145 -61.1386
 4.5418 -61.175
178 52 5
 1.14265 -55.5789
 1.8436 -54.0678
 2.5931 -53.3251
 2.74005 -53.2837
 2.8793 -53.2447
179 2 36
 -5.4955 -59.8728
 -6.26345 -59.8893
 -6.7522 -59.9982
 -7.10565 -60.05
 -7.2359 -59.7611
 -7.3076 -59.3237
 -7.4453 -59.0423
 -7.7853 -58.9342
 -8.07965 -58.9494
 -8.1155 -58.9258
 -8.1732 -58.8222
 -8.38715 -58.8408
 -8.66545 -58.9874
 -8.7585 -59.0733
 -8.90615 -59.2029
 -9.0309 -59.4381
 -9.0683 -59.5028
 -8.9985 -59.5852
 -9.094 -59.6587
 -9.19225 -59.7509
 -9.2349 -59.8826
 -9.3781 -60.074
 -9.53515 -60.2072
 -9.6105 -60.0588
 -9.78205 -59.9283
 -9.9563 -59.924
 -10.1226 -59.9139
 -10.1915 -59.8516
 -10.2284 -59.7558
 -10.2865 -59.6914
 -10.3462 -59.6807
 -10.3874 -59.6734
 -10.4182 -59.6445
 -10.4884 -59.6255
 -10.5518 -59.6182
 -10.5603 -59.6094
179 16 25
 -5.4955 -59.8728
 -4.50885 -60.0493
 -4.01355 -60.8997
 -3.8654 -60.8323
 -3.1465 -59.6604
 -2.30625 -59.0718
 -2.0334 -59.3819
 -1.8038 -60.0592
 -1.376 -60.2616
 -1.08395 -60.2512
 -0.9724 -60.2005
 -0.7089 -59.9723
 -0.16135 -60.2634
 0.5648 -60.427
 1.24565 -60.0418
 1.66105 -60.0241
 1.92445 -60.2562
 2.05665 -60.5591
 1.9372 -60.7808
 2.3411 -60.6065
 3.36045 -60.5419
 4.18015 -60.6842
 4.41505 -60.9612
 4.55145 -61.1386
 4.5418 -61.175
180 133 25
 -23.3951 -37.1361
 -23.9727 -35.6758
 -23.9176 -34.3397
 -24.1442 -33.9424
 -23.5234 -33.1818
 -22.742 -32.2914
 -22.7474 -31.6353
 -22.9889 -30.4746
 -22.928 -29.5947
 -22.8448 -29.4921
 -22.5731 -28.4975
 -22.1338 -27.1879
 -21.7166 -26.7388
 -21.0778 -26.8052
 -20.6095 -26.9198
 -20.125 -26.9604
 -19.6106 -26.9846
 -18.1349 -27.2684
 -16.6205 -27.3464
 -16.471 -27.0912
 -16.5611 -27.4099
 -16.5844 -28.2035
 -16.5702 -29.042
 -16.612 -29.416
 -16.5875 -29.4369
180 121 5
 -23.3951 -37.1361
 -22.4558 -38.3566
 -22.3284 -39.5198
 -22.3258 -40.4076
 -22.4353 -41.0162
181 97 10
 6.8199 -15.0609
 5.3097 -15.0634
 4.0422 -14.0352
 3.6752 -13.3594
 3.88725 -12.5022
 3.87185 -11.697
 4.2229 -11.4214
 4.82195 -11.59
 5.3156 -11.6572
 5.4175 -11.5827
181 135 7
 6.8199 -15.0609
 8.33465 -14.0395
 9.3687 -13.5704
 10.1452 -13.2626
 10.8893 -12.4319
 11.3095 -11.6435
 11.2619 -11.5353
182 39 15
 -9.46225 -15.0646
 -9.58915 -14.3037
 -9.82575 -13.9352
 -9.4185 -13.0129
 -9.1385 -12.0506
 -9.53345 -11.4064
 -9.7451 -10.9431
 -9.7703 -10.9186
 -9.89005 -10.8733
 -10.1699 -10.6448
 -10.4466 -10.4936
 -10.6138 -10.5333
 -10.6895 -10.5609
 -10.7078 -10.5975
 -10.7083 -10.6073
182 76 4
 -9.46225 -15.0646
 -9.53915 -16.0392
 -9.55965 -16.5009
 -9.5391 -16.5389
183 120 10
 -35.1454 -16.292
 -35.319 -15.2598
 -35.0865 -15.0824
 -35.535 -14.7306
 -36.2181 -14.1803
 -36.789 -13.5198
 -37.0125 -13.0455
 -37.1368 -12.9335
 -37.2789 -12.8246
 -37.2821 -12.8126
183 1 4
 -35.1454 -16.292
 -34.7478 -17.5949
 -34.6467 -18.0546
 -34.6352 -18.0635
184 141 10
 -45.0658 -23.93
 -44.3434 -24.1818
 -43.9335 -24.3315
 -43.6604 -24.6259
 -43.5667 -24.858
 -43.6842 -25.0261
 -43.7313 -25.1873
 -43.7672 -25.2984
 -43.7813 -25.3191
 -43.7821 -25.3226
184 40 15
 -45.0658 -23.93
 -45.403 -23.5382
 -45.341 -23.396
 -45.2702 -22.6804
 -45.2987 -21.6181
 -45.3138 -20.9458
 -45.1729 -20.5419
 -45.0456 -20.3849
 -44.9785 -20.2896
 -44.9384 -20.1131
 -44.8305 -19.8554
 -44.6847 -19.5723
 -44.5813 -19.3749
 -44.551 -19.3086
 -44.5429 -19.2702
185 141 22
 -51.9868 -33.7745
 -50.6813 -32.7672
 -49.4972 -32.139
 -49.0948 -30.9277
 -48.3459 -30.743
 -47.6973 -30.7663
 -46.4782 -30.3134
 -44.881 -30.0552
 -44.0919 -30.1885
 -43.7141 -30.5924
 -44.0056 -30.1387
 -44.3441 -29.6271
 -44.7827 -29.3548
 -44.9678 -28.8177
 -44.7085 -28.0284
 -44.3373 -27.5438
 -44.2766 -26.9244
 -44.0979 -26.0298
 -43.7686 -25.5483
 -43.7848 -25.4202
 -43.7955 -25.344
 -43.7821 -25.3226
185 84 7
 -51.9868 -33.7745
 -51.9641 -35.25
 -51.7314 -35.9996
 -51.8178 -37.2545
 -52.0705 -38.7159
 -52.1985 -39.408
 -52.0949 -39.5876
186 28 4
 -54.9148 -6.18415
 -54.0061 -4.48435
 -53.3412 -3.1544
 -53.4196 -3.0546
186 4 3
 -54.9148 -6.18415
 -55.132 -6.56795
 -55.1839 -6.4821
187 35 34
 -54.1093 -5.64705
 -52.4249 -5.97715
 -51.1863 -6.724
 -50.9792 -6.5615
 -50.5757 -6.0954
 -50.0648 -6.13895
 -49.2547 -6.1387
 -48.2947 -6.41985
 -48.0174 -6.7369
 -47.7558 -7.0433
 -47.3942 -7.30685
 -46.8754 -7.09855
 -46.3004 -7.06965
 -46.2148 -7.0839
 -46.0595 -6.864
 -45.6016 -6.96985
 -45.2067 -7.1831
 -45.0265 -7.2689
 -44.9407 -7.2481
 -44.8251 -7.19765
 -44.7528 -7.18705
 -44.6904 -7.15
 -44.6162 -7.13805
 -44.5175 -7.1788
 -44.4417 -7.20655
 -44.3667 -7.2132
 -44.299 -7.25465
 -44.2932 -7.34235
 -44.3067 -7.47835
 -44.2569 -7.54145
 -44.1328 -7.53995
 -44.0244 -7.47785
 -43.9791 -7.40155
 -43.9732 -7.3988
187 28 4
 -54.1093 -5.64705
 -54.0061 -4.48435
 -53.3412 -3.1544
 -53.4196 -3.0546
188 35 14
 -41.2575 -5.6497
 -41.246 -6.36825
 -41.1278 -6.67445
 -41.6722 -6.793
 -42.246 -6.87705
 -42.3552 -6.9311
 -42.7549 -7.2995
 -43.2106 -7.47655
 -43.3554 -7.36895
 -43.4847 -7.42685
 -43.7165 -7.42755
 -43.901 -7.38125
 -43.9679 -7.3837
 -43.9732 -7.3988
188 21 8
 -41.2575 -5.6497
 -41.1253 -5.20785
 -40.9913 -5.34305
 -40.4697 -5.65525
 -39.9714 -5.8265
 -39.946 -5.9141
 -40.0618 -5.99975
 -40.1061 -5.9932
189 23 6
 -38.9513 -6.43175
 -38.5388 -6.67395
 -38.2978 -7.06715
 -38.0312 -7.4485
 -37.7922 -7.5857
 -37.7647 -7.5701
189 21 5
 -38.9513 -6.43175
 -39.5555 -6.3733
 -39.9753 -6.19935
 -40.0618 -5.99975
 -40.1061 -5.9932
190 142 22
 -29.5705 4.0584
 -27.9658 2.92685
 -27.4851 1.9847
 -27.233 1.14125
 -26.9135 0.55745
 -26.2568 -0.24785
 -26.3045 -1.2993
 -26.7274 -1.6044
 -26.4734 -2.5424
 -27.3755 -1.88255
 -28.3259 -2.19305
 -28.9826 -2.71245
 -29.0388 -3.45925
 -29.066 -3.84195
 -29.4118 -3.7057
 -30.2109 -3.7457
 -31.1118 -4.57595
 -32.0163 -5.11675
 -32.7993 -5.1994
 -32.951 -5.3986
 -33.0788 -5.3862
 -33.1311 -5.3523
190 109 3
 -29.5705 4.0584
 -31.1061 4.4239
 -31.2278 4.3862
191 5 5
 -41.8855 3.54945
 -41.9479 3.9106
 -42.0172 4.18965
 -42.1631 4.4143
 -42.2377 4.5184
191 130 5
 -41.8855 3.54945
 -41.6183 2.92785
 -41.3504 2.4475
 -41.2901 2.3481
 -41.2951 2.3101
192 125 14
 -48.4414 9.61825
 -48.824 10.2156
 -49.5152 11.4019
 -49.6348 12.6122
 -49.2868 13.4201
 -49.8153 14.2248
 -50.3459 14.7448
 -50.3577 14.7449
 -50.4631 14.5121
 -51.0378 14.2633
 -51.6001 14.0732
 -51.6891 14.0142
 -51.7368 13.9895
 -51.7379 13.9847
192 5 18
 -48.4414 9.61825
 -47.9548 8.86095
 -47.3334 8.01445
 -46.7574 7.56285
 -46.3411 7.453
 -46.092 7.0414
 -45.5518 6.3555
 -44.5725 6.73855
 -43.9054 7.47155
 -43.6756 7.6957
 -43.603 7.2983
 -43.4335 6.56425
 -43.2047 5.74315
 -42.7309 5.14085
 -42.5117 4.75295
 -42.373 4.56805
 -42.2537 4.5211
 -42.2377 4.5184
193 75 31
 -42.762 38.9021
 -40.7161 35.3929
 -41.3999 33.5016
 -42.3852 33.2962
 -41.4517 32.3539
 -40.8013 31.4738
 -41.8171 31.5531
 -42.9121 31.4152
 -42.9191 31.3675
 -42.9651 31.0164
 -42.9061 30.1107
 -42.5508 29.4673
 -42.6613 29.1469
 -43.5398 28.4389
 -44.6073 27.9207
 -45.1388 27.8353
 -45.415 26.7151
 -45.9622 25.2743
 -45.7337 24.3584
 -44.9762 23.1427
 -44.6651 23.2241
 -43.5779 23.9808
 -42.6558 24.0026
 -42.2197 24.1576
 -41.641 24.1058
 -41.4539 23.7972
 -41.3455 23.669
 -41.1593 23.5934
 -40.8498 23.3886
 -40.6646 23.2641
 -40.6555 23.2594
193 45 4
 -42.762 38.9021
 -45.1433 41.1629
 -45.4534 41.5192
 -45.4563 41.6446
194 149 25
 -32.9469 16.048
 -32.2751 15.7814
 -32.6525 14.6196
 -33.2002 13.1992
 -33.3845 12.8083
 -33.4844 12.8004
 -33.6427 12.7812
 -33.7781 12.7337
 -34.089 12.49
 -34.8369 12.126
 -35.6405 11.9589
 -35.934 12.5758
 -36.0317 13.4092
 -36.2072 13.717
 -36.7598 13.6373
 -37.5093 13.0562
 -37.8186 12.666
 -37.9978 12.537
 -38.1116 12.3423
 -38.2372 12.3249
 -38.365 12.3934
 -38.4076 12.3519
 -38.4116 12.3058
 -38.3746 12.2562
 -38.3578 12.2201
194 78 4
 -32.9469 16.048
 -34.0415 16.0812
 -34.5686 15.8844
 -34.6359 15.8272
195 46 6
 -16.3752 24.0243
 -16.8528 24.1362
 -17.4128 24.3129
 -18.0264 24.6783
 -18.1195 24.8227
 -18.1475 24.8401
195 87 4
 -16.3752 24.0243
 -14.8204 24.1674
 -13.7048 24.5098
 -13.6782 24.5351
196 37 15
 -3.32205 25.0993
 -3.6976 25.3044
 -4.4437 25.4981
 -5.111 25.6978
 -5.132 25.8268
 -4.9143 26.0514
 -4.84235 26.2094
 -4.8355 26.4244
 -4.8238 26.5283
 -4.7902 26.6242
 -4.6664 26.7035
 -4.50945 26.6926
 -4.40635 26.7487
 -4.38025 26.788
 -4.3741 26.7603
196 58 13
 -3.32205 25.0993
 -3.0086 24.5875
 -2.82055 24.3338
 -2.6136 23.6511
 -2.2978 22.8969
 -2.1658 22.7061
 -2.1353 22.5037
 -2.0917 22.3662
 -2.04935 22.3255
 -1.94575 22.395
 -1.8384 22.4475
 -1.79025 22.4062
 -1.7778 22.3867
197 8 11
 -4.7572 37.2178
 -5.18495 37.4986
 -5.37705 38.7344
 -5.76905 40.2257
 -6.19165 40.7848
 -6.71025 41.1698
 -7.1673 41.5749
 -7.4027 41.9007
 -7.56615 42.0322
 -7.62095 42.105
 -7.6305 42.1097
197 115 3
 -4.7572 37.2178
 -3.5325 36.8215
 -2.6916 36.645
198 37 17
 -1.2043 28.9419
 -1.603 28.6716
 -1.94985 28.4308
 -2.419 27.9272
 -2.8157 27.4656
 -3.29835 27.5068
 -3.8947 27.5304
 -4.072 27.3423
 -4.1082 27.1648
 -4.11135 27.0935
 -4.1116 27.0278
 -4.14545 26.9728
 -4.2256 26.9221
 -4.27485 26.8764
 -4.3161 26.8089
 -4.3614 26.7663
 -4.3741 26.7603
198 31 10
 -1.2043 28.9419
 -0.91355 29.0392
 -1.13165 29.515
 -1.08615 30.1645
 -0.97265 30.4127
 -1.2929 30.4981
 -1.7724 30.6542
 -1.97805 30.8051
 -2.02855 30.8113
 -2.0409 30.8197
199 12 23
 8.68145 22.2619
 9.99155 22.8536
 10.3722 22.9659
 10.9307 23.4546
 11.6819 23.7533
 12.5847 23.6848
 13.5046 24.5793
 14.0938 26.0773
 14.1511 26.9848
 13.9863 27.664
 14.3169 28.2803
 15.0357 28.5679
 15.9879 28.5207
 16.9967 28.3577
 17.4354 28.583
 17.9183 29.1226
 18.2713 29.5018
 18.5697 29.0429
 18.877 28.5113
 18.8537 27.9911
 18.6455 27.3537
 18.4637 27.1021
 18.4571 27.081
199 77 15
 8.68145 22.2619
 7.3865 22.0858
 7.26455 22.4111
 7.31725 22.0689
 8.20365 20.9264
 9.3267 19.8713
 9.4183 18.4972
 8.86895 17.3945
 8.47425 17.3556
 7.7176 17.5692
 7.0665 18.2062
 6.32145 18.9907
 5.49185 19.6644
 5.45325 19.9552
 5.4855 19.9938
200 87 18
 -9.08205 16.8105
 -9.68245 17.8654
 -10.1997 18.6381
 -11.0363 19.3916
 -11.8836 20.2432
 -12.0835 20.2642
 -12.2927 20.1968
 -12.451 20.1934
 -13.221 19.9636
 -14.6207 20.1961
 -15.2481 21.4365
 -14.9765 22.3973
 -15.1978 22.9208
 -14.6419 23.5864
 -13.6705 24.1258
 -13.6028 24.3883
 -13.634 24.4677
 -13.6782 24.5351
200 110 3
 -9.08205 16.8105
 -8.7782 16.3976
 -8.5662 16.2901
201 150 19
 -13.5637 14.4465
 -15.0998 13.8637
 -16.1692 13.7136
 -16.6279 13.6596
 -16.9526 13.6525
 -17.4832 12.6951
 -18.1153 11.7016
 -18.0744 11.305
 -17.8617 10.7304
 -17.7589 10.4684
 -17.6125 10.371
 -17.6217 10.1825
 -17.6455 9.9916
 -17.6961 9.88725
 -17.8029 9.7912
 -17.8238 9.7356
 -17.8321 9.63445
 -17.8187 9.5392
 -17.8245 9.5292
201 87 19
 -13.5637 14.4465
 -12.8873 14.9238
 -12.7076 15.6718
 -12.8314 16.5606
 -13.4988 16.9422
 -14.0348 17.6921
 -14.1138 18.3244
 -14.1108 18.8772
 -14.0113 19.5392
 -13.221 19.9636
 -14.6207 20.1961
 -15.2481 21.4365
 -14.9765 22.3973
 -15.1978 22.9208
 -14.6419 23.5864
 -13.6705 24.1258
 -13.6028 24.3883
 -13.634 24.4677
 -13.6782 24.5351
202 65 12
 0.7482 -6.52895
 1.8581 -6.42055
 2.56735 -6.74635
 3.68505 -7.09905
 5.0452 -6.90105
 6.27905 -5.0906
 7.9661 -3.47705
 8.6775 -3.21665
 8.9559 -3.83405
 9.2304 -4.45445
 9.2447 -4.52125
 9.2463 -4.5404
202 50 3
 0.7482 -6.52895
 0.2186 -6.87495
 0.0888 -6.8355
203 0 7
 -2.84425 5.0925
 -3.1412 5.17685
 -3.3617 5.3381
 -3.78875 5.58625
 -4.22325 5.75295
 -4.3289 5.7793
 -4.3334 5.7851
203 6 3
 -2.84425 5.0925
 -2.3062 5.3985
 -1.9383 5.7296
204 53 16
 15.3997 -14.4127
 16.9996 -14.7845
 17.7691 -14.6791
 18.0838 -15.2176
 17.7827 -15.7687
 17.4334 -16.4235
 17.1697 -17.1123
 17.036 -18.0114
 16.9415 -18.8405
 16.7698 -18.868
 16.5674 -18.6208
 16.2757 -18.3566
 16.0187 -18.2269
 15.9266 -18.0139
 15.9711 -17.7769
 15.9728 -17.7769
204 135 7
 15.3997 -14.4127
 13.8293 -13.7226
 13.4345 -13.6763
 12.4887 -12.7213
 11.5357 -11.7466
 11.3915 -11.6208
 11.2619 -11.5353
205 24 12
 32.4813 7.8345
 32.4305 8.60445
 32.6319 8.7594
 32.8438 8.769
 33.0069 8.69775
 33.117 8.81925
 33.2248 8.9147
 33.18 8.99805
 33.1443 9.0786
 33.1292 9.13005
 33.1012 9.1715
 33.0866 9.1738
205 72 4
 32.4813 7.8345
 32.5769 7.06295
 32.4269 6.98075
 32.3763 7.0154
206 132 24
 24.2922 2.8609
 23.8433 3.0877
 23.5271 3.24445
 23.1621 3.2313
 22.6945 3.49685
 22.6114 4.4619
 22.715 5.1967
 23.3894 5.3795
 24.228 5.59755
 24.4662 5.7173
 25.0186 5.4189
 26.0966 4.9775
 26.8377 5.15585
 26.9069 5.80075
 27.0951 6.6458
 27.4228 7.83415
 27.5853 8.6634
 27.7338 8.87795
 27.6308 9.72005
 27.7249 10.8963
 27.7223 11.8688
 27.5786 12.6106
 27.6882 12.7959
 27.7584 12.8597
206 73 4
 24.2922 2.8609
 25.1904 2.34735
 26.0834 2.05945
 26.2171 2.2132
207 148 54
 12.5732 3.9748
 11.7532 4.2499
 11.2783 4.53045
 11.0749 4.74625
 10.9513 5.0369
 10.9172 5.1694
 10.9374 5.25535
 10.787 5.3092
 10.5964 5.254
 10.2989 5.45915
 10.1135 6.1229
 10.3041 6.62565
 10.5494 6.706
 10.6872 6.66435
 10.9033 6.691
 11.1654 6.81605
 11.275 7.00725
 11.6165 7.16015
 11.9531 7.19085
 11.9749 7.1872
 12.6089 7.6346
 13.2273 8.0771
 13.394 8.1364
 13.7853 8.42235
 14.1552 8.9805
 14.2939 9.31255
 14.424 9.65065
 14.5684 9.97455
 14.7186 10.0767
 15.2963 10.3769
 15.7733 10.5494
 16.1276 10.6852
 16.53 11.0767
 16.7101 11.3115
 16.8981 11.3825
 17.1075 11.4137
 17.4136 11.728
 17.6467 12.1022
 17.9625 12.3512
 18.2629 12.5944
 18.267 12.6994
 18.2859 12.7881
 18.4794 12.8748
 18.7822 12.9754
 19.0333 13.0145
 19.1752 13.0375
 19.2364 13.094
 19.5909 13.2674
 20.1142 13.3407
 20.2865 13.4298
 20.4907 13.6249
 20.8708 13.7892
 21.0609 13.8976
 21.1018 13.9025
207 54 6
 12.5732 3.9748
 13.0122 3.73805
 12.9508 3.48285
 12.9879 3.3779
 13.0168 3.2903
 13.0218 3.2852
208 11 6
 20.7098 28.4093
 21.7118 28.6045
 22.1325 28.4871
 22.4596 28.3282
 22.5365 28.2547
 22.5513 28.237
208 12 5
 20.7098 28.4093
 19.3421 27.892
 18.6455 27.3537
 18.4637 27.1021
 18.4571 27.081
209 67 16
 24.6156 18.9527
 24.1208 19.3924
 23.6066 19.4603
 24.1683 19.5782
 24.5784 19.9682
 24.6593 20.4184
 24.9218 20.8581
 25.0563 21.3419
 25.0989 21.5735
 25.205 21.7037
 25.3841 21.8772
 25.6053 22.112
 25.6699 22.2683
 25.6777 22.3322
 25.7044 22.3883
 25.719 22.4125
209 139 5
 24.6156 18.9527
 24.6732 18.3941
 24.6949 18.007
 24.8581 17.815
 24.9355 17.7655
210 105 6
 33.7527 26.1192
 33.1164 26.5767
 32.7279 26.9281
 32.9583 26.496
 32.8532 26.1671
 32.7248 26.1522
210 126 4
 33.7527 26.1192
 34.2733 26.0742
 34.3554 26.3141
 34.3718 26.3751
211 132 10
 24.9837 15.5385
 25.8412 14.4496
 26.0721 13.9772
 26.1339 13.9172
 26.2839 13.8602
 26.6049 13.5753
 27.1177 13.2908
 27.5108 12.983
 27.6882 12.7959
 27.7584 12.8597
211 139 7
 24.9837 15.5385
 24.232 16.2563
 24.3276 16.6223
 24.4923 17.2504
 24.7049 17.6747
 24.8958 17.7803
 24.9355 17.7655
212 32 4
 38.1944 23.4658
 37.9037 24.1031
 37.6879 24.5918
 37.6043 24.618
212 83 4
 38.1944 23.4658
 38.502 22.96
 38.6961 22.598
 38.7409 22.567
213 85 11
 46.1137 22.6651
 46.8428 22.1849
 47.5752 22.7338
 48.2772 23.3361
 48.3367 23.4912
 48.422 23.5216
 48.6224 23.5086
 49.0936 23.4954
 49.6687 23.5382
 50.0059 23.5927
 50.0634 23.5408
213 64 8
 46.1137 22.6651
 45.1789 22.3525
 44.9214 21.5189
 44.9099 21.4037
 44.7113 20.9977
 44.5406 20.5236
 44.5529 20.3447
 44.5262 20.3163
214 114 7
 46.0067 7.84715
 45.8136 7.7691
 45.5415 7.7695
 45.3243 7.78045
 45.1535 7.8134
 45.0656 7.85575
 45.0404 7.8489
214 88 5
 46.0067 7.84715
 46.1521 8.0481
 46.2056 8.20035
 46.1311 8.20745
 46.1185 8.212
215 114 22
 43.3906 4.0558
 43.6222 4.45385
 43.7084 5.36865
 43.6711 5.9407
 43.7728 5.97315
 43.9844 6.2517
 44.0955 6.58225
 44.0626 6.77945
 44.0302 7.01785
 44.0264 7.0771
 44.2324 7.16635
 44.3743 7.3174
 44.4217 7.37275
 44.4249 7.39465
 44.4939 7.4064
 44.532 7.47975
 44.6614 7.59205
 44.811 7.64215
 44.784 7.73595
 44.8892 7.8222
 45.0247 7.8338
 45.0404 7.8489
215 92 15
 43.3906 4.0558
 42.7048 4.454
 41.986 4.8462
 41.9931 4.56965
 41.9844 3.9012
 42.4724 3.29325
 43.0093 2.90095
 43.0295 2.33365
 43.0724 1.9483
 43.1466 1.80965
 43.1452 1.63735
 42.8521 1.4207
 42.6683 1.0366
 42.7605 0.836
 42.8134 0.8506
216 60 7
 52.3507 -21.0855
 51.0085 -21.6516
 50.5327 -22.2631
 50.3503 -22.2928
 50.0878 -22.2092
 49.9543 -21.9985
 49.9104 -21.8726
216 7 4
 52.3507 -21.0855
 53.263 -21.6779
 53.2812 -22.2829
 53.263 -22.3123
217 102 20
 55.2182 -45.6033
 53.1956 -45.8466
 51.0373 -46.3398
 50.3039 -46.5074
 50.1097 -46.4226
 50.3182 -45.8716
 49.4157 -46.0252
 48.5539 -45.555
 47.9697 -45.644
 47.5877 -45.8497
 47.3172 -46.048
 46.891 -46.2899
 46.5788 -46.353
 46.3333 -46.3306
 46.0984 -46.3039
 45.7742 -46.3236
 45.427 -46.4527
 44.5723 -46.9938
 43.8815 -47.4285
 43.8905 -47.4436
217 128 5
 55.2182 -45.6033
 56.7902 -46.2832
 58.44 -47.0607
 59.0951 -47.1601
 59.2204 -47.1232
218 102 13
 38.4853 -51.6509
 38.6969 -50.707
 38.5628 -50.1647
 38.6757 -49.2963
 39.1047 -48.6192
 39.9183 -48.0993
 40.5871 -47.987
 41.2458 -48.2374
 42.3199 -48.3132
 43.1489 -48.1526
 43.6026 -47.8284
 43.8148 -47.5068
 43.8905 -47.4436
218 82 5
 38.4853 -51.6509
 38.5181 -52.7096
 38.1514 -53.1737
 37.4747 -53.5453
 37.4682 -53.5907
219 25 5
 42.2484 -36.4002
 42.0292 -35.4982
 41.934 -35.39
 41.7914 -35.261
 41.7534 -35.2038
219 66 7
 42.2484 -36.4002
 42.7112 -37.4282
 43.6654 -36.7989
 44.3331 -35.879
 44.2812 -35.7226
 44.2821 -35.6914
 44.2821 -35.6882
220 107 17
 42.566 -32.5046
 42.8464 -31.5539
 43.1158 -31.396
 43.2425 -31.3575
 43.4641 -30.83
 43.7002 -30.2966
 43.8093 -30.2442
 43.9844 -30.2062
 44.4764 -30.2906
 45.1564 -30.3516
 45.4608 -30.242
 45.8134 -30.262
 46.7089 -30.1122
 46.9947 -29.4951
 46.7589 -28.8466
 46.7958 -28.5699
 46.7924 -28.5428
220 25 5
 42.566 -32.5046
 42.2766 -34.0706
 42.0745 -35.0455
 41.8971 -35.2215
 41.7534 -35.2038
221 107 18
 41.0989 -31.7907
 42.4211 -31.1754
 42.9913 -31.3223
 43.1158 -31.396
 43.2425 -31.3575
 43.4641 -30.83
 43.7002 -30.2966
 43.8093 -30.2442
 43.9844 -30.2062
 44.4764 -30.2906
 45.1564 -30.3516
 45.4608 -30.242
 45.8134 -30.262
 46.7089 -30.1122
 46.9947 -29.4951
 46.7589 -28.8466
 46.7958 -28.5699
 46.7924 -28.5428
221 96 17
 41.0989 -31.7907
 40.1604 -32.4685
 39.5788 -32.8979
 38.6489 -32.6216
 38.0897 -31.7466
 37.8489 -31.5994
 37.8425 -31.7734
 37.6484 -32.2345
 37.1208 -32.8362
 36.8807 -33.3471
 36.7538 -33.7579
 36.6339 -34.2655
 35.9161 -35.1905
 35.2383 -35.9823
 35.1038 -36.1394
 34.9483 -36.1493
 34.8722 -36.1651
222 44 11
 38.0676 -30.577
 38.0794 -29.7239
 38.3228 -29.3761
 39.3552 -29.3992
 39.8818 -29.4511
 39.874 -29.5971
 39.9486 -29.6422
 40.0237 -29.694
 40.1564 -29.6989
 40.2802 -29.6317
 40.2979 -29.625
222 96 13
 38.0676 -30.577
 37.737 -31.3133
 37.8425 -31.7734
 37.6484 -32.2345
 37.1208 -32.8362
 36.8807 -33.3471
 36.7538 -33.7579
 36.6339 -34.2655
 35.9161 -35.1905
 35.2383 -35.9823
 35.1038 -36.1394
 34.9483 -36.1493
 34.8722 -36.1651
223 146 28
 23.0877 -30.6805
 22.2459 -29.845
 21.9713 -29.5134
 22.145 -29.0707
 22.4482 -28.7393
 22.8209 -28.8624
 22.9355 -28.6546
 22.7468 -27.7751
 22.5781 -27.1342
 22.7079 -26.934
 22.8962 -26.2472
 22.9153 -25.5661
 23.1075 -25.3633
 23.3549 -25.1338
 23.4184 -25.0432
 23.3951 -25.1398
 23.6012 -25.0259
 24.4478 -25.248
 23.9958 -24.673
 24.543 -24.3631
 25.1425 -23.4928
 24.6826 -22.5028
 25.5504 -22.6027
 26.0235 -22.293
 26.7328 -21.5936
 27.4045 -20.958
 27.6505 -20.8839
 27.6595 -20.8591
223 95 3
 23.0877 -30.6805
 23.5965 -31.3653
 23.6077 -31.3872
224 113 8
 17.2421 -39.172
 18.3668 -40.0463
 19.363 -40.174
 19.63 -40.1553
 19.8831 -39.7581
 20.3385 -39.0702
 20.5664 -38.7423
 20.5689 -38.7123
224 63 6
 17.2421 -39.172
 16.9034 -37.8787
 16.6937 -38.5267
 16.1714 -38.5105
 15.8172 -38.4069
 15.8091 -38.4094
225 117 9
 12.59 -57.1023
 13.0938 -58.1005
 13.5035 -58.7375
 14.0523 -59.3091
 14.3885 -59.4694
 14.5674 -59.8032
 15.0381 -59.9157
 15.6727 -59.9243
 15.7698 -60.1574
225 111 4
 12.59 -57.1023
 11.812 -56.1269
 11.6193 -55.9016
 11.6523 -55.8826
226 143 11
 47.4881 -58.5775
 48.7125 -58.3708
 49.4572 -58.1202
 49.4967 -57.8883
 49.8904 -57.4965
 50.2384 -57.0589
 50.6255 -56.9453
 51.3008 -57.1972
 51.6232 -57.5306
 51.654 -57.652
 51.6945 -57.6887
226 104 8
 47.4881 -58.5775
 47.5798 -60.0184
 48.8017 -62.107
 49.5878 -62.9257
 50.2728 -63.0372
 51.0172 -63.394
 51.2207 -63.7662
 51.2791 -63.8393
227 29 31
 -17.3012 3.4947
 -17.4161 2.90005
 -17.6899 2.80825
 -17.7458 2.5366
 -17.774 2.14475
 -17.565 1.69315
 -17.4888 1.48695
 -17.4527 1.56475
 -17.0346 1.587
 -16.5589 1.49445
 -16.4361 1.44815
 -16.2652 1.42455
 -16.063 1.34805
 -15.9471 1.25615
 -15.9992 1.1717
 -16.0929 1.09095
 -16.2637 1.03155
 -16.4701 1.0439
 -16.5644 1.06155
 -16.6349 0.9633
 -16.678 0.89915
 -16.7569 0.83155
 -16.8472 0.74635
 -16.841 0.7295
 -16.861 0.714
 -16.8511 0.63565
 -16.8494 0.46085
 -16.9458 0.3913
 -16.8365 0.2499
 -16.8727 0.126
 -16.929 0.1132
227 49 10
 -17.3012 3.4947
 -17.5749 4.2675
 -17.5612 4.5767
 -17.5547 4.8969
 -17.3966 5.2153
 -17.3304 5.442
 -17.2955 5.4538
 -17.1154 5.3002
 -17.048 5.1535
 -17.059 5.1255
228 2 40
 -23.2275 -61.3382
 -22.1803 -62.443
 -21.7634 -63.1294
 -21.1329 -63.1811
 -21.2492 -63.3085
 -20.9703 -63.0459
 -20.8046 -62.6646
 -19.3883 -62.6283
 -18.1968 -62.1555
 -18.0777 -61.3144
 -17.6215 -60.8885
 -17.2383 -60.7009
 -17.0581 -60.6522
 -16.7055 -60.5264
 -16.531 -59.8976
 -16.4971 -59.3364
 -16.237 -59.122
 -15.8598 -58.991
 -15.2323 -58.9732
 -14.4079 -58.9463
 -14.0128 -58.9882
 -13.8307 -59.1153
 -13.3126 -59.392
 -12.8611 -59.653
 -12.5335 -59.6574
 -12.1579 -59.7029
 -11.9959 -59.8486
 -11.8757 -59.805
 -11.7527 -59.7287
 -11.6201 -59.8141
 -11.271 -59.9285
 -11.012 -59.8824
 -10.8988 -59.8109
 -10.779 -59.769
 -10.7844 -59.6882
 -10.7809 -59.6553
 -10.6754 -59.6441
 -10.5879 -59.6385
 -10.5608 -59.6323
 -10.5603 -59.6094
228 81 5
 -23.2275 -61.3382
 -24.4405 -60.8849
 -25.0498 -60.7702
 -25.6899 -60.615
 -25.9042 -60.4582
229 31 16
 -1.65745 35.664
 -0.52105 34.9891
 -0.515 34.9369
 -1.55055 34.2917
 -2.17465 32.9874
 -2.27395 31.9106
 -2.2851 31.4962
 -2.3922 31.409
 -2.5039 31.3769
 -2.45875 31.3053
 -2.34355 31.1512
 -2.26085 31.0058
 -2.234 30.9176
 -2.1543 30.8394
 -2.0649 30.8053
 -2.0409 30.8197
229 115 4
 -1.65745 35.664
 -2.4903 36.4902
 -2.68965 36.638
 -2.6916 36.645
230 96 23
 33.3587 -41.2145
 33.3269 -40.4925
 33.1579 -40.1776
 32.9387 -39.9981
 32.5658 -39.9623
 32.3777 -39.5719
 32.5087 -39.1358
 32.8313 -39.0847
 33.3553 -39.0557
 33.6524 -39.0447
 33.9117 -38.7019
 34.0293 -37.8464
 34.1397 -37.2328
 34.3312 -37.0503
 34.4911 -37.0117
 34.4905 -36.979
 34.6708 -36.8707
 34.7011 -36.7465
 34.7368 -36.5998
 34.9141 -36.4184
 35.0192 -36.2273
 34.9483 -36.1493
 34.8722 -36.1651
230 15 6
 33.3587 -41.2145
 33.778 -42.322
 34.3396 -42.9605
 34.3846 -43.1669
 34.222 -43.2461
 34.2009 -43.2454
231 39 26
 -4.23675 -9.43865
 -4.5225 -10.5006
 -4.54035 -10.5781
 -4.7854 -10.9377
 -5.19905 -11.2527
 -5.9659 -11.5779
 -5.83005 -12.6941
 -5.1394 -13.6607
 -5.21215 -13.7348
 -6.0673 -13.0254
 -7.31805 -12.6008
 -7.96915 -12.7698
 -8.96335 -13.417
 -9.82575 -13.9352
 -9.4185 -13.0129
 -9.1385 -12.0506
 -9.53345 -11.4064
 -9.7451 -10.9431
 -9.7703 -10.9186
 -9.89005 -10.8733
 -10.1699 -10.6448
 -10.4466 -10.4936
 -10.6138 -10.5333
 -10.6895 -10.5609
 -10.7078 -10.5975
 -10.7083 -10.6073
231 71 5
 -4.23675 -9.43865
 -3.184 -9.20985
 -3.87755 -8.31255
 -3.6474 -8.1284
 -3.488 -8.0263
232 23 11
 -35.1657 -5.0031
 -36.1264 -4.90095
 -36.866 -5.24265
 -37.5977 -5.74175
 -37.7184 -5.91625
 -38.0526 -6.304
 -38.3639 -6.7264
 -38.2978 -7.06715
 -38.0312 -7.4485
 -37.7922 -7.5857
 -37.7647 -7.5701
232 142 5
 -35.1657 -5.0031
 -33.9192 -5.2021
 -33.3495 -5.38705
 -33.1567 -5.3835
 -33.1311 -5.3523
233 149 13
 -39.8699 8.5861
 -38.9609 9.08485
 -38.4736 10.4617
 -38.3483 11.598
 -38.2299 11.8419
 -38.1869 12.028
 -38.1552 12.2206
 -38.2372 12.3249
 -38.365 12.3934
 -38.4076 12.3519
 -38.4116 12.3058
 -38.3746 12.2562
 -38.3578 12.2201
233 5 17
 -39.8699 8.5861
 -40.6672 8.56745
 -41.1162 8.6261
 -41.3576 8.4177
 -41.6579 8.03155
 -41.9077 7.87235
 -42.5172 7.75805
 -43.2862 7.7463
 -43.6756 7.6957
 -43.603 7.2983
 -43.4335 6.56425
 -43.2047 5.74315
 -42.7309 5.14085
 -42.5117 4.75295
 -42.373 4.56805
 -42.2537 4.5211
 -42.2377 4.5184
234 42 27
 -16.1392 5.9361
 -15.618 6.0982
 -15.0018 6.02385
 -14.6805 6.34245
 -14.6047 6.84535
 -14.4864 7.17565
 -14.0583 7.32455
 -13.5422 7.0368
 -13.2306 6.9632
 -12.998 7.2338
 -12.5863 7.294
 -12.1455 7.2693
 -11.9769 7.28235
 -11.7952 7.23805
 -11.5851 7.23
 -11.4416 7.28875
 -11.4477 7.5343
 -11.2858 7.94505
 -10.9049 8.3586
 -11.1287 8.193
 -11.4444 8.38905
 -11.482 8.96065
 -11.2708 9.4792
 -11.4305 9.6283
 -11.7214 9.6982
 -11.9275 9.6897
 -11.9905 9.6988
234 49 7
 -16.1392 5.9361
 -16.7481 5.6905
 -17.2723 5.5734
 -17.2955 5.4538
 -17.1154 5.3002
 -17.048 5.1535
 -17.059 5.1255
235 43 13
 8.4486 34.868
 7.2868 35.1199
 6.4562 35.1058
 6.02505 35.368
 5.92335 35.3473
 5.59035 35.5116
 5.27755 35.694
 4.99365 35.824
 4.63145 36.0244
 4.42595 36.0814
 4.23595 36.0594
 4.14995 36.0928
 4.1432 36.1356
235 80 6
 8.4486 34.868
 9.65265 33.9164
 10.2437 33.4203
 11.2785 33.4944
 12.3451 33.7637
 12.4613 33.8843
236 42 23
 -15.1409 7.5591
 -14.6003 7.37355
 -14.0583 7.32455
 -13.5422 7.0368
 -13.2306 6.9632
 -12.998 7.2338
 -12.5863 7.294
 -12.1455 7.2693
 -11.9769 7.28235
 -11.7952 7.23805
 -11.5851 7.23
 -11.4416 7.28875
 -11.4477 7.5343
 -11.2858 7.94505
 -10.9049 8.3586
 -11.1287 8.193
 -11.4444 8.38905
 -11.482 8.96065
 -11.2708 9.4792
 -11.4305 9.6283
 -11.7214 9.6982
 -11.9275 9.6897
 -11.9905 9.6988
236 150 17
 -15.1409 7.5591
 -15.735 7.76525
 -16.1806 7.59725
 -16.4289 7.3187
 -16.2784 7.641
 -16.5561 8.2188
 -17.0375 8.6395
 -17.1281 8.85415
 -17.275 8.9176
 -17.5031 8.79525
 -17.6569 8.8614
 -17.7416 9.08255
 -17.7596 9.21245
 -17.7443 9.33975
 -17.7334 9.42905
 -17.7801 9.4851
 -17.8245 9.5292
237 106 3
 -7.4201 6.3901
 -6.62115 6.8257
 -6.6152 6.8069
237 18 5
 -7.4201 6.3901
 -8.26075 5.83035
 -8.3107 5.5711
 -8.3034 5.3818
 -8.2938 5.3464
238 146 9
 22.9551 -22.2509
 23.5565 -22.2469
 24.6826 -22.5028
 25.5504 -22.6027
 26.0235 -22.293
 26.7328 -21.5936
 27.4045 -20.958
 27.6505 -20.8839
 27.6595 -20.8591
238 53 28
 22.9551 -22.2509
 22.9318 -21.6528
 23.0707 -20.9312
 22.8839 -20.5496
 22.2799 -20.5803
 21.726 -20.804
 21.2958 -20.8463
 20.9396 -20.8831
 20.837 -20.698
 20.791 -20.4165
 20.3985 -19.9953
 19.8675 -19.6497
 19.6832 -19.5629
 19.4647 -19.4795
 18.9977 -19.1231
 18.6171 -18.6476
 18.4192 -18.68
 18.2975 -18.892
 17.8717 -18.8139
 17.2798 -18.7018
 16.9415 -18.8405
 16.7698 -18.868
 16.5674 -18.6208
 16.2757 -18.3566
 16.0187 -18.2269
 15.9266 -18.0139
 15.9711 -17.7769
 15.9728 -17.7769
239 112 4
 38.2087 19.9206
 38.1515 20.4663
 38.4678 20.5842
 38.4777 20.5825
239 116 3
 38.2087 19.9206
 38.5802 19.498
 38.5882 19.5016
240 17 17
 31.0865 -52.3875
 30.8759 -52.6616
 30.6945 -52.771
 30.6432 -52.82
 30.5475 -52.9582
 30.3289 -53.1131
 30.562 -53.1763
 30.6738 -53.2935
 30.7099 -53.3378
 30.7652 -53.3586
 30.8222 -53.3771
 30.9226 -53.3773
 31.0159 -53.3717
 31.0896 -53.3048
 31.1287 -53.2057
 31.1689 -53.0984
 31.2297 -53.0213
240 48 13
 31.0865 -52.3875
 31.2707 -51.9506
 31.4733 -51.7048
 31.7141 -51.6604
 31.984 -51.6725
 32.2377 -51.6847
 32.38 -51.6391
 32.396 -51.5143
 32.4597 -51.3119
 32.5592 -51.2328
 32.7117 -51.198
 32.8302 -51.13
 32.847 -51.1164
241 81 9
 -31.4683 -65.5033
 -29.496 -64.2557
 -28.4875 -64.1824
 -27.6027 -63.1754
 -26.9256 -61.7387
 -26.8269 -61.742
 -26.1077 -61.1734
 -25.6899 -60.615
 -25.9042 -60.4582
241 98 10
 -31.4683 -65.5033
 -32.9515 -66.3723
 -33.5073 -66.1318
 -34.2399 -65.908
 -35.4531 -65.5406
 -36.3267 -65.0683
 -36.5568 -64.3917
 -37.5358 -63.4573
 -38.4845 -62.7373
 -38.7215 -62.4027
242 147 12
 -28.0616 -49.2412
 -26.9857 -50.2849
 -26.8109 -51.2029
 -27.9141 -52.5845
 -28.2657 -54.4876
 -28.6324 -56.0833
 -28.5833 -56.6147
 -28.4671 -56.8447
 -28.3892 -56.9147
 -28.2704 -56.9972
 -28.1891 -57.0006
 -28.1803 -56.9433
242 121 23
 -28.0616 -49.2412
 -27.7403 -47.7999
 -27.3407 -46.9733
 -27.2445 -46.6754
 -27.5921 -46.5389
 -28.8761 -45.9997
 -30.0075 -45.5378
 -30.0654 -45.2122
 -29.9161 -44.6936
 -29.4911 -44.9677
 -28.4941 -44.7414
 -27.8164 -44.2142
 -27.0897 -44.0642
 -26.6085 -44.1284
 -25.3458 -44.4847
 -24.0336 -44.7888
 -23.5498 -44.4667
 -21.8261 -44.2459
 -20.0975 -44.382
 -21.2603 -42.8617
 -22.2643 -41.2681
 -22.4722 -41.0608
 -22.4353 -41.0162
243 2 29
 -19.5569 -56.1713
 -18.6203 -56.6816
 -17.7934 -57.0961
 -17.0393 -57.6768
 -16.2934 -58.1474
 -15.9146 -58.7202
 -15.8598 -58.991
 -15.2323 -58.9732
 -14.4079 -58.9463
 -14.0128 -58.9882
 -13.8307 -59.1153
 -13.3126 -59.392
 -12.8611 -59.653
 -12.5335 -59.6574
 -12.1579 -59.7029
 -11.9959 -59.8486
 -11.8757 -59.805
 -11.7527 -59.7287
 -11.6201 -59.8141
 -11.271 -59.9285
 -11.012 -59.8824
 -10.8988 -59.8109
 -10.779 -59.769
 -10.7844 -59.6882
 -10.7809 -59.6553
 -10.6754 -59.6441
 -10.5879 -59.6385
 -10.5608 -59.6323
 -10.5603 -59.6094
243 100 5
 -19.5569 -56.1713
 -20.3101 -55.1482
 -20.8737 -54.8861
 -21.7099 -55.5606
 -22.1086 -56.0025
244 19 9
 -16.4933 -54.7876
 -16.1725 -54.0821
 -16.2445 -53.7587
 -16.442 -53.5922
 -16.6893 -53.6079
 -17.0312 -53.562
 -17.2116 -53.3911
 -17.2779 -53.3356
 -17.3054 -53.3304
244 101 11
 -16.4933 -54.7876
 -16.2299 -55.6564
 -15.7165 -56.0489
 -15.3066 -56.5284
 -14.5665 -57.1145
 -14.0595 -57.0455
 -13.5199 -56.7295
 -13.1407 -56.5092
 -12.9044 -56.3576
 -12.6987 -56.2566
 -12.7202 -56.2142
245 19 8
 -15.4387 -52.0173
 -16.5153 -53.3749
 -16.4942 -53.5249
 -16.6893 -53.6079
 -17.0312 -53.562
 -17.2116 -53.3911
 -17.2779 -53.3356
 -17.3054 -53.3304
245 91 6
 -15.4387 -52.0173
 -13.9086 -50.9727
 -12.6045 -51.341
 -11.5198 -51.535
 -11.238 -51.4651
 -11.1743 -51.3984
246 10 5
 9.9101 -66.0868
 8.9838 -66.5855
 8.2909 -66.847
 8.15485 -67.0369
 8.1372 -67.0917
246 14 4
 9.9101 -66.0868
 10.2771 -65.6073
 10.2782 -65.4761
 10.2643 -65.4519
247 90 13
 10.3263 -63.397
 10.5358 -62.6407
 10.5421 -62.01
 10.4187 -61.6564
 10.2194 -61.6146
 10.0354 -61.5206
 9.71125 -61.2716
 9.17855 -61.1365
 8.81445 -60.9629
 8.69445 -60.6896
 8.6536 -59.9859
 8.6531 -59.3248
 8.6556 -59.2743
247 14 5
 10.3263 -63.397
 10.2157 -64.4891
 10.2537 -65.2647
 10.2492 -65.4122
 10.2643 -65.4519
248 118 21
 7.6095 -64.6411
 6.7419 -65.5025
 5.9758 -65.6049
 5.253 -65.8676
 4.94715 -66.0199
 4.67905 -66.133
 4.19005 -66.2367
 3.8591 -66.3156
 3.86345 -66.4592
 3.38015 -66.9451
 2.59985 -67.1046
 2.19065 -66.751
 2.05615 -66.8517
 1.85575 -67.1959
 1.64155 -67.4254
 1.6541 -67.3483
 1.6204 -67.2737
 1.3614 -67.2769
 0.6344 -67.0816
 0.0513 -66.9123
 -0.037 -66.9816
248 90 11
 7.6095 -64.6411
 8.3346 -63.5892
 8.5082 -62.9627
 8.7641 -62.2763
 9.2079 -61.569
 9.17855 -61.1365
 8.81445 -60.9629
 8.69445 -60.6896
 8.6536 -59.9859
 8.6531 -59.3248
 8.6556 -59.2743
249 16 16
 7.58525 -59.3097
 6.42335 -59.5039
 5.9942 -59.6627
 6.00865 -59.6047
 5.9748 -59.8736
 5.6519 -60.2589
 5.28995 -60.4122
 5.09675 -60.4088
 4.8819 -60.6829
 4.8303 -60.9411
 4.8374 -61.0443
 4.8676 -61.1391
 4.7777 -61.0767
 4.6325 -61.0623
 4.55145 -61.1386
 4.5418 -61.175
249 90 4
 7.58525 -59.3097
 8.50205 -59.3174
 8.6531 -59.3248
 8.6556 -59.2743
250 16 26
 -3.48505 -54.782
 -3.8671 -55.9215
 -3.3996 -56.2701
 -2.93205 -56.6438
 -2.93265 -57.608
 -2.5786 -58.5097
 -2.10535 -58.8108
 -2.0334 -59.3819
 -1.8038 -60.0592
 -1.376 -60.2616
 -1.08395 -60.2512
 -0.9724 -60.2005
 -0.7089 -59.9723
 -0.16135 -60.2634
 0.5648 -60.427
 1.24565 -60.0418
 1.66105 -60.0241
 1.92445 -60.2562
 2.05665 -60.5591
 1.9372 -60.7808
 2.3411 -60.6065
 3.36045 -60.5419
 4.18015 -60.6842
 4.41505 -60.9612
 4.55145 -61.1386
 4.5418 -61.175
250 103 9
 -3.48505 -54.782
 -2.75845 -53.3005
 -2.7834 -52.4246
 -3.1153 -52.0207
 -3.35015 -51.6728
 -3.6021 -51.3546
 -3.55825 -50.9723
 -3.51195 -50.6014
 -3.5674 -50.5258
251 121 15
 -12.2465 -33.5507
 -11.9997 -35.2644
 -12.3366 -36.4071
 -13.0758 -36.7506
 -14.4993 -36.8715
 -15.97 -37.0521
 -16.3006 -37.3849
 -16.7663 -38.4625
 -18.0279 -40.0248
 -19.1273 -40.9558
 -19.5264 -41.2235
 -20.5105 -40.9724
 -21.8229 -40.8642
 -22.4232 -41.0255
 -22.4353 -41.0162
251 119 7
 -12.2465 -33.5507
 -11.7664 -32.086
 -10.3229 -31.1858
 -9.9264 -30.1348
 -10.4181 -29.1801
 -10.2983 -28.9722
 -10.2906 -28.9513
252 91 24
 -0.24275 -40.6377
 -1.8205 -41.0285
 -2.1142 -41.5033
 -2.56135 -41.7594
 -3.6648 -42.1978
 -4.364 -42.0054
 -4.5409 -42.6328
 -5.3858 -42.937
 -6.1952 -43.3281
 -7.05 -43.4461
 -8.27475 -43.7085
 -8.72315 -44.6807
 -9.0883 -45.9221
 -10.3998 -47.0793
 -11.2003 -47.6184
 -10.7973 -47.7743
 -10.2752 -48.607
 -10.5855 -49.41
 -12.3235 -50.195
 -13.5375 -50.9777
 -12.6045 -51.341
 -11.5198 -51.535
 -11.238 -51.4651
 -11.1743 -51.3984
252 51 3
 -0.24275 -40.6377
 1.11575 -40.6151
 1.2586 -40.6009
253 97 19
 1.29745 -20.443
 2.11775 -21.2689
 2.9172 -20.1591
 4.3662 -19.2694
 4.68025 -18.8006
 3.9154 -17.8993
 3.0036 -16.5704
 2.8551 -15.8918
 2.892 -15.6439
 2.8886 -15.5599
 3.0838 -14.6202
 3.29935 -13.7234
 3.6752 -13.3594
 3.88725 -12.5022
 3.87185 -11.697
 4.2229 -11.4214
 4.82195 -11.59
 5.3156 -11.6572
 5.4175 -11.5827
253 26 8
 1.29745 -20.443
 -0.0493 -19.5836
 -1.2388 -19.1908
 -1.75545 -19.2696
 -1.8379 -18.2771
 -2.03065 -17.2631
 -2.2899 -17.0107
 -2.2759 -16.9952
254 26 8
 -0.8815 -22.9603
 -1.32785 -20.7298
 -1.5705 -19.4935
 -1.75545 -19.2696
 -1.8379 -18.2771
 -2.03065 -17.2631
 -2.2899 -17.0107
 -2.2759 -16.9952
254 131 4
 -0.8815 -22.9603
 -0.8197 -24.8179
 -1.0041 -25.6574
 -1.0246 -25.6416
255 39 21
 -4.5896 -14.8092
 -4.97265 -14.1189
 -5.1394 -13.6607
 -5.21215 -13.7348
 -6.0673 -13.0254
 -7.31805 -12.6008
 -7.96915 -12.7698
 -8.96335 -13.417
 -9.82575 -13.9352
 -9.4185 -13.0129
 -9.1385 -12.0506
 -9.53345 -11.4064
 -9.7451 -10.9431
 -9.7703 -10.9186
 -9.89005 -10.8733
 -10.1699 -10.6448
 -10.4466 -10.4936
 -10.6138 -10.5333
 -10.6895 -10.5609
 -10.7078 -10.5975
 -10.7083 -10.6073
255 26 3
 -4.5896 -14.8092
 -3.33605 -16.0985
 -2.2759 -16.9952
256 23 20
 -41.0508 -12.8678
 -41.4361 -11.2894
 -40.9528 -10.6205
 -40.6844 -10.1747
 -40.3054 -9.8413
 -39.6617 -9.6125
 -39.0891 -9.49195
 -38.8148 -9.5202
 -38.7039 -9.46265
 -38.3241 -9.2239
 -37.9656 -8.962
 -37.9315 -8.8918
 -37.8466 -8.85035
 -37.7144 -8.83175
 -37.6584 -8.75405
 -37.7714 -8.4035
 -37.8548 -7.89805
 -37.7994 -7.63795
 -37.7681 -7.5895
 -37.7647 -7.5701
256 47 3
 -41.0508 -12.8678
 -40.2235 -13.9669
 -40.096 -13.9993
257 40 13
 -44.1014 -13.2645
 -44.0593 -14.2232
 -43.9575 -14.6719
 -43.974 -15.3057
 -44.2513 -15.701
 -44.2929 -15.963
 -43.378 -16.2016
 -42.8 -16.9373
 -43.6777 -18.1851
 -44.3073 -18.9724
 -44.3753 -19.1987
 -44.4798 -19.2333
 -44.5429 -19.2702
257 79 5
 -44.1014 -13.2645
 -44.1599 -12.2568
 -44.1266 -12.0454
 -44.2035 -11.9718
 -44.2749 -11.9203
258 23 18
 -37.8606 -11.8532
 -37.9253 -11.5116
 -38.202 -10.9766
 -38.6945 -10.2812
 -38.8094 -9.902
 -38.7808 -9.68955
 -38.7039 -9.46265
 -38.3241 -9.2239
 -37.9656 -8.962
 -37.9315 -8.8918
 -37.8466 -8.85035
 -37.7144 -8.83175
 -37.6584 -8.75405
 -37.7714 -8.4035
 -37.8548 -7.89805
 -37.7994 -7.63795
 -37.7681 -7.5895
 -37.7647 -7.5701
258 120 4
 -37.8606 -11.8532
 -37.5086 -12.3691
 -37.304 -12.7833
 -37.2821 -12.8126
259 141 16
 -43.1164 -32.5187
 -42.7448 -31.3278
 -43.3078 -30.8764
 -43.7141 -30.5924
 -44.0056 -30.1387
 -44.3441 -29.6271
 -44.7827 -29.3548
 -44.9678 -28.8177
 -44.7085 -28.0284
 -44.3373 -27.5438
 -44.2766 -26.9244
 -44.0979 -26.0298
 -43.7686 -25.5483
 -43.7848 -25.4202
 -43.7955 -25.344
 -43.7821 -25.3226
259 56 5
 -43.1164 -32.5187
 -43.7987 -33.4832
 -43.9697 -33.5581
 -44.1213 -33.5773
 -44.1404 -33.5773
260 35 15
 -44.0897 -10.823
 -43.946 -10.3411
 -43.8613 -9.78145
 -44.2303 -9.548
 -44.2283 -9.4895
 -43.7561 -9.2632
 -43.2738 -8.9494
 -43.274 -8.5841
 -43.2858 -8.1295
 -43.4078 -7.7752
 -43.7192 -7.69215
 -43.9017 -7.64215
 -43.9783 -7.4828
 -43.9791 -7.40155
 -43.9732 -7.3988
260 79 8
 -44.0897 -10.823
 -43.7361 -11.1413
 -43.7049 -11.5723
 -43.8028 -11.975
 -43.9028 -12.011
 -44.0628 -11.9706
 -44.2035 -11.9718
 -44.2749 -11.9203
261 35 31
 -45.7513 -2.1409
 -44.6949 -2.1294
 -44.4695 -2.43415
 -44.2451 -2.8644
 -44.1037 -3.0874
 -43.7394 -3.29665
 -43.509 -3.5366
 -44.2671 -3.96545
 -44.917 -4.3852
 -44.6518 -4.63265
 -44.6129 -5.23385
 -44.7312 -5.8134
 -44.5207 -6.17485
 -44.479 -6.3921
 -44.5371 -6.61415
 -44.606 -6.82565
 -44.6674 -6.903
 -44.7127 -6.97015
 -44.7038 -7.06995
 -44.6162 -7.13805
 -44.5175 -7.1788
 -44.4417 -7.20655
 -44.3667 -7.2132
 -44.299 -7.25465
 -44.2932 -7.34235
 -44.3067 -7.47835
 -44.2569 -7.54145
 -44.1328 -7.53995
 -44.0244 -7.47785
 -43.9791 -7.40155
 -43.9732 -7.3988
261 123 5
 -45.7513 -2.1409
 -46.8884 -1.68535
 -47.6916 -0.69455
 -48.25 -0.2347
 -48.2237 -0.2027
262 35 31
 -42.0476 -3.58065
 -42.5691 -4.28515
 -42.8569 -4.0838
 -43.1497 -3.8625
 -43.3849 -3.63
 -43.7394 -3.29665
 -43.509 -3.5366
 -44.2671 -3.96545
 -44.917 -4.3852
 -44.6518 -4.63265
 -44.6129 -5.23385
 -44.7312 -5.8134
 -44.5207 -6.17485
 -44.479 -6.3921
 -44.5371 -6.61415
 -44.606 -6.82565
 -44.6674 -6.903
 -44.7127 -6.97015
 -44.7038 -7.06995
 -44.6162 -7.13805
 -44.5175 -7.1788
 -44.4417 -7.20655
 -44.3667 -7.2132
 -44.299 -7.25465
 -44.2932 -7.34235
 -44.3067 -7.47835
 -44.2569 -7.54145
 -44.1328 -7.53995
 -44.0244 -7.47785
 -43.9791 -7.40155
 -43.9732 -7.3988
262 20 7
 -42.0476 -3.58065
 -41.4276 -2.5549
 -41.1336 -2.2527
 -41.1246 -2.10955
 -40.9878 -1.87105
 -40.9105 -1.70755
 -40.9208 -1.7072
263 29 47
 -25.0681 -3.06695
 -24.5285 -2.75635
 -23.8576 -2.6371
 -23.0225 -2.36885
 -22.4482 -2.1557
 -21.7643 -1.82795
 -21.2221 -1.4527
 -21.1334 -1.386
 -20.6551 -1.2765
 -19.9416 -1.00285
 -19.6521 -0.802
 -19.5172 -0.78595
 -19.498 -0.6149
 -19.558 -0.3042
 -19.3876 0.357
 -19.2083 1.0031
 -19.0558 1.20435
 -18.8644 1.5114
 -18.3626 2.0631
 -17.7458 2.5366
 -17.774 2.14475
 -17.565 1.69315
 -17.4888 1.48695
 -17.4527 1.56475
 -17.0346 1.587
 -16.5589 1.49445
 -16.4361 1.44815
 -16.2652 1.42455
 -16.063 1.34805
 -15.9471 1.25615
 -15.9992 1.1717
 -16.0929 1.09095
 -16.2637 1.03155
 -16.4701 1.0439
 -16.5644 1.06155
 -16.6349 0.9633
 -16.678 0.89915
 -16.7569 0.83155
 -16.8472 0.74635
 -16.841 0.7295
 -16.861 0.714
 -16.8511 0.63565
 -16.8494 0.46085
 -16.9458 0.3913
 -16.8365 0.2499
 -16.8727 0.126
 -16.929 0.1132
263 142 17
 -25.0681 -3.06695
 -25.7665 -3.3553
 -26.1979 -3.4365
 -26.4734 -2.5424
 -27.3755 -1.88255
 -28.3259 -2.19305
 -28.9826 -2.71245
 -29.0388 -3.45925
 -29.066 -3.84195
 -29.4118 -3.7057
 -30.2109 -3.7457
 -31.1118 -4.57595
 -32.0163 -5.11675
 -32.7993 -5.1994
 -32.951 -5.3986
 -33.0788 -5.3862
 -33.1311 -5.3523
264 13 4
 -33.3015 -3.04705
 -33.4714 -2.16735
 -33.7229 -2.017
 -33.6994 -1.9334
264 142 6
 -33.3015 -3.04705
 -33.4163 -3.9159
 -33.2745 -4.54995
 -33.1187 -5.211
 -33.1227 -5.3231
 -33.1311 -5.3523
265 35 36
 -42.9524 1.43865
 -43.1806 0.42945
 -43.2382 0.0681
 -43.4907 -0.4014
 -44.4019 -1.0881
 -44.9652 -1.7808
 -44.6949 -2.1294
 -44.4695 -2.43415
 -44.2451 -2.8644
 -44.1037 -3.0874
 -43.7394 -3.29665
 -43.509 -3.5366
 -44.2671 -3.96545
 -44.917 -4.3852
 -44.6518 -4.63265
 -44.6129 -5.23385
 -44.7312 -5.8134
 -44.5207 -6.17485
 -44.479 -6.3921
 -44.5371 -6.61415
 -44.606 -6.82565
 -44.6674 -6.903
 -44.7127 -6.97015
 -44.7038 -7.06995
 -44.6162 -7.13805
 -44.5175 -7.1788
 -44.4417 -7.20655
 -44.3667 -7.2132
 -44.299 -7.25465
 -44.2932 -7.34235
 -44.3067 -7.47835
 -44.2569 -7.54145
 -44.1328 -7.53995
 -44.0244 -7.47785
 -43.9791 -7.40155
 -43.9732 -7.3988
265 130 5
 -42.9524 1.43865
 -42.3139 2.3713
 -41.6143 2.35785
 -41.3204 2.29625
 -41.2951 2.3101
266 75 8
 -39.3756 21.8824
 -39.9094 22.2468
 -40.459 22.7256
 -40.5448 22.9756
 -40.5423 23.0639
 -40.579 23.1788
 -40.6354 23.246
 -40.6555 23.2594
266 94 12
 -39.3756 21.8824
 -39.1881 21.201
 -38.4091 21.4099
 -37.0881 20.1517
 -36.6852 19.156
 -36.5407 19.9179
 -36.4208 20.5977
 -36.241 21.5807
 -35.2409 22.6842
 -34.1147 22.9767
 -33.7748 23.1642
 -33.7404 23.1993
267 94 10
 -35.3077 19.1209
 -36.4467 19.1768
 -36.6852 19.156
 -36.5407 19.9179
 -36.4208 20.5977
 -36.241 21.5807
 -35.2409 22.6842
 -34.1147 22.9767
 -33.7748 23.1642
 -33.7404 23.1993
267 78 8
 -35.3077 19.1209
 -34.2927 18.7891
 -34.1228 18.2745
 -34.3287 17.827
 -34.6729 17.1269
 -34.7323 16.167
 -34.66 15.824
 -34.6359 15.8272
268 33 19
 -30.6232 25.0868
 -30.2263 26.1981
 -30.2407 26.3012
 -30.2169 26.3454
 -29.5285 26.5528
 -28.7404 26.2508
 -28.6143 25.6805
 -28.4822 25.6111
 -27.8894 25.1169
 -27.3287 24.8133
 -27.0555 24.7805
 -26.6973 24.408
 -26.3951 24.4086
 -26.2538 24.5587
 -26.2252 24.5524
 -26.0917 24.5044
 -25.9086 24.5296
 -25.7697 24.5794
 -25.6991 24.5697
268 94 6
 -30.6232 25.0868
 -31.0886 24.0136
 -32.0535 23.888
 -33.2054 23.5524
 -33.5875 23.2525
 -33.7404 23.1993
269 46 10
 -23.8221 24.8328
 -22.9936 25.0382
 -22.4282 25.5786
 -21.8006 26.3809
 -21.3582 26.7446
 -20.5722 26.2984
 -19.4214 25.353
 -18.5719 24.9827
 -18.1791 24.9227
 -18.1475 24.8401
269 33 5
 -23.8221 24.8328
 -24.8484 24.5159
 -25.4917 24.4787
 -25.6899 24.5592
 -25.6991 24.5697
270 37 23
 -10.7803 24.6889
 -9.3811 24.517
 -8.43625 24.565
 -8.06065 24.5862
 -7.9194 24.5229
 -7.2406 24.6857
 -6.5543 25.1151
 -6.3337 25.4091
 -6.0782 25.3925
 -5.7613 25.5881
 -5.41725 26.1617
 -5.2443 26.4337
 -5.13515 26.3675
 -4.9769 26.3502
 -4.84235 26.2094
 -4.8355 26.4244
 -4.8238 26.5283
 -4.7902 26.6242
 -4.6664 26.7035
 -4.50945 26.6926
 -4.40635 26.7487
 -4.38025 26.788
 -4.3741 26.7603
270 87 5
 -10.7803 24.6889
 -12.5646 24.7261
 -13.6448 24.5875
 -13.6735 24.5413
 -13.6782 24.5351
271 80 10
 10.5374 31.6079
 11.0123 32.0153
 11.7384 32.2333
 12.1181 32.283
 12.3237 32.239
 13.0729 32.2228
 13.5903 32.5343
 13.0406 33.3472
 12.514 33.8935
 12.4613 33.8843
271 41 10
 10.5374 31.6079
 10.0369 30.8512
 9.2573 30.2634
 8.86535 30.215
 8.40145 30.3362
 7.74625 30.3634
 7.37465 30.1361
 7.20685 29.9924
 7.16185 29.9835
 7.138 29.9897
272 58 23
 4.2907 19.2528
 3.11395 18.4084
 2.72085 18.3606
 1.86625 19.3489
 1.06535 20.4991
 0.6214 21.1571
 0.29525 21.3649
 0.47325 21.3451
 0.659 21.5103
 0.59325 21.7936
 0.45325 22.0321
 0.4165 22.2053
 0.29465 22.3049
 0.1697 22.3104
 0.05845 22.311
 -0.0266 22.3291
 -0.11225 22.3106
 -0.6406 22.4174
 -1.223 22.5426
 -1.3794 22.4891
 -1.5282 22.4377
 -1.70485 22.4151
 -1.7778 22.3867
272 77 4
 4.2907 19.2528
 5.37405 19.8189
 5.45325 19.9552
 5.4855 19.9938
273 27 13
 -0.86285 7.0132
 0.0459 7.2195
 1.20335 6.63825
 1.61585 6.0212
 2.14535 6.05325
 2.7558 6.2257
 2.9945 6.3224
 3.08665 6.3099
 3.9729 6.3673
 4.9297 6.5815
 4.99525 6.7711
 4.959 6.8547
 4.9648 6.8888
273 6 4
 -0.86285 7.0132
 -1.3669 6.1982
 -1.87405 5.6656
 -1.9383 5.7296
274 42 17
 -9.3477 5.3701
 -10.4665 5.7295
 -11.2211 6.04405
 -11.2677 6.70105
 -11.3465 7.263
 -11.4416 7.28875
 -11.4477 7.5343
 -11.2858 7.94505
 -10.9049 8.3586
 -11.1287 8.193
 -11.4444 8.38905
 -11.482 8.96065
 -11.2708 9.4792
 -11.4305 9.6283
 -11.7214 9.6982
 -11.9275 9.6897
 -11.9905 9.6988
274 18 6
 -9.3477 5.3701
 -8.78765 5.26315
 -8.60535 5.324
 -8.4691 5.32035
 -8.3161 5.33115
 -8.2938 5.3464
275 18 5
 -7.27045 4.9105
 -7.98185 5.00115
 -8.12355 5.18755
 -8.2522 5.3344
 -8.2938 5.3464
275 0 9
 -7.27045 4.9105
 -6.4367 4.94005
 -6.22765 5.01075
 -5.8805 5.11285
 -5.4446 5.2477
 -5.04155 5.54025
 -4.55635 5.7868
 -4.3434 5.78035
 -4.3334 5.7851
276 71 26
 -11.3468 -0.14275
 -9.96115 -0.8147
 -8.75035 -0.975
 -8.3851 -1.06635
 -7.39705 -1.1611
 -6.2677 -1.4892
 -6.00255 -1.9302
 -6.1647 -2.3964
 -6.2709 -2.74215
 -6.11275 -3.08315
 -5.7903 -3.3838
 -5.40675 -3.5502
 -4.21725 -3.87475
 -3.1213 -4.2351
 -2.79725 -4.61935
 -2.73935 -4.80865
 -3.01515 -5.5926
 -3.6928 -6.33665
 -4.24055 -6.33685
 -4.27935 -6.4277
 -4.20105 -6.75435
 -3.8572 -7.1419
 -3.60795 -7.3109
 -3.5355 -7.64145
 -3.4829 -7.98535
 -3.488 -8.0263
276 18 13
 -11.3468 -0.14275
 -12.2972 0.6001
 -12.8665 1.0476
 -12.6951 1.76645
 -12.2848 2.85285
 -11.314 3.48535
 -10.4521 3.51105
 -10.2662 3.5577
 -9.33695 4.229
 -8.52015 5.08875
 -8.4691 5.32035
 -8.3161 5.33115
 -8.2938 5.3464
277 71 6
 -2.0934 -6.95905
 -3.01675 -7.61615
 -3.1734 -7.824
 -3.3977 -7.9813
 -3.48335 -8.0268
 -3.488 -8.0263
277 50 4
 -2.0934 -6.95905
 -0.6105 -6.6939
 0.0256 -6.9124
 0.0888 -6.8355
278 148 61
 2.50665 0.88605
 3.6404 0.8518
 4.18625 0.94715
 4.7195 1.7014
 4.82125 2.4192
 5.4494 3.1466
 6.33555 3.81245
 7.34695 3.4117
 9.31945 3.8103
 10.838 4.547
 11.0749 4.74625
 10.9513 5.0369
 10.9172 5.1694
 10.9374 5.25535
 10.787 5.3092
 10.5964 5.254
 10.2989 5.45915
 10.1135 6.1229
 10.3041 6.62565
 10.5494 6.706
 10.6872 6.66435
 10.9033 6.691
 11.1654 6.81605
 11.275 7.00725
 11.6165 7.16015
 11.9531 7.19085
 11.9749 7.1872
 12.6089 7.6346
 13.2273 8.0771
 13.394 8.1364
 13.7853 8.42235
 14.1552 8.9805
 14.2939 9.31255
 14.424 9.65065
 14.5684 9.97455
 14.7186 10.0767
 15.2963 10.3769
 15.7733 10.5494
 16.1276 10.6852
 16.53 11.0767
 16.7101 11.3115
 16.8981 11.3825
 17.1075 11.4137
 17.4136 11.728
 17.6467 12.1022
 17.9625 12.3512
 18.2629 12.5944
 18.267 12.6994
 18.2859 12.7881
 18.4794 12.8748
 18.7822 12.9754
 19.0333 13.0145
 19.1752 13.0375
 19.2364 13.094
 19.5909 13.2674
 20.1142 13.3407
 20.2865 13.4298
 20.4907 13.6249
 20.8708 13.7892
 21.0609 13.8976
 21.1018 13.9025
278 62 6
 2.50665 0.88605
 1.40145 0.9644
 1.22495 0.28545
 1.3832 -1.44145
 1.67735 -2.5059
 1.695 -2.5136
279 148 52
 6.52325 6.22865
 7.124 5.8967
 7.73835 5.73555
 8.60755 5.6241
 9.34315 5.6778
 10.1672 5.42425
 10.5964 5.254
 10.2989 5.45915
 10.1135 6.1229
 10.3041 6.62565
 10.5494 6.706
 10.6872 6.66435
 10.9033 6.691
 11.1654 6.81605
 11.275 7.00725
 11.6165 7.16015
 11.9531 7.19085
 11.9749 7.1872
 12.6089 7.6346
 13.2273 8.0771
 13.394 8.1364
 13.7853 8.42235
 14.1552 8.9805
 14.2939 9.31255
 14.424 9.65065
 14.5684 9.97455
 14.7186 10.0767
 15.2963 10.3769
 15.7733 10.5494
 16.1276 10.6852
 16.53 11.0767
 16.7101 11.3115
 16.8981 11.3825
 17.1075 11.4137
 17.4136 11.728
 17.6467 12.1022
 17.9625 12.3512
 18.2629 12.5944
 18.267 12.6994
 18.2859 12.7881
 18.4794 12.8748
 18.7822 12.9754
 19.0333 13.0145
 19.1752 13.0375
 19.2364 13.094
 19.5909 13.2674
 20.1142 13.3407
 20.2865 13.4298
 20.4907 13.6249
 20.8708 13.7892
 21.0609 13.8976
 21.1018 13.9025
279 27 6
 6.52325 6.22865
 5.60225 6.78045
 5.194 6.931
 5.07635 6.89045
 5 6.896
 4.9648 6.8888
280 53 28
 22.4292 -19.097
 22.728 -19.2639
 22.8052 -19.8674
 22.8839 -20.5496
 22.2799 -20.5803
 21.726 -20.804
 21.2958 -20.8463
 20.9396 -20.8831
 20.837 -20.698
 20.791 -20.4165
 20.3985 -19.9953
 19.8675 -19.6497
 19.6832 -19.5629
 19.4647 -19.4795
 18.9977 -19.1231
 18.6171 -18.6476
 18.4192 -18.68
 18.2975 -18.892
 17.8717 -18.8139
 17.2798 -18.7018
 16.9415 -18.8405
 16.7698 -18.868
 16.5674 -18.6208
 16.2757 -18.3566
 16.0187 -18.2269
 15.9266 -18.0139
 15.9711 -17.7769
 15.9728 -17.7769
280 124 5
 22.4292 -19.097
 22.0117 -18.6217
 21.6862 -18.1646
 21.67 -18.1482
 21.6574 -18.1376
281 74 28
 34.0765 0.3269
 33.0498 -0.38705
 33.0503 -0.4006
 32.6894 -0.747
 32.1859 -1.229
 32.0746 -1.4366
 32.0706 -1.7181
 31.9902 -2.3251
 31.9352 -2.7355
 32.2319 -3.08245
 33.2617 -3.5823
 34.2203 -3.8978
 34.5457 -4.0446
 34.6651 -4.0554
 34.7718 -4.06515
 35.0382 -4.4162
 35.6641 -4.65415
 36.9115 -4.4745
 38.1698 -4.2777
 38.4529 -3.9547
 38.2756 -3.5015
 38.2358 -3.1071
 38.3081 -2.7178
 38.8513 -2.45905
 39.4679 -2.23925
 39.705 -1.91675
 39.7409 -1.73
 39.7212 -1.6595
281 138 8
 34.0765 0.3269
 34.9965 1.38455
 34.8986 1.84505
 34.8191 2.4357
 34.7306 3.54165
 34.7367 4.2761
 34.7331 4.4042
 34.7147 4.4305
282 148 36
 14.4011 6.75375
 14.0007 7.41775
 13.8795 7.77065
 13.6868 7.9912
 13.394 8.1364
 13.7853 8.42235
 14.1552 8.9805
 14.2939 9.31255
 14.424 9.65065
 14.5684 9.97455
 14.7186 10.0767
 15.2963 10.3769
 15.7733 10.5494
 16.1276 10.6852
 16.53 11.0767
 16.7101 11.3115
 16.8981 11.3825
 17.1075 11.4137
 17.4136 11.728
 17.6467 12.1022
 17.9625 12.3512
 18.2629 12.5944
 18.267 12.6994
 18.2859 12.7881
 18.4794 12.8748
 18.7822 12.9754
 19.0333 13.0145
 19.1752 13.0375
 19.2364 13.094
 19.5909 13.2674
 20.1142 13.3407
 20.2865 13.4298
 20.4907 13.6249
 20.8708 13.7892
 21.0609 13.8976
 21.1018 13.9025
282 140 4
 14.4011 6.75375
 14.8684 6.3337
 15.0681 6.29095
 15.1539 6.3268
283 148 8
 22.3746 15.3069
 21.6825 14.7582
 21.2675 14.4769
 21.1671 14.2227
 21.184 14.0613
 21.1688 13.9923
 21.129 13.9231
 21.1018 13.9025
283 139 9
 22.3746 15.3069
 23.3541 15.7829
 23.9377 16.1349
 24.0815 16.3449
 24.3276 16.6223
 24.4923 17.2504
 24.7049 17.6747
 24.8958 17.7803
 24.9355 17.7655
284 148 8
 19.9314 16.0319
 21.0866 15.0666
 21.2675 14.4769
 21.1671 14.2227
 21.184 14.0613
 21.1688 13.9923
 21.129 13.9231
 21.1018 13.9025
284 145 7
 19.9314 16.0319
 18.9161 16.9203
 18.6232 17.3528
 18.4507 17.3914
 18.3731 17.4105
 18.259 17.3826
 18.1819 17.3413
285 145 16
 17.3197 24.0245
 18.5389 23.5581
 19.1749 23.2053
 20.01 22.5522
 20.226 21.3588
 20.026 20.902
 20.0597 20.639
 19.9604 19.965
 19.5742 19.4023
 18.6873 18.6446
 18.1405 17.8033
 18.1969 17.5778
 18.1349 17.4879
 18.1373 17.4039
 18.1784 17.3571
 18.1819 17.3413
285 12 9
 17.3197 24.0245
 16.1745 24.1382
 16.0389 24.5533
 16.2014 25.3354
 16.8876 25.9859
 17.4261 26.3451
 17.918 26.7316
 18.4318 26.9967
 18.4571 27.081
286 80 9
 15.0443 29.4743
 15.1041 30.4422
 15.2812 30.8118
 14.8948 31.3647
 14.1483 32.0615
 13.5903 32.5343
 13.0406 33.3472
 12.514 33.8935
 12.4613 33.8843
286 12 13
 15.0443 29.4743
 15.2864 28.7565
 15.9879 28.5207
 16.9967 28.3577
 17.4354 28.583
 17.9183 29.1226
 18.2713 29.5018
 18.5697 29.0429
 18.877 28.5113
 18.8537 27.9911
 18.6455 27.3537
 18.4637 27.1021
 18.4571 27.081
287 24 31
 29.9131 12.493
 30.6071 11.8996
 31.4576 11.6299
 31.8596 11.5491
 32.0181 11.3617
 32.3056 10.9541
 32.442 10.7294
 32.4879 10.7819
 32.5403 10.826
 32.6356 10.8271
 32.9359 10.6019
 33.2262 10.3156
 33.3982 10.1247
 33.5872 9.94365
 33.7115 9.80285
 33.763 9.698
 33.8894 9.6797
 34.0559 9.62955
 34.091 9.54305
 34.0404 9.5166
 33.9275 9.49595
 33.8267 9.4223
 33.7157 9.3627
 33.5864 9.34145
 33.4654 9.36325
 33.3505 9.4253
 33.2643 9.40985
 33.1329 9.3383
 33.0801 9.2689
 33.0937 9.19615
 33.0866 9.1738
287 132 7
 29.9131 12.493
 29.4781 13.1403
 28.7205 13.1729
 28.0121 12.8678
 27.8417 12.7996
 27.7858 12.8351
 27.7584 12.8597
288 112 11
 38.5405 22.1688
 38.046 21.8816
 37.6121 21.8607
 37.2739 21.5389
 37.1162 21.2455
 37.2612 21.1504
 37.5165 20.8536
 37.989 20.6972
 38.4003 20.663
 38.4678 20.5842
 38.4777 20.5825
288 83 3
 38.5405 22.1688
 38.7653 22.5162
 38.7409 22.567
289 127 4
 38.1327 18.9937
 37.4785 18.6348
 37.2549 18.7957
 37.246 18.8147
289 116 3
 38.1327 18.9937
 38.5802 19.498
 38.5882 19.5016
290 88 50
 61.1021 4.66345
 60.4524 6.06005
 60.8449 7.7866
 60.3641 8.5681
 59.6493 9.0207
 58.7 9.2924
 57.8349 9.3771
 56.8558 9.625
 56.2072 9.94825
 55.4613 9.9137
 54.763 9.94585
 54.6495 10.2032
 54.6769 10.4253
 54.4296 10.9991
 54.3708 11.5312
 54.4719 11.7347
 54.1768 11.6775
 53.6389 11.4698
 53.2234 11.2913
 52.9122 10.2459
 52.4748 9.2351
 52.1862 9.10915
 51.6794 9.15745
 51.2029 9.40275
 50.9241 9.53295
 50.5353 9.4884
 49.8164 9.38485
 49.1288 9.34025
 48.6841 9.5876
 48.3167 9.7997
 48.1118 9.8417
 47.9201 9.84255
 47.8669 9.75935
 47.806 9.3354
 47.7429 8.82355
 47.7022 8.61605
 47.6643 8.44945
 47.6238 8.28245
 47.5766 8.1656
 47.2759 8.1144
 46.8492 8.2383
 46.8207 8.3989
 46.5981 8.37175
 46.4303 8.4085
 46.3516 8.43115
 46.2925 8.5368
 46.2848 8.40355
 46.1717 8.30235
 46.1185 8.2221
 46.1185 8.212
290 86 3
 61.1021 4.66345
 62.5197 4.4066
 62.5212 4.3672
291 92 7
 41.7552 -1.3301
 42.6255 -0.35615
 42.8096 0.20845
 42.8306 0.3783
 42.8805 0.64005
 42.8593 0.8355
 42.8134 0.8506
291 74 6
 41.7552 -1.3301
 40.9116 -1.79495
 40.4186 -1.7577
 39.945 -1.6834
 39.7618 -1.63645
 39.7212 -1.6595
292 24 35
 36.6729 4.4613
 36.8937 4.92265
 37.0022 5.5487
 37.2178 6.3981
 36.8071 6.2381
 36.5288 6.74605
 36.3197 7.02585
 35.9634 7.0465
 35.4298 7.2643
 35.1352 7.5672
 35.1123 7.77365
 35.1796 8.00285
 35.18 8.1713
 35.1073 8.16175
 34.9585 8.0335
 34.7124 7.9071
 34.2476 8.2449
 33.8548 8.73395
 33.8651 8.89175
 33.9692 9.00095
 34.1222 9.236
 34.1665 9.41575
 34.1084 9.47365
 34.0404 9.5166
 33.9275 9.49595
 33.8267 9.4223
 33.7157 9.3627
 33.5864 9.34145
 33.4654 9.36325
 33.3505 9.4253
 33.2643 9.40985
 33.1329 9.3383
 33.0801 9.2689
 33.0937 9.19615
 33.0866 9.1738
292 138 8
 36.6729 4.4613
 36.4442 3.8335
 36.0479 3.658
 35.5735 3.90925
 35.1447 4.165
 34.8331 4.3382
 34.7331 4.4042
 34.7147 4.4305
293 129 27
 48.5097 -21.408
 47.6809 -21.0941
 47.4089 -21.3414
 47.0458 -21.8421
 45.9988 -21.9407
 44.6514 -22.0695
 44.0341 -22.3109
 44.1886 -21.6477
 44.2887 -21.0183
 44.0631 -20.5072
 43.6934 -19.4952
 43.7958 -18.964
 43.7286 -18.4948
 44.0862 -17.6241
 44.1519 -17.1483
 43.8491 -17.1033
 43.5094 -16.6593
 43.6111 -16.0005
 43.5924 -15.6728
 43.1898 -15.1236
 42.9507 -14.4582
 43.1837 -14.1957
 43.6001 -14.1788
 44.1903 -14.2079
 44.5304 -13.9354
 44.345 -13.545
 44.3291 -13.4872
293 60 5
 48.5097 -21.408
 49.2038 -21.7135
 49.5354 -21.8606
 49.8688 -21.9004
 49.9104 -21.8726
294 129 29
 46.0464 -25.9465
 45.3218 -25.0308
 45.4453 -24.633
 46.4079 -23.6521
 46.7473 -22.3722
 47.0458 -21.8421
 45.9988 -21.9407
 44.6514 -22.0695
 44.0341 -22.3109
 44.1886 -21.6477
 44.2887 -21.0183
 44.0631 -20.5072
 43.6934 -19.4952
 43.7958 -18.964
 43.7286 -18.4948
 44.0862 -17.6241
 44.1519 -17.1483
 43.8491 -17.1033
 43.5094 -16.6593
 43.6111 -16.0005
 43.5924 -15.6728
 43.1898 -15.1236
 42.9507 -14.4582
 43.1837 -14.1957
 43.6001 -14.1788
 44.1903 -14.2079
 44.5304 -13.9354
 44.345 -13.545
 44.3291 -13.4872
294 107 5
 46.0464 -25.9465
 46.508 -27.0419
 46.7561 -27.9864
 46.7635 -28.481
 46.7924 -28.5428
295 107 12
 49.7295 -32.0993
 48.7453 -31.5117
 48.1322 -31.2302
 48.176 -30.6318
 47.778 -30.1318
 47.7189 -29.7412
 47.6455 -29.6658
 46.7089 -30.1122
 46.9947 -29.4951
 46.7589 -28.8466
 46.7958 -28.5699
 46.7924 -28.5428
295 68 4
 49.7295 -32.0993
 50.6308 -33.1833
 51.2745 -33.7898
 51.3064 -33.804
296 69 6
 43.771 -38.1546
 44.6247 -38.535
 45.122 -38.8764
 45.277 -39.1472
 45.3983 -39.2682
 45.4685 -39.3073
296 66 7
 43.771 -38.1546
 43.1279 -37.7585
 43.6654 -36.7989
 44.3331 -35.879
 44.2812 -35.7226
 44.2821 -35.6914
 44.2821 -35.6882
297 25 11
 39.9891 -41.9969
 41.2309 -40.6309
 40.2831 -39.1054
 39.215 -37.7118
 39.7003 -37.1683
 40.3273 -36.4964
 40.528 -36.3582
 40.9678 -36.1789
 41.5471 -35.6334
 41.7914 -35.261
 41.7534 -35.2038
297 89 3
 39.9891 -41.9969
 38.7416 -43.3898
 38.6996 -43.6094
298 96 20
 30.7469 -36.9953
 30.9453 -37.934
 31.4306 -38.4212
 32.245 -38.9006
 32.8313 -39.0847
 33.3553 -39.0557
 33.6524 -39.0447
 33.9117 -38.7019
 34.0293 -37.8464
 34.1397 -37.2328
 34.3312 -37.0503
 34.4911 -37.0117
 34.4905 -36.979
 34.6708 -36.8707
 34.7011 -36.7465
 34.7368 -36.5998
 34.9141 -36.4184
 35.0192 -36.2273
 34.9483 -36.1493
 34.8722 -36.1651
298 36 4
 30.7469 -36.9953
 30.0001 -35.888
 29.4727 -35.6093
 29.4124 -35.6523
299 146 34
 19.5974 -31.786
 20.3787 -31.6572
 20.5625 -31.0532
 20.9352 -30.5279
 20.9758 -30.4125
 20.9256 -30.3097
 21.3955 -30.0308
 21.8526 -29.6749
 21.9713 -29.5134
 22.145 -29.0707
 22.4482 -28.7393
 22.8209 -28.8624
 22.9355 -28.6546
 22.7468 -27.7751
 22.5781 -27.1342
 22.7079 -26.934
 22.8962 -26.2472
 22.9153 -25.5661
 23.1075 -25.3633
 23.3549 -25.1338
 23.4184 -25.0432
 23.3951 -25.1398
 23.6012 -25.0259
 24.4478 -25.248
 23.9958 -24.673
 24.543 -24.3631
 25.1425 -23.4928
 24.6826 -22.5028
 25.5504 -22.6027
 26.0235 -22.293
 26.7328 -21.5936
 27.4045 -20.958
 27.6505 -20.8839
 27.6595 -20.8591
299 63 16
 19.5974 -31.786
 18.7383 -32.2543
 18.0065 -32.2888
 17.1338 -31.6697
 17.3922 -32.2924
 16.4587 -33.1452
 15.6079 -33.8772
 15.765 -34.803
 16.246 -35.6572
 16.4165 -36.1384
 16.619 -36.9948
 16.9034 -37.8787
 16.6937 -38.5267
 16.1714 -38.5105
 15.8172 -38.4069
 15.8091 -38.4094
300 48 15
 31.4613 -48.3154
 32.2277 -48.8498
 32.497 -49.4979
 32.461 -49.8289
 32.4977 -50.0287
 32.6585 -50.3428
 32.954 -50.6954
 33.1663 -50.8829
 33.1972 -50.9864
 33.1592 -51.1488
 33.0361 -51.2216
 32.9198 -51.1991
 32.8787 -51.1816
 32.8589 -51.1366
 32.847 -51.1164
300 38 8
 31.4613 -48.3154
 30.9554 -47.9339
 30.6994 -47.4204
 30.506 -47.0138
 30.5746 -46.6685
 30.6683 -46.4157
 30.8172 -46.3305
 30.9113 -46.3046
301 96 29
 31.6755 -43.584
 31.3516 -42.8498
 30.9967 -42.4401
 30.7276 -42.1937
 30.7134 -42
 31.291 -41.9903
 31.6391 -41.7284
 31.6416 -41.4721
 31.847 -41.2417
 32.3358 -40.5985
 32.4337 -40.0392
 32.3777 -39.5719
 32.5087 -39.1358
 32.8313 -39.0847
 33.3553 -39.0557
 33.6524 -39.0447
 33.9117 -38.7019
 34.0293 -37.8464
 34.1397 -37.2328
 34.3312 -37.0503
 34.4911 -37.0117
 34.4905 -36.979
 34.6708 -36.8707
 34.7011 -36.7465
 34.7368 -36.5998
 34.9141 -36.4184
 35.0192 -36.2273
 34.9483 -36.1493
 34.8722 -36.1651
301 38 12
 31.6755 -43.584
 31.7798 -44.2277
 31.8547 -44.5349
 31.8333 -44.5629
 31.7431 -44.6293
 31.5259 -45.1197
 31.1842 -45.589
 30.9615 -45.7716
 30.9367 -46.0201
 30.9324 -46.1698
 30.9272 -46.2607
 30.9113 -46.3046
302 30 28
 27.9305 -58.198
 28.1124 -58.5376
 28.3508 -58.9566
 28.1605 -59.5951
 27.6003 -60.0792
 27.2178 -60.2952
 27.0125 -60.2504
 26.8471 -60.1244
 26.6744 -60.1095
 26.5984 -60.2084
 26.5173 -60.3339
 26.4138 -60.4705
 26.3128 -60.4806
 26.2708 -60.3914
 26.1173 -60.3715
 25.9679 -60.3588
 25.9783 -60.4829
 25.9944 -60.6087
 25.9782 -60.7211
 25.9045 -60.7744
 25.8196 -60.7899
 25.7745 -60.8507
 25.7427 -60.8904
 25.696 -60.9094
 25.6643 -60.9371
 25.6562 -61.0056
 25.6472 -61.0693
 25.6275 -61.0854
302 17 45
 27.9305 -58.198
 27.6741 -57.7521
 27.7475 -57.2345
 28.2251 -56.6981
 28.6307 -56.4505
 27.9925 -56.0728
 27.4194 -55.4235
 27.2227 -54.8217
 27.1511 -54.3694
 27.41 -54.2397
 27.6269 -54.1603
 27.6465 -54.0482
 27.6695 -53.9378
 27.7758 -53.9223
 27.9752 -54.0393
 28.277 -54.143
 28.5238 -54.0978
 28.7258 -54.0938
 28.9186 -54.0578
 28.9791 -53.9781
 28.9718 -53.93
 28.9436 -53.8578
 28.9851 -53.7575
 29.0604 -53.6031
 29.1831 -53.5095
 29.2874 -53.5055
 29.2221 -53.2541
 29.1535 -52.9295
 29.3937 -52.8408
 29.6866 -52.9226
 29.8916 -53.0348
 30.0957 -53.1001
 30.1725 -53.1345
 30.3289 -53.1131
 30.562 -53.1763
 30.6738 -53.2935
 30.7099 -53.3378
 30.7652 -53.3586
 30.8222 -53.3771
 30.9226 -53.3773
 31.0159 -53.3717
 31.0896 -53.3048
 31.1287 -53.2057
 31.1689 -53.0984
 31.2297 -53.0213
303 30 43
 21.4426 -62.6543
 22.1577 -62.9351
 22.2968 -63.3887
 22.4307 -63.5814
 22.517 -63.6446
 22.6354 -63.7288
 22.8256 -63.8974
 23.0296 -63.9655
 23.209 -63.9509
 23.3538 -63.8555
 23.529 -63.7533
 23.6097 -63.6988
 23.6128 -63.6269
 23.6361 -63.5738
 23.6982 -63.4757
 23.7675 -63.3975
 23.8457 -63.253
 23.9565 -63.0098
 24.0333 -62.7766
 24.0554 -62.5742
 24.048 -62.3816
 24.0198 -62.1801
 23.8841 -61.9941
 23.9167 -61.8199
 24.1384 -61.5116
 24.374 -61.3763
 24.6005 -61.496
 24.7306 -61.5774
 24.6949 -61.4431
 24.8589 -61.3185
 25.0669 -61.2963
 25.1589 -61.3133
 25.2024 -61.3045
 25.2486 -61.265
 25.282 -61.2119
 25.3512 -61.205
 25.4471 -61.154
 25.482 -61.0448
 25.4856 -60.9765
 25.5058 -60.9547
 25.5725 -61.0134
 25.6274 -61.0805
 25.6275 -61.0854
303 117 23
 21.4426 -62.6543
 20.3524 -62.4776
 19.7976 -62.2511
 19.5504 -62.0861
 19.2708 -61.6001
 18.9982 -61.3607
 18.8186 -61.5203
 18.7105 -61.5902
 18.5694 -61.5829
 18.4605 -61.566
 18.3134 -61.5838
 17.9718 -61.6581
 17.4498 -61.7543
 17.0507 -61.9722
 16.9402 -62.3105
 16.7008 -62.2655
 16.3061 -61.9174
 15.9725 -61.6349
 15.6642 -61.4762
 15.5128 -61.3928
 15.5874 -60.7371
 15.7273 -60.1557
 15.7698 -60.1574
304 90 16
 13.1007 -61.4552
 12.407 -61.1995
 12.2354 -61.0072
 12.0924 -60.826
 11.9655 -60.8374
 11.2365 -61.3374
 10.4187 -61.6564
 10.2194 -61.6146
 10.0354 -61.5206
 9.71125 -61.2716
 9.17855 -61.1365
 8.81445 -60.9629
 8.69445 -60.6896
 8.6536 -59.9859
 8.6531 -59.3248
 8.6556 -59.2743
304 117 6
 13.1007 -61.4552
 13.8941 -61.4673
 14.6042 -60.9302
 15.3717 -60.3326
 15.7273 -60.1557
 15.7698 -60.1574
305 117 7
 12.8169 -62.4553
 13.5051 -61.7384
 13.8941 -61.4673
 14.6042 -60.9302
 15.3717 -60.3326
 15.7273 -60.1557
 15.7698 -60.1574
305 144 6
 12.8169 -62.4553
 12.3281 -63.1654
 12.4071 -63.4592
 12.4113 -63.6573
 12.3426 -63.8163
 12.2828 -63.9249
306 151 21
 32.0522 -56.3853
 32.6998 -56.5795
 33.0598 -56.7605
 33.3204 -56.7878
 33.4085 -56.8666
 33.3269 -56.9522
 33.2661 -57.0422
 33.2203 -57.1133
 33.2802 -57.1442
 33.3663 -57.1679
 33.6182 -57.2672
 33.7496 -57.5357
 33.6653 -57.6954
 33.6386 -57.7616
 33.6458 -57.9007
 33.6681 -58.003
 33.607 -58.1169
 33.5983 -58.237
 33.6614 -58.3037
 33.7048 -58.3689
 33.7326 -58.3982
306 17 21
 32.0522 -56.3853
 31.5163 -56.0095
 31.3134 -55.539
 31.2322 -55.3143
 31.2404 -55.1339
 31.2177 -55.0224
 31.1352 -54.7974
 30.9189 -54.3164
 30.7167 -53.9208
 30.6825 -53.6784
 30.735 -53.4994
 30.758 -53.4228
 30.7284 -53.3654
 30.7652 -53.3586
 30.8222 -53.3771
 30.9226 -53.3773
 31.0159 -53.3717
 31.0896 -53.3048
 31.1287 -53.2057
 31.1689 -53.0984
 31.2297 -53.0213
307 151 21
 35.7457 -60.3323
 35.1438 -60.2363
 34.8927 -60.5025
 34.6754 -60.5225
 34.5897 -60.2901
 34.444 -60.0069
 34.5901 -59.7703
 34.3263 -59.7729
 34.1169 -59.5705
 34.0493 -59.5256
 34.2014 -59.456
 34.2226 -59.2292
 34.1713 -58.9379
 34.1651 -58.7689
 34.0869 -58.6985
 33.9463 -58.6202
 33.837 -58.5341
 33.806 -58.4547
 33.7645 -58.4119
 33.7328 -58.4069
 33.7326 -58.3982
307 99 16
 35.7457 -60.3323
 36.4829 -60.8195
 36.7781 -61.0205
 37.1459 -61.006
 37.42 -61.176
 37.5795 -61.5687
 37.8591 -61.9186
 38.0885 -62.029
 38.2626 -61.9516
 38.3493 -61.9885
 38.4124 -62.0947
 38.5655 -62.1898
 38.8371 -62.179
 39.1177 -62.2018
 39.2276 -62.1906
 39.2249 -62.1459
313 4 3
 -55.235 -6.4773
 -55.2094 -6.4797
 -55.1839 -6.4821
