   5.8856649439255460     
   1.6706194147568814     
   2.3907177805032895     
   6.3240142191877169     
   2.5193883800754566     
   3.1704008603110356     
   3.5882357491133119     
   1.7693302420005883     
   3.1390531132842030     
   1.3239565035088998     
   2.5398374675044182     
   2.5062982887974408     
   7.6588759427848583     
   2.9646885934216280     
   1.6509842482979651     
  0.78638567487056144     
   6.9768257456134997     
   3.3307053336967263     
   4.2289162858247540     
   6.5739098372068678     
   12.145582433723765     
   2.7629517984940812     
   3.9291170853608177     
   1.1244543568353831     
   1.8519799087946227     
  0.60108280948188741     
   2.7435502615114449     
   3.0748616219131892     
   1.9398085894070725     
  0.75155707933883953     
   2.3605265550761816     
   2.4180382811893617     
   3.5393091222306357     
  0.97651640124719552     
   4.4457333386701130     
  0.74085712068800291     
   4.6007657939001145     
   2.2739781184752315     
  0.81460860421997938     
  0.84036381644666658     
   2.8687207268937409     
   1.7695628846349984     
   2.6625066697461239     
   3.4031759915537654     
   8.3713520356348976     
  0.52966176167526802     
   8.2482485487443320     
   3.0170444727169623     
   5.0022781567297310     
   1.5911363788987680     
   5.4443585249516424     
   1.8286364040924634     
   5.9992821848199140     
   1.9630380648055021     
   3.7170780085665065     
   6.5708642490226596     
   10.040801189150981     
   3.0462749716262763     
   3.9593537447148339     
   3.6738202735305925     
   3.1542672224086652     
   1.0640306044547112     
   2.6818976729704929     
   1.3912999669820914     
   1.4956233213942955     
   2.7221899099955720     
   8.6292029767993785     
   3.6447205111011769     
   2.1812715445000670     
  0.54131557088459714     
   5.8980324279822955     
   1.4210945361613103     
   2.2504292224977425     
   1.2498686257346603     
   1.0068807524654135     
  0.86933938294001301     
   8.9720330588104122     
   1.7059041031260955     
  0.76244149026192676     
  0.83118399096286522     
   3.6429739591012629     
   5.2690402927290689     
   15.578494977157883     
   3.5344331559589501     
   5.8152129587627588     
   1.2717513857095577     
   1.2706241763607926     
   1.6347921059305857     
   1.9868434688510559     
   1.9011170832293283     
   3.2032374622624613     
   2.1464468044433729     
   2.1922208748962402     
   1.5740776190926580     
   9.3144958165646798     
   6.6377864082013840     
   6.4158608137043895     
  0.75034899249950515     
   4.3514020897425389     
   7.3322643557542930     
   5.9525345597751729     
  0.76827003499732849     
  0.91883806807603363     
   1.1139301698090209     
   4.7202829365967558     
   3.4060491828130224     
   1.3255127310055357     
  0.90010386670908893     
   8.2345652544200600     
   1.4421515597826966     
   9.1513266179243491     
  0.62436878248920735     
   1.4306341557612925     
   1.7947766374851404     
   2.8068787344617756     
  0.90542539823625701     
   1.5319103888674510     
  0.64887351228972867     
   2.5903241879532599     
   1.9492345405879801     
  0.87568840574369045     
  0.70094880000809379     
   2.7789731768813795     
   1.6833093639892982     
  0.54943764577047483     
  0.33627033251969540     
   2.2922974956578837     
   3.2142914533755982     
   2.0242676085703342     
   1.1569182230387633     
   6.9023276956865995     
   2.5059497942025364     
   4.8415763145514319     
   1.8770874039613137     
   1.1892152609766633     
   2.2984641392142460     
   3.9085302896510226     
   1.9871958382820649     
   4.7715472418412279     
   5.2721619593125650     
   2.2830683311300799     
   3.6693006870524036     
   8.4490946646105467     
  0.87772640624280207     
   2.5773969503437502     
   1.8764205527632476     
   3.1764298822743569     
   1.3238312300158035     
   2.9367222083013620     
   3.5914338372563748     
   3.2293345486343199     
   1.6731410917937417     
   9.3556427399475144     
   2.2191173311827899     
   4.1808359024772246     
   1.1876679951133915     
   3.7887091520863483     
   1.4376882992428148     
   8.4008166443015799     
   1.5613763285929660     
   3.0180250720494599     
   1.4954760066568582     
   2.6648735496881018     
   4.0280780292539191     
   4.8616133604277190     
  0.96992075068746220     
   2.7258336047704677     
   2.9070850763897882     
   4.0840165580574421     
   2.6354675474290552     
  0.92970176127389414     
   1.2360759820544136     
   2.7543709511006447     
   5.3903958604278666     
  0.56877944656803292     
  0.57144755547558390     
   1.3182852973876114     
   1.3841661400353868     
   4.7359546323341979     
   5.6515533195012768     
   5.4225285605116209     
   10.713098152910927     
   5.7468127022530631     
   2.9399566493333662     
   1.4927482542654045     
   2.7655941786139455     
   2.2491633080143512     
   3.1390467010208818     
   1.3431918783896255     
  0.65964459346343551     
   2.9256253215580226     
   1.2877294245705111     
   5.3038517815184534     
   3.4537919843721467     
   2.5177603077621811     
   1.0179560213681460     
   7.4056979983967022     
   3.0462654771169402     
   8.2952877677140417     
   2.9269013685828122     
   11.470268997367082     
   1.5022420140924402     
   7.7013265427800821     
   3.1941483817088505     
   3.6390616416324564     
   1.9103921861593673     
   5.7833106982452049     
   3.1867645733851022     
   4.4378064000434181     
   1.5072143677797798     
   3.9857784479675624     
   1.2038770489647435     
   2.7479697276644455     
  0.69770538100002633     
   4.6271175800394380     
   1.3533480599800496     
   2.4801469437241441     
   1.2312819025822694     
   4.9387793307452199     
   1.9897547574788677     
   4.7070977413898492     
   1.5331579332098337     
   7.7418321830133223     
   6.0147913038419443     
   1.0696368089395565     
   1.6163315775625269     
   6.1475312132380164     
   1.4594025790670260     
   1.0795669334083251     
   5.5676842023362534     
   4.1770183609687246     
   2.5708113149448328     
   3.9446858023197584     
   2.6933410112139295     
   3.8795879446357469     
   1.3019966606105415     
   4.2550578229798202     
   1.8468565366994349     
   2.8463250978016421     
   2.2281446848335658     
   5.3683899049142285     
   1.3229392130845801     
   3.5076323642391709     
   1.1396484566988920     
   3.7134432498190564     
  0.76050086349555779     
  0.95568100292359714     
   1.9182757925395386     
   7.7759356751185944     
   4.6618871381172688     
   1.4166072093991202     
   1.7054949453747008     
   14.123047347117719     
   2.8806224174544139     
   10.118146373690784     
   1.2699496534014554     
   5.3959516045701879     
  0.67214437754218725     
   7.8594422619288045     
   2.7964395487323470     
   6.2714660792144272     
  0.81431712364663611     
   1.2954221394440493     
   2.2534153083455979     
   1.9176246853721473     
   1.7307990052975974     
   5.0607987367631484     
   3.2631153297718480     
   3.1879358924732979     
   3.9041646903716209     
   3.6377681317203940     
   1.6542370290831234     
   1.8236048879539457     
  0.47014557125672146     
  0.78814387685992315     
  0.68299426566758570     
   12.294329803984880     
   1.4801095216995261     
   1.7221992651875284     
   1.5359624775744640     
   5.0125192309851263     
   1.6256806312981829     
   8.6679140747837309     
   1.1441579854446875     
   10.313562500903533     
   1.7515654368930145     
   3.9235171210177793     
   1.4795864529501761     
   1.4073473307363427     
   1.9263885557855154     
   5.5099261286972618     
   2.0934537553571682     
   4.3818809163900694     
   1.4837213530900082     
   9.3927031188025882     
   6.2304152472434708     
   2.2612343323803672     
   1.5486792748177214     
   5.6291715950663539     
   1.7548163612976162     
   2.7071058321799728     
   5.7347698895305754     
   3.7390215056939633     
   4.3017828282504045     
   3.6759067061088508     
   1.8512791100262498     
   2.3238155302830599     
   1.3081677299025558     
   1.9443966855081352     
   2.3095487396148169     
   2.1750396900830631     
   2.5757144871086974     
   5.1324946054169096E-002
