314
151 141 24
 -18.9219 7.48755
 -20.0571 7.8933
 -20.977 7.9599
 -21.7587 8.08615
 -22.5949 7.92385
 -23.2116 7.80705
 -23.5755 7.6696
 -24.7673 7.97435
 -25.2055 8.91085
 -25.0708 9.9839
 -26.1729 10.9249
 -27.1878 11.6643
 -27.999 12.6351
 -28.6215 13.9035
 -28.6192 14.7172
 -28.5714 14.8328
 -28.4877 15.3823
 -28.3228 16.014
 -28.3872 16.4529
 -28.5951 16.8914
 -28.6605 17.0299
 -28.653 17.1758
 -28.6982 17.3258
 -28.733 17.3691
151 103 4
 -18.9219 7.48755
 -17.4069 6.71175
 -16.5445 6.3624
 -16.5073 6.3194
152 109 6
 42.1358 1.6046
 41.4161 2.32635
 41.2876 2.4677
 41.1603 2.828
 41.1061 3.16705
 41.1183 3.2092
152 31 10
 42.1358 1.6046
 42.997 1.05825
 43.516 1.23705
 43.8557 1.31085
 44.0434 1.21605
 44.3935 0.91435
 44.7309 0.4026
 44.7638 0.01665
 44.6863 -0.1064
 44.7209 -0.1408
153 117 30
 -20.2246 -64.0956
 -21.6162 -62.6468
 -20.8919 -62.0529
 -20.9202 -62.0457
 -21.9567 -62.3808
 -22.5407 -63.0205
 -22.7288 -63.1875
 -23.5645 -62.7764
 -24.1202 -62.5024
 -24.1535 -62.3207
 -24.6253 -61.9668
 -25.4748 -61.0396
 -25.8742 -60.4166
 -25.7654 -60.1617
 -25.5268 -59.882
 -25.4045 -59.8222
 -25.8746 -59.6383
 -26.5719 -58.771
 -26.9133 -57.9211
 -27.3894 -57.6387
 -27.6695 -57.1081
 -27.4822 -56.4857
 -26.9881 -55.979
 -26.7837 -55.1058
 -26.4329 -55.6375
 -25.6086 -55.2397
 -24.5068 -55.364
 -23.9498 -56.0257
 -23.7794 -56.2504
 -23.7341 -56.2897
153 48 4
 -20.2246 -64.0956
 -17.9204 -65.5905
 -17.3744 -66.0533
 -17.342 -66.0466
154 47 12
 0.53925 -76.4808
 -0.0084 -76.7661
 -0.4437 -76.0436
 -0.8645 -75.2887
 -1.0728 -75.1985
 -1.17935 -75.1236
 -1.333 -75.2428
 -1.49025 -75.3165
 -1.56105 -75.3014
 -1.6196 -75.3431
 -1.6895 -75.3756
 -1.7425 -75.3663
154 74 18
 0.53925 -76.4808
 1.53395 -76.1001
 2.4011 -75.8031
 2.9709 -75.424
 2.9185 -75.7126
 4.0056 -76.3861
 4.7975 -77.2034
 4.6555 -77.8448
 4.57175 -78.2894
 4.7684 -78.3181
 5.68825 -78.597
 6.58645 -78.9003
 6.9006 -78.8943
 7.73095 -79.2877
 8.59735 -79.467
 8.9213 -79.1566
 9.12005 -79.1727
 9.1722 -79.2364
155 133 10
 -0.06975 -52.095
 0.09675 -53.6607
 -0.29805 -54.2502
 -0.6041 -54.361
 -0.6755 -54.3581
 -1.0095 -54.4174
 -1.704 -54.4969
 -2.504 -54.4696
 -2.92625 -54.4389
 -2.9368 -54.4226
155 121 5
 -0.06975 -52.095
 -0.3366 -50.9194
 -0.31275 -50.3949
 -0.35905 -49.9634
 -0.3972 -49.9374
156 46 4
 -24.7031 -49.0801
 -23.8174 -50.4446
 -23.2007 -50.7604
 -23.1601 -50.9013
156 90 4
 -24.7031 -49.0801
 -24.9888 -47.681
 -24.91 -47.3951
 -24.8555 -47.3186
157 94 28
 -9.2705 -44.4776
 -10.3101 -43.0862
 -10.8696 -42.3053
 -10.958 -42.2309
 -11.4412 -42.778
 -12.3264 -43.1481
 -13.1014 -42.7523
 -13.5118 -42.319
 -14.0985 -42.2589
 -14.9115 -42.4998
 -15.829 -42.3421
 -16.3011 -41.0425
 -16.9763 -40.2402
 -17.9453 -40.1012
 -18.2512 -40.323
 -18.3119 -41.3727
 -18.6376 -42.2277
 -19.5464 -42.4282
 -20.5601 -42.4693
 -21.6262 -42.4445
 -22.1113 -42.0834
 -22.2943 -41.4862
 -22.8242 -40.7491
 -22.984 -40.3551
 -23.2027 -40.5822
 -23.7848 -40.6963
 -24.1621 -40.5421
 -24.1757 -40.5106
157 107 4
 -9.2705 -44.4776
 -8.4189 -45.6948
 -7.89985 -46.1778
 -7.8341 -46.2963
158 49 12
 -35.8089 -19.9704
 -35.4487 -20.7851
 -35.0192 -21.1497
 -34.983 -21.2964
 -35.404 -21.6656
 -35.9135 -22.0313
 -36.2507 -22.071
 -36.5133 -22.0111
 -36.2685 -22.1277
 -35.8382 -22.5765
 -35.6053 -23.0199
 -35.6398 -23.0925
158 57 8
 -35.8089 -19.9704
 -35.8915 -19.0079
 -35.9618 -18.3981
 -35.9996 -18.004
 -35.9386 -17.5358
 -35.8785 -17.2806
 -36.0005 -16.9729
 -36.1065 -16.667
159 32 14
 -7.4627 -4.6067
 -6.8588 -4.01205
 -6.6189 -3.7193
 -6.4677 -3.571
 -6.6138 -3.6042
 -6.7371 -3.3962
 -6.9261 -3.01785
 -7.01225 -2.7239
 -7.0862 -2.5751
 -7.2328 -2.5198
 -7.2836 -2.4803
 -7.2715 -2.4373
 -7.21695 -2.39835
 -7.1702 -2.3847
159 59 7
 -7.4627 -4.6067
 -8.1044 -5.10705
 -8.382 -5.29895
 -8.4982 -5.4036
 -8.6101 -5.4222
 -8.7317 -5.46495
 -8.8146 -5.4935
160 72 3
 -16.09 -10.1933
 -16.6971 -9.47755
 -16.7308 -9.4529
160 114 3
 -16.09 -10.1933
 -15.4797 -10.891
 -15.4428 -10.8975
161 19 36
 33.7889 3.14
 33.6488 1.7097
 33.5593 0.52375
 33.1927 -0.21265
 33.9295 -0.5133
 34.5499 -1.62995
 35.1873 -2.29925
 35.4385 -2.5089
 35.1454 -3.0702
 35.1189 -3.65085
 35.5619 -3.75465
 35.8405 -3.65495
 36.0101 -3.65335
 36.274 -3.71995
 36.4911 -3.78795
 36.4761 -3.6789
 36.4803 -3.53815
 36.5515 -3.46355
 36.7629 -3.45335
 37.1592 -3.7556
 37.4586 -4.1936
 37.4981 -4.4092
 37.4888 -4.47935
 37.3251 -4.5378
 37.1614 -4.64345
 37.105 -4.8061
 37.1676 -4.975
 37.2795 -5.05865
 37.2729 -5.12635
 37.2861 -5.20765
 37.3355 -5.2852
 37.3503 -5.40805
 37.2332 -5.4647
 37.0942 -5.44525
 37.017 -5.46315
 36.9814 -5.4641
161 68 29
 33.7889 3.14
 33.7898 3.9819
 33.5475 4.1255
 33.6698 4.41625
 33.8464 5.3645
 34.3788 6.08515
 34.5679 6.24035
 34.6964 6.28675
 34.8143 6.3234
 34.7872 6.3437
 34.9518 6.5516
 35.215 6.66865
 35.2601 6.64135
 35.3017 6.70755
 35.3912 6.7263
 35.4949 6.866
 35.5941 7.07655
 35.6765 7.2187
 35.6911 7.34645
 35.6682 7.4044
 35.6686 7.5568
 35.8253 7.76765
 36.0181 7.85205
 36.1063 7.95795
 36.0905 8.1105
 36.0798 8.1783
 36.14 8.25595
 36.155 8.3376
 36.157 8.3512
162 34 6
 41.7841 -21.0046
 41.335 -21.6568
 41.042 -21.8278
 40.9195 -21.7515
 40.7518 -21.6931
 40.6564 -21.675
162 147 6
 41.7841 -21.0046
 42.0648 -20.3662
 42.1946 -19.9255
 42.3563 -19.5289
 42.4697 -19.3389
 42.4766 -19.2978
163 82 16
 55.2604 -23.3816
 54.1297 -24.0982
 53.8923 -24.3912
 53.5594 -24.3975
 53.0734 -24.9226
 52.2038 -25.1579
 51.5442 -25.3749
 51.3076 -25.77
 51.0688 -26.3231
 50.8236 -26.8724
 50.9377 -26.9104
 51.2752 -26.9798
 51.4468 -27.0983
 51.4519 -27.3776
 51.5202 -27.6389
 51.5375 -27.6727
163 39 6
 55.2604 -23.3816
 56.8603 -23.2885
 57.2837 -23.6166
 57.578 -24.2145
 57.8504 -24.6964
 57.8398 -24.7222
164 130 10
 45.3396 10.2493
 45.0134 11.6151
 44.5016 11.7119
 43.9097 11.7946
 43.7499 12.2667
 43.4907 12.1294
 43.0094 12.3715
 42.6791 12.2554
 42.6125 12.0243
 42.5637 12.0291
164 68 23
 45.3396 10.2493
 45.5105 8.86385
 45.0139 8.0989
 44.3176 7.73295
 43.2967 7.78305
 41.8527 7.95875
 41.0772 8.42335
 40.5169 8.5657
 39.9137 8.54215
 39.5937 8.59415
 38.8828 8.80105
 37.9879 8.94185
 37.6477 8.85965
 37.4591 8.83025
 37.2946 8.79505
 37.2337 8.73665
 36.8128 8.81675
 36.3723 8.82545
 36.2652 8.73995
 36.1815 8.6732
 36.1321 8.5032
 36.1374 8.3709
 36.157 8.3512
165 4 32
 -26.8534 -7.77515
 -28.0023 -7.19145
 -28.5723 -6.97955
 -28.4486 -6.19625
 -28.0181 -5.3803
 -28.2061 -4.97385
 -28.2342 -4.8519
 -28.2825 -4.7659
 -28.2517 -4.7074
 -28.1584 -4.6364
 -28.0521 -4.56345
 -27.9633 -4.50275
 -27.8041 -4.443
 -27.6749 -4.37145
 -27.6535 -4.3293
 -27.5946 -4.35965
 -27.515 -4.3749
 -27.4748 -4.33435
 -27.4491 -4.28775
 -27.4093 -4.10685
 -27.334 -3.884
 -27.1796 -3.66965
 -26.8983 -3.51305
 -26.604 -3.50395
 -26.372 -3.6307
 -26.2276 -3.6429
 -26.1657 -3.46205
 -26.1329 -3.3898
 -26.1016 -3.3551
 -26.0699 -3.24185
 -26.0775 -3.14175
 -26.0887 -3.1305
165 52 7
 -26.8534 -7.77515
 -25.6437 -8.57575
 -25.3877 -8.81795
 -25.2338 -8.96315
 -25.1693 -8.98435
 -24.9854 -9.01375
 -24.8528 -9.0466
166 16 9
 46.5937 -16.4229
 45.8531 -16.544
 45.0492 -16.885
 44.7547 -16.858
 44.8085 -16.7782
 44.5306 -16.2108
 44.3587 -15.5392
 44.4991 -15.3822
 44.4973 -15.3563
166 17 7
 46.5937 -16.4229
 47.0584 -16.3547
 47.5317 -16.1569
 48.057 -16.0065
 48.5708 -15.7876
 48.8787 -15.8026
 48.9408 -15.8218
167 117 10
 -26.6241 -53.2204
 -26.9284 -54.0223
 -26.9979 -54.5148
 -26.7837 -55.1058
 -26.4329 -55.6375
 -25.6086 -55.2397
 -24.5068 -55.364
 -23.9498 -56.0257
 -23.7794 -56.2504
 -23.7341 -56.2897
167 102 5
 -26.6241 -53.2204
 -26.4431 -52.8638
 -27.1339 -52.0241
 -27.6404 -51.0934
 -27.4924 -50.9689
168 38 9
 -35.8739 -15.8159
 -36.3081 -15.2539
 -36.3619 -15.1058
 -36.2047 -14.622
 -36.0269 -14.1919
 -36.1097 -14.0774
 -36.133 -13.9202
 -36.2046 -13.6673
 -36.202 -13.5919
168 57 8
 -35.8739 -15.8159
 -35.4152 -16.3838
 -35.3227 -16.4572
 -35.4993 -16.9183
 -35.8025 -17.2972
 -35.8785 -17.2806
 -36.0005 -16.9729
 -36.1065 -16.667
169 41 37
 3.94525 7.7969
 4.9342 8.2315
 5.09765 8.36015
 5.23355 8.3789
 5.81595 8.5525
 6.5438 8.5291
 6.8058 8.2831
 7.0581 8.3623
 7.64485 8.7289
 8.1248 8.98975
 8.9515 8.72
 9.76625 8.41205
 9.71175 8.0321
 10.0625 8.433
 10.4685 8.6122
 11.0469 8.54835
 11.4988 8.05675
 11.7415 7.96575
 12.3378 8.51475
 12.7462 8.81655
 12.7665 8.86015
 12.8494 8.9057
 13.4983 9.1086
 14.0766 9.20565
 14.1454 9.08195
 14.3632 9.2147
 14.7582 9.63715
 15.001 9.971
 15.0634 10.1681
 15.2929 10.4388
 15.524 10.6359
 15.6807 10.7468
 15.7498 10.8661
 15.7571 10.9655
 15.783 11.0361
 15.7684 11.091
 15.766 11.0943
169 56 16
 3.94525 7.7969
 2.96255 7.4267
 2.4655 7.49935
 1.83105 7.52895
 1.50805 7.46685
 0.8931 7.15405
 0.2768 6.8675
 -0.37845 7.2231
 -1.34885 7.7247
 -2.47585 7.1246
 -3.17965 6.3103
 -3.173 6.1818
 -3.1124 6.06885
 -3.0878 5.97565
 -3.13935 5.8317
 -3.1827 5.7401
170 118 31
 3.85095 -10.0821
 3.03955 -9.91635
 2.7265 -9.7671
 2.19315 -8.96465
 1.38325 -7.9171
 0.76475 -7.3257
 0.1913 -7.2005
 -0.3721 -7.4702
 -0.9925 -7.7932
 -1.3731 -8.13565
 -1.55885 -8.6122
 -1.79005 -8.8387
 -2.0505 -8.96435
 -2.2976 -9.1276
 -3.0147 -9.87455
 -3.80715 -10.8127
 -4.0367 -11.2503
 -4.1375 -11.4828
 -4.41285 -11.5455
 -4.78375 -11.3995
 -5.0881 -11.1936
 -5.278 -11.1342
 -5.36175 -11.0707
 -5.529 -10.9999
 -5.6999 -11.0097
 -5.79705 -11.0633
 -5.92905 -11.111
 -6.3698 -10.9418
 -6.83655 -10.9451
 -6.9843 -11.1599
 -7.0074 -11.1762
170 124 5
 3.85095 -10.0821
 4.57055 -10.5863
 4.9362 -10.966
 5.11845 -11.0523
 5.128 -11.0414
171 16 26
 31.9399 -15.4658
 32.9381 -15.2815
 33.5489 -15.5683
 34.1997 -15.996
 34.7174 -16.4927
 35.1943 -16.824
 35.8282 -17.2024
 36.6843 -17.575
 37.3702 -17.3392
 37.8783 -17.0859
 38.1556 -17.1126
 38.3342 -17.1703
 38.7226 -17.1422
 39.3223 -17.0569
 39.9872 -16.9405
 40.5545 -16.4958
 41.0078 -16.0718
 41.8213 -15.8327
 42.5229 -15.5608
 42.9565 -15.0585
 43.2637 -14.6651
 43.3181 -14.9223
 43.7448 -15.4132
 44.3075 -15.4997
 44.4731 -15.35
 44.4973 -15.3563
171 139 8
 31.9399 -15.4658
 30.7521 -16.0702
 30.0382 -16.3096
 29.538 -16.1879
 28.8255 -16.7024
 27.8905 -17.2966
 27.5822 -17.3812
 27.5798 -17.3733
172 55 39
 42.4218 -31.006
 43.6493 -31.7635
 44.0479 -31.8055
 44.3057 -31.8396
 44.2457 -32.3152
 44.1163 -32.8951
 43.7182 -33.2049
 44.2009 -33.3727
 44.3811 -34.1124
 44.375 -34.5032
 44.7092 -34.4835
 45.0614 -34.4408
 45.4689 -34.6393
 45.8534 -34.8359
 45.8589 -34.8484
 45.572 -35.1734
 45.2421 -35.5871
 45.2084 -35.915
 45.2808 -36.2079
 45.5171 -36.3306
 45.7453 -36.4065
 45.809 -36.4953
 45.8453 -36.5576
 45.9272 -36.5915
 46.0177 -36.7706
 45.9658 -36.9495
 46.0238 -36.9574
 46.0305 -37.2745
 46.0945 -37.6125
 46.1644 -37.8805
 46.3137 -38.2284
 46.4703 -38.358
 46.4417 -38.3969
 46.3904 -38.5606
 46.3876 -38.8072
 46.4258 -38.9482
 46.3247 -39.0145
 46.2332 -39.0965
 46.2279 -39.1422
172 120 15
 42.4218 -31.006
 41.6174 -29.9693
 41.9236 -29.3873
 42.175 -28.7311
 42.5393 -27.4056
 42.3865 -25.9585
 41.9687 -25.489
 41.7117 -25.213
 40.7786 -24.8899
 39.8802 -25.1059
 39.6954 -25.3396
 39.2976 -25.0302
 38.7643 -24.1837
 38.5409 -23.6238
 38.4835 -23.6262
173 81 26
 24.5977 -50.1643
 23.9701 -50.9509
 23.3852 -50.9261
 23.1665 -50.8482
 23.1067 -50.7556
 23.0876 -50.7905
 23.0296 -50.8557
 23.0116 -50.9617
 23.1159 -51.1329
 23.0119 -51.2298
 22.8123 -51.2397
 22.7458 -51.2095
 22.6361 -51.2285
 22.5968 -51.3344
 22.5913 -51.3903
 22.5054 -51.4276
 22.4532 -51.4753
 22.4431 -51.5194
 22.3594 -51.5248
 22.2789 -51.5048
 22.1339 -51.4703
 21.9972 -51.4324
 21.9351 -51.4619
 21.8559 -51.5401
 21.8233 -51.5906
 21.8124 -51.5913
173 73 16
 24.5977 -50.1643
 24.8858 -49.2115
 25.5482 -49.4345
 26.3717 -49.8302
 26.9939 -49.6186
 27.2114 -49.2929
 27.1385 -48.7854
 27.4097 -47.9922
 27.7648 -47.436
 27.9958 -47.1466
 28.1294 -47.144
 29.0235 -46.7602
 30.0036 -46.3311
 30.3088 -46.4128
 30.4924 -46.4408
 30.5338 -46.4303
174 83 11
 -25.28 -66.7621
 -26.371 -67.3823
 -27.3477 -68.0401
 -27.7113 -67.6023
 -28.244 -66.9601
 -28.7394 -66.9127
 -28.9558 -66.7615
 -29.0804 -66.6439
 -29.08 -66.5612
 -29.0557 -66.4507
 -29.0725 -66.4073
174 117 28
 -25.28 -66.7621
 -23.6602 -65.9073
 -22.4133 -64.6264
 -22.46 -63.7599
 -22.7288 -63.1875
 -23.5645 -62.7764
 -24.1202 -62.5024
 -24.1535 -62.3207
 -24.6253 -61.9668
 -25.4748 -61.0396
 -25.8742 -60.4166
 -25.7654 -60.1617
 -25.5268 -59.882
 -25.4045 -59.8222
 -25.8746 -59.6383
 -26.5719 -58.771
 -26.9133 -57.9211
 -27.3894 -57.6387
 -27.6695 -57.1081
 -27.4822 -56.4857
 -26.9881 -55.979
 -26.7837 -55.1058
 -26.4329 -55.6375
 -25.6086 -55.2397
 -24.5068 -55.364
 -23.9498 -56.0257
 -23.7794 -56.2504
 -23.7341 -56.2897
175 134 18
 -37.0641 -59.5098
 -37.5789 -58.791
 -37.8919 -58.22
 -37.9973 -58.0368
 -37.9534 -57.5243
 -38.1331 -56.7889
 -38.7011 -56.4015
 -38.937 -56.4834
 -39.005 -56.4955
 -39.0638 -56.425
 -39.1269 -56.1609
 -38.9584 -55.6328
 -38.5376 -55.3806
 -38.812 -55.194
 -39.1187 -54.8528
 -39.3358 -54.5432
 -39.3717 -54.4303
 -39.3823 -54.4262
175 9 3
 -37.0641 -59.5098
 -36.7337 -59.7062
 -36.6225 -59.7696
176 30 34
 -34.2365 -51.6258
 -33.2819 -51.6742
 -32.4211 -51.8422
 -32.0986 -52.0551
 -32.0536 -51.561
 -32.1786 -51.0495
 -32.3257 -50.7904
 -32.061 -50.6771
 -32.2886 -50.3818
 -32.5202 -49.7107
 -32.9918 -49.4171
 -33.5782 -49.1453
 -33.5992 -48.4251
 -33.4878 -48.0172
 -33.4121 -47.8702
 -33.3926 -47.8414
 -33.3115 -47.7665
 -33.2441 -47.5933
 -33.2017 -47.3608
 -33.2099 -47.1903
 -33.2072 -47.0192
 -33.1056 -46.8693
 -33.0397 -46.7476
 -32.9367 -46.7187
 -32.8158 -46.6983
 -32.7718 -46.5772
 -32.781 -46.4827
 -32.7971 -46.4305
 -32.7873 -46.4154
 -32.7339 -46.362
 -32.6946 -46.2672
 -32.6942 -46.2043
 -32.6852 -46.1726
 -32.677 -46.1513
176 134 18
 -34.2365 -51.6258
 -34.6541 -51.8246
 -35.0933 -51.9512
 -35.7957 -52.2131
 -36.4922 -52.4597
 -36.8577 -52.2996
 -36.9586 -52.8248
 -37.3204 -53.4415
 -37.2385 -54.295
 -37.2843 -54.8653
 -37.8794 -55.1303
 -38.2941 -55.4032
 -38.5376 -55.3806
 -38.812 -55.194
 -39.1187 -54.8528
 -39.3358 -54.5432
 -39.3717 -54.4303
 -39.3823 -54.4262
177 83 14
 -28.927 -75.6906
 -29.7455 -73.1896
 -30.5293 -71.5086
 -31.7225 -71.0966
 -29.9628 -69.966
 -28.6045 -68.6041
 -28.3102 -67.7797
 -28.5795 -67.1327
 -28.7394 -66.9127
 -28.9558 -66.7615
 -29.0804 -66.6439
 -29.08 -66.5612
 -29.0557 -66.4507
 -29.0725 -66.4073
177 122 8
 -28.927 -75.6906
 -28.7653 -77.1958
 -28.4676 -77.5403
 -27.591 -77.7892
 -26.2317 -77.6579
 -24.771 -77.4875
 -24.1423 -77.4637
 -24.0654 -77.4183
178 122 9
 -21.2008 -76.1239
 -22.5595 -75.6747
 -23.2673 -75.2298
 -23.5485 -76.1157
 -23.3689 -77.304
 -23.1908 -77.7361
 -23.6248 -77.5975
 -24.0168 -77.4223
 -24.0654 -77.4183
178 53 10
 -21.2008 -76.1239
 -19.51 -76.5001
 -18.1607 -77.4857
 -17.0919 -77.693
 -16.195 -77.2678
 -15.1911 -77.3582
 -14.3321 -77.3508
 -13.871 -76.871
 -13.3172 -76.8676
 -13.0398 -77.1304
179 28 4
 -1.47725 -80.4663
 0.30015 -81.3281
 1.22875 -81.2415
 1.2591 -81.1892
179 104 3
 -1.47725 -80.4663
 -2.37195 -79.5694
 -2.3875 -79.5686
180 47 6
 -3.5116 -76.0476
 -2.4731 -75.5233
 -2.35225 -75.4697
 -2.049 -75.3994
 -1.80785 -75.3484
 -1.7425 -75.3663
180 12 10
 -3.5116 -76.0476
 -4.57645 -76.5506
 -5.34695 -76.1391
 -6.0827 -75.355
 -6.25735 -74.8832
 -6.57865 -74.7452
 -6.789 -74.747
 -6.98515 -74.7854
 -7.1053 -74.8069
 -7.108 -74.7997
181 10 20
 10.8093 -78.3729
 11.038 -78.7119
 11.0842 -78.9364
 11.2439 -79.0321
 11.6561 -79.2138
 12.0494 -79.5945
 12.2573 -79.8931
 12.3824 -79.9507
 12.467 -79.9512
 12.5926 -79.9114
 12.8167 -79.7709
 12.7957 -79.5244
 12.6392 -79.3166
 12.8279 -79.4801
 13.1113 -79.4747
 13.1819 -79.356
 13.2568 -79.3885
 13.3756 -79.4756
 13.4031 -79.5674
 13.3731 -79.5854
181 74 11
 10.8093 -78.3729
 10.5983 -78.1537
 10.4239 -78.0247
 10.035 -78.2456
 9.5935 -78.5233
 9.32265 -78.6329
 9.14615 -78.7614
 9.1129 -78.8682
 9.15845 -79.0465
 9.14215 -79.18
 9.1722 -79.2364
182 149 12
 10.5536 -46.8225
 11.2822 -46.8919
 12.0932 -46.7192
 12.8928 -46.3098
 13.4011 -46.2724
 13.7571 -46.4118
 13.8306 -46.4886
 13.8913 -46.6248
 13.9132 -46.8135
 13.919 -47.093
 13.9177 -47.2599
 13.927 -47.2593
182 70 4
 10.5536 -46.8225
 9.74435 -46.9385
 9.4233 -47.0803
 9.3651 -47.1139
183 49 14
 -33.8362 -25.8559
 -34.6628 -26.0557
 -34.997 -25.962
 -35.051 -25.8954
 -35.1323 -25.4846
 -35.1269 -25.0163
 -34.9869 -24.9029
 -35.1124 -24.7103
 -35.2689 -24.2836
 -35.3778 -23.7957
 -35.4795 -23.5364
 -35.5487 -23.3611
 -35.6284 -23.1527
 -35.6398 -23.0925
183 110 3
 -33.8362 -25.8559
 -33.2385 -25.4762
 -33.2173 -25.3577
184 30 49
 -38.9174 -40.9355
 -37.4901 -41.3217
 -36.4275 -41.4788
 -36.0636 -41.8889
 -35.754 -42.2225
 -35.1055 -42.1252
 -34.5744 -42.1999
 -34.4271 -42.2056
 -34.1467 -42.5078
 -33.8282 -42.999
 -33.7232 -43.1869
 -33.3685 -43.2898
 -32.7174 -43.5243
 -32.3274 -43.7063
 -32.2336 -43.7326
 -32.1674 -43.757
 -32.0257 -43.9976
 -32.1573 -44.2887
 -32.3526 -44.4516
 -32.3264 -44.5408
 -32.346 -44.8064
 -32.5003 -44.9869
 -32.6908 -44.8852
 -32.8918 -44.8083
 -33.0815 -44.7524
 -33.1453 -44.742
 -33.1763 -44.9026
 -33.1898 -45.1861
 -33.2411 -45.41
 -33.1789 -45.5842
 -33.083 -45.7251
 -33.1194 -45.8167
 -33.1458 -45.8737
 -33.1072 -45.9107
 -33.0169 -45.9907
 -32.9411 -46.0554
 -32.8943 -45.9949
 -32.9214 -46.1084
 -32.9012 -46.1542
 -32.8877 -46.1711
 -32.8818 -46.214
 -32.871 -46.2472
 -32.8387 -46.2774
 -32.7839 -46.3093
 -32.7244 -46.3225
 -32.6946 -46.2672
 -32.6942 -46.2043
 -32.6852 -46.1726
 -32.677 -46.1513
184 112 28
 -38.9174 -40.9355
 -40.0188 -39.8245
 -40.3242 -38.6027
 -39.0292 -37.9317
 -37.7677 -37.0271
 -37.6529 -36.3551
 -37.6018 -36.1558
 -37.554 -35.9289
 -37.5662 -35.5227
 -37.5449 -35.1225
 -37.4422 -34.5613
 -37.316 -33.9436
 -37.5993 -33.286
 -37.8689 -32.7628
 -37.7531 -32.5417
 -37.8535 -31.9929
 -38.0077 -31.3448
 -38.0368 -31.0667
 -38.2318 -30.7208
 -38.0889 -30.3696
 -37.7686 -30.1791
 -37.0733 -29.7966
 -35.8693 -29.5083
 -35.2529 -29.4046
 -35.1431 -29.3305
 -34.9769 -29.3883
 -34.7508 -29.4166
 -34.6845 -29.4156
185 51 48
 -36.5444 -12.0189
 -37.054 -11.6523
 -37.6707 -11.3444
 -37.4516 -10.7799
 -37.827 -9.9739
 -38.0222 -9.7694
 -38.0641 -9.6962
 -38.2036 -9.60145
 -38.3616 -9.39975
 -38.3999 -9.264
 -38.3932 -9.13145
 -38.2969 -8.8355
 -38.2506 -8.62485
 -38.4477 -8.46845
 -38.607 -8.33345
 -38.4131 -8.39305
 -38.1647 -8.4816
 -38.0806 -8.44635
 -38.0034 -8.33615
 -37.8474 -8.0805
 -37.6156 -7.9286
 -37.485 -8.0095
 -37.333 -8.02695
 -37.1011 -8.01455
 -36.9193 -7.98175
 -36.7207 -7.90845
 -36.6166 -7.7834
 -36.4315 -7.53025
 -36.2263 -7.36935
 -36.1361 -7.22695
 -36.0141 -7.0377
 -35.934 -7.0098
 -35.8573 -7.02235
 -35.7267 -7.029
 -35.6082 -7.0237
 -35.5006 -6.99735
 -35.3988 -7.00765
 -35.3403 -6.99385
 -35.2995 -6.94175
 -35.2855 -6.8817
 -35.273 -6.81855
 -35.2617 -6.7742
 -35.2778 -6.6926
 -35.2771 -6.60605
 -35.322 -6.58025
 -35.3962 -6.6153
 -35.4252 -6.64885
 -35.4394 -6.6469
185 38 5
 -36.5444 -12.0189
 -36.3387 -12.5886
 -36.3652 -13.289
 -36.2384 -13.5812
 -36.202 -13.5919
186 4 18
 -28.5665 -2.87425
 -28.0718 -2.83745
 -27.8988 -2.96855
 -27.7867 -2.9836
 -27.6714 -2.9574
 -27.563 -2.9856
 -27.5503 -3.1347
 -27.2789 -3.34845
 -26.8614 -3.47115
 -26.604 -3.50395
 -26.372 -3.6307
 -26.2276 -3.6429
 -26.1657 -3.46205
 -26.1329 -3.3898
 -26.1016 -3.3551
 -26.0699 -3.24185
 -26.0775 -3.14175
 -26.0887 -3.1305
186 150 20
 -28.5665 -2.87425
 -29.1255 -2.6113
 -29.267 -2.07125
 -29.2257 -1.59185
 -29.2211 -1.1838
 -29.2541 -1.0976
 -29.3443 -1.0192
 -29.4727 -0.89705
 -29.6067 -0.84175
 -29.7682 -0.68905
 -29.9172 -0.50425
 -30.0187 -0.4468
 -30.1329 -0.41995
 -30.2521 -0.333
 -30.3694 -0.2571
 -30.517 -0.21905
 -30.622 -0.1796
 -30.7365 -0.17735
 -30.8063 -0.20915
 -30.8046 -0.2396
187 100 17
 -34.2323 9.18595
 -34.6395 8.02785
 -34.0173 6.7568
 -33.1733 6.0633
 -33.6237 6.1701
 -34.1833 6.15905
 -35.0036 6.254
 -35.7689 6.2329
 -35.9316 6.37385
 -36.422 6.8423
 -36.9789 7.08235
 -37.0891 7.2352
 -37.1743 7.57775
 -37.378 8.28105
 -37.5993 8.90155
 -37.5849 9.01425
 -37.5536 9.0228
187 141 20
 -34.2323 9.18595
 -33.8821 9.70645
 -33.8826 10.0501
 -33.8974 10.3337
 -33.7262 10.7604
 -33.2373 11.4338
 -33.1377 12.02
 -33.4768 13.3223
 -33.6711 14.2977
 -33.5091 14.5209
 -33.184 15.2887
 -33.4285 15.9838
 -32.2061 15.9412
 -31.1322 15.9305
 -30.3228 16.2633
 -29.327 16.8511
 -28.9108 17.1682
 -28.8382 17.3622
 -28.771 17.364
 -28.733 17.3691
188 66 6
 -2.4927 11.2735
 -3.33155 10.6954
 -3.9397 10.2806
 -3.96275 10.081
 -3.9498 9.95405
 -3.9525 9.9267
188 65 5
 -2.4927 11.2735
 -1.3251 11.3289
 -0.49675 10.7905
 -0.3727 10.4732
 -0.1788 10.4863
189 77 11
 -17.6465 -3.35605
 -18.3759 -3.44715
 -18.7978 -3.2538
 -18.9193 -3.28085
 -19.0439 -3.3427
 -19.1845 -3.3475
 -19.3361 -3.2829
 -19.4421 -3.3571
 -19.5288 -3.50845
 -19.6287 -3.56055
 -19.658 -3.5702
189 8 4
 -17.6465 -3.35605
 -17.1099 -3.11615
 -16.945 -3.146
 -16.9331 -3.1314
190 21 29
 -20.3977 -3.7371
 -20.778 -3.39205
 -20.8099 -3.1183
 -20.8766 -2.99555
 -20.9284 -2.74875
 -20.8653 -2.54185
 -21.0005 -1.94255
 -21.2089 -1.38405
 -21.2623 -1.3063
 -21.3748 -1.27475
 -21.4848 -1.31205
 -21.7876 -1.59095
 -22.3306 -1.79735
 -22.698 -1.74785
 -22.8217 -1.7286
 -22.8327 -1.62595
 -22.8956 -1.47675
 -23.008 -1.225
 -23.0858 -1.06295
 -23.2367 -1.175
 -23.3749 -1.2982
 -23.4367 -1.3307
 -23.5243 -1.45485
 -23.5621 -1.58825
 -23.5392 -1.62535
 -23.5264 -1.6783
 -23.5928 -1.75595
 -23.6679 -1.8387
 -23.6709 -1.8739
190 77 4
 -20.3977 -3.7371
 -19.8779 -3.72325
 -19.6828 -3.5953
 -19.658 -3.5702
191 37 7
 -16.0195 -3.3399
 -15.4127 -3.38225
 -15.063 -3.4825
 -15.0513 -3.52325
 -15.1396 -3.7407
 -15.1147 -3.9498
 -15.1127 -3.9556
191 8 3
 -16.0195 -3.3399
 -16.6664 -3.2513
 -16.9331 -3.1314
192 32 14
 -5.31635 -5.18575
 -6.25155 -3.81635
 -6.45955 -3.67425
 -6.4677 -3.571
 -6.6138 -3.6042
 -6.7371 -3.3962
 -6.9261 -3.01785
 -7.01225 -2.7239
 -7.0862 -2.5751
 -7.2328 -2.5198
 -7.2836 -2.4803
 -7.2715 -2.4373
 -7.21695 -2.39835
 -7.1702 -2.3847
192 118 33
 -5.31635 -5.18575
 -4.4209 -6.5116
 -4.3367 -6.62955
 -4.2841 -6.7499
 -3.9838 -6.83855
 -3.63745 -6.94275
 -3.42605 -7.05025
 -2.90285 -7.41025
 -2.0479 -7.51965
 -1.56255 -7.27335
 -1.44025 -7.5921
 -1.3731 -8.13565
 -1.55885 -8.6122
 -1.79005 -8.8387
 -2.0505 -8.96435
 -2.2976 -9.1276
 -3.0147 -9.87455
 -3.80715 -10.8127
 -4.0367 -11.2503
 -4.1375 -11.4828
 -4.41285 -11.5455
 -4.78375 -11.3995
 -5.0881 -11.1936
 -5.278 -11.1342
 -5.36175 -11.0707
 -5.529 -10.9999
 -5.6999 -11.0097
 -5.79705 -11.0633
 -5.92905 -11.111
 -6.3698 -10.9418
 -6.83655 -10.9451
 -6.9843 -11.1599
 -7.0074 -11.1762
193 21 24
 -21.4605 -5.3597
 -22.1777 -5.16425
 -22.7891 -5.0735
 -23.1136 -5.1708
 -23.4203 -4.9988
 -23.4426 -4.4078
 -23.5236 -4.01055
 -23.6812 -3.64945
 -23.6591 -3.1862
 -23.7003 -3.0096
 -23.8492 -3.0428
 -23.9419 -3.0291
 -24.026 -2.98585
 -24.0828 -2.99115
 -24.1385 -2.9209
 -24.0709 -2.7889
 -23.931 -2.53755
 -23.9694 -2.21725
 -24.0032 -1.91395
 -23.8736 -1.75795
 -23.7526 -1.76205
 -23.6949 -1.77425
 -23.6679 -1.8387
 -23.6709 -1.8739
193 78 5
 -21.4605 -5.3597
 -21.048 -5.44705
 -20.7575 -5.4587
 -20.6157 -5.45845
 -20.5391 -5.4274
194 118 19
 -14.1899 -11.6597
 -12.8291 -11.7465
 -12.4163 -11.3716
 -11.9624 -10.7771
 -10.956 -10.1316
 -10.2789 -9.7699
 -10.5092 -9.18175
 -10.094 -9.55565
 -10.024 -9.69585
 -9.35605 -9.8173
 -7.71195 -9.82795
 -6.21605 -10.3535
 -5.7552 -10.9424
 -5.79705 -11.0633
 -5.92905 -11.111
 -6.3698 -10.9418
 -6.83655 -10.9451
 -6.9843 -11.1599
 -7.0074 -11.1762
194 114 3
 -14.1899 -11.6597
 -15.3107 -10.9963
 -15.4428 -10.8975
195 19 29
 34.6987 -4.43575
 34.7977 -3.6369
 35.1189 -3.65085
 35.5619 -3.75465
 35.8405 -3.65495
 36.0101 -3.65335
 36.274 -3.71995
 36.4911 -3.78795
 36.4761 -3.6789
 36.4803 -3.53815
 36.5515 -3.46355
 36.7629 -3.45335
 37.1592 -3.7556
 37.4586 -4.1936
 37.4981 -4.4092
 37.4888 -4.47935
 37.3251 -4.5378
 37.1614 -4.64345
 37.105 -4.8061
 37.1676 -4.975
 37.2795 -5.05865
 37.2729 -5.12635
 37.2861 -5.20765
 37.3355 -5.2852
 37.3503 -5.40805
 37.2332 -5.4647
 37.0942 -5.44525
 37.017 -5.46315
 36.9814 -5.4641
195 138 7
 34.6987 -4.43575
 34.5238 -5.277
 34.325 -5.46955
 34.0107 -5.2363
 33.7643 -4.98695
 33.7194 -4.94645
 33.6832 -4.9422
196 131 15
 41.2427 13.3505
 41.448 14.3199
 41.7556 14.9536
 42.1259 15.6468
 42.2322 16.0592
 42.0951 16.4348
 42.0284 16.7529
 41.8714 16.6161
 41.5055 16.5397
 40.8357 16.5012
 39.9387 16.049
 39.4303 15.7794
 39.3547 15.8454
 39.3523 15.7643
 39.3642 15.7011
196 130 5
 41.2427 13.3505
 41.8681 12.5912
 42.575 12.2915
 42.5699 12.0531
 42.5637 12.0291
197 68 25
 46.103 5.1703
 45.8686 6.2833
 45.7167 7.35375
 45.6182 8.17725
 45.0139 8.0989
 44.3176 7.73295
 43.2967 7.78305
 41.8527 7.95875
 41.0772 8.42335
 40.5169 8.5657
 39.9137 8.54215
 39.5937 8.59415
 38.8828 8.80105
 37.9879 8.94185
 37.6477 8.85965
 37.4591 8.83025
 37.2946 8.79505
 37.2337 8.73665
 36.8128 8.81675
 36.3723 8.82545
 36.2652 8.73995
 36.1815 8.6732
 36.1321 8.5032
 36.1374 8.3709
 36.157 8.3512
197 123 5
 46.103 5.1703
 46.1153 4.03915
 46.3113 3.5146
 46.6148 3.6695
 46.647 3.6434
198 85 6
 49.0685 3.19625
 50.0099 4.17555
 49.8061 4.5296
 49.6721 5.17715
 49.8545 5.64655
 49.874 5.7225
198 123 6
 49.0685 3.19625
 48.0077 2.02505
 47.5609 1.7588
 47.0067 2.60465
 46.667 3.53415
 46.647 3.6434
199 23 12
 56.8741 -5.02215
 57.6586 -6.11375
 57.7885 -6.42535
 57.8028 -6.60135
 57.3382 -7.27705
 56.7913 -7.82335
 56.6911 -7.90565
 56.4644 -7.99185
 56.2011 -8.0509
 55.9841 -8.0807
 55.6411 -8.23065
 55.4129 -8.3323
199 89 21
 56.8741 -5.02215
 56.205 -4.1683
 55.6684 -3.57335
 55.4062 -2.69675
 54.9417 -2.99025
 54.5588 -2.8514
 53.8544 -2.8591
 53.4109 -2.75885
 53.3945 -2.49415
 53.2382 -2.4123
 53.022 -2.40705
 52.673 -2.5173
 52.1726 -3.22845
 51.7059 -4.03545
 51.5072 -4.31345
 51.4382 -4.5053
 51.5244 -4.6757
 51.6764 -4.7247
 51.3157 -4.9968
 50.9354 -5.2354
 50.9102 -5.2271
200 23 26
 50.1354 -13.2097
 49.9573 -11.869
 49.6145 -11.2703
 50.0586 -11.1955
 50.5749 -11.1256
 51.2139 -10.8169
 52.0426 -10.2263
 52.7552 -9.84115
 53.0473 -9.30575
 52.9181 -8.8543
 53.4389 -8.90515
 54.3363 -9.13075
 55.0564 -9.3897
 55.5676 -9.56225
 56.1572 -9.6832
 56.5882 -9.7197
 56.6276 -9.72335
 56.8918 -9.57415
 56.9711 -8.7117
 56.7631 -7.94405
 56.6911 -7.90565
 56.4644 -7.99185
 56.2011 -8.0509
 55.9841 -8.0807
 55.6411 -8.23065
 55.4129 -8.3323
200 17 7
 50.1354 -13.2097
 49.988 -14.0292
 49.5628 -14.6567
 49.0695 -15.235
 48.9255 -15.5151
 48.8787 -15.8026
 48.9408 -15.8218
201 55 26
 49.4888 -41.7546
 48.5264 -40.7821
 48.063 -40.1494
 47.7673 -39.6018
 47.5939 -39.2315
 47.5241 -39.0344
 47.3019 -38.9926
 47.1435 -38.9467
 47.0312 -38.959
 46.9732 -39.0401
 46.9222 -38.966
 46.9466 -38.7819
 47.0307 -38.603
 47.1022 -38.5537
 47.1431 -38.5106
 47.1299 -38.4772
 46.9464 -38.4621
 46.6477 -38.4027
 46.4703 -38.358
 46.4417 -38.3969
 46.3904 -38.5606
 46.3876 -38.8072
 46.4258 -38.9482
 46.3247 -39.0145
 46.2332 -39.0965
 46.2279 -39.1422
201 136 5
 49.4888 -41.7546
 50.0546 -42.5873
 49.8398 -42.8862
 49.6613 -43.0549
 49.6524 -43.0673
202 55 22
 45.0863 -46.7902
 45.3553 -45.3223
 45.4776 -45.0783
 45.6814 -45.0389
 46.0321 -44.9723
 46.4166 -44.8411
 46.5087 -44.349
 46.4908 -43.3211
 46.3857 -42.6497
 45.9566 -42.737
 45.5897 -42.8257
 45.5971 -42.4444
 45.4281 -41.4049
 45.1597 -40.6066
 45.3645 -40.1495
 45.7597 -39.6895
 46.0371 -39.5983
 46.1413 -39.5571
 46.1669 -39.4976
 46.1579 -39.3503
 46.1879 -39.1927
 46.2279 -39.1422
202 88 4
 45.0863 -46.7902
 44.8434 -48.096
 44.8153 -48.1426
 44.8124 -48.1508
203 6 3
 44.8473 -52.2698
 44.4997 -51.6395
 44.4008 -51.5617
203 45 4
 44.8473 -52.2698
 45.1018 -52.8549
 45.1238 -52.9169
 45.14 -52.9463
204 148 55
 39.4594 -55.2072
 38.711 -54.2097
 38.5457 -53.8821
 38.4909 -53.8727
 37.9361 -54.2363
 37.4007 -54.5656
 37.4462 -54.234
 37.2464 -53.415
 36.9812 -52.7571
 36.8559 -52.4753
 36.6595 -52.2023
 36.6095 -51.9631
 36.5145 -52.0338
 36.0947 -52.0669
 35.7085 -52.1075
 35.5653 -51.9795
 35.3948 -51.7746
 35.0399 -51.3382
 34.9899 -50.7791
 34.6069 -51.0188
 34.0828 -51.2616
 33.646 -51.5033
 33.4633 -51.6716
 33.5816 -51.9342
 33.8503 -52.3319
 33.863 -52.6283
 33.9978 -52.9791
 34.1692 -53.3569
 34.0452 -54.1201
 33.9352 -54.8737
 33.8979 -55.0631
 33.7864 -55.2998
 33.6196 -55.3536
 33.4967 -55.2924
 33.3829 -55.2875
 33.2158 -55.297
 33.1173 -55.2218
 33.0987 -55.125
 33.0653 -55.0554
 32.9307 -55.0262
 32.7968 -55.1086
 32.7187 -55.1716
 32.7089 -55.0799
 32.8174 -54.8333
 32.6783 -54.6466
 32.3489 -54.6956
 32.6167 -54.4725
 32.7071 -54.1311
 32.538 -53.874
 32.4098 -53.7613
 32.3564 -53.6511
 32.3241 -53.5494
 32.2659 -53.4306
 32.1809 -53.3224
 32.1559 -53.3222
204 40 10
 39.4594 -55.2072
 40.3095 -56.0246
 40.518 -56.4471
 40.6911 -56.1128
 41.3986 -56.2682
 41.9826 -56.0928
 42.1171 -56.6434
 42.3206 -56.9703
 42.4569 -57.1211
 42.4984 -57.1186
205 3 16
 36.285 -40.4651
 35.165 -40.5956
 36.6143 -41.2868
 37.2799 -42.4917
 37.438 -43.1418
 37.4587 -43.282
 36.1448 -43.8742
 34.8765 -44.4674
 34.9542 -44.71
 34.9244 -45.0868
 35.1547 -45.6602
 35.5641 -46.1866
 35.7903 -46.708
 35.8153 -47.1677
 35.7688 -47.3249
 35.7793 -47.3351
205 0 7
 36.285 -40.4651
 36.8899 -39.6935
 37.3417 -39.1102
 37.3651 -39.0154
 37.3454 -38.5696
 37.307 -38.0406
 37.2932 -37.9217
206 55 40
 42.2654 -35.8587
 42.6226 -35.299
 42.6599 -34.7072
 42.6925 -34.1173
 42.8417 -33.8809
 43.0214 -33.8157
 43.2424 -33.5918
 43.7182 -33.2049
 44.2009 -33.3727
 44.3811 -34.1124
 44.375 -34.5032
 44.7092 -34.4835
 45.0614 -34.4408
 45.4689 -34.6393
 45.8534 -34.8359
 45.8589 -34.8484
 45.572 -35.1734
 45.2421 -35.5871
 45.2084 -35.915
 45.2808 -36.2079
 45.5171 -36.3306
 45.7453 -36.4065
 45.809 -36.4953
 45.8453 -36.5576
 45.9272 -36.5915
 46.0177 -36.7706
 45.9658 -36.9495
 46.0238 -36.9574
 46.0305 -37.2745
 46.0945 -37.6125
 46.1644 -37.8805
 46.3137 -38.2284
 46.4703 -38.358
 46.4417 -38.3969
 46.3904 -38.5606
 46.3876 -38.8072
 46.4258 -38.9482
 46.3247 -39.0145
 46.2332 -39.0965
 46.2279 -39.1422
206 79 4
 42.2654 -35.8587
 41.5308 -36.2213
 41.0675 -36.1975
 40.9695 -36.164
207 80 11
 30.7756 -32.9912
 29.4869 -32.9239
 28.0575 -33.7369
 26.9623 -33.8943
 26.1819 -33.3307
 26.1689 -32.7274
 25.8578 -32.7512
 25.7302 -32.5154
 25.2915 -32.3995
 24.7395 -32.4116
 24.5509 -32.4758
207 128 4
 30.7756 -32.9912
 31.6982 -34.3745
 32.2443 -35.229
 32.3136 -35.2671
208 145 8
 18.2696 -49.1073
 19.0362 -49.6701
 19.3659 -50.1231
 19.5036 -50.2497
 19.5366 -50.3065
 19.5935 -50.4508
 19.6658 -50.5807
 19.6687 -50.6375
208 149 13
 18.2696 -49.1073
 17.0718 -49.2285
 15.9386 -49.4641
 15.3323 -49.2472
 15.2003 -49.0266
 14.9056 -48.6782
 14.5405 -48.483
 14.397 -48.4799
 14.0532 -48.0528
 13.931 -47.6122
 14.049 -47.4913
 13.9777 -47.3298
 13.927 -47.2593
209 148 12
 30.418 -49.4539
 30.2724 -50.0224
 30.5317 -50.3109
 30.7478 -51.1891
 30.9796 -52.0264
 31.3933 -52.4266
 31.6898 -52.9065
 31.8726 -53.3162
 31.9356 -53.3849
 32.0067 -53.3292
 32.1176 -53.313
 32.1559 -53.3222
209 73 14
 30.418 -49.4539
 30.6532 -48.8598
 30.8929 -48.7281
 30.988 -48.6535
 30.8888 -48.3624
 30.7925 -47.7993
 31.0303 -47.3293
 31.2835 -46.9673
 31.266 -46.7781
 31.2165 -46.7668
 30.821 -46.7263
 30.4893 -46.5833
 30.5275 -46.4564
 30.5338 -46.4303
210 20 15
 16.3206 -63.5956
 16.7123 -63.7336
 17.0325 -64.5638
 17.9547 -64.7605
 18.4291 -64.8327
 18.0925 -65.5941
 18.0216 -66.736
 18.3762 -67.0526
 19.2683 -67.1435
 20.0306 -66.6693
 19.8665 -67.4832
 19.9734 -68.2126
 20.1129 -69.1371
 20.1562 -69.627
 20.1858 -69.7145
210 140 7
 16.3206 -63.5956
 15.4211 -64.3243
 14.5865 -64.8222
 13.8904 -65.2189
 13.7416 -65.421
 13.6728 -65.5883
 13.6971 -65.6359
211 22 5
 18.7325 -83.7505
 16.593 -84.4222
 15.7756 -84.9968
 15.6705 -85.0524
 15.655 -85.073
211 14 4
 18.7325 -83.7505
 20.1856 -83.5469
 20.2246 -83.4642
 20.222 -83.453
212 24 29
 40.3451 -72.8492
 39.852 -73.4218
 39.7865 -74.0042
 40.0224 -74.6648
 39.8746 -74.9505
 40.1804 -74.8414
 40.5011 -75.2278
 40.9764 -75.7014
 40.7555 -75.8554
 40.3765 -76.5807
 40.1714 -77.2267
 39.912 -77.2114
 39.8568 -77.2508
 39.8242 -77.3609
 39.814 -77.4742
 39.6708 -77.4558
 39.3918 -77.5835
 39.1362 -78.0478
 39.1553 -78.4189
 39.1249 -78.8748
 38.9704 -79.313
 38.958 -79.4484
 38.9606 -79.7705
 38.9608 -79.9896
 38.8899 -80.0174
 38.8228 -80.0816
 38.854 -80.1595
 38.887 -80.2231
 38.8812 -80.2486
212 63 14
 40.3451 -72.8492
 40.6249 -72.048
 40.4257 -71.5322
 40.2271 -71.1579
 40.2318 -70.7789
 40.2574 -70.4606
 40.1483 -70.0993
 39.8699 -69.5082
 39.7842 -68.6571
 39.8424 -67.7952
 39.7599 -67.4489
 39.6644 -67.3611
 39.5885 -67.2814
 39.5923 -67.2687
213 63 16
 40.0756 -61.0034
 40.3615 -62.6338
 41.1936 -63.6066
 41.8591 -63.9759
 41.1271 -64.5304
 40.4153 -65.2675
 40.4339 -65.5595
 40.3411 -65.778
 40.0611 -66.2516
 39.8239 -66.7272
 39.6775 -66.8963
 39.5781 -67.0103
 39.5126 -67.1153
 39.509 -67.1666
 39.5616 -67.229
 39.5923 -67.2687
213 40 12
 40.0756 -61.0034
 40.4775 -59.7729
 41.2902 -59.3712
 42.157 -58.9121
 42.743 -58.7184
 42.7117 -58.6112
 42.5216 -58.1262
 42.3908 -57.7878
 42.43 -57.6611
 42.5254 -57.3604
 42.529 -57.1489
 42.4984 -57.1186
214 132 16
 33.6392 -7.91785
 32.5212 -9.3096
 31.9977 -10.1155
 31.7227 -10.4776
 31.1936 -10.7812
 30.709 -10.9365
 30.4598 -11.1355
 30.441 -10.9196
 30.3302 -10.5618
 30.0674 -10.2855
 29.6094 -10.1334
 29.2386 -10.1325
 29.0143 -10.3601
 28.6014 -10.555
 28.3413 -10.495
 28.3285 -10.4549
214 138 9
 33.6392 -7.91785
 34.2875 -7.1152
 34.332 -6.2433
 34.3652 -5.5295
 34.325 -5.46955
 34.0107 -5.2363
 33.7643 -4.98695
 33.7194 -4.94645
 33.6832 -4.9422
215 110 8
 -30.3787 -23.6099
 -31.2484 -24.0158
 -31.9722 -24.2495
 -32.1695 -24.3754
 -32.6472 -24.8051
 -33.1089 -25.2557
 -33.169 -25.3392
 -33.2173 -25.3577
215 111 6
 -30.3787 -23.6099
 -30.1259 -23.301
 -30.0088 -22.9469
 -29.6901 -22.5462
 -29.5456 -22.4973
 -29.5401 -22.5499
216 117 3
 -23.6011 -57.0359
 -23.7351 -56.5759
 -23.7341 -56.2897
216 18 3
 -23.6011 -57.0359
 -23.4387 -57.2531
 -23.4115 -57.2966
217 10 24
 13.4174 -76.1387
 13.2162 -76.8167
 13.508 -77.0162
 13.7818 -77.0716
 14.0378 -77.3111
 13.9149 -77.8611
 13.604 -78.1749
 13.55 -78.3134
 13.6253 -78.4433
 13.6003 -78.5669
 13.5003 -78.8358
 13.5346 -79.0428
 13.5815 -79.0766
 13.4946 -79.0779
 13.3884 -79.0758
 13.3078 -79.099
 13.243 -79.173
 13.1882 -79.2441
 13.1598 -79.3066
 13.1819 -79.356
 13.2568 -79.3885
 13.3756 -79.4756
 13.4031 -79.5674
 13.3731 -79.5854
217 84 13
 13.4174 -76.1387
 13.4358 -75.4109
 12.8492 -75.1476
 13.3191 -75.2464
 13.9067 -75.1524
 14.6517 -75.0712
 15.3069 -75.043
 14.6097 -74.9644
 14.0224 -74.7305
 13.834 -74.3755
 13.7554 -73.9118
 13.6859 -73.6693
 13.6892 -73.6623
218 5 4
 6.81975 -70.6701
 6.4277 -71.8906
 6.61495 -72.4404
 6.6857 -72.4768
218 146 6
 6.81975 -70.6701
 8.02945 -70.1426
 9.02195 -70.0595
 9.34725 -69.7622
 9.397 -69.7195
 9.4128 -69.7112
219 27 4
 9.93285 -69.8022
 10.7062 -69.9725
 11.2283 -70.1852
 11.2789 -70.2095
219 146 5
 9.93285 -69.8022
 9.6182 -69.779
 9.5212 -69.7266
 9.42495 -69.7133
 9.4128 -69.7112
220 118 26
 -6.4196 -17.1991
 -5.7719 -16.408
 -4.8241 -15.6088
 -4 -15.5292
 -4.191 -15.0934
 -4.13545 -14.6774
 -3.56605 -13.5569
 -2.9276 -12.3741
 -2.9488 -11.9334
 -3.1031 -11.765
 -3.53915 -11.5834
 -4.02805 -11.4214
 -4.1375 -11.4828
 -4.41285 -11.5455
 -4.78375 -11.3995
 -5.0881 -11.1936
 -5.278 -11.1342
 -5.36175 -11.0707
 -5.529 -10.9999
 -5.6999 -11.0097
 -5.79705 -11.0633
 -5.92905 -11.111
 -6.3698 -10.9418
 -6.83655 -10.9451
 -6.9843 -11.1599
 -7.0074 -11.1762
220 93 8
 -6.4196 -17.1991
 -6.9258 -18.2027
 -7.1605 -19.5199
 -7.4245 -19.056
 -8.2819 -19.2316
 -8.9139 -19.0857
 -9.06645 -18.8746
 -9.1245 -18.8291
221 112 25
 -32.4384 -32.6255
 -33.7717 -32.6066
 -34.0528 -32.4685
 -34.1315 -32.6562
 -34.5592 -32.6873
 -34.735 -32.6635
 -35.3315 -33.0653
 -36.5765 -33.5972
 -37.316 -33.9436
 -37.5993 -33.286
 -37.8689 -32.7628
 -37.7531 -32.5417
 -37.8535 -31.9929
 -38.0077 -31.3448
 -38.0368 -31.0667
 -38.2318 -30.7208
 -38.0889 -30.3696
 -37.7686 -30.1791
 -37.0733 -29.7966
 -35.8693 -29.5083
 -35.2529 -29.4046
 -35.1431 -29.3305
 -34.9769 -29.3883
 -34.7508 -29.4166
 -34.6845 -29.4156
221 96 7
 -32.4384 -32.6255
 -30.9472 -32.8591
 -30.62 -33.1068
 -30.7714 -32.5256
 -30.8805 -31.3673
 -30.955 -30.7005
 -30.9753 -30.6877
222 150 18
 -28.4268 -0.0202
 -28.768 -0.4956
 -29.1761 -0.65675
 -29.4133 -0.85915
 -29.3443 -1.0192
 -29.4727 -0.89705
 -29.6067 -0.84175
 -29.7682 -0.68905
 -29.9172 -0.50425
 -30.0187 -0.4468
 -30.1329 -0.41995
 -30.2521 -0.333
 -30.3694 -0.2571
 -30.517 -0.21905
 -30.622 -0.1796
 -30.7365 -0.17735
 -30.8063 -0.20915
 -30.8046 -0.2396
222 1 10
 -28.4268 -0.0202
 -28.1883 0.51995
 -27.8785 0.5925
 -27.5634 0.5712
 -27.3939 0.7749
 -27.2031 1.25695
 -26.9684 1.78085
 -26.7706 2.06445
 -26.6851 2.11165
 -26.6698 2.1097
223 32 43
 9.56195 -0.92285
 9.0261 0.4271
 8.155 0.41835
 7.38195 0.3929
 6.66695 -0.1948
 5.7568 -0.8365
 4.5398 -1.38895
 3.53385 -1.3676
 3.75585 -1.7989
 2.9813 -2.44465
 1.9843 -2.9068
 1.6268 -2.7032
 1.4806 -2.53
 1.43555 -1.8265
 1.4545 -1.16815
 0.638 -0.8664
 -0.41885 0.09315
 -0.9263 1.17065
 -1.77325 1.2012
 -2.61835 0.94405
 -2.2519 0.5156
 -2.20885 -0.02425
 -2.47105 -0.352
 -2.8219 -0.95705
 -3.18925 -1.42355
 -3.7475 -1.50525
 -4.08865 -1.5193
 -4.80795 -1.1446
 -6.32375 -1.2135
 -7.2847 -1.7609
 -7.4454 -2.0006
 -7.55315 -2.10305
 -7.6598 -2.24105
 -7.62075 -2.3875
 -7.49615 -2.4773
 -7.4314 -2.5229
 -7.4022 -2.51445
 -7.3696 -2.50775
 -7.3214 -2.50325
 -7.2836 -2.4803
 -7.2715 -2.4373
 -7.21695 -2.39835
 -7.1702 -2.3847
223 113 16
 9.56195 -0.92285
 9.95735 -2.7213
 10.2064 -3.1222
 11.0253 -3.673
 12.0209 -4.77325
 12.1257 -4.66965
 12.4749 -3.83735
 12.9853 -3.7521
 13.4736 -4.1009
 14.2087 -4.8046
 14.649 -5.04125
 14.8201 -4.84545
 15.4829 -4.3158
 16.021 -3.56875
 15.9228 -3.27425
 15.9166 -3.2593
224 32 17
 -10.0784 -2.60965
 -9.2237 -2.2223
 -8.80645 -2.1573
 -8.63345 -2.51835
 -8.55485 -2.8192
 -8.29305 -2.93735
 -7.98325 -2.84695
 -7.79295 -2.65385
 -7.58645 -2.60675
 -7.4648 -2.56615
 -7.4022 -2.51445
 -7.3696 -2.50775
 -7.3214 -2.50325
 -7.2836 -2.4803
 -7.2715 -2.4373
 -7.21695 -2.39835
 -7.1702 -2.3847
224 37 23
 -10.0784 -2.60965
 -10.8905 -2.76805
 -11.3037 -2.8141
 -11.1313 -2.30415
 -11.5315 -1.4771
 -12.496 -1.1408
 -13.0294 -1.23395
 -13.1561 -1.3132
 -13.6427 -1.60445
 -13.9783 -1.88345
 -14.0229 -1.9829
 -13.9611 -2.3159
 -13.833 -2.61135
 -13.8339 -2.63735
 -13.8237 -2.78535
 -13.9942 -2.95255
 -14.3217 -2.9222
 -14.5403 -3.02195
 -14.7775 -3.34135
 -15.0513 -3.52325
 -15.1396 -3.7407
 -15.1147 -3.9498
 -15.1127 -3.9556
225 69 22
 26.9368 3.6361
 26.8551 2.3334
 27.3941 0.90235
 27.718 0.3613
 27.7121 0.26445
 27.3198 0.3717
 27.0245 0.89135
 26.3718 0.9144
 25.714 0.64605
 25.7762 0.5617
 25.5206 0.12755
 25.1219 -0.33435
 25.0891 -0.1795
 24.5699 -0.16325
 23.7244 -0.13385
 23.3426 -0.0977
 23.236 -0.11335
 23.038 -0.07155
 22.8671 0.03135
 22.7757 0.0952
 22.7276 0.148
 22.7173 0.1731
225 91 10
 26.9368 3.6361
 27.5462 4.1655
 27.7558 4.27815
 28.208 4.48865
 28.9921 4.96695
 29.3801 5.8072
 29.3271 6.5967
 28.7115 7.08245
 28.128 7.3628
 28.1176 7.3655
226 68 33
 39.188 3.795
 38.5155 4.32105
 37.4682 4.36995
 36.5671 4.599
 36.1063 5.18755
 35.9238 5.1427
 35.916 5.1393
 35.5438 5.37895
 35.2304 5.6774
 35.339 5.81835
 35.4517 5.9784
 35.4567 6.19885
 35.396 6.3448
 35.3812 6.38215
 35.347 6.48395
 35.2844 6.5943
 35.2601 6.64135
 35.3017 6.70755
 35.3912 6.7263
 35.4949 6.866
 35.5941 7.07655
 35.6765 7.2187
 35.6911 7.34645
 35.6682 7.4044
 35.6686 7.5568
 35.8253 7.76765
 36.0181 7.85205
 36.1063 7.95795
 36.0905 8.1105
 36.0798 8.1783
 36.14 8.25595
 36.155 8.3376
 36.157 8.3512
226 109 8
 39.188 3.795
 39.7911 3.57485
 40.4823 3.15725
 41.021 2.69235
 41.2876 2.4677
 41.1603 2.828
 41.1061 3.16705
 41.1183 3.2092
227 149 11
 16.0382 -46.1569
 15.6406 -46.1899
 15.3097 -46.1186
 14.896 -46.2867
 14.4299 -46.6445
 14.0862 -46.778
 13.8913 -46.6248
 13.9132 -46.8135
 13.919 -47.093
 13.9177 -47.2599
 13.927 -47.2593
227 2 5
 16.0382 -46.1569
 16.3853 -45.8656
 16.5029 -45.6269
 16.4352 -45.5317
 16.428 -45.5084
228 129 4
 25.3696 -78.6518
 24.5233 -78.0818
 24.4267 -78.0144
 24.3932 -78.022
228 11 5
 25.3696 -78.6518
 26.3455 -79.1909
 26.6006 -79.257
 26.7474 -79.3438
 26.8317 -79.4087
229 40 16
 48.502 -59.0272
 47.834 -58.0424
 47.2164 -57.2252
 46.6499 -57.0535
 46.0945 -56.9683
 46.0386 -57.1205
 45.5549 -57.3875
 45.08 -57.4865
 44.7727 -57.4781
 43.7497 -57.7614
 42.7129 -57.8709
 42.3908 -57.7878
 42.43 -57.6611
 42.5254 -57.3604
 42.529 -57.1489
 42.4984 -57.1186
229 86 16
 48.502 -59.0272
 49.4195 -59.4179
 50.1726 -59.8004
 50.4226 -59.8374
 51.5058 -59.9755
 52.2765 -60.2444
 52.3896 -60.2179
 52.5812 -60.1227
 53.2933 -60.2207
 54.2161 -60.6653
 54.3509 -60.9596
 54.2284 -61.1956
 54.5224 -61.4062
 54.9265 -61.3666
 55.1441 -61.3433
 55.2051 -61.3388
230 62 7
 46.0579 -79.6999
 46.176 -80.0488
 46.8022 -80.6836
 47.6556 -81.1226
 47.7992 -81.2899
 47.8922 -81.4512
 47.8595 -81.4772
230 42 5
 46.0579 -79.6999
 45.3657 -78.8654
 44.9285 -78.1536
 44.8485 -78.1586
 44.8409 -78.1623
231 30 32
 -29.6347 -51.0131
 -30.8143 -50.7653
 -31.4528 -50.7752
 -31.7531 -50.5899
 -31.8974 -50.5755
 -32.061 -50.6771
 -32.2886 -50.3818
 -32.5202 -49.7107
 -32.9918 -49.4171
 -33.5782 -49.1453
 -33.5992 -48.4251
 -33.4878 -48.0172
 -33.4121 -47.8702
 -33.3926 -47.8414
 -33.3115 -47.7665
 -33.2441 -47.5933
 -33.2017 -47.3608
 -33.2099 -47.1903
 -33.2072 -47.0192
 -33.1056 -46.8693
 -33.0397 -46.7476
 -32.9367 -46.7187
 -32.8158 -46.6983
 -32.7718 -46.5772
 -32.781 -46.4827
 -32.7971 -46.4305
 -32.7873 -46.4154
 -32.7339 -46.362
 -32.6946 -46.2672
 -32.6942 -46.2043
 -32.6852 -46.1726
 -32.677 -46.1513
231 102 6
 -29.6347 -51.0131
 -28.4607 -51.306
 -27.9897 -51.1826
 -27.8358 -51.2056
 -27.6404 -51.0934
 -27.4924 -50.9689
232 102 7
 -25.0324 -50.9371
 -26.0031 -52.1437
 -26.3708 -52.7902
 -26.4431 -52.8638
 -27.1339 -52.0241
 -27.6404 -51.0934
 -27.4924 -50.9689
232 46 4
 -25.0324 -50.9371
 -23.8174 -50.4446
 -23.2007 -50.7604
 -23.1601 -50.9013
233 12 13
 -12.0278 -79.5139
 -10.4556 -79.2938
 -10.2651 -77.9364
 -10.4767 -76.6459
 -10.4084 -76.3409
 -9.4158 -75.7601
 -8.56995 -75.1067
 -7.93115 -75.0647
 -7.35045 -74.9319
 -7.31675 -74.7977
 -7.1768 -74.7869
 -7.1056 -74.7935
 -7.108 -74.7997
233 53 6
 -12.0278 -79.5139
 -13.5346 -79.0232
 -13.7237 -78.6075
 -13.3624 -77.8602
 -13.0422 -77.1801
 -13.0398 -77.1304
234 74 11
 4.2679 -79.3242
 4.55325 -78.5751
 4.7684 -78.3181
 5.68825 -78.597
 6.58645 -78.9003
 6.9006 -78.8943
 7.73095 -79.2877
 8.59735 -79.467
 8.9213 -79.1566
 9.12005 -79.1727
 9.1722 -79.2364
234 28 6
 4.2679 -79.3242
 3.1134 -79.9771
 1.8627 -80.6176
 1.3986 -81.1273
 1.27725 -81.1824
 1.2591 -81.1892
235 27 7
 13.1374 -72.7284
 12.7427 -71.8888
 12.4909 -71.588
 12.332 -71.1225
 11.716 -70.5441
 11.2807 -70.2344
 11.2789 -70.2095
235 84 4
 13.1374 -72.7284
 13.4669 -73.5145
 13.6832 -73.6261
 13.6892 -73.6623
236 133 20
 1.3235 -65.5599
 0.57685 -63.348
 0.7283 -62.0475
 1.02925 -61.8367
 0.686 -61.8777
 1.12675 -61.4754
 1.3907 -60.7164
 1.3226 -60.1496
 1.2226 -60.0428
 1.0292 -59.6271
 0.7099 -59.2556
 0.1862 -58.9361
 -2.1898 -57.9281
 -4.10055 -57.2089
 -4.04825 -56.6327
 -3.752 -55.56
 -3.20095 -54.8965
 -2.90095 -54.597
 -2.92625 -54.4389
 -2.9368 -54.4226
236 5 12
 1.3235 -65.5599
 1.8772 -66.6097
 2.0796 -67.3768
 1.4769 -68.4539
 1.71095 -69.8205
 3.0408 -70.4863
 3.39935 -70.0891
 4.7589 -70.5743
 6.1889 -71.2493
 6.4277 -71.8906
 6.61495 -72.4404
 6.6857 -72.4768
237 121 7
 -5.0896 -48.8388
 -3.66775 -49.7339
 -2.95475 -49.1441
 -1.4913 -49.5698
 -0.62135 -50.0634
 -0.4276 -49.9342
 -0.3972 -49.9374
237 107 6
 -5.0896 -48.8388
 -6.6417 -49.3605
 -7.21475 -49.4134
 -7.6595 -47.3816
 -7.7697 -46.3103
 -7.8341 -46.2963
238 96 9
 -28.557 -33.4265
 -29.4539 -33.284
 -30.2437 -33.4414
 -30.4533 -33.3259
 -30.62 -33.1068
 -30.7714 -32.5256
 -30.8805 -31.3673
 -30.955 -30.7005
 -30.9753 -30.6877
238 101 7
 -28.557 -33.4265
 -28.2867 -33.778
 -28.1336 -34.0911
 -27.8447 -34.6317
 -27.5937 -35.0929
 -27.4842 -35.2731
 -27.4664 -35.2974
239 94 13
 -20.6242 -44.1287
 -20.3546 -42.6806
 -19.5464 -42.4282
 -20.5601 -42.4693
 -21.6262 -42.4445
 -22.1113 -42.0834
 -22.2943 -41.4862
 -22.8242 -40.7491
 -22.984 -40.3551
 -23.2027 -40.5822
 -23.7848 -40.6963
 -24.1621 -40.5421
 -24.1757 -40.5106
239 90 12
 -20.6242 -44.1287
 -20.3813 -45.957
 -19.1292 -46.4356
 -19.0823 -46.5564
 -20.3722 -47.3543
 -20.8271 -47.8497
 -21.5519 -47.7456
 -22.6304 -47.4593
 -23.4351 -47.2022
 -24.3287 -47.192
 -24.8365 -47.2992
 -24.8555 -47.3186
240 64 22
 10.6773 -39.9565
 11.5417 -40.1984
 12.3219 -39.7432
 12.7634 -39.0261
 13.5705 -38.6814
 14.4263 -38.4736
 14.7509 -38.7799
 15.2849 -39.0961
 15.515 -39.3346
 15.7325 -39.7462
 15.9524 -40.2632
 15.951 -40.5051
 16.6933 -40.8951
 17.528 -41.1157
 17.6977 -40.888
 17.8891 -40.6956
 18.1555 -40.8158
 18.2692 -41.0491
 18.4305 -41.3286
 18.7465 -41.5998
 18.9534 -41.664
 19.0048 -41.7237
240 43 11
 10.6773 -39.9565
 9.96045 -39.895
 9.47105 -39.9504
 8.9596 -40.4882
 8.7227 -40.9067
 8.469 -41.443
 7.72305 -42.6109
 6.84745 -42.6269
 5.7371 -42.2432
 4.92095 -42.406
 4.8399 -42.3302
241 64 20
 12.9193 -37.4046
 13.6953 -37.9852
 13.5705 -38.6814
 14.4263 -38.4736
 14.7509 -38.7799
 15.2849 -39.0961
 15.515 -39.3346
 15.7325 -39.7462
 15.9524 -40.2632
 15.951 -40.5051
 16.6933 -40.8951
 17.528 -41.1157
 17.6977 -40.888
 17.8891 -40.6956
 18.1555 -40.8158
 18.2692 -41.0491
 18.4305 -41.3286
 18.7465 -41.5998
 18.9534 -41.664
 19.0048 -41.7237
241 99 5
 12.9193 -37.4046
 12.3679 -36.3955
 11.9095 -35.599
 11.8615 -35.5835
 11.8296 -35.5734
242 94 28
 -9.5795 -40.9035
 -10.0083 -42.1203
 -10.7509 -42.0354
 -10.958 -42.2309
 -11.4412 -42.778
 -12.3264 -43.1481
 -13.1014 -42.7523
 -13.5118 -42.319
 -14.0985 -42.2589
 -14.9115 -42.4998
 -15.829 -42.3421
 -16.3011 -41.0425
 -16.9763 -40.2402
 -17.9453 -40.1012
 -18.2512 -40.323
 -18.3119 -41.3727
 -18.6376 -42.2277
 -19.5464 -42.4282
 -20.5601 -42.4693
 -21.6262 -42.4445
 -22.1113 -42.0834
 -22.2943 -41.4862
 -22.8242 -40.7491
 -22.984 -40.3551
 -23.2027 -40.5822
 -23.7848 -40.6963
 -24.1621 -40.5421
 -24.1757 -40.5106
242 67 3
 -9.5795 -40.9035
 -9.8586 -39.494
 -9.8608 -39.414
243 106 24
 3.6337 -24.4539
 3.3679 -22.7106
 1.34065 -22.7302
 -0.8372 -21.3317
 -1.07125 -20.8013
 -1.10775 -20.6755
 -1.16885 -20.5294
 -0.5768 -19.2622
 0.27355 -17.8519
 0.5948 -17.1423
 0.17065 -15.643
 0.0324 -14.2917
 1.04105 -13.9846
 1.9483 -14.089
 2.2474 -14.1278
 2.31905 -14.1264
 2.7914 -13.4732
 2.89285 -12.3321
 2.54215 -11.7876
 2.4585 -11.6883
 1.9783 -11.7867
 1.2748 -11.3997
 1.0184 -10.8505
 1.048 -10.8244
243 105 6
 3.6337 -24.4539
 3.7218 -26.548
 4.2673 -28.2221
 5.79485 -28.7635
 6.9236 -28.7077
 7.3349 -28.514
244 106 37
 11.7703 -26.5905
 11.5069 -25.0543
 11.0656 -23.7673
 10.8142 -22.9242
 10.4794 -22.5924
 9.95275 -22.0552
 9.82735 -21.7205
 10.0553 -21.2216
 10.2597 -20.7438
 9.81025 -19.9921
 9.3243 -19.2346
 9.1062 -19.2935
 8.76305 -18.8885
 8.53175 -18.1059
 8.2669 -17.7783
 7.4975 -17.3717
 6.87945 -16.7364
 6.59855 -16.4379
 6.27135 -16.0126
 6.40795 -15.4597
 6.42725 -14.8246
 5.9247 -14.0147
 5.13165 -14.5716
 4.35725 -15.5093
 4.0544 -15.5886
 3.8439 -15.3759
 3.3626 -14.7942
 2.7252 -14.2767
 2.31905 -14.1264
 2.7914 -13.4732
 2.89285 -12.3321
 2.54215 -11.7876
 2.4585 -11.6883
 1.9783 -11.7867
 1.2748 -11.3997
 1.0184 -10.8505
 1.048 -10.8244
244 97 4
 11.7703 -26.5905
 11.649 -28.016
 11.4037 -28.3967
 11.3715 -28.395
245 111 8
 -28.9662 -25.6474
 -29.5136 -24.6512
 -29.8848 -23.8106
 -30.1259 -23.301
 -30.0088 -22.9469
 -29.6901 -22.5462
 -29.5456 -22.4973
 -29.5401 -22.5499
245 108 3
 -28.9662 -25.6474
 -28.3075 -26.2891
 -28.0036 -26.3207
246 127 6
 -38.5255 -25.329
 -38.9986 -26.3018
 -39.3314 -26.3859
 -39.592 -26.3954
 -39.7443 -26.4945
 -39.6588 -26.5865
246 36 4
 -38.5255 -25.329
 -38.3802 -24.3055
 -38.3661 -24.1674
 -38.3338 -24.1617
247 49 14
 -34.8782 -26.5814
 -34.9715 -26.0214
 -35.0821 -25.9523
 -35.051 -25.8954
 -35.1323 -25.4846
 -35.1269 -25.0163
 -34.9869 -24.9029
 -35.1124 -24.7103
 -35.2689 -24.2836
 -35.3778 -23.7957
 -35.4795 -23.5364
 -35.5487 -23.3611
 -35.6284 -23.1527
 -35.6398 -23.0925
247 71 5
 -34.8782 -26.5814
 -34.6634 -27.1479
 -34.3874 -27.1939
 -34.2851 -27.1766
 -34.2258 -27.1663
248 112 9
 -34.6279 -27.7333
 -34.4312 -28.4913
 -34.7188 -28.866
 -35.077 -29.0627
 -35.1129 -29.2134
 -35.1431 -29.3305
 -34.9769 -29.3883
 -34.7508 -29.4166
 -34.6845 -29.4156
248 71 5
 -34.6279 -27.7333
 -34.5918 -27.2081
 -34.3874 -27.1939
 -34.2851 -27.1766
 -34.2258 -27.1663
249 49 10
 -37.9781 -22.1251
 -37.2662 -22.1007
 -37.0359 -21.9822
 -36.9427 -21.8938
 -36.7232 -21.9048
 -36.5133 -22.0111
 -36.2685 -22.1277
 -35.8382 -22.5765
 -35.6053 -23.0199
 -35.6398 -23.0925
249 36 6
 -37.9781 -22.1251
 -38.5735 -22.9002
 -38.5775 -23.9347
 -38.4549 -24.1392
 -38.3873 -24.1542
 -38.3338 -24.1617
250 51 24
 -33.1387 -5.1874
 -33.5089 -5.69025
 -33.7145 -5.9349
 -33.853 -6.02365
 -34.1443 -6.05465
 -34.2964 -5.9401
 -34.2358 -5.81115
 -34.3236 -5.8974
 -34.421 -6.01465
 -34.5237 -6.1078
 -34.5636 -6.1956
 -34.5384 -6.27815
 -34.6375 -6.31095
 -34.7924 -6.37585
 -34.9156 -6.4379
 -34.9942 -6.50195
 -35.048 -6.51405
 -35.13 -6.5286
 -35.205 -6.56085
 -35.2419 -6.5818
 -35.322 -6.58025
 -35.3962 -6.6153
 -35.4252 -6.64885
 -35.4394 -6.6469
250 4 43
 -33.1387 -5.1874
 -32.603 -4.8603
 -32.1024 -4.81155
 -31.5719 -4.60965
 -31.0113 -4.63075
 -30.5949 -4.797
 -30.1158 -4.6329
 -29.7911 -4.8026
 -29.5622 -5.03965
 -29.254 -5.0682
 -29.0704 -5.0585
 -28.951 -4.80115
 -28.8123 -4.6547
 -28.7636 -4.6654
 -28.7081 -4.66085
 -28.606 -4.6569
 -28.5277 -4.6526
 -28.4313 -4.64875
 -28.3169 -4.69225
 -28.2517 -4.7074
 -28.1584 -4.6364
 -28.0521 -4.56345
 -27.9633 -4.50275
 -27.8041 -4.443
 -27.6749 -4.37145
 -27.6535 -4.3293
 -27.5946 -4.35965
 -27.515 -4.3749
 -27.4748 -4.33435
 -27.4491 -4.28775
 -27.4093 -4.10685
 -27.334 -3.884
 -27.1796 -3.66965
 -26.8983 -3.51305
 -26.604 -3.50395
 -26.372 -3.6307
 -26.2276 -3.6429
 -26.1657 -3.46205
 -26.1329 -3.3898
 -26.1016 -3.3551
 -26.0699 -3.24185
 -26.0775 -3.14175
 -26.0887 -3.1305
251 150 22
 -34.6294 3.62635
 -33.5397 2.53045
 -32.4714 1.52555
 -32.4164 1.1375
 -32.7307 0.9056
 -32.7609 0.68665
 -32.7194 0.6753
 -32.5322 0.6175
 -32.3041 0.48785
 -32.1799 0.3841
 -32.0331 0.32385
 -31.9104 0.2469
 -31.8025 0.1417
 -31.5286 0.09995
 -31.2099 0.11855
 -31.0703 0.1324
 -30.9911 0.03535
 -30.9334 -0.0972
 -30.8749 -0.1496
 -30.8111 -0.171
 -30.8063 -0.20915
 -30.8046 -0.2396
251 100 18
 -34.6294 3.62635
 -35.0309 4.13935
 -34.9674 4.36745
 -34.9601 5.10495
 -34.4979 5.9068
 -33.6237 6.1701
 -34.1833 6.15905
 -35.0036 6.254
 -35.7689 6.2329
 -35.9316 6.37385
 -36.422 6.8423
 -36.9789 7.08235
 -37.0891 7.2352
 -37.1743 7.57775
 -37.378 8.28105
 -37.5993 8.90155
 -37.5849 9.01425
 -37.5536 9.0228
252 141 12
 -25.1791 14.9581
 -26.8549 14.6917
 -28.2562 14.8007
 -28.5714 14.8328
 -28.4877 15.3823
 -28.3228 16.014
 -28.3872 16.4529
 -28.5951 16.8914
 -28.6605 17.0299
 -28.653 17.1758
 -28.6982 17.3258
 -28.733 17.3691
252 116 6
 -25.1791 14.9581
 -24.1665 14.8887
 -23.3677 14.595
 -22.7349 15.0816
 -22.5648 15.4425
 -22.6731 15.4537
253 21 15
 -24.9207 -2.3035
 -24.6063 -2.40225
 -24.5091 -2.4761
 -24.3728 -2.68875
 -24.1698 -2.9171
 -24.1385 -2.9209
 -24.0709 -2.7889
 -23.931 -2.53755
 -23.9694 -2.21725
 -24.0032 -1.91395
 -23.8736 -1.75795
 -23.7526 -1.76205
 -23.6949 -1.77425
 -23.6679 -1.8387
 -23.6709 -1.8739
253 4 13
 -24.9207 -2.3035
 -25.1775 -2.12335
 -25.1927 -2.1348
 -25.1819 -2.41215
 -25.2595 -2.5866
 -25.4848 -2.73575
 -25.6161 -2.97495
 -25.5572 -3.10375
 -25.6884 -3.1061
 -25.8272 -3.1096
 -25.9655 -3.1033
 -26.0751 -3.1321
 -26.0887 -3.1305
254 58 10
 -21.2878 14.1103
 -20.0108 13.8652
 -18.9917 13.1449
 -18.286 12.2602
 -18.0185 12.1091
 -18.0133 12.455
 -17.4552 13.1876
 -16.531 13.6453
 -16.1791 13.6528
 -16.1717 13.6201
254 116 5
 -21.2878 14.1103
 -22.5119 14.5349
 -22.7349 15.0816
 -22.5648 15.4425
 -22.6731 15.4537
255 58 8
 -12.3935 13.7046
 -13.1874 13.5837
 -13.6914 13.6623
 -14.1337 13.756
 -14.6476 13.8854
 -15.6365 13.8293
 -16.1488 13.6295
 -16.1717 13.6201
255 35 5
 -12.3935 13.7046
 -11.6652 13.8142
 -11.4801 13.4868
 -11.2844 13.0215
 -11.2631 12.8924
256 35 13
 -6.109 14.8237
 -7.8355 14.3898
 -8.44485 14.3284
 -8.55855 14.2238
 -8.8843 14.2304
 -9.1141 14.3461
 -9.31125 14.419
 -9.51845 14.3106
 -9.6989 13.9679
 -10.0108 13.7171
 -10.6946 13.2486
 -11.2407 12.8718
 -11.2631 12.8924
256 26 5
 -6.109 14.8237
 -4.8259 15.3284
 -4.57875 15.4594
 -4.49005 15.4733
 -4.4815 15.4745
257 26 10
 -5.51535 11.6276
 -4.6742 12.1612
 -4.5229 12.3024
 -4.74855 12.8968
 -4.7422 14.1229
 -4.5669 14.8564
 -4.47485 15.1135
 -4.4524 15.3816
 -4.49005 15.4733
 -4.4815 15.4745
257 66 8
 -5.51535 11.6276
 -6.2466 11.0068
 -6.3113 10.7376
 -6.15425 10.6625
 -5.57215 10.3309
 -4.59825 9.99545
 -4.02935 9.95315
 -3.9525 9.9267
258 56 11
 -1.1318 9.5706
 -1.175 8.2279
 -0.37845 7.2231
 -1.34885 7.7247
 -2.47585 7.1246
 -3.17965 6.3103
 -3.173 6.1818
 -3.1124 6.06885
 -3.0878 5.97565
 -3.13935 5.8317
 -3.1827 5.7401
258 65 4
 -1.1318 9.5706
 -0.69235 10.3562
 -0.3727 10.4732
 -0.1788 10.4863
259 41 38
 8.9412 13.2484
 8.5298 12.0026
 8.5566 11.6847
 8.65265 11.3871
 8.62095 11.3428
 8.4056 11.2934
 7.9111 10.7659
 7.7618 9.77295
 8.03245 9.10645
 7.64485 8.7289
 8.1248 8.98975
 8.9515 8.72
 9.76625 8.41205
 9.71175 8.0321
 10.0625 8.433
 10.4685 8.6122
 11.0469 8.54835
 11.4988 8.05675
 11.7415 7.96575
 12.3378 8.51475
 12.7462 8.81655
 12.7665 8.86015
 12.8494 8.9057
 13.4983 9.1086
 14.0766 9.20565
 14.1454 9.08195
 14.3632 9.2147
 14.7582 9.63715
 15.001 9.971
 15.0634 10.1681
 15.2929 10.4388
 15.524 10.6359
 15.6807 10.7468
 15.7498 10.8661
 15.7571 10.9655
 15.783 11.0361
 15.7684 11.091
 15.766 11.0943
259 13 5
 8.9412 13.2484
 9.4282 14.5222
 8.86105 14.9366
 8.2045 15.1846
 8.1778 15.1642
260 98 4
 -4.72375 5.7469
 -6.23765 5.58
 -6.26035 5.22405
 -6.2356 5.1443
260 56 4
 -4.72375 5.7469
 -3.20185 5.6722
 -3.16455 5.72345
 -3.1827 5.7401
261 32 43
 9.71305 2.0984
 9.0112 0.55205
 8.155 0.41835
 7.38195 0.3929
 6.66695 -0.1948
 5.7568 -0.8365
 4.5398 -1.38895
 3.53385 -1.3676
 3.75585 -1.7989
 2.9813 -2.44465
 1.9843 -2.9068
 1.6268 -2.7032
 1.4806 -2.53
 1.43555 -1.8265
 1.4545 -1.16815
 0.638 -0.8664
 -0.41885 0.09315
 -0.9263 1.17065
 -1.77325 1.2012
 -2.61835 0.94405
 -2.2519 0.5156
 -2.20885 -0.02425
 -2.47105 -0.352
 -2.8219 -0.95705
 -3.18925 -1.42355
 -3.7475 -1.50525
 -4.08865 -1.5193
 -4.80795 -1.1446
 -6.32375 -1.2135
 -7.2847 -1.7609
 -7.4454 -2.0006
 -7.55315 -2.10305
 -7.6598 -2.24105
 -7.62075 -2.3875
 -7.49615 -2.4773
 -7.4314 -2.5229
 -7.4022 -2.51445
 -7.3696 -2.50775
 -7.3214 -2.50325
 -7.2836 -2.4803
 -7.2715 -2.4373
 -7.21695 -2.39835
 -7.1702 -2.3847
261 41 33
 9.71305 2.0984
 9.5054 3.60215
 8.9292 4.1602
 9.0186 4.77145
 9.1353 5.20775
 9.2752 5.51095
 9.5007 5.8927
 9.60515 6.9273
 9.71175 8.0321
 10.0625 8.433
 10.4685 8.6122
 11.0469 8.54835
 11.4988 8.05675
 11.7415 7.96575
 12.3378 8.51475
 12.7462 8.81655
 12.7665 8.86015
 12.8494 8.9057
 13.4983 9.1086
 14.0766 9.20565
 14.1454 9.08195
 14.3632 9.2147
 14.7582 9.63715
 15.001 9.971
 15.0634 10.1681
 15.2929 10.4388
 15.524 10.6359
 15.6807 10.7468
 15.7498 10.8661
 15.7571 10.9655
 15.783 11.0361
 15.7684 11.091
 15.766 11.0943
262 118 28
 -14.6682 -14.5646
 -13.3907 -15.192
 -12.3656 -15.3084
 -11.0286 -14.5931
 -10.3139 -13.7787
 -10.0849 -13.5559
 -10.1169 -12.8651
 -10.0777 -12.0942
 -10.5296 -11.4677
 -11.7559 -11.2799
 -12.3736 -11.4679
 -12.4163 -11.3716
 -11.9624 -10.7771
 -10.956 -10.1316
 -10.2789 -9.7699
 -10.5092 -9.18175
 -10.094 -9.55565
 -10.024 -9.69585
 -9.35605 -9.8173
 -7.71195 -9.82795
 -6.21605 -10.3535
 -5.7552 -10.9424
 -5.79705 -11.0633
 -5.92905 -11.111
 -6.3698 -10.9418
 -6.83655 -10.9451
 -6.9843 -11.1599
 -7.0074 -11.1762
262 60 4
 -14.6682 -14.5646
 -15.5582 -14.8226
 -15.4337 -15.655
 -15.4353 -15.6644
263 118 23
 0.5449 -11.3775
 -0.32465 -12.1335
 -1.13865 -12.2313
 -1.91885 -11.9272
 -2.6103 -11.677
 -2.99945 -11.6718
 -3.1031 -11.765
 -3.53915 -11.5834
 -4.02805 -11.4214
 -4.1375 -11.4828
 -4.41285 -11.5455
 -4.78375 -11.3995
 -5.0881 -11.1936
 -5.278 -11.1342
 -5.36175 -11.0707
 -5.529 -10.9999
 -5.6999 -11.0097
 -5.79705 -11.0633
 -5.92905 -11.111
 -6.3698 -10.9418
 -6.83655 -10.9451
 -6.9843 -11.1599
 -7.0074 -11.1762
263 106 3
 0.5449 -11.3775
 1.0184 -10.8505
 1.048 -10.8244
264 118 28
 2.11305 -7.87945
 1.38325 -7.9171
 0.76475 -7.3257
 0.1913 -7.2005
 -0.3721 -7.4702
 -0.9925 -7.7932
 -1.3731 -8.13565
 -1.55885 -8.6122
 -1.79005 -8.8387
 -2.0505 -8.96435
 -2.2976 -9.1276
 -3.0147 -9.87455
 -3.80715 -10.8127
 -4.0367 -11.2503
 -4.1375 -11.4828
 -4.41285 -11.5455
 -4.78375 -11.3995
 -5.0881 -11.1936
 -5.278 -11.1342
 -5.36175 -11.0707
 -5.529 -10.9999
 -5.6999 -11.0097
 -5.79705 -11.0633
 -5.92905 -11.111
 -6.3698 -10.9418
 -6.83655 -10.9451
 -6.9843 -11.1599
 -7.0074 -11.1762
264 144 6
 2.11305 -7.87945
 3.2131 -6.87205
 3.9033 -6.2532
 3.9229 -6.10685
 3.90855 -6.0602
 3.8897 -6.0605
265 64 32
 18.1866 -29.1322
 18.0911 -30.7407
 17.7211 -31.6672
 18.3155 -31.9002
 17.8865 -32.2775
 17.5191 -33.3797
 17.0245 -34.2709
 16.8787 -34.4776
 16.4347 -34.9134
 15.9208 -34.9944
 15.9278 -35.1784
 15.9546 -36.1256
 15.6519 -36.8075
 15.6328 -37.0849
 15.7031 -37.2397
 15.7653 -37.5721
 15.7898 -37.8758
 15.6697 -38.5597
 15.515 -39.3346
 15.7325 -39.7462
 15.9524 -40.2632
 15.951 -40.5051
 16.6933 -40.8951
 17.528 -41.1157
 17.6977 -40.888
 17.8891 -40.6956
 18.1555 -40.8158
 18.2692 -41.0491
 18.4305 -41.3286
 18.7465 -41.5998
 18.9534 -41.664
 19.0048 -41.7237
265 135 8
 18.1866 -29.1322
 17.9793 -28.0774
 17.7967 -27.739
 16.804 -27.1921
 16.0281 -26.9001
 15.8265 -26.6372
 15.6307 -26.5102
 15.6115 -26.6322
266 97 4
 13.6637 -27.1128
 11.649 -28.016
 11.4037 -28.3967
 11.3715 -28.395
266 135 3
 13.6637 -27.1128
 15.5385 -26.612
 15.6115 -26.6322
267 120 33
 28.7607 -29.2654
 29.2879 -28.5852
 29.5109 -28.3898
 29.987 -27.9454
 30.9203 -27.5074
 31.4052 -27.9037
 31.7973 -28.4366
 32.2923 -28.7402
 32.3889 -29.0433
 32.5106 -28.8562
 32.9053 -28.682
 33.2469 -28.5704
 33.4902 -28.5034
 33.661 -28.3482
 33.6095 -28.1886
 33.6355 -28.2578
 33.8899 -27.9595
 34.155 -27.4312
 34.2888 -27.1846
 34.4264 -27.16
 34.8102 -26.9403
 35.2119 -26.2675
 35.5965 -25.4743
 35.6846 -24.8329
 35.3998 -24.4501
 35.8747 -24.7303
 36.5139 -24.9634
 36.7065 -24.9933
 37.0818 -25.028
 37.9523 -24.8276
 38.4097 -24.134
 38.4256 -23.6487
 38.4835 -23.6262
267 80 12
 28.7607 -29.2654
 28.2871 -30.1396
 27.8557 -30.6601
 27.1176 -30.903
 26.491 -31.7394
 26.3798 -32.5073
 26.1689 -32.7274
 25.8578 -32.7512
 25.7302 -32.5154
 25.2915 -32.3995
 24.7395 -32.4116
 24.5509 -32.4758
268 132 15
 30.9885 -8.92955
 31.6962 -9.8815
 31.7227 -10.4776
 31.1936 -10.7812
 30.709 -10.9365
 30.4598 -11.1355
 30.441 -10.9196
 30.3302 -10.5618
 30.0674 -10.2855
 29.6094 -10.1334
 29.2386 -10.1325
 29.0143 -10.3601
 28.6014 -10.555
 28.3413 -10.495
 28.3285 -10.4549
268 15 3
 30.9885 -8.92955
 30.5728 -8.2236
 30.5692 -8.2167
269 76 13
 21.2497 0.76945
 20.9665 1.22605
 20.8653 1.4229
 20.4645 1.69855
 20.0818 1.94305
 19.9695 1.98275
 19.884 2.00695
 19.4786 2.1732
 19.0906 2.2037
 19.081 2.35575
 19.1041 2.8494
 19.1102 3.3337
 19.0437 3.3606
269 69 5
 21.2497 0.76945
 22.0653 0.23515
 22.6675 0.07505
 22.7276 0.148
 22.7173 0.1731
270 41 26
 17.4905 4.2645
 17.6838 5.50065
 18.2471 6.44265
 18.2976 7.11535
 18.0268 7.353
 17.8391 7.58475
 17.4119 7.90125
 16.8607 7.9627
 16.5228 7.6917
 16.6509 8.4099
 16.5665 9.07165
 16.3254 9.4169
 16.1692 9.70035
 16.0912 9.79655
 15.8946 9.68505
 15.3607 9.74625
 15.001 9.971
 15.0634 10.1681
 15.2929 10.4388
 15.524 10.6359
 15.6807 10.7468
 15.7498 10.8661
 15.7571 10.9655
 15.783 11.0361
 15.7684 11.091
 15.766 11.0943
270 76 4
 17.4905 4.2645
 18.2522 3.4321
 18.9781 3.36145
 19.0437 3.3606
271 68 32
 29.9931 8.7994
 30.5397 9.41
 31.0001 9.35505
 31.374 8.5263
 31.9462 8.00495
 32.3088 7.4488
 32.5624 7.1
 32.8248 7.045
 32.8574 7.01825
 33.2917 6.9568
 34.0771 6.77075
 34.5785 6.4932
 34.7872 6.3437
 34.9518 6.5516
 35.215 6.66865
 35.2601 6.64135
 35.3017 6.70755
 35.3912 6.7263
 35.4949 6.866
 35.5941 7.07655
 35.6765 7.2187
 35.6911 7.34645
 35.6682 7.4044
 35.6686 7.5568
 35.8253 7.76765
 36.0181 7.85205
 36.1063 7.95795
 36.0905 8.1105
 36.0798 8.1783
 36.14 8.25595
 36.155 8.3376
 36.157 8.3512
271 91 4
 29.9931 8.7994
 28.9041 8.0882
 28.0828 7.4163
 28.1176 7.3655
272 68 15
 35.0308 12.6248
 35.5616 11.5672
 35.845 10.7
 35.6783 9.9772
 35.7192 9.59235
 35.7801 9.53465
 35.6838 9.43025
 35.6814 9.15825
 35.9368 9.06675
 36.1379 8.96365
 36.2093 8.7422
 36.1815 8.6732
 36.1321 8.5032
 36.1374 8.3709
 36.157 8.3512
272 125 4
 35.0308 12.6248
 34.5103 13.6097
 34.0423 14.0626
 34.0188 14.0861
273 16 13
 41.3399 -11.4081
 41.3417 -12.2043
 41.8609 -12.635
 42.1068 -12.8879
 42.2878 -13.1402
 42.4758 -13.7036
 42.8968 -14.2349
 43.2231 -14.4785
 43.3181 -14.9223
 43.7448 -15.4132
 44.3075 -15.4997
 44.4731 -15.35
 44.4973 -15.3563
273 33 7
 41.3399 -11.4081
 42.0917 -10.5113
 42.6827 -10.0504
 41.6376 -9.84955
 40.77 -9.5389
 40.6679 -9.47585
 40.6759 -9.5119
274 19 38
 40.2336 -8.7176
 39.8368 -7.7665
 39.6324 -7.2074
 39.3856 -6.90605
 39.1525 -6.738
 38.9818 -6.59605
 38.9529 -6.2208
 39.1814 -5.83815
 39.4895 -5.83145
 39.162 -5.63785
 38.9354 -5.37035
 38.6144 -5.419
 38.2878 -5.41025
 38.1291 -5.402
 38.0159 -5.34195
 37.938 -5.2159
 37.8144 -5.0311
 37.6496 -4.9813
 37.5642 -4.9473
 37.5759 -4.83765
 37.6071 -4.74885
 37.5914 -4.7027
 37.5619 -4.64645
 37.5238 -4.55535
 37.4888 -4.47935
 37.3251 -4.5378
 37.1614 -4.64345
 37.105 -4.8061
 37.1676 -4.975
 37.2795 -5.05865
 37.2729 -5.12635
 37.2861 -5.20765
 37.3355 -5.2852
 37.3503 -5.40805
 37.2332 -5.4647
 37.0942 -5.44525
 37.017 -5.46315
 36.9814 -5.4641
274 33 4
 40.2336 -8.7176
 40.6523 -9.38845
 40.6679 -9.47585
 40.6759 -9.5119
275 87 8
 41.3032 17.6417
 41.0075 18.4176
 40.7642 18.5026
 39.8392 18.9405
 38.8902 19.318
 38.8349 19.2695
 38.7876 19.2089
 38.7634 19.171
275 131 10
 41.3032 17.6417
 41.6907 16.8344
 41.8714 16.6161
 41.5055 16.5397
 40.8357 16.5012
 39.9387 16.049
 39.4303 15.7794
 39.3547 15.8454
 39.3523 15.7643
 39.3642 15.7011
276 89 15
 51.3473 -1.85355
 52.4042 -2.2785
 52.8677 -2.2815
 53.1453 -2.31815
 53.022 -2.40705
 52.673 -2.5173
 52.1726 -3.22845
 51.7059 -4.03545
 51.5072 -4.31345
 51.4382 -4.5053
 51.5244 -4.6757
 51.6764 -4.7247
 51.3157 -4.9968
 50.9354 -5.2354
 50.9102 -5.2271
276 119 7
 51.3473 -1.85355
 50.346 -1.2128
 50.0594 -1.4408
 49.9135 -1.94055
 50.0884 -2.53705
 50.1516 -3.1309
 50.0482 -3.1527
277 23 14
 58.3376 -10.7073
 57.4988 -9.8051
 57.3309 -9.73145
 56.9695 -9.74875
 56.6276 -9.72335
 56.8918 -9.57415
 56.9711 -8.7117
 56.7631 -7.94405
 56.6911 -7.90565
 56.4644 -7.99185
 56.2011 -8.0509
 55.9841 -8.0807
 55.6411 -8.23065
 55.4129 -8.3323
277 95 7
 58.3376 -10.7073
 59.1465 -11.5922
 59.2968 -11.7505
 59.3217 -11.8723
 59.3608 -11.9296
 59.4332 -11.9614
 59.4427 -11.9913
278 23 15
 54.7287 -11.3017
 55.5156 -10.094
 55.5676 -9.56225
 56.1572 -9.6832
 56.5882 -9.7197
 56.6276 -9.72335
 56.8918 -9.57415
 56.9711 -8.7117
 56.7631 -7.94405
 56.6911 -7.90565
 56.4644 -7.99185
 56.2011 -8.0509
 55.9841 -8.0807
 55.6411 -8.23065
 55.4129 -8.3323
278 54 4
 54.7287 -11.3017
 54.0675 -12.1797
 53.9166 -12.3449
 53.8734 -12.3887
279 61 20
 50.4732 -14.7972
 50.6282 -15.1704
 50.7044 -15.1673
 50.8926 -15.3455
 51.0098 -15.7434
 51.0419 -15.9289
 51.5247 -16.0207
 51.7694 -16.2714
 51.6689 -16.3906
 51.8549 -16.6422
 52.0201 -16.8717
 52.3426 -16.8759
 52.7519 -17.2201
 53.0168 -17.4933
 53.2672 -17.5571
 53.3904 -17.675
 53.4532 -17.6696
 53.5331 -17.6531
 53.593 -17.645
 53.61 -17.6479
279 17 7
 50.4732 -14.7972
 50.2022 -14.2484
 49.5628 -14.6567
 49.0695 -15.235
 48.9255 -15.5151
 48.8787 -15.8026
 48.9408 -15.8218
280 16 14
 40.8171 -18.0066
 40.277 -17.0247
 39.9872 -16.9405
 40.5545 -16.4958
 41.0078 -16.0718
 41.8213 -15.8327
 42.5229 -15.5608
 42.9565 -15.0585
 43.2637 -14.6651
 43.3181 -14.9223
 43.7448 -15.4132
 44.3075 -15.4997
 44.4731 -15.35
 44.4973 -15.3563
280 147 6
 40.8171 -18.0066
 41.7757 -18.8324
 42.2808 -19.015
 42.5011 -19.215
 42.5 -19.2732
 42.4766 -19.2978
281 143 8
 42.3443 -20.7682
 43.0996 -21.1012
 43.5397 -21.241
 43.8415 -21.149
 44.371 -21.1089
 44.7308 -21.2258
 44.8355 -21.381
 44.847 -21.4871
281 147 6
 42.3443 -20.7682
 42.0648 -20.3662
 42.1946 -19.9255
 42.3563 -19.5289
 42.4697 -19.3389
 42.4766 -19.2978
282 143 13
 42.167 -23.7609
 42.4538 -23.2179
 42.7692 -22.9814
 42.9851 -22.7489
 42.7338 -22.6553
 42.6898 -22.1446
 43.0827 -21.604
 43.4433 -21.4069
 43.8415 -21.149
 44.371 -21.1089
 44.7308 -21.2258
 44.8355 -21.381
 44.847 -21.4871
282 120 11
 42.167 -23.7609
 41.8421 -24.408
 41.6335 -24.7626
 41.7117 -25.213
 40.7786 -24.8899
 39.8802 -25.1059
 39.6954 -25.3396
 39.2976 -25.0302
 38.7643 -24.1837
 38.5409 -23.6238
 38.4835 -23.6262
283 61 13
 53.1068 -20.4473
 52.7874 -19.8936
 52.6812 -19.4095
 52.9638 -19.1138
 53.2882 -18.7495
 53.0426 -18.2766
 52.9888 -17.943
 53.2755 -17.7777
 53.3904 -17.675
 53.4532 -17.6696
 53.5331 -17.6531
 53.593 -17.645
 53.61 -17.6479
283 82 24
 53.1068 -20.4473
 53.5689 -20.7672
 53.6815 -21.1312
 53.4594 -21.5728
 53.3747 -21.9025
 53.3828 -22.0858
 53.2529 -22.4012
 53.1982 -22.8104
 53.6546 -23.3053
 53.8634 -23.8273
 53.6301 -24.1217
 53.5594 -24.3975
 53.0734 -24.9226
 52.2038 -25.1579
 51.5442 -25.3749
 51.3076 -25.77
 51.0688 -26.3231
 50.8236 -26.8724
 50.9377 -26.9104
 51.2752 -26.9798
 51.4468 -27.0983
 51.4519 -27.3776
 51.5202 -27.6389
 51.5375 -27.6727
284 82 10
 55.0395 -30.0208
 53.1134 -29.4492
 52.6471 -29.653
 51.9632 -29.0406
 51.538 -28.4786
 51.659 -28.2482
 51.5611 -27.998
 51.5285 -27.7765
 51.5384 -27.6929
 51.5375 -27.6727
284 29 3
 55.0395 -30.0208
 56.487 -30.6408
 56.5581 -30.6739
285 92 10
 54.6485 -38.9869
 54.1797 -37.8392
 53.4621 -37.056
 53.6152 -36.564
 53.9709 -36.4054
 54.1275 -36.0358
 54.2947 -35.6356
 53.8503 -35.0346
 53.4194 -34.386
 53.4745 -34.3013
285 136 18
 54.6485 -38.9869
 54.4984 -39.8876
 54.7937 -39.9859
 54.424 -40.2343
 53.8181 -40.7971
 53.2272 -40.718
 53.047 -40.1341
 52.7257 -39.9863
 52.077 -39.5853
 51.4019 -39.1944
 50.9226 -40.104
 50.6381 -41.1576
 50.6638 -41.2601
 50.3745 -41.8543
 50.0546 -42.5873
 49.8398 -42.8862
 49.6613 -43.0549
 49.6524 -43.0673
286 148 50
 35.7102 -48.1247
 35.7426 -48.6339
 35.8854 -48.9043
 35.7789 -49.2007
 35.5854 -49.426
 35.536 -49.5602
 35.4044 -49.919
 35.376 -50.1805
 35.3961 -50.3354
 35.2335 -50.2344
 35.0423 -50.1217
 34.9263 -50.199
 35.048 -50.3894
 34.9899 -50.7791
 34.6069 -51.0188
 34.0828 -51.2616
 33.646 -51.5033
 33.4633 -51.6716
 33.5816 -51.9342
 33.8503 -52.3319
 33.863 -52.6283
 33.9978 -52.9791
 34.1692 -53.3569
 34.0452 -54.1201
 33.9352 -54.8737
 33.8979 -55.0631
 33.7864 -55.2998
 33.6196 -55.3536
 33.4967 -55.2924
 33.3829 -55.2875
 33.2158 -55.297
 33.1173 -55.2218
 33.0987 -55.125
 33.0653 -55.0554
 32.9307 -55.0262
 32.7968 -55.1086
 32.7187 -55.1716
 32.7089 -55.0799
 32.8174 -54.8333
 32.6783 -54.6466
 32.3489 -54.6956
 32.6167 -54.4725
 32.7071 -54.1311
 32.538 -53.874
 32.4098 -53.7613
 32.3564 -53.6511
 32.3241 -53.5494
 32.2659 -53.4306
 32.1809 -53.3224
 32.1559 -53.3222
286 3 5
 35.7102 -48.1247
 35.7362 -47.7878
 35.7433 -47.5323
 35.7782 -47.3493
 35.7793 -47.3351
287 120 45
 37.5479 -36.1688
 37.8754 -35.1739
 38.1353 -34.2498
 38.8256 -33.2873
 39.3633 -32.2774
 39.8215 -31.5047
 39.2389 -31.3944
 38.1762 -31.3441
 37.4675 -31.3594
 37.1399 -31.6304
 36.6441 -32.1306
 36.3731 -32.2444
 36.3125 -32.1731
 36.1962 -32.1744
 35.9832 -32.0456
 35.8942 -31.816
 35.7273 -31.638
 35.3533 -31.3096
 34.889 -30.7728
 34.5866 -30.3158
 34.5919 -30.1446
 34.5139 -30.1913
 34.056 -29.9949
 33.4716 -29.1628
 33.4902 -28.5034
 33.661 -28.3482
 33.6095 -28.1886
 33.6355 -28.2578
 33.8899 -27.9595
 34.155 -27.4312
 34.2888 -27.1846
 34.4264 -27.16
 34.8102 -26.9403
 35.2119 -26.2675
 35.5965 -25.4743
 35.6846 -24.8329
 35.3998 -24.4501
 35.8747 -24.7303
 36.5139 -24.9634
 36.7065 -24.9933
 37.0818 -25.028
 37.9523 -24.8276
 38.4097 -24.134
 38.4256 -23.6487
 38.4835 -23.6262
287 0 6
 37.5479 -36.1688
 37.2323 -37.3191
 37.3485 -37.7264
 37.2746 -37.8135
 37.2868 -37.8862
 37.2932 -37.9217
288 80 8
 25.2126 -33.7457
 25.6047 -32.7722
 25.7866 -32.5763
 25.8578 -32.7512
 25.7302 -32.5154
 25.2915 -32.3995
 24.7395 -32.4116
 24.5509 -32.4758
288 75 8
 25.2126 -33.7457
 24.9713 -34.5784
 24.944 -34.6776
 24.8864 -34.9204
 24.2952 -35.7689
 23.7384 -36.4286
 23.6686 -36.5383
 23.6068 -36.6352
289 64 33
 22.5509 -33.0942
 21.4656 -33.4062
 19.7733 -33.3761
 18.9981 -32.443
 18.3155 -31.9002
 17.8865 -32.2775
 17.5191 -33.3797
 17.0245 -34.2709
 16.8787 -34.4776
 16.4347 -34.9134
 15.9208 -34.9944
 15.9278 -35.1784
 15.9546 -36.1256
 15.6519 -36.8075
 15.6328 -37.0849
 15.7031 -37.2397
 15.7653 -37.5721
 15.7898 -37.8758
 15.6697 -38.5597
 15.515 -39.3346
 15.7325 -39.7462
 15.9524 -40.2632
 15.951 -40.5051
 16.6933 -40.8951
 17.528 -41.1157
 17.6977 -40.888
 17.8891 -40.6956
 18.1555 -40.8158
 18.2692 -41.0491
 18.4305 -41.3286
 18.7465 -41.5998
 18.9534 -41.664
 19.0048 -41.7237
289 80 6
 22.5509 -33.0942
 23.3811 -32.9609
 24.257 -32.7746
 24.4468 -32.6293
 24.5272 -32.5174
 24.5509 -32.4758
290 64 22
 17.4979 -36.4655
 16.5557 -36.6065
 15.7556 -37.0465
 15.6328 -37.0849
 15.7031 -37.2397
 15.7653 -37.5721
 15.7898 -37.8758
 15.6697 -38.5597
 15.515 -39.3346
 15.7325 -39.7462
 15.9524 -40.2632
 15.951 -40.5051
 16.6933 -40.8951
 17.528 -41.1157
 17.6977 -40.888
 17.8891 -40.6956
 18.1555 -40.8158
 18.2692 -41.0491
 18.4305 -41.3286
 18.7465 -41.5998
 18.9534 -41.664
 19.0048 -41.7237
290 50 6
 17.4979 -36.4655
 18.0532 -36.6345
 18.6876 -37.0639
 19.0351 -37.5698
 19.1677 -37.6798
 19.2556 -37.6907
291 64 11
 16.6182 -41.634
 17.5309 -41.2803
 17.6648 -40.9895
 17.6977 -40.888
 17.8891 -40.6956
 18.1555 -40.8158
 18.2692 -41.0491
 18.4305 -41.3286
 18.7465 -41.5998
 18.9534 -41.664
 19.0048 -41.7237
291 149 21
 16.6182 -41.634
 15.5233 -41.8206
 15.1891 -41.9354
 15.1147 -41.9529
 14.701 -42.1331
 14.3343 -42.498
 14.3432 -43.4023
 14.024 -44.2565
 13.673 -44.4076
 13.6501 -44.423
 13.2466 -44.8195
 12.5547 -45.1547
 12.9479 -45.4851
 13.3887 -46.0823
 13.7571 -46.4118
 13.8306 -46.4886
 13.8913 -46.6248
 13.9132 -46.8135
 13.919 -47.093
 13.9177 -47.2599
 13.927 -47.2593
292 145 10
 20.43 -51.7355
 20.0953 -51.5088
 20.0709 -51.2649
 20.0136 -51.0632
 19.8722 -50.9554
 19.7724 -50.9379
 19.7554 -50.8699
 19.6936 -50.7343
 19.6542 -50.6463
 19.6687 -50.6375
292 81 8
 20.43 -51.7355
 20.849 -51.7172
 21.0029 -51.7324
 21.1273 -51.846
 21.4526 -51.845
 21.7456 -51.728
 21.7994 -51.6004
 21.8124 -51.5913
293 148 12
 29.4284 -53.4801
 29.855 -52.9017
 29.9375 -52.6253
 30.1462 -52.2076
 30.7765 -52.1679
 31.3933 -52.4266
 31.6898 -52.9065
 31.8726 -53.3162
 31.9356 -53.3849
 32.0067 -53.3292
 32.1176 -53.313
 32.1559 -53.3222
293 142 7
 29.4284 -53.4801
 28.9992 -54.0722
 28.7004 -54.1211
 28.2306 -53.7554
 27.9417 -53.2772
 27.8501 -53.1228
 27.8118 -53.0942
294 81 17
 19.5491 -55.6627
 20.5632 -55.1329
 21.0994 -54.7728
 21.2162 -54.7425
 21.2505 -54.7232
 21.1941 -54.6202
 21.002 -54.1281
 20.7513 -53.3063
 20.7044 -52.8415
 21.0205 -52.5969
 21.1679 -52.123
 21.0029 -51.7324
 21.1273 -51.846
 21.4526 -51.845
 21.7456 -51.728
 21.7994 -51.6004
 21.8124 -51.5913
294 140 21
 19.5491 -55.6627
 18.6825 -56.2076
 17.9865 -57.237
 17.6875 -58.2033
 17.5287 -58.7888
 16.9598 -59.1423
 16.4155 -59.237
 15.4749 -59.19
 14.5624 -59.3014
 14.1313 -59.6073
 13.9284 -59.8126
 13.9967 -60.7163
 14.0387 -62.1363
 13.9537 -63.0024
 13.8268 -63.3288
 13.908 -63.6486
 13.9799 -64.5157
 13.8904 -65.2189
 13.7416 -65.421
 13.6728 -65.5883
 13.6971 -65.6359
295 25 11
 16.8233 -74.8171
 17.8223 -75.3075
 18.0853 -75.5215
 18.3254 -75.9796
 18.4548 -76.3894
 18.6545 -76.5288
 18.8208 -76.5699
 18.9411 -76.4648
 19.1678 -76.375
 19.3392 -76.3116
 19.3597 -76.2908
295 84 12
 16.8233 -74.8171
 15.7796 -74.4243
 15.5792 -74.3945
 15.5125 -74.4766
 15.5633 -74.7876
 15.3069 -75.043
 14.6097 -74.9644
 14.0224 -74.7305
 13.834 -74.3755
 13.7554 -73.9118
 13.6859 -73.6693
 13.6892 -73.6623
296 25 7
 18.7355 -75.7544
 18.7363 -76.2214
 18.8098 -76.4779
 18.9411 -76.4648
 19.1678 -76.375
 19.3392 -76.3116
 19.3597 -76.2908
296 7 4
 18.7355 -75.7544
 18.915 -75.4226
 19.0797 -75.3374
 19.0821 -75.3393
297 10 22
 13.8491 -82.8858
 13.854 -82.159
 14.1858 -81.4863
 14.3121 -81.2672
 14.0209 -81.2652
 13.6875 -80.8066
 13.5571 -80.1816
 13.636 -80.0197
 13.7443 -79.9613
 13.7302 -79.8874
 13.7307 -79.8341
 13.7804 -79.7622
 13.7838 -79.6749
 13.7513 -79.6228
 13.7448 -79.5199
 13.7234 -79.433
 13.6067 -79.4625
 13.4927 -79.519
 13.4661 -79.5443
 13.4457 -79.5529
 13.4031 -79.5674
 13.3731 -79.5854
297 22 8
 13.8491 -82.8858
 14.076 -83.2481
 14.1936 -83.6564
 14.1444 -84.3149
 14.6286 -84.9538
 15.3108 -85.1959
 15.5439 -85.1241
 15.655 -85.073
298 10 27
 20.6521 -80.7461
 19.7158 -81.2565
 19.3902 -80.9713
 18.5172 -80.4345
 17.3606 -80.4532
 17.0497 -80.7605
 16.7015 -80.6977
 16.1075 -80.2336
 15.6235 -79.9173
 15.5252 -79.6061
 15.3567 -79.0988
 14.8081 -79.1192
 14.3724 -79.2961
 14.1763 -79.505
 14.0888 -79.6505
 13.992 -79.6901
 13.8648 -79.7121
 13.7838 -79.6749
 13.7513 -79.6228
 13.7448 -79.5199
 13.7234 -79.433
 13.6067 -79.4625
 13.4927 -79.519
 13.4661 -79.5443
 13.4457 -79.5529
 13.4031 -79.5674
 13.3731 -79.5854
298 11 10
 20.6521 -80.7461
 22.0191 -80.5712
 23.0436 -81.0179
 24.1238 -80.6008
 25.1287 -79.7117
 25.5205 -79.4382
 25.9217 -79.4648
 26.4557 -79.3869
 26.827 -79.4179
 26.8317 -79.4087
299 126 14
 21.6748 -71.6605
 22.2378 -72.3332
 22.5055 -72.9236
 22.6554 -73.6013
 22.9353 -74.266
 23.4419 -74.4581
 24.7095 -73.942
 26.0168 -73.7038
 27.312 -74.1562
 29.0899 -73.9559
 30.7232 -73.6062
 31.9729 -73.6741
 32.3111 -73.6398
 32.3276 -73.563
299 20 4
 21.6748 -71.6605
 20.7229 -70.5553
 20.2228 -69.7259
 20.1858 -69.7145
300 11 16
 28.6743 -74.4473
 29.7668 -75.9866
 30.9938 -78.4779
 30.7048 -80.2067
 30.2952 -81.0689
 29.7836 -80.611
 29.2317 -80.14
 28.64 -79.8228
 28.2944 -79.7878
 27.9995 -79.9676
 27.5588 -79.985
 27.2423 -79.8057
 27.0464 -79.6938
 26.9056 -79.5417
 26.8597 -79.413
 26.8317 -79.4087
300 126 6
 28.6743 -74.4473
 29.0899 -73.9559
 30.7232 -73.6062
 31.9729 -73.6741
 32.3111 -73.6398
 32.3276 -73.563
301 11 23
 35.9822 -81.0022
 33.7075 -81.4341
 33.3501 -81.4993
 32.9416 -81.5185
 32.6926 -81.5237
 32.5585 -81.7332
 32.0645 -82.0775
 31.4773 -82.6561
 31.4102 -82.0735
 30.9582 -81.5968
 30.6172 -81.2753
 30.2952 -81.0689
 29.7836 -80.611
 29.2317 -80.14
 28.64 -79.8228
 28.2944 -79.7878
 27.9995 -79.9676
 27.5588 -79.985
 27.2423 -79.8057
 27.0464 -79.6938
 26.9056 -79.5417
 26.8597 -79.413
 26.8317 -79.4087
301 24 9
 35.9822 -81.0022
 38.5266 -80.7623
 38.8222 -80.8299
 38.7772 -80.6727
 38.7551 -80.5325
 38.794 -80.4174
 38.8305 -80.3528
 38.8627 -80.2871
 38.8812 -80.2486
302 24 26
 43.24 -74.467
 42.2962 -75.0219
 41.6295 -75.6768
 41.3391 -75.772
 40.9764 -75.7014
 40.7555 -75.8554
 40.3765 -76.5807
 40.1714 -77.2267
 39.912 -77.2114
 39.8568 -77.2508
 39.8242 -77.3609
 39.814 -77.4742
 39.6708 -77.4558
 39.3918 -77.5835
 39.1362 -78.0478
 39.1553 -78.4189
 39.1249 -78.8748
 38.9704 -79.313
 38.958 -79.4484
 38.9606 -79.7705
 38.9608 -79.9896
 38.8899 -80.0174
 38.8228 -80.0816
 38.854 -80.1595
 38.887 -80.2231
 38.8812 -80.2486
302 42 12
 43.24 -74.467
 43.8272 -74.6006
 44.0474 -74.7922
 44.8249 -74.983
 46.0846 -74.7849
 45.6683 -75.2007
 45.6204 -76.017
 45.4557 -76.7784
 45.2954 -77.2853
 45.0213 -77.9281
 44.8485 -78.1586
 44.8409 -78.1623
303 40 15
 46.2617 -54.8433
 46.4059 -55.4147
 46.2533 -56.2136
 46.0945 -56.9683
 46.0386 -57.1205
 45.5549 -57.3875
 45.08 -57.4865
 44.7727 -57.4781
 43.7497 -57.7614
 42.7129 -57.8709
 42.3908 -57.7878
 42.43 -57.6611
 42.5254 -57.3604
 42.529 -57.1489
 42.4984 -57.1186
303 45 5
 46.2617 -54.8433
 45.7307 -54.1526
 45.3232 -53.4498
 45.2114 -52.9733
 45.14 -52.9463
304 137 12
 52.3558 -70.3889
 52.2747 -69.6241
 52.0947 -68.9591
 52.0251 -68.6168
 52.013 -68.5394
 52.0493 -68.363
 52.0046 -68.1843
 51.6446 -67.9055
 51.2059 -67.7678
 51.0473 -67.9964
 51.0657 -68.11
 51.0756 -68.1268
304 115 4
 52.3558 -70.3889
 52.5409 -71.1952
 52.8288 -71.5799
 52.8976 -71.5299
305 115 8
 51.9396 -75.6644
 52.2197 -74.6906
 53.1674 -73.7357
 53.6533 -73.3808
 53.5724 -73.3419
 53.2418 -72.4258
 52.9608 -71.5359
 52.8976 -71.5299
305 62 16
 51.9396 -75.6644
 52.5823 -76.6087
 52.5936 -77.4866
 51.968 -78.074
 51.7181 -78.9295
 52.0041 -79.8766
 52.2993 -80.3709
 52.0592 -80.6666
 51.1517 -80.3932
 50.3425 -79.7986
 50.0212 -79.8948
 48.9535 -80.7215
 47.8857 -81.2324
 47.7992 -81.2899
 47.8922 -81.4512
 47.8595 -81.4772
306 62 18
 59.8766 -82.3294
 58.1551 -82.0228
 57.427 -81.5869
 56.871 -80.5359
 55.2751 -79.349
 53.9654 -79.2375
 53.0631 -79.7325
 52.3697 -80.2391
 52.2993 -80.3709
 52.0592 -80.6666
 51.1517 -80.3932
 50.3425 -79.7986
 50.0212 -79.8948
 48.9535 -80.7215
 47.8857 -81.2324
 47.7992 -81.2899
 47.8922 -81.4512
 47.8595 -81.4772
306 44 4
 59.8766 -82.3294
 61.0182 -82.2363
 61.1608 -82.2657
 61.1789 -82.2379
313 22 6
 14.6571 -85.3867
 14.3629 -85.039
 14.6286 -84.9538
 15.3108 -85.1959
 15.5439 -85.1241
 15.655 -85.073
314 44 4
 61.4801 -82.7506
 61.3114 -82.522
 61.1608 -82.2657
 61.1789 -82.2379
