   9.1256899724358718     
   1.8158003425494720     
   1.4891477245836158     
   2.3146003061859002     
   10.804444470841219     
   2.8128168815231720     
   1.9651763954174668     
   6.3640988846565012     
   3.0785389594649120     
   1.6856500404940935     
   1.9200183660034413     
   1.6158287717925082     
   11.378312963078734     
   1.7565670288969675     
   2.7208941743616211     
   2.2716177115371119     
   1.9061873107885539     
   1.1866652921077543     
  0.98029892911504779     
  0.96442625260140669     
   6.8478556508360269     
   3.5565505118142897     
   1.1303910455008088     
   1.2090333652487408     
   4.3344030784095295     
   2.3247977682412633     
   2.7433633922177854     
   6.4285082976024679     
   4.2414421081377807     
   1.9850612755953079     
   1.9145539970761818     
   1.3893501176115266     
   3.3864516930171309     
   1.6529039714141294     
   1.6984777204829713     
   1.9490546098018213     
   7.5652190971137250     
   4.8252691048259733     
   7.5365549684950599     
   1.0948009744430718     
   7.7838564278558682     
   2.9718698673251600     
   6.6826465367970824     
   5.9353896065149421     
   2.2107326191032421     
   4.8836175451372563     
   2.6527346241774521     
   10.599456360770450     
   3.4810715055773129     
  0.51236977356157798     
   4.9827837932610253     
   4.1274385534896370     
   6.9579039672619691     
   4.0743204898107317     
   3.3059876778835320     
   5.2585115905918123     
   2.0962466558509880     
   1.2824240294756939     
   1.6101517200953146     
   2.8178481582857482     
   2.2644233416700121     
   1.3539490703295594     
   2.4598443847727962     
  0.95192695461012544     
   2.4452667063789542     
  0.82848974637008421     
   6.2912177112131236     
   8.5002451724828649     
   4.7529540580140628     
  0.96216492727980596     
   1.6997417421125729     
   2.1828306859993356     
   5.3901636839068630     
   6.6159718293243364     
   1.2746509338338328     
   1.7039426708946341     
   1.2731308917201072     
  0.62545598769800481     
   3.3417799720250732     
  0.59055501503534269     
  0.86738492534100986     
  0.94535138691930742     
   2.6087107856000564     
   7.5724921561347083     
   3.2029766343767978     
  0.64610118677512074     
   6.5913944286220172     
   1.4673779752042175     
   3.3907129643696852     
   1.3475496019001272     
   3.7766970804878746     
   1.2469403917350630     
   6.9993422538604788     
   1.5134099258071405     
   2.1765003002602299     
   2.8135597392103620     
   3.2550512387572761     
   5.1754788700070025     
   7.7494438232173923     
   1.9490508218314662     
   3.5850861441854618     
   1.2676053801401397     
   5.7906364622750655     
   1.3455949537164646     
  0.84562773253073698     
  0.70518917656260849     
   9.5133875640564156     
   2.6337724669316178     
   5.5804807702673802     
   1.7281793990472887     
   6.2552742252569686     
   1.0263518717555737     
   4.0198198684749968     
   1.8209073423637174     
   1.4069238928109804     
   3.1683105696922902     
   2.6845696309150378     
   2.2385535858633729     
   4.8852261952535230     
   2.1931696394751614     
   2.3871438897381605     
   1.4902899542121308     
   5.3228268294249625     
   3.2651865081292502     
   4.5129656705446859     
   3.1514174243587445     
   4.2583648991000747     
   2.2346477630319863     
   1.9423886801297332     
   1.0169179615286978     
  0.76532177374035615     
  0.32250419347243614     
   2.5666648286476521     
   3.3211321586573876     
   1.4410509423354145     
   1.7960929115197080     
  0.90414384130280545     
  0.42499885022477951     
   5.9474027275635715     
   2.4539287091414184     
   7.1344608920208028     
   2.8049294601645061     
   1.8885826620800779     
   1.8013301396582677     
   13.710121726200910     
   5.7238323614431099     
   2.2185520879159100     
   4.3622413592678830     
   4.9817145494410937     
   3.0371944070841366     
   4.0243650653994498     
   1.8234807382849962     
   1.5804229077544745     
  0.59434265242896434     
   1.0890572355913739     
   1.3918335771782331     
   4.2249266342398268     
   4.0987415303040704     
   1.5560066510473793     
   1.1728280232013528     
   4.5768372927271104     
   1.7523988453021069     
   2.9047628287325113     
   1.6042885236384083     
   4.9020000713731218     
   2.5142599929399436     
   3.2435011763596395     
   2.0544281606545622     
   1.9788149234720485     
  0.92575119273581241     
   8.5587510388626153     
   6.1953208110937839     
   3.4676906867345676     
   3.8491480406664609     
   2.4430095977892927     
   1.2973480605280334     
   4.7572533907338785     
   4.7103440635486882     
   5.9166775153619264     
   3.8738758802367603     
   5.1461153649792424     
   1.2338250928404626     
   11.100831621449517     
   1.5168973432173651     
   11.160801583328217     
   4.6258651678586560     
   13.385704724441702     
   1.4951412679252725     
   2.3182052161936313     
   1.2251387202069022     
   1.5937051976614018     
   1.0993603967524195     
   2.1416847006007909     
  0.76979619916481645     
   1.6068633192226700     
  0.69037958424254886     
   1.8585716537944579     
   1.3238656475048569     
   1.8331498948337908     
   4.5748880953685385     
   3.3511968457091279     
   5.0261007962636350     
   3.4090242266931843     
   2.0309883397139519     
   1.4327680356951509     
   1.2689314979987751     
   3.8763114627630255     
   1.8035036698222813     
   2.2951674236204358     
   1.3721256057878064     
   3.5199479942108272     
   1.4772084311707303     
   2.6723765280141163     
   2.3259120741714518     
   3.8944881590122988     
   1.2888416126873545     
   8.7459196112991489     
   2.0991500578067863     
   1.6900766560239622     
   1.5729924903695953     
   13.955882922373736     
   7.4474259362298083     
   10.416442105673704     
  0.94571164255943851     
   4.6278833348999857     
  0.74793459250601024     
   5.9372250048144233     
   1.6769929887363433     
   9.1186443427296417     
   2.7866606141592296     
   2.2723815184233174     
   2.0162781458560839     
   7.9552046701497412     
   3.7114106374015492     
   3.6008464201136174     
  0.82703348478027727     
   2.2894357881744276     
   1.0966776090241148     
   5.3221945668410777     
   1.2595179971938226     
   5.0850792708675634     
   1.4238170837666053     
   2.7415803689008298     
   1.1804466099364082     
   3.0487496322149097     
   2.3913872413650128     
   4.4332559868536041     
  0.86464434958323999     
   2.0172428312070059     
   2.5027878753432522     
   3.5564406243356452     
   2.4122536447271683     
   3.6536544014724917     
   1.4336704833631109     
   3.9245761870962128     
   1.2221616282739347     
   2.5044275648195020     
   1.7284643104578046     
   4.2351494194779020     
   1.6306976914624791     
   1.7327177537684735     
   1.0012639279554427     
   2.6798659845578876     
   3.2694548875985010     
   2.0527782341950696     
   5.1623675512518199     
   3.4517087139466356     
   1.6531195939475745     
   3.1059784365472360     
   5.2392833161430747     
   6.5376580390865371     
  0.53844249255421439     
   12.083012097343703     
   1.3791798146851120     
   2.0905410362338497     
   2.2096228497376851     
   9.3448433896425502     
   1.1756200194661437     
   4.7895830369976826     
   1.3713454392236586     
   1.9959135709827707     
   4.6275032129180262     
  0.89819414668197672     
  0.93509751417454112     
   2.4722245948491901     
   1.5539796672564052     
   3.5447932080036360     
   7.2250350671288848     
   2.2453230935823605     
   2.7008017549635088     
  0.81090673462371332     
  0.38336404268373614     
   2.2596813250662118     
   2.0562835264159043     
   4.9779100523946722     
   3.5742060126644932     
   6.6397065894130627     
   1.5360556703669457     
   5.9714028198005478     
   2.0522298147347433     
   6.7413398792359196     
   2.9565749384960265     
   4.2066321271497822     
   3.4858755176347196     
   3.6502396687810741     
   1.4369963402316013     
   2.0710527985201757     
  0.99737291998118449     
   2.7158875079619231     
   5.9125803378301693     
   8.0336122117524624     
   1.2117360265909312     
   1.4239269828897527     
  0.35045458042998123     
