356
175 172 18
 -1.4788 -17.1264
 -2.52315 -16.0166
 -3.34595 -15.4828
 -3.9007 -15.7183
 -4.92325 -15.632
 -5.888 -15.4556
 -6.4293 -15.5543
 -6.82025 -15.1325
 -6.98615 -14.4046
 -6.99965 -14.0943
 -7.3008 -13.945
 -7.75975 -13.8123
 -7.9774 -13.773
 -8.4299 -13.6826
 -8.86255 -13.5466
 -8.72865 -13.3904
 -8.5873 -13.2551
 -8.5611 -13.2301
175 131 8
 -1.4788 -17.1264
 -0.52415 -17.5337
 0.10005 -17.4501
 0.3383 -17.2841
 0.8386 -17.2691
 1.6653 -17.6458
 2.1218 -17.9366
 2.0402 -17.9891
176 109 24
 8.7029 11.673
 9.64065 11.4745
 10.5845 11.0467
 11.675 10.9967
 12.4187 11.4342
 12.931 11.8225
 13.3902 11.2542
 14.0441 10.9653
 14.8736 10.5019
 15.5139 9.8824
 15.7472 9.9959
 15.8659 10.3116
 16.0331 10.3458
 16.2217 10.2668
 16.3937 10.1623
 16.7643 9.80195
 17.3629 9.53435
 17.5984 9.59695
 17.5653 9.28015
 17.1885 8.8191
 16.84 8.6123
 16.699 7.94655
 16.6702 7.20905
 16.7658 7.102
176 79 11
 8.7029 11.673
 7.9856 11.2625
 7.8051 11.5449
 7.06425 12.0611
 5.96275 12.2854
 5.50405 12.2236
 5.3981 12.1427
 5.32615 12.0667
 5.389 11.9657
 5.47245 11.8477
 5.4811 11.8168
177 132 18
 -18.8312 -35.8773
 -20.078 -35.7642
 -20.8596 -35.2225
 -21.347 -34.5452
 -21.7998 -34.0072
 -22.4757 -33.0028
 -22.9049 -32.4875
 -23.2892 -32.4624
 -23.6856 -31.9243
 -23.9149 -31.5424
 -23.9742 -31.5676
 -24.1419 -31.2433
 -24.5 -31.0448
 -24.9935 -31.1773
 -25.5049 -31.1586
 -25.917 -31.0289
 -26.0821 -30.8828
 -26.0546 -30.8431
177 58 9
 -18.8312 -35.8773
 -16.8233 -36.1782
 -15.4175 -36.3566
 -14.5167 -36.6451
 -13.6885 -36.9733
 -13.4258 -37.0371
 -13.2871 -37.0353
 -13.1574 -36.963
 -13.145 -36.9474
178 51 6
 -31.2982 -19.0154
 -32.2622 -19.0743
 -32.7593 -19.0374
 -32.4247 -20.1503
 -32.1124 -21.1881
 -32.1035 -21.188
178 94 6
 -31.2982 -19.0154
 -30.4732 -18.798
 -30.2048 -17.8391
 -30.2212 -16.8158
 -30.0966 -16.6619
 -30.0766 -16.6192
179 174 35
 13.6196 -61.1131
 14.165 -59.326
 14.685 -59.0313
 14.5813 -58.4902
 14.5304 -57.122
 14.6569 -56.1878
 14.6567 -56.1509
 14.6132 -55.682
 14.5602 -55.1842
 14.5956 -54.9025
 14.9614 -54.0838
 15.3132 -53.5061
 15.2722 -53.4153
 15.1074 -52.9328
 15.0046 -52.4932
 15.0499 -52.3175
 15.0672 -52.1765
 14.9102 -51.7128
 14.8597 -51.1628
 15.1422 -51.1812
 15.5683 -51.0851
 15.7857 -50.8782
 15.8204 -50.7437
 15.7604 -50.6236
 15.9354 -50.7078
 16.0736 -50.7999
 16.2042 -50.7549
 16.2988 -50.7248
 16.4538 -50.745
 16.6083 -50.7644
 16.6716 -50.712
 16.7313 -50.6627
 16.7826 -50.6749
 16.8175 -50.6316
 16.8131 -50.5864
179 41 9
 13.6196 -61.1131
 13.5527 -62.7353
 13.7265 -63.4825
 13.6503 -64.4118
 13.4797 -64.6677
 13.9524 -64.4924
 14.5228 -64.2484
 14.7293 -64.1623
 14.7908 -64.1259
180 168 6
 10.0047 -49.6077
 9.0225 -49.7952
 8.71055 -50.1939
 8.56725 -50.3302
 8.4677 -50.3203
 8.4352 -50.3192
180 32 4
 10.0047 -49.6077
 10.8506 -49.6078
 10.9559 -49.5156
 10.9616 -49.4893
181 101 22
 17.7089 -13.3064
 18.2996 -13.4678
 18.688 -13.7672
 18.944 -13.8608
 18.2579 -14.4179
 17.8314 -15.1919
 17.8292 -15.449
 17.5831 -15.7861
 17.7471 -15.8823
 18.2136 -16.2323
 18.4331 -16.958
 18.4426 -17.329
 18.4069 -17.5019
 18.4246 -17.5864
 18.547 -17.7234
 18.518 -17.9304
 18.5691 -18.2614
 18.8384 -18.524
 18.8754 -18.6688
 18.7872 -18.7712
 18.7285 -18.7941
 18.7189 -18.7906
181 12 5
 17.7089 -13.3064
 17.0917 -13.3159
 16.6137 -13.5393
 16.4237 -13.8518
 16.4002 -13.8655
182 127 41
 -21.0645 -1.8587
 -21.0858 -0.97885
 -21.2458 -0.5763
 -21.6361 -0.5221
 -22.3814 0.01075
 -23.1306 0.37495
 -22.5238 0.6084
 -22.3315 1.0402
 -22.4719 1.535
 -22.6254 2.2238
 -22.7415 2.80065
 -23.194 3.26195
 -23.9852 3.7149
 -24.3453 4.0145
 -24.1884 4.1618
 -23.9889 4.32045
 -23.7884 4.4466
 -23.7613 4.6054
 -23.9844 4.95715
 -24.1619 5.3156
 -24.2575 5.4911
 -24.2976 5.72555
 -24.3888 6.0225
 -24.6483 6.26045
 -24.8941 6.4222
 -25.1194 6.23025
 -25.3865 6.0185
 -25.5216 6.20735
 -25.7095 6.46385
 -25.8065 6.591
 -25.7213 6.7701
 -25.9302 7.1331
 -26.244 7.40135
 -26.246 7.6834
 -26.15 7.9833
 -26.1406 8.13155
 -26.1128 8.2884
 -26.0705 8.37695
 -25.7139 8.47405
 -25.3795 8.6154
 -25.365 8.6768
182 106 7
 -21.0645 -1.8587
 -22.3081 -3.5655
 -23.533 -4.72465
 -23.8054 -5.2223
 -23.3177 -5.823
 -22.6625 -5.9517
 -22.6319 -5.881
183 114 5
 -29.0274 -16.4186
 -28.7214 -16.1817
 -28.5458 -16.8766
 -28.336 -17.5458
 -28.3138 -17.5473
183 94 5
 -29.0274 -16.4186
 -29.5603 -16.7444
 -29.9122 -16.7604
 -30.0508 -16.6397
 -30.0766 -16.6192
184 127 14
 -28.5121 7.0083
 -27.6943 7.1541
 -27.0139 7.3139
 -26.7022 7.33145
 -26.5697 7.40295
 -26.4347 7.4235
 -26.246 7.6834
 -26.15 7.9833
 -26.1406 8.13155
 -26.1128 8.2884
 -26.0705 8.37695
 -25.7139 8.47405
 -25.3795 8.6154
 -25.365 8.6768
184 7 11
 -28.5121 7.0083
 -29.0805 7.1848
 -29.6526 6.93835
 -30.1812 6.3283
 -30.391 6.02815
 -30.3107 5.83155
 -30.459 4.96635
 -30.7288 4.1827
 -30.3195 3.70685
 -30.0262 3.21185
 -30.1267 3.1205
185 90 17
 -30.0702 21.4572
 -30.4738 21.2917
 -30.6751 21.2872
 -30.8007 21.367
 -30.891 21.5224
 -30.9805 21.6439
 -31.1334 21.6767
 -31.3008 21.6997
 -31.4706 21.7873
 -31.5732 21.8484
 -31.7028 21.7501
 -31.9939 21.735
 -32.2579 21.8188
 -32.0216 21.666
 -31.8439 21.4775
 -31.7993 21.4246
 -31.7757 21.422
185 83 5
 -30.0702 21.4572
 -29.8838 21.7412
 -30.0226 21.901
 -30.1133 21.9178
 -30.1306 21.9216
186 63 34
 -17.2612 18.6522
 -17.9077 18.6721
 -18.9507 18.7901
 -19.9377 18.9462
 -19.3768 19.1306
 -18.8101 20.0837
 -18.6517 21.003
 -18.3698 21.521
 -17.974 21.6201
 -18.2431 21.9862
 -19.2409 21.6103
 -20.7153 21.5628
 -21.4522 22.0443
 -21.7557 22.1548
 -21.8806 22.1186
 -21.9752 22.1006
 -22.1059 22.1607
 -22.2048 22.1693
 -22.1348 22.2952
 -21.8787 22.4854
 -21.7495 22.8193
 -21.8209 23.1059
 -21.9668 23.3684
 -22.036 23.6801
 -21.9802 23.8928
 -21.7186 24.1058
 -21.601 24.4118
 -21.6774 24.6578
 -21.5541 24.7368
 -21.4053 24.7444
 -21.2956 24.6859
 -21.251 24.6474
 -21.208 24.5977
 -21.2088 24.5813
186 18 4
 -17.2612 18.6522
 -16.6329 18.0822
 -16.726 17.5066
 -16.8313 17.4764
187 61 4
 -15.552 37.0928
 -15.2425 35.9319
 -15.2081 35.6208
 -15.2022 35.5865
187 47 5
 -15.552 37.0928
 -16.1063 38.096
 -16.3958 38.3536
 -16.3748 38.4902
 -16.3376 38.4886
188 35 16
 12.0478 45.7806
 11.489 44.5575
 11.7847 44.3708
 11.9953 44.1406
 12.6091 44.3375
 13.261 44.6604
 13.5708 44.6959
 14.2059 44.6391
 14.7105 44.5649
 15.6355 44.3125
 16.7544 43.3748
 16.7864 42.4851
 16.0115 42.0494
 15.2507 41.5662
 15.0178 41.3075
 14.9908 41.3019
188 80 4
 12.0478 45.7806
 12.4739 47.7743
 12.1794 48.6555
 12.1863 48.7003
189 69 18
 19.1709 61.3022
 17.8426 61.1551
 17.5847 61.3234
 16.7123 61.011
 15.5303 60.7569
 14.4708 61.4417
 13.8147 62.0414
 13.1123 61.7938
 12.6006 59.7583
 12.3486 57.1717
 11.9382 57.0542
 11.9632 56.2011
 11.3517 55.9594
 10.2477 55.5988
 8.99625 55.2334
 7.9682 55.0549
 7.73405 55.0062
 7.7182 55.0208
189 161 8
 19.1709 61.3022
 21.2488 61.3092
 21.7631 60.7025
 22.7524 62.2142
 23.3535 63.3663
 23.9224 64.5583
 24.687 65.6999
 24.8877 65.6557
190 65 26
 43.1833 43.6213
 42.5229 42.8462
 42.1852 41.9908
 42.2557 41.5546
 42.3547 41.3017
 42.5314 41.3222
 42.7024 41.327
 42.8343 41.2935
 43.0695 41.2036
 43.1973 41.1623
 43.4629 41.7064
 43.8215 42.2355
 44.1484 42.1873
 44.3712 42.0645
 44.4149 41.9259
 44.4134 41.8995
 44.2024 41.9221
 44.1656 41.4378
 44.3667 40.7678
 44.4868 40.4374
 44.4986 40.1926
 44.2658 40.3413
 43.9362 40.5558
 43.672 40.4663
 43.5324 40.4176
 43.5326 40.4053
190 46 6
 43.1833 43.6213
 43.5821 43.8581
 43.6654 44.044
 43.6594 44.1331
 43.6019 44.2293
 43.5583 44.2768
191 8 6
 69.3195 34.2314
 69.9634 34.449
 70.5533 34.9057
 70.7231 35.3747
 70.7334 35.6326
 70.74 35.6331
191 137 4
 69.3195 34.2314
 69.0287 33.68
 68.9415 33.0834
 68.9249 33.0655
192 137 9
 64.3414 28.2427
 65.7238 28.2421
 66.6494 28.811
 67.0743 29.5877
 67.3472 30.3951
 68.0809 32.1598
 68.7703 33.1318
 68.9415 33.0834
 68.9249 33.0655
192 126 5
 64.3414 28.2427
 63.4167 26.9737
 62.7159 26.2708
 62.0619 26.7001
 62.0248 26.725
193 137 11
 64.0761 33.4277
 64.6893 32.2178
 65.0876 30.6161
 65.9771 29.8661
 66.6494 28.811
 67.0743 29.5877
 67.3472 30.3951
 68.0809 32.1598
 68.7703 33.1318
 68.9415 33.0834
 68.9249 33.0655
193 76 5
 64.0761 33.4277
 63.416 33.8694
 62.672 34.9468
 62.5507 35.6296
 62.5616 35.6425
194 105 27
 45.1799 -27.0619
 44.268 -26.916
 43.8166 -27.4057
 43.5436 -28.2933
 43.3772 -29.156
 43.2222 -29.8874
 43.1336 -30.307
 43.1128 -30.5746
 42.9522 -30.8078
 42.8574 -30.9698
 42.9264 -31.0442
 43.0307 -31.1523
 43.0993 -31.3056
 43.0014 -31.3972
 42.8298 -31.4883
 42.737 -31.563
 42.6654 -31.5523
 42.6413 -31.5901
 42.5822 -31.6401
 42.5213 -31.7089
 42.5515 -31.7633
 42.5627 -31.8995
 42.5325 -32.033
 42.4256 -31.9773
 42.1593 -31.8449
 41.9352 -31.7121
 41.8911 -31.6506
194 157 19
 45.1799 -27.0619
 45.9394 -27.0981
 46.4054 -26.5884
 46.8145 -25.7812
 46.9021 -25.3703
 46.9128 -25.2628
 47.0049 -25.0284
 46.9996 -24.075
 46.974 -22.9739
 46.9586 -22.5734
 46.8132 -22.4271
 46.6925 -22.3355
 46.6046 -22.2325
 46.6675 -22.2599
 46.8811 -22.169
 47.0924 -22.0428
 47.1234 -21.9882
 47.1415 -21.9465
 47.1426 -21.8968
195 108 10
 19.2517 0.62075
 19.7133 0.7925
 20.4931 0.62005
 21.478 0.11485
 22.5066 -0.0863
 23.2619 -0.097
 23.7682 -0.00765
 24.205 -0.07125
 24.5662 -0.1523
 24.6303 -0.1099
195 152 5
 19.2517 0.62075
 18.7953 1.77455
 18.2727 2.9179
 18.1688 3.0484
 18.1579 3.1893
196 84 10
 21.2724 -10.6947
 22.6206 -10.5308
 23.4923 -10.6965
 23.6065 -10.6442
 23.7178 -10.761
 23.7726 -11.3012
 23.6174 -11.7253
 23.3455 -11.9196
 23.1551 -12.0985
 23.1345 -12.0787
196 101 26
 21.2724 -10.6947
 20.6469 -11.1607
 20.7192 -11.711
 20.4506 -12.3638
 20.0815 -12.6757
 19.5919 -13.238
 19.0943 -13.7856
 18.944 -13.8608
 18.2579 -14.4179
 17.8314 -15.1919
 17.8292 -15.449
 17.5831 -15.7861
 17.7471 -15.8823
 18.2136 -16.2323
 18.4331 -16.958
 18.4426 -17.329
 18.4069 -17.5019
 18.4246 -17.5864
 18.547 -17.7234
 18.518 -17.9304
 18.5691 -18.2614
 18.8384 -18.524
 18.8754 -18.6688
 18.7872 -18.7712
 18.7285 -18.7941
 18.7189 -18.7906
197 174 18
 19.8561 -50.7167
 18.9556 -50.7778
 18.5215 -50.8114
 18.1567 -50.968
 17.912 -50.9624
 17.7533 -50.9058
 17.6726 -50.9174
 17.503 -50.9357
 17.3526 -50.9017
 17.2507 -50.8891
 17.1403 -50.9048
 17.1005 -50.8468
 17.0738 -50.7713
 17.0254 -50.7118
 16.9739 -50.6673
 16.8874 -50.6624
 16.8175 -50.6316
 16.8131 -50.5864
197 17 10
 19.8561 -50.7167
 20.7989 -50.4896
 20.9954 -50.0447
 20.951 -49.627
 21.243 -49.3603
 21.5774 -49.2337
 21.68 -49.2864
 21.8762 -49.2795
 22.0378 -49.2516
 22.0681 -49.2142
198 162 9
 42.4039 -40.1694
 42.8445 -39.358
 43.0142 -39.1548
 42.7512 -39.0842
 42.4414 -38.3046
 41.8489 -37.7862
 41.3982 -37.8897
 41.3508 -37.8966
 41.348 -37.901
198 160 3
 42.4039 -40.1694
 42.0784 -40.9776
 42.1634 -41.088
199 68 11
 56.0952 -37.489
 56.0909 -38.2027
 55.9956 -38.7901
 55.563 -39.42
 54.952 -39.7968
 54.6247 -39.9976
 54.3951 -39.9674
 54.2549 -39.9181
 54.1098 -40.0323
 53.9585 -40.2171
 53.8899 -40.2552
199 164 5
 56.0952 -37.489
 56.779 -36.3876
 57.6749 -35.6306
 57.7998 -35.3759
 57.8062 -35.3702
200 52 31
 58.4394 -3.0117
 57.9202 -3.19695
 57.4748 -3.18835
 57.0087 -2.6458
 56.7016 -2.366
 56.5655 -2.11915
 56.5648 -1.93125
 56.9027 -1.49215
 56.9933 -1.01255
 56.7188 -0.6884
 56.6791 -0.5037
 56.6604 -0.45325
 56.6508 -0.32705
 56.619 0.6112
 56.454 1.64015
 56.2966 1.9181
 55.8561 2.25495
 56.3265 2.086
 56.6406 2.6932
 56.7854 3.3505
 57.2345 3.17825
 57.6035 2.9523
 57.5878 2.5239
 58.1017 2.02935
 58.755 1.72155
 59.0026 1.61
 59.6765 2.32035
 60.306 3.29505
 60.4989 3.5536
 60.6234 3.5839
 60.6704 3.5683
200 4 4
 58.4394 -3.0117
 60.1647 -3.14865
 61.4876 -2.87005
 61.4504 -2.7029
201 37 10
 49.3314 -15.3276
 50.1468 -15.694
 50.7498 -16.2607
 50.9317 -16.6019
 51.3256 -16.8083
 51.7217 -17.4557
 52.0736 -17.9902
 52.408 -18.1419
 52.5157 -18.341
 52.559 -18.3793
201 49 4
 49.3314 -15.3276
 48.6154 -15.7019
 48.1998 -16.1195
 48.1856 -16.1245
202 12 11
 12.0705 -12.6775
 12.6608 -14.2732
 13.4344 -14.6642
 13.5009 -14.9039
 13.913 -14.4766
 14.0955 -14.2957
 15.101 -14.1588
 16.0923 -14.0771
 16.2077 -14.0954
 16.3433 -13.9753
 16.4002 -13.8655
202 107 4
 12.0705 -12.6775
 12.0174 -10.7267
 12.1829 -9.89515
 12.2378 -9.8431
203 79 11
 6.92945 9.8234
 7.4928 11.1464
 7.8051 11.5449
 7.06425 12.0611
 5.96275 12.2854
 5.50405 12.2236
 5.3981 12.1427
 5.32615 12.0667
 5.389 11.9657
 5.47245 11.8477
 5.4811 11.8168
203 59 7
 6.92945 9.8234
 6.84585 8.53025
 6.3724 8.52925
 5.8992 8.09855
 5.42595 8.00015
 5.0046 8.27155
 4.9414 8.3314
204 113 6
 -13.7593 0.9097
 -13.0436 1.6616
 -12.227 2.1215
 -11.8792 2.2835
 -11.7164 2.28565
 -11.7159 2.2961
204 149 4
 -13.7593 0.9097
 -14.3254 0.0995
 -14.8089 -0.25385
 -14.8107 -0.2593
205 120 31
 -21.871 12.1083
 -22.3183 11.7498
 -22.8674 11.6584
 -23.9084 11.2115
 -24.6442 10.781
 -24.7557 10.5176
 -25.2333 10.5399
 -25.9642 10.5724
 -26.3678 10.7636
 -26.5592 10.7659
 -26.7673 11.0704
 -26.8868 11.4911
 -27.0244 11.7222
 -27.2141 11.9999
 -27.2621 12.2024
 -27.2596 12.4057
 -27.2649 12.6332
 -27.3601 12.8778
 -27.3964 13.3273
 -27.5191 13.9143
 -27.8895 14.3366
 -28.2626 14.607
 -28.4094 14.7819
 -28.3897 14.9264
 -28.3207 15.1192
 -28.2253 15.2043
 -28.2482 15.2495
 -28.3312 15.3331
 -28.4834 15.3046
 -28.6339 15.2495
 -28.6593 15.2658
205 14 3
 -21.871 12.1083
 -21.3252 12.3876
 -21.332 12.3417
206 21 39
 38.7142 20.1357
 38.5164 19.694
 38.5674 19.1091
 38.7227 18.8093
 38.8598 18.7703
 38.9226 18.6842
 38.9265 18.5467
 39.0302 18.283
 39.1245 17.9002
 39.1278 17.6903
 39.1958 17.4935
 39.2583 16.9708
 39.3051 16.5601
 39.3902 16.4294
 39.6014 16.3057
 39.8821 16.3536
 40.0508 16.4271
 40.1131 16.3864
 40.2561 16.3631
 40.422 16.3461
 40.647 16.0965
 40.785 15.7015
 40.8296 15.4853
 40.8845 15.3729
 40.8664 15.2757
 40.8699 15.1773
 40.8737 15.0424
 40.8947 14.9087
 40.8765 14.7982
 40.87 14.7222
 40.7984 14.6944
 40.6562 14.5828
 40.5243 14.5059
 40.483 14.4054
 40.4522 14.2899
 40.4128 14.2369
 40.4132 14.127
 40.4397 14.0398
 40.448 14.0323
206 136 10
 38.7142 20.1357
 39.1979 20.5891
 39.4507 20.9575
 39.5239 21.0971
 39.2627 21.0607
 38.9305 21.1869
 38.6592 21.4942
 38.6249 21.8498
 38.7084 21.9736
 38.7342 21.98
207 148 13
 60.2091 17.4338
 60.3378 16.7717
 60.3045 16.4346
 60.2757 16.3318
 59.9555 16.064
 59.6757 15.4914
 59.9333 14.9707
 60.3047 14.8334
 60.7512 14.8628
 61.3069 14.799
 61.6556 14.821
 61.8787 14.9162
 61.9443 14.9207
207 9 5
 60.2091 17.4338
 60.3601 18.1007
 60.7037 18.4959
 60.6718 18.6558
 60.6529 18.7133
208 148 25
 51.0278 14.0062
 52.2656 13.5085
 52.6765 13.0197
 52.7374 13.0544
 53.4723 13.3573
 54.4982 13.5098
 55.1211 13.5208
 55.5979 13.8498
 55.6512 14.1812
 55.6372 14.3365
 55.9519 14.3326
 56.537 14.398
 57.1006 14.3311
 57.3941 14.2629
 57.8185 14.3542
 58.2399 14.5864
 59.043 14.753
 59.6756 14.8853
 59.9333 14.9707
 60.3047 14.8334
 60.7512 14.8628
 61.3069 14.799
 61.6556 14.821
 61.8787 14.9162
 61.9443 14.9207
208 116 4
 51.0278 14.0062
 49.7036 14.7103
 49.0718 15.1846
 48.9403 15.0104
209 40 29
 -18.4445 -56.333
 -17.1315 -56.1424
 -16.1671 -56.0244
 -15.3553 -55.7696
 -14.8357 -55.3787
 -14.2527 -54.5714
 -13.1089 -54.5659
 -12.2086 -55.2784
 -10.743 -56.2116
 -9.274 -57.1158
 -8.696 -56.3697
 -7.6109 -55.8099
 -7.05855 -55.9884
 -6.43675 -56.1033
 -5.6665 -56.2576
 -5.533 -56.9113
 -5.36385 -56.0192
 -4.99 -55.5301
 -4.6333 -55.0584
 -4.35565 -54.7048
 -4.1573 -54.6017
 -3.9943 -54.5147
 -3.4143 -54.2068
 -2.83535 -53.924
 -2.55755 -53.8677
 -2.28135 -53.7632
 -2.1603 -53.6592
 -2.09065 -53.6364
 -2.0285 -53.6391
209 155 8
 -18.4445 -56.333
 -19.9206 -56.2904
 -21.158 -55.8058
 -21.8752 -55.384
 -22.4751 -56.0472
 -23.3391 -56.6156
 -23.6329 -56.5531
 -23.6562 -56.5905
210 27 8
 11.8975 -49.6423
 12.2922 -49.5213
 12.4608 -49.4897
 12.7211 -49.3722
 12.9699 -49.1191
 13.0489 -48.9759
 13.0604 -48.8279
 13.0564 -48.7234
210 32 4
 11.8975 -49.6423
 11.2997 -49.6056
 10.9824 -49.5023
 10.9616 -49.4893
211 79 11
 5.2632 14.5534
 5.2434 13.9537
 5.6533 13.6322
 5.2574 13.4683
 5.44855 12.6707
 5.50405 12.2236
 5.3981 12.1427
 5.32615 12.0667
 5.389 11.9657
 5.47245 11.8477
 5.4811 11.8168
211 118 6
 5.2632 14.5534
 5.36145 15.2347
 5.45965 15.6293
 5.8944 15.3417
 6.2952 15.2556
 6.3172 15.2603
212 87 15
 1.9849 -1.40755
 2.3678 -2.72855
 2.42205 -2.88535
 2.04855 -3.02175
 1.1576 -2.7511
 0.357 -2.58855
 0.12685 -2.86585
 -0.8701 -4.14025
 -1.63035 -5.448
 -1.75625 -5.78215
 -2.12255 -6.50855
 -2.51635 -7.3408
 -3.1647 -7.91275
 -3.56645 -8.2768
 -3.5763 -8.2947
212 143 11
 1.9849 -1.40755
 1.5691 0.465
 1.27715 1.1956
 1.45035 2.52395
 1.46195 4.43715
 1.8268 5.07855
 2.6889 4.82695
 3.54925 4.41275
 4.5795 4.1422
 5.0779 4.1275
 5.0889 4.107
213 25 14
 -8.9193 5.3379
 -7.812 6.48155
 -6.61705 6.9864
 -6.1489 6.90835
 -5.8963 7.08055
 -5.66885 7.054
 -5.38435 7.0507
 -4.1508 7.17965
 -2.57745 7.0772
 -2.0282 6.8542
 -1.87885 7.01205
 -1.6237 7.21955
 -1.38485 7.2843
 -1.2894 7.3234
213 113 14
 -8.9193 5.3379
 -9.66025 4.34175
 -10.2569 3.6444
 -10.6476 3.7117
 -11.0821 3.8632
 -11.4515 3.853
 -11.9245 3.5714
 -12.1969 3.1656
 -12.4026 2.9371
 -12.3552 2.64055
 -12.0852 2.3723
 -11.8792 2.2835
 -11.7164 2.28565
 -11.7159 2.2961
214 120 14
 -30.687 18.6507
 -30.6377 17.7193
 -30.1572 17.2341
 -29.6574 17.196
 -29.6538 17.1413
 -29.5762 17.0173
 -29.4832 16.7431
 -29.4225 16.3885
 -29.3979 16.1644
 -29.0478 16.0471
 -28.7271 15.7392
 -28.7074 15.4414
 -28.6692 15.2807
 -28.6593 15.2658
214 90 21
 -30.687 18.6507
 -30.6851 19.2897
 -30.8363 20.0058
 -31.0398 20.5587
 -31.025 20.6849
 -31.0103 20.8807
 -30.9472 21.0662
 -30.8876 21.2893
 -30.891 21.5224
 -30.9805 21.6439
 -31.1334 21.6767
 -31.3008 21.6997
 -31.4706 21.7873
 -31.5732 21.8484
 -31.7028 21.7501
 -31.9939 21.735
 -32.2579 21.8188
 -32.0216 21.666
 -31.8439 21.4775
 -31.7993 21.4246
 -31.7757 21.422
215 120 14
 -26.5574 17.9178
 -27.2337 18.0268
 -27.175 17.8314
 -27.2941 17.2453
 -27.4851 16.583
 -27.5485 16.2286
 -27.5471 16.0499
 -27.6857 16.1415
 -28.0723 16.0164
 -28.3832 15.6412
 -28.3622 15.3809
 -28.4834 15.3046
 -28.6339 15.2495
 -28.6593 15.2658
215 117 4
 -26.5574 17.9178
 -25.8291 17.8364
 -25.7388 18.3173
 -25.7294 18.7717
216 98 13
 -29.0785 23.0826
 -28.9277 22.9097
 -28.8647 22.8782
 -28.958 22.8197
 -29.062 22.6986
 -29.1179 22.6105
 -29.1438 22.5648
 -29.1711 22.5245
 -29.1625 22.4841
 -29.1791 22.5159
 -29.2295 22.5369
 -29.2732 22.5647
 -29.2684 22.5752
216 39 3
 -29.0785 23.0826
 -29.2101 23.2332
 -29.2134 23.2501
217 98 9
 -29.9245 22.2498
 -29.7439 22.3975
 -29.5578 22.393
 -29.483 22.3442
 -29.4174 22.4482
 -29.3454 22.5006
 -29.3113 22.5286
 -29.2732 22.5647
 -29.2684 22.5752
217 83 4
 -29.9245 22.2498
 -30.0453 22.0312
 -30.1165 21.9459
 -30.1306 21.9216
218 173 32
 -17.8391 35.2532
 -17.6572 34.2946
 -18.2615 33.4849
 -19.0449 33.3595
 -19.3634 33.2291
 -19.7358 33.0533
 -20.2313 32.6411
 -20.6019 32.1907
 -20.5647 31.7659
 -20.7306 31.5697
 -21.1298 31.8424
 -21.3086 31.9834
 -21.4551 31.7471
 -21.5606 31.4979
 -21.7395 31.4549
 -21.9266 31.2461
 -21.9548 30.8669
 -22.0122 30.644
 -22.0012 30.4744
 -22.2361 30.4698
 -22.4515 30.3761
 -22.5559 30.3905
 -22.6503 30.5242
 -22.7761 30.6306
 -22.6907 30.6531
 -22.6655 30.7236
 -22.7605 30.8422
 -22.8675 30.9368
 -22.9223 31.0482
 -23.0268 31.1881
 -23.0812 31.2444
 -23.0895 31.2457
218 47 8
 -17.8391 35.2532
 -18.0055 35.9866
 -17.9936 36.5396
 -17.9007 36.646
 -17.209 37.4631
 -16.5033 38.3392
 -16.3748 38.4902
 -16.3376 38.4886
219 121 10
 -19.1178 26.1701
 -18.8456 26.56
 -18.9043 26.7924
 -18.9301 27.0074
 -18.8167 27.216
 -18.7683 27.3114
 -18.8207 27.3506
 -18.825 27.4171
 -18.8173 27.4911
 -18.82 27.5029
219 63 10
 -19.1178 26.1701
 -19.4699 25.7881
 -19.5633 25.5629
 -19.6161 25.2331
 -20.0492 24.8742
 -20.5034 24.7269
 -20.7863 24.5982
 -21.0886 24.5554
 -21.1857 24.5861
 -21.2088 24.5813
220 122 17
 -14.7227 51.9815
 -12.3952 50.4113
 -11.2264 50.103
 -11.4491 49.4408
 -11.0879 48.4094
 -10.1468 46.7179
 -9.3197 45.881
 -9.12525 44.8688
 -9.1682 43.917
 -8.62665 43.8129
 -8.00225 43.799
 -7.64615 44.0068
 -7.7011 43.4677
 -6.80655 42.539
 -6.08825 41.9736
 -5.90625 42.0889
 -5.7513 42.265
220 100 5
 -14.7227 51.9815
 -16.3528 54.7479
 -16.9809 56.5194
 -17.0254 57.4619
 -17.1307 57.594
221 69 6
 7.63125 56.3721
 7.6342 55.7439
 7.7121 55.5156
 7.7609 55.1867
 7.72525 55.0499
 7.7182 55.0208
221 71 7
 7.63125 56.3721
 7.6779 57.2355
 7.92605 57.784
 7.85475 58.4246
 7.54625 58.9509
 7.49545 59.1863
 7.4828 59.2298
222 71 9
 7.5724 64.855
 7.4132 62.9713
 7.7691 62.0116
 7.6248 61.1122
 7.56645 60.5005
 7.65595 60.3554
 7.71185 59.7796
 7.59945 59.2128
 7.4828 59.2298
222 19 6
 7.5724 64.855
 8.00125 66.4702
 8.18845 66.8268
 8.70525 67.062
 9.0987 67.5307
 9.2969 67.8706
223 70 17
 18.4181 43.4058
 20.167 43.5547
 22.4162 42.1398
 24.0768 40.7923
 25.1949 40.6778
 25.9285 40.308
 26.4805 39.631
 27.5614 39.3651
 28.4009 39.3405
 28.5735 39.2645
 29.4662 39.3392
 30.2627 39.3741
 30.6653 39.1948
 31.1226 38.5767
 31.2358 38.0843
 31.3077 38.0308
 31.3257 38.0047
223 35 7
 18.4181 43.4058
 17.4439 42.8948
 16.7864 42.4851
 16.0115 42.0494
 15.2507 41.5662
 15.0178 41.3075
 14.9908 41.3019
224 31 36
 15.8344 29.6842
 15.1236 30.9538
 15.4769 32.3043
 15.7113 32.9584
 15.108 33.5653
 14.0853 33.0371
 12.983 32.401
 12.5062 32.3759
 11.7628 32.4924
 11.0132 32.541
 10.7221 32.2976
 10.3752 31.879
 9.81695 31.2602
 9.108 30.7672
 8.64125 30.4664
 8.3368 29.9458
 8.36235 30.4453
 7.7569 30.9468
 7.07185 31.4001
 6.7663 31.9679
 6.38555 32.4542
 5.972 31.8325
 5.52365 30.8667
 5.1662 30.7825
 4.79905 31.4117
 4.2144 31.5766
 3.749 31.386
 3.5279 31.4362
 3.44325 31.4903
 3.2177 31.7614
 2.8286 31.8705
 2.6493 31.6679
 2.5769 31.5947
 2.4128 31.6725
 2.304 31.7948
 2.2837 31.8321
224 77 12
 15.8344 29.6842
 16.9762 30.7229
 17.5452 31.8914
 17.8496 32.0167
 18.295 32.0847
 18.5203 32.1228
 18.6871 32.1842
 19.3251 32.0624
 20.5483 31.9867
 21.3036 32.0289
 21.4458 32.0011
 21.5008 31.999
225 31 14
 0.53565 28.8649
 0.24675 29.6246
 -0.08405 30.2456
 0.08785 30.516
 0.7156 30.8242
 1.58285 31.1024
 1.92665 31.3287
 1.9865 31.4389
 2.0366 31.5938
 2.0581 31.7792
 2.0726 31.8166
 2.16695 31.8312
 2.26235 31.8433
 2.2837 31.8321
225 29 37
 0.53565 28.8649
 -0.4582 28.6769
 -1.3524 28.7627
 -1.49465 28.7974
 -2.0458 28.99
 -2.5627 29.2902
 -2.6239 29.2747
 -3.1765 28.8486
 -3.61075 28.3434
 -3.5769 27.8668
 -3.50545 27.3274
 -3.51765 26.6978
 -3.89915 26.4809
 -4.42755 26.6817
 -4.77275 26.7515
 -4.8773 26.8358
 -4.78145 26.6321
 -4.5481 26.3716
 -4.562 25.6959
 -4.72885 25.0874
 -4.8518 25.063
 -5.2985 24.9155
 -5.6437 24.5458
 -6.11125 24.4962
 -6.94545 24.843
 -7.28205 24.747
 -7.5387 24.3976
 -7.93975 24.2458
 -8.3724 24.2455
 -8.694 24.2074
 -8.81485 23.9822
 -9.17425 23.6789
 -9.67125 23.6752
 -9.91315 23.7578
 -9.6478 23.4916
 -9.34345 23.2369
 -9.3286 23.2357
226 29 35
 -3.819 30.4552
 -2.9853 29.7736
 -2.642 29.4244
 -2.5627 29.2902
 -2.6239 29.2747
 -3.1765 28.8486
 -3.61075 28.3434
 -3.5769 27.8668
 -3.50545 27.3274
 -3.51765 26.6978
 -3.89915 26.4809
 -4.42755 26.6817
 -4.77275 26.7515
 -4.8773 26.8358
 -4.78145 26.6321
 -4.5481 26.3716
 -4.562 25.6959
 -4.72885 25.0874
 -4.8518 25.063
 -5.2985 24.9155
 -5.6437 24.5458
 -6.11125 24.4962
 -6.94545 24.843
 -7.28205 24.747
 -7.5387 24.3976
 -7.93975 24.2458
 -8.3724 24.2455
 -8.694 24.2074
 -8.81485 23.9822
 -9.17425 23.6789
 -9.67125 23.6752
 -9.91315 23.7578
 -9.6478 23.4916
 -9.34345 23.2369
 -9.3286 23.2357
226 16 5
 -3.819 30.4552
 -4.3815 30.8294
 -4.55175 30.8959
 -4.7074 30.9874
 -4.7467 31.036
227 121 43
 -11.5651 24.7654
 -12.2719 24.7521
 -12.8038 24.5579
 -13.134 24.5583
 -13.2975 24.716
 -13.1927 24.7534
 -13.3181 24.789
 -13.3132 25.1388
 -13.6639 25.7563
 -14.1805 26.1568
 -14.2642 26.6475
 -14.3522 26.7136
 -15.1287 26.6684
 -15.8036 27.0217
 -15.9549 27.2227
 -16.0159 27.5132
 -15.9538 27.7322
 -16.0637 27.9771
 -16.2174 28.2496
 -16.3351 28.317
 -16.4536 28.3401
 -16.4859 28.3821
 -16.4821 28.4306
 -16.4897 28.543
 -16.5013 28.6241
 -16.4694 28.6632
 -16.5401 28.6295
 -16.6052 28.6268
 -16.6605 28.5604
 -16.838 28.4981
 -17.2573 28.5268
 -17.7532 28.4836
 -17.9657 28.3057
 -17.8595 28.0476
 -17.9075 27.8904
 -18.1547 27.7962
 -18.2899 27.6855
 -18.392 27.6431
 -18.5119 27.6141
 -18.6462 27.5605
 -18.7596 27.5133
 -18.8095 27.5034
 -18.82 27.5029
227 29 8
 -11.5651 24.7654
 -10.9487 24.4661
 -10.3436 24.0343
 -9.9458 23.8029
 -9.91315 23.7578
 -9.6478 23.4916
 -9.34345 23.2369
 -9.3286 23.2357
228 31 37
 11.8092 22.494
 10.995 23.5064
 11.9398 23.786
 12.5243 24.5984
 12.3042 25.8454
 11.7803 27.0663
 11.0681 27.7418
 10.7108 27.9001
 10.2314 27.9565
 9.883 28.2937
 9.7196 28.7649
 9.44125 29.1431
 8.9752 29.1947
 8.7416 28.9863
 8.7119 28.9623
 8.4833 29.2924
 8.3368 29.9458
 8.36235 30.4453
 7.7569 30.9468
 7.07185 31.4001
 6.7663 31.9679
 6.38555 32.4542
 5.972 31.8325
 5.52365 30.8667
 5.1662 30.7825
 4.79905 31.4117
 4.2144 31.5766
 3.749 31.386
 3.5279 31.4362
 3.44325 31.4903
 3.2177 31.7614
 2.8286 31.8705
 2.6493 31.6679
 2.5769 31.5947
 2.4128 31.6725
 2.304 31.7948
 2.2837 31.8321
228 48 5
 11.8092 22.494
 13.1516 21.6668
 13.8846 21.8778
 14.1206 21.9408
 14.1396 21.9578
229 2 37
 33.73 8.9253
 32.2155 9.89125
 30.7106 10.6858
 30.2415 11.9645
 30.1175 12.9493
 30.3874 13.5947
 30.3671 14.5087
 29.9925 15.3735
 29.9587 16.0772
 29.928 17.3239
 29.8883 18.9881
 30.0151 19.7919
 30.0168 19.8335
 29.9802 20.0265
 29.876 20.6229
 29.9486 21.6565
 30.9664 22.7951
 31.9014 23.5336
 31.7826 23.6112
 32.138 23.3189
 32.7254 22.7826
 33.4431 22.6068
 33.9565 22.5478
 34.2768 22.5373
 34.4397 22.3142
 35.0272 22.3293
 35.6256 22.5492
 35.8573 22.462
 36.229 22.3242
 36.507 22.3068
 36.6702 22.444
 36.7962 22.5484
 36.9947 22.5905
 37.1732 22.6353
 37.2263 22.618
 37.2792 22.5723
 37.3184 22.5546
229 150 8
 33.73 8.9253
 33.3734 7.5437
 33.3484 6.97005
 34.004 7.10525
 34.16 7.1759
 35.0126 7.19705
 35.8209 7.12725
 35.8645 7.0524
230 2 36
 30.7526 9.8835
 30.7106 10.6858
 30.2415 11.9645
 30.1175 12.9493
 30.3874 13.5947
 30.3671 14.5087
 29.9925 15.3735
 29.9587 16.0772
 29.928 17.3239
 29.8883 18.9881
 30.0151 19.7919
 30.0168 19.8335
 29.9802 20.0265
 29.876 20.6229
 29.9486 21.6565
 30.9664 22.7951
 31.9014 23.5336
 31.7826 23.6112
 32.138 23.3189
 32.7254 22.7826
 33.4431 22.6068
 33.9565 22.5478
 34.2768 22.5373
 34.4397 22.3142
 35.0272 22.3293
 35.6256 22.5492
 35.8573 22.462
 36.229 22.3242
 36.507 22.3068
 36.6702 22.444
 36.7962 22.5484
 36.9947 22.5905
 37.1732 22.6353
 37.2263 22.618
 37.2792 22.5723
 37.3184 22.5546
230 154 4
 30.7526 9.8835
 30.3363 8.61485
 30.1949 7.5337
 30.2657 7.4748
231 2 13
 38.0567 21.7296
 37.9197 22.0207
 37.7864 22.2148
 37.7574 22.3816
 37.7381 22.4379
 37.6278 22.4432
 37.5067 22.4724
 37.4472 22.4806
 37.4144 22.5463
 37.3682 22.5293
 37.3273 22.5106
 37.3167 22.5467
 37.3184 22.5546
231 136 6
 38.0567 21.7296
 38.2749 21.5876
 38.5068 21.6669
 38.6249 21.8498
 38.7084 21.9736
 38.7342 21.98
232 77 12
 28.5457 28.6353
 27.8326 29.6861
 26.9046 30.3353
 26.3597 30.873
 25.9042 32.09
 25.3592 32.2534
 24.8118 31.7561
 23.8236 31.562
 22.6432 32.0239
 21.8994 32.2316
 21.6476 31.995
 21.5008 31.999
232 33 5
 28.5457 28.6353
 29.4332 28.5581
 30.0482 28.7437
 30.0934 28.8598
 30.0922 28.8882
233 134 5
 41.7727 64.9729
 41.7567 63.6596
 41.6186 62.6659
 41.6163 62.1623
 41.6479 61.7745
233 28 3
 41.7727 64.9729
 41.7848 65.8974
 41.8851 66.3864
234 136 22
 44.6894 20.8092
 44.1369 21.5991
 43.8185 22.1346
 43.035 21.9552
 42.3528 21.9058
 41.8764 21.7594
 41.7385 21.7354
 41.2617 21.5898
 40.5924 21.7068
 40.2551 21.9339
 40.174 21.922
 40.1114 21.8404
 39.9515 21.8264
 39.7537 21.5331
 39.6683 21.2006
 39.5239 21.0971
 39.2627 21.0607
 38.9305 21.1869
 38.6592 21.4942
 38.6249 21.8498
 38.7084 21.9736
 38.7342 21.98
234 95 7
 44.6894 20.8092
 45.8306 20.6063
 46.3727 20.5238
 46.5379 20.998
 46.7771 21.325
 47.0784 21.3559
 47.1162 21.3538
235 76 4
 59.785 36.4587
 61.5785 35.5662
 62.5382 35.6684
 62.5616 35.6425
235 13 3
 59.785 36.4587
 58.8491 37.6475
 58.7703 37.8155
236 110 15
 60.5049 25.8286
 58.7626 24.5018
 57.4781 23.9525
 56.3196 23.5097
 56.1117 22.9669
 55.1005 22.5597
 53.7101 22.3558
 53.2607 22.4607
 52.2617 22.7783
 50.7753 22.9101
 50.3667 22.9701
 50.709 23.4361
 50.2461 24.2718
 49.5331 24.8039
 49.517 24.804
236 126 3
 60.5049 25.8286
 61.9893 26.7065
 62.0248 26.725
237 165 13
 51.8782 16.2573
 52.0089 17.084
 52.2782 18.0224
 51.804 18.4259
 51.3478 18.4062
 51.1964 18.2127
 50.8817 18.028
 50.3143 18.3732
 49.6199 18.986
 49.2597 19.2692
 49.1851 19.3062
 49.061 19.3419
 48.9832 19.349
237 75 4
 51.8782 16.2573
 52.5354 15.9783
 53.081 16.0303
 53.1676 16.0512
238 21 49
 43.5217 16.7236
 43.2834 17.5881
 43.3675 18.4285
 43.1478 18.5335
 42.9622 18.7283
 42.8029 18.216
 42.4186 17.5699
 42.23 17.2558
 41.7608 17.3647
 41.1843 17.655
 40.9586 17.7917
 40.9218 17.8725
 41.001 18.101
 40.8518 18.3527
 40.5435 18.5811
 40.4345 18.6849
 40.1939 18.2845
 39.5448 18.0007
 39.1245 17.9002
 39.1278 17.6903
 39.1958 17.4935
 39.2583 16.9708
 39.3051 16.5601
 39.3902 16.4294
 39.6014 16.3057
 39.8821 16.3536
 40.0508 16.4271
 40.1131 16.3864
 40.2561 16.3631
 40.422 16.3461
 40.647 16.0965
 40.785 15.7015
 40.8296 15.4853
 40.8845 15.3729
 40.8664 15.2757
 40.8699 15.1773
 40.8737 15.0424
 40.8947 14.9087
 40.8765 14.7982
 40.87 14.7222
 40.7984 14.6944
 40.6562 14.5828
 40.5243 14.5059
 40.483 14.4054
 40.4522 14.2899
 40.4128 14.2369
 40.4132 14.127
 40.4397 14.0398
 40.448 14.0323
238 170 9
 43.5217 16.7236
 44.3293 16.5341
 44.9778 15.9535
 45.6631 15.2536
 46.0114 14.9506
 46.0258 14.8153
 46.0918 14.8132
 46.1475 14.8272
 46.1809 14.8263
239 169 14
 45.4709 6.5475
 45.8121 5.766
 46.0685 5.2159
 46.3878 4.92195
 46.57 4.70525
 46.5761 4.58315
 46.6847 4.78605
 46.8626 4.92985
 47.1462 4.84395
 47.3621 4.88295
 47.4303 5.07525
 47.5163 5.1612
 47.5553 5.22645
 47.56 5.2583
239 166 5
 45.4709 6.5475
 45.279 7.05205
 45.3035 7.2425
 45.2616 7.29935
 45.2464 7.3135
240 169 17
 45.9352 3.037
 46.2355 3.32965
 46.489 3.4755
 46.5435 3.63475
 46.5817 3.9687
 46.5569 4.26735
 46.5264 4.43555
 46.4633 4.5165
 46.5761 4.58315
 46.6847 4.78605
 46.8626 4.92985
 47.1462 4.84395
 47.3621 4.88295
 47.4303 5.07525
 47.5163 5.1612
 47.5553 5.22645
 47.56 5.2583
240 158 4
 45.9352 3.037
 45.6512 2.77285
 45.4798 2.6407
 45.4887 2.5965
241 52 14
 58.8715 5.19755
 58.5123 4.0535
 57.8907 3.2464
 57.2345 3.17825
 57.6035 2.9523
 57.5878 2.5239
 58.1017 2.02935
 58.755 1.72155
 59.0026 1.61
 59.6765 2.32035
 60.306 3.29505
 60.4989 3.5536
 60.6234 3.5839
 60.6704 3.5683
241 88 6
 58.8715 5.19755
 59.104 6.1734
 60.0355 6.96165
 60.8612 7.56965
 60.9747 7.90165
 61.0219 7.8873
242 43 12
 61.0036 8.7852
 60.9459 9.66195
 60.6702 10.004
 60.6897 10.153
 60.8578 10.4044
 60.9822 10.7746
 61.0637 11.013
 61.089 11.0648
 61.0867 11.1009
 61.0193 11.1397
 60.928 11.1716
 60.9029 11.1653
242 88 4
 61.0036 8.7852
 60.8944 8.0875
 60.9729 7.92875
 61.0219 7.8873
243 37 6
 53.4621 -19.7116
 52.7926 -19.5347
 52.6513 -19.1072
 52.5539 -18.6835
 52.5552 -18.5
 52.559 -18.3793
243 139 5
 53.4621 -19.7116
 54.4202 -19.8445
 55.0211 -20.0121
 55.2961 -20.1653
 55.3051 -20.1735
244 37 8
 53.2826 -15.3916
 52.7276 -15.8091
 52.3966 -16.5089
 52.0234 -17.4977
 52.0736 -17.9902
 52.408 -18.1419
 52.5157 -18.341
 52.559 -18.3793
244 91 5
 53.2826 -15.3916
 54.4638 -15.0936
 55.559 -14.8377
 55.8517 -14.7038
 55.8528 -14.7326
245 0 13
 49.2938 -2.6448
 48.5129 -2.0513
 48.1174 -2.51615
 47.5469 -2.6125
 47.2658 -1.73
 47.2332 -1.1637
 47.2455 -1.0873
 47.3501 -0.9513
 47.5187 -0.76395
 47.8691 -0.2316
 48.2497 0.194
 48.4205 0.21645
 48.4967 0.2484
245 54 3
 49.2938 -2.6448
 50.0242 -3.27145
 50.0353 -3.2828
246 158 7
 42.503 2.24805
 43.806 1.5059
 44.4305 1.7265
 44.8243 2.1142
 45.0941 2.32795
 45.4242 2.56785
 45.4887 2.5965
246 93 3
 42.503 2.24805
 41.382 2.873
 41.3294 2.9204
247 108 7
 21.7705 0.434
 22.5066 -0.0863
 23.2619 -0.097
 23.7682 -0.00765
 24.205 -0.07125
 24.5662 -0.1523
 24.6303 -0.1099
247 163 4
 21.7705 0.434
 21.5027 1.4556
 21.6478 2.06115
 21.7134 2.1252
248 86 10
 36.6095 -21.3973
 35.4582 -21.061
 35.5697 -20.6225
 35.4731 -20.5039
 35.1266 -20.4373
 34.8246 -20.3041
 34.6911 -20.2697
 34.7602 -20.142
 34.8054 -20.0163
 34.7936 -20.0052
248 111 6
 36.6095 -21.3973
 38.167 -21.4522
 38.5277 -21.4064
 38.8596 -21.2092
 39.397 -21.0738
 39.5994 -21.0705
249 111 6
 38.4899 -22.3787
 38.5494 -21.7053
 38.5277 -21.4064
 38.8596 -21.2092
 39.397 -21.0738
 39.5994 -21.0705
249 74 4
 38.4899 -22.3787
 38.801 -23.5777
 39.3023 -24.354
 39.4145 -24.3706
250 24 8
 24.6871 -49.9375
 25.8995 -49.6014
 26.5679 -49.0367
 26.9193 -48.4347
 27.6678 -48.1635
 28.2078 -48.478
 28.2956 -48.6529
 28.3194 -48.6674
250 17 5
 24.6871 -49.9375
 23.7006 -49.6532
 22.7533 -49.3068
 22.1188 -49.2034
 22.0681 -49.2142
251 41 18
 29.5233 -60.4767
 27.5335 -60.1791
 26.1987 -59.7313
 25.1953 -60.2481
 24.4416 -60.6058
 24.4142 -60.6833
 24.328 -61.9496
 23.7346 -62.7928
 21.9525 -62.4155
 20.665 -62.4313
 20.4676 -62.4546
 20.0905 -62.6283
 19.8308 -62.8457
 17.9857 -63.2668
 15.8692 -63.9237
 15.2537 -64.1771
 14.8773 -64.1417
 14.7908 -64.1259
251 147 12
 29.5233 -60.4767
 30.4703 -61.0231
 30.4859 -62.3331
 30.483 -63.2795
 31.0668 -64.0786
 31.1414 -64.9068
 30.917 -65.7738
 30.5044 -66.6451
 29.7345 -67.2663
 29.6102 -67.4604
 29.4576 -67.5742
 29.3473 -67.5718
252 24 5
 29.2611 -48.8343
 28.7567 -48.896
 28.5635 -48.8419
 28.3876 -48.727
 28.3194 -48.6674
252 5 8
 29.2611 -48.8343
 30.0621 -48.8333
 30.5993 -48.8161
 30.8276 -48.7927
 30.8808 -49.0359
 30.9178 -49.3433
 30.9835 -49.4818
 30.9922 -49.5028
253 160 5
 42.3895 -43.5621
 42.3731 -41.7369
 42.2486 -41.2073
 42.1795 -41.1152
 42.1634 -41.088
253 146 5
 42.3895 -43.5621
 42.2616 -44.9321
 41.7341 -44.8848
 41.2309 -44.8228
 41.1827 -44.8176
254 36 5
 58.5517 -34.436
 59.5563 -33.9281
 60.1011 -33.5783
 60.0186 -33.2956
 60.0134 -33.2333
254 164 4
 58.5517 -34.436
 58.0956 -35.0995
 57.914 -35.3774
 57.8062 -35.3702
255 23 13
 61.6339 -30.0484
 63.0816 -29.8717
 63.7282 -30.756
 64.1251 -29.2972
 64.0237 -28.1877
 63.5218 -27.4712
 63.4626 -26.656
 63.6085 -26.1973
 63.7612 -26.206
 63.8314 -25.8731
 63.9135 -25.5116
 63.9641 -25.396
 63.9883 -25.3287
255 36 6
 61.6339 -30.0484
 60.638 -31.1611
 60.1684 -32.3756
 59.9823 -33.0016
 60.0105 -33.2179
 60.0134 -33.2333
256 56 7
 51.9902 -46.8667
 51.7913 -46.0879
 51.8724 -45.9369
 51.7495 -45.5063
 51.5252 -45.011
 51.6071 -44.8886
 51.6525 -44.8926
256 22 6
 51.9902 -46.8667
 52.1505 -47.7061
 52.6488 -48.0547
 53.4904 -48.3143
 53.9137 -48.4117
 53.9753 -48.448
257 66 12
 -19.4553 45.1914
 -20.184 45.6603
 -20.3944 45.5051
 -20.4189 45.5153
 -20.6812 45.7689
 -21.0019 46.1593
 -21.0513 46.3134
 -21.0801 46.3722
 -21.1521 46.4594
 -21.1997 46.5388
 -21.2618 46.551
 -21.3101 46.526
257 73 13
 -19.4553 45.1914
 -18.7472 44.473
 -18.3576 44.9064
 -17.2335 44.7476
 -16.4809 44.3688
 -16.0352 44.4824
 -15.3256 44.6385
 -14.8556 44.8024
 -14.8293 44.8106
 -14.7409 45.1329
 -14.445 45.5889
 -14.2875 45.7931
 -14.3416 45.8511
258 157 8
 47.398 -18.7493
 47.3046 -19.8717
 47.3578 -20.7304
 47.137 -21.4191
 47.1572 -21.6298
 47.1561 -21.6996
 47.1401 -21.8209
 47.1426 -21.8968
258 49 7
 47.398 -18.7493
 47.4853 -17.7184
 47.1859 -17.3062
 47.4698 -16.8764
 47.936 -16.322
 48.1437 -16.0873
 48.1856 -16.1245
259 73 15
 -17.2819 41.5144
 -17.9495 43.1931
 -18.5042 44.3802
 -18.7472 44.473
 -18.3576 44.9064
 -17.2335 44.7476
 -16.4809 44.3688
 -16.0352 44.4824
 -15.3256 44.6385
 -14.8556 44.8024
 -14.8293 44.8106
 -14.7409 45.1329
 -14.445 45.5889
 -14.2875 45.7931
 -14.3416 45.8511
259 47 4
 -17.2819 41.5144
 -16.7692 39.8392
 -16.3923 38.5749
 -16.3376 38.4886
260 172 15
 -13.7961 -19.4273
 -13.9853 -17.7908
 -12.624 -16.2831
 -11.0188 -15.8286
 -10.8226 -15.6017
 -10.7122 -15.4859
 -10.233 -15.2505
 -9.7006 -14.9305
 -9.7224 -14.4236
 -9.482 -13.8984
 -9.05185 -13.629
 -8.8997 -13.518
 -8.72865 -13.3904
 -8.5873 -13.2551
 -8.5611 -13.2301
260 133 4
 -13.7961 -19.4273
 -13.7453 -21.3954
 -13.1556 -23.0434
 -12.5671 -23.1227
261 40 17
 0.9228 -49.6171
 1.90235 -50.8087
 1.89115 -51.0868
 1.97025 -51.4273
 2.00255 -51.8947
 1.96765 -52.1179
 1.89565 -52.1925
 1.69695 -51.9248
 0.85755 -52.2651
 -0.33975 -53.0066
 -1.01445 -53.4341
 -1.44285 -53.7075
 -1.704 -53.6979
 -1.8348 -53.75
 -1.9746 -53.7178
 -2.01975 -53.651
 -2.0285 -53.6391
261 89 4
 0.9228 -49.6171
 -0.07555 -48.5811
 -0.08215 -48.4691
 -0.0885 -48.439
262 109 18
 22.4048 3.40335
 22.6136 5.03245
 22.017 5.7863
 21.9244 6.23695
 21.7676 7.1049
 21.8883 7.7903
 21.2019 7.77715
 20.2972 7.74605
 19.2867 7.52205
 18.6568 7.4316
 18.5983 7.50655
 18.5175 7.7392
 17.6411 8.2334
 16.8527 8.57595
 16.84 8.6123
 16.699 7.94655
 16.6702 7.20905
 16.7658 7.102
262 163 5
 22.4048 3.40335
 21.5909 2.41295
 21.5458 2.2212
 21.6478 2.06115
 21.7134 2.1252
263 109 8
 14.1865 7.1429
 14.7845 6.9362
 15.0735 7.21975
 15.1824 7.6229
 15.6086 7.5058
 16.2822 7.20875
 16.6702 7.20905
 16.7658 7.102
263 20 3
 14.1865 7.1429
 13.8102 7.5232
 13.8068 7.5291
264 3 10
 -2.1933 8.86655
 -1.55265 9.5187
 -1.90665 10.4485
 -1.74375 10.6648
 -1.98445 11.2101
 -1.17795 12.7147
 -0.85465 14.225
 -0.9768 14.3237
 -1.01395 14.4044
 -1.0247 14.4324
264 25 4
 -2.1933 8.86655
 -2.10275 7.87375
 -1.3861 7.324
 -1.2894 7.3234
265 3 15
 2.11915 6.03475
 1.9884 7.43325
 1.97175 8.4339
 1.2835 9.04165
 0.12785 9.00965
 -0.54825 9.4554
 -0.6007 9.95215
 -0.8491 10.0975
 -1.74375 10.6648
 -1.98445 11.2101
 -1.17795 12.7147
 -0.85465 14.225
 -0.9768 14.3237
 -1.01395 14.4044
 -1.0247 14.4324
265 143 6
 2.11915 6.03475
 2.6889 4.82695
 3.54925 4.41275
 4.5795 4.1422
 5.0779 4.1275
 5.0889 4.107
266 129 3
 -13.7182 6.59345
 -13.771 8.6141
 -13.8052 8.6608
266 67 3
 -13.7182 6.59345
 -13.6987 4.616
 -13.6979 4.6125
267 127 44
 -28.0377 -0.936
 -26.9219 -0.4823
 -25.955 0.26145
 -25.6874 0.42395
 -25.6152 0.77805
 -24.5104 0.8622
 -23.4906 0.6108
 -23.5004 0.51675
 -23.1306 0.37495
 -22.5238 0.6084
 -22.3315 1.0402
 -22.4719 1.535
 -22.6254 2.2238
 -22.7415 2.80065
 -23.194 3.26195
 -23.9852 3.7149
 -24.3453 4.0145
 -24.1884 4.1618
 -23.9889 4.32045
 -23.7884 4.4466
 -23.7613 4.6054
 -23.9844 4.95715
 -24.1619 5.3156
 -24.2575 5.4911
 -24.2976 5.72555
 -24.3888 6.0225
 -24.6483 6.26045
 -24.8941 6.4222
 -25.1194 6.23025
 -25.3865 6.0185
 -25.5216 6.20735
 -25.7095 6.46385
 -25.8065 6.591
 -25.7213 6.7701
 -25.9302 7.1331
 -26.244 7.40135
 -26.246 7.6834
 -26.15 7.9833
 -26.1406 8.13155
 -26.1128 8.2884
 -26.0705 8.37695
 -25.7139 8.47405
 -25.3795 8.6154
 -25.365 8.6768
267 140 4
 -28.0377 -0.936
 -28.3976 -1.80195
 -28.3284 -2.8222
 -28.3282 -2.8259
268 61 9
 -11.5675 38.6466
 -12.6542 38.1166
 -13.0952 37.2783
 -13.94 37.1767
 -14.6786 36.9333
 -14.8678 36.0145
 -15.1248 35.6848
 -15.2081 35.6208
 -15.2022 35.5865
268 123 3
 -11.5675 38.6466
 -10.8056 38.9157
 -10.8172 39.0163
269 0 5
 47.225 0.99595
 47.9883 0.57825
 48.3434 0.36345
 48.4718 0.2506
 48.4967 0.2484
269 158 6
 47.225 0.99595
 46.4422 1.85025
 46.0595 2.6208
 45.7823 2.7013
 45.5527 2.57425
 45.4887 2.5965
270 0 18
 45.3725 -6.3142
 45.1495 -5.41025
 45.6904 -4.73075
 46.1227 -4.32565
 46.0954 -3.4903
 45.9118 -2.386
 46.2738 -2.7461
 46.7746 -2.6334
 47.2401 -2.3829
 47.2658 -1.73
 47.2332 -1.1637
 47.2455 -1.0873
 47.3501 -0.9513
 47.5187 -0.76395
 47.8691 -0.2316
 48.2497 0.194
 48.4205 0.21645
 48.4967 0.2484
270 156 12
 45.3725 -6.3142
 45.5584 -7.46305
 45.465 -8.07495
 45.3944 -8.0903
 45.5093 -8.1829
 45.5297 -8.36835
 45.4509 -8.4754
 45.6185 -8.4608
 45.9183 -8.40475
 46.1782 -8.3345
 46.3067 -8.30505
 46.3144 -8.297
271 15 7
 31.5355 -9.3959
 30.5689 -10.7861
 29.9276 -11.4932
 30.1381 -10.2775
 29.5847 -9.15005
 28.87 -8.92295
 28.7939 -9.0238
271 26 9
 31.5355 -9.3959
 32.5398 -8.06805
 33.1162 -7.8382
 33.9292 -8.0533
 34.6611 -8.56335
 34.9686 -8.85845
 35.8326 -9.6429
 36.2702 -10.4742
 36.2096 -10.5225
272 97 16
 32.8952 -30.9782
 33.7672 -31.2387
 34.492 -30.9604
 34.8236 -30.5154
 35.1455 -30.2983
 35.2827 -30.4169
 35.4857 -30.4426
 35.6197 -30.5647
 35.583 -30.7397
 35.72 -30.7908
 35.8589 -30.8342
 35.9293 -30.876
 35.9826 -30.9202
 36.0017 -31.0173
 36.0092 -31.1141
 36.0109 -31.1332
272 6 11
 32.8952 -30.9782
 32.0408 -30.7715
 31.4536 -31.0366
 31.3648 -31.1126
 31.0643 -31.065
 30.6677 -30.7563
 30.4942 -30.4343
 30.3334 -30.6259
 29.9411 -30.7673
 29.7197 -30.7451
 29.718 -30.7323
273 97 9
 35.5611 -35.6427
 35.4796 -34.0456
 35.6066 -33.3979
 35.6878 -32.6675
 35.4669 -31.7818
 35.653 -31.3591
 35.9919 -31.257
 36.0069 -31.1559
 36.0109 -31.1332
273 60 4
 35.5611 -35.6427
 35.5896 -36.8975
 35.4719 -37.0364
 35.374 -37.1137
274 5 21
 23.5624 -54.4734
 25.0848 -53.524
 26.0839 -54.0305
 26.4925 -54.0658
 26.9741 -53.7696
 27.7413 -52.4405
 29.0665 -51.7875
 30.0489 -53.1492
 31.0743 -54.01
 32.0714 -53.3643
 32.4201 -52.7646
 32.2856 -52.5701
 32.0495 -52.3769
 31.4534 -51.9941
 31.3101 -51.0041
 31.5479 -50.1067
 31.334 -49.8829
 31.1748 -49.7552
 31.0434 -49.5934
 30.998 -49.5144
 30.9922 -49.5028
274 42 4
 23.5624 -54.4734
 22.9069 -55.9317
 22.7668 -55.9812
 22.7513 -56.0191
275 56 10
 52.0649 -42.1135
 51.9888 -42.8256
 52.1959 -42.7913
 52.2597 -42.8237
 52.2621 -42.9463
 52.1944 -43.7208
 51.8754 -44.5676
 51.5726 -44.8112
 51.6071 -44.8886
 51.6525 -44.8926
275 68 4
 52.0649 -42.1135
 52.9331 -40.7539
 53.7145 -40.2018
 53.8899 -40.2552
276 22 16
 64.1774 -49.5339
 63.1274 -49.0423
 60.9456 -50.7104
 59.5878 -51.3402
 58.3034 -51.1749
 56.6121 -51.1975
 55.5642 -50.8901
 54.923 -50.1151
 54.5687 -49.8289
 54.16 -49.6932
 54.0308 -49.5809
 53.9294 -49.4436
 53.8112 -49.3444
 53.9274 -48.9688
 54.0019 -48.5225
 53.9753 -48.448
276 45 5
 64.1774 -49.5339
 62.1223 -58.2237
 59.4579 -66.0128
 58.9901 -66.6201
 58.9815 -66.5469
277 155 6
 -22.8629 -53.1539
 -22.3957 -54.453
 -22.4751 -56.0472
 -23.3391 -56.6156
 -23.6329 -56.5531
 -23.6562 -56.5905
277 142 4
 -22.8629 -53.1539
 -22.4571 -51.2701
 -22.138 -49.7359
 -22.178 -49.7125
278 51 6
 -37.1339 -23.0667
 -36.0073 -21.5296
 -33.5106 -21.5271
 -32.2132 -21.3808
 -32.1304 -21.2848
 -32.1035 -21.188
278 112 4
 -37.1339 -23.0667
 -37.2564 -25.921
 -37.4827 -27.1308
 -37.4582 -27.168
279 94 5
 -30.2423 -19.2795
 -30.2048 -17.8391
 -30.2212 -16.8158
 -30.0966 -16.6619
 -30.0766 -16.6192
279 92 3
 -30.2423 -19.2795
 -30.3554 -20.0979
 -30.3099 -20.3879
280 11 15
 -3.33465 -46.8559
 -4.85805 -46.2408
 -5.71755 -45.3632
 -6.0901 -44.8579
 -6.44315 -45.0499
 -7.05695 -45.9113
 -7.5199 -47.2427
 -7.7656 -48.3669
 -7.2898 -49.5292
 -6.60875 -50.3406
 -6.4825 -50.347
 -6.4129 -50.4142
 -6.37005 -50.454
 -6.33505 -50.4563
 -6.3236 -50.4602
280 89 5
 -3.33465 -46.8559
 -1.76185 -46.8642
 -0.81095 -47.5877
 -0.28535 -48.427
 -0.0885 -48.439
281 11 24
 -10.5993 -39.9178
 -9.7557 -40.9366
 -9.14005 -41.9641
 -9.22445 -42.4228
 -9.1784 -43.1076
 -8.74675 -43.7784
 -8.28065 -44.2131
 -8.2814 -44.229
 -8.9977 -44.4706
 -10.0212 -45.1789
 -10.42 -45.6952
 -10.5073 -46.142
 -10.4567 -46.9369
 -9.9092 -46.9932
 -8.5385 -47.3572
 -7.5199 -47.2427
 -7.7656 -48.3669
 -7.2898 -49.5292
 -6.60875 -50.3406
 -6.4825 -50.347
 -6.4129 -50.4142
 -6.37005 -50.454
 -6.33505 -50.4563
 -6.3236 -50.4602
281 58 10
 -10.5993 -39.9178
 -11.2945 -39.2012
 -12.1399 -38.1184
 -12.7294 -37.7834
 -13.172 -37.5744
 -13.3445 -37.2574
 -13.4115 -37.1313
 -13.2871 -37.0353
 -13.1574 -36.963
 -13.145 -36.9474
282 135 10
 -6.03325 -20.1302
 -5.87415 -21.423
 -5.526 -23.1977
 -5.4748 -24.2821
 -5.639 -25.472
 -5.92345 -26.6809
 -6.14055 -26.8674
 -6.03625 -27.5392
 -5.9776 -28.1401
 -6.0981 -28.1767
282 172 16
 -6.03325 -20.1302
 -5.746 -19.1705
 -5.80935 -18.5145
 -6.22755 -17.041
 -6.51005 -15.7057
 -6.82025 -15.1325
 -6.98615 -14.4046
 -6.99965 -14.0943
 -7.3008 -13.945
 -7.75975 -13.8123
 -7.9774 -13.773
 -8.4299 -13.6826
 -8.86255 -13.5466
 -8.72865 -13.3904
 -8.5873 -13.2551
 -8.5611 -13.2301
283 159 7
 3.45345 -18.1529
 4.2784 -16.5958
 4.4927 -16.155
 5.24075 -15.6326
 6.4173 -14.8533
 6.749 -14.5006
 6.7519 -14.4583
283 131 4
 3.45345 -18.1529
 2.65915 -18.72
 2.208 -18.0532
 2.0402 -17.9891
284 159 8
 7.0029 -18.4316
 6.14665 -16.9073
 5.13205 -16.0687
 4.4927 -16.155
 5.24075 -15.6326
 6.4173 -14.8533
 6.749 -14.5006
 6.7519 -14.4583
284 124 4
 7.0029 -18.4316
 7.92365 -19.3402
 8.52975 -19.6983
 8.5964 -19.6937
285 32 8
 9.6318 -46.951
 10.5961 -46.9165
 10.84 -47.2108
 10.8832 -47.6838
 10.7059 -48.3939
 10.7225 -49.032
 10.9275 -49.4466
 10.9616 -49.4893
285 151 5
 9.6318 -46.951
 8.0817 -46.9707
 7.288 -46.6629
 7.133 -46.6069
 7.0084 -46.5786
286 40 18
 4.11895 -51.1065
 2.92465 -51.1107
 1.9833 -51.0051
 1.89115 -51.0868
 1.97025 -51.4273
 2.00255 -51.8947
 1.96765 -52.1179
 1.89565 -52.1925
 1.69695 -51.9248
 0.85755 -52.2651
 -0.33975 -53.0066
 -1.01445 -53.4341
 -1.44285 -53.7075
 -1.704 -53.6979
 -1.8348 -53.75
 -1.9746 -53.7178
 -2.01975 -53.651
 -2.0285 -53.6391
286 168 9
 4.11895 -51.1065
 5.1914 -50.9259
 6.00665 -50.9201
 6.869 -50.6133
 7.8677 -50.3181
 8.23725 -50.3316
 8.38855 -50.2976
 8.41855 -50.302
 8.4352 -50.3192
287 174 23
 14.165 -49.0759
 14.187 -49.5264
 14.1942 -49.8261
 14.4355 -49.9696
 14.6618 -50.0588
 14.6742 -50.0533
 14.7483 -49.9593
 14.9092 -49.9368
 15.03 -49.9622
 15.3465 -50.2854
 15.6557 -50.6232
 15.7604 -50.6236
 15.9354 -50.7078
 16.0736 -50.7999
 16.2042 -50.7549
 16.2988 -50.7248
 16.4538 -50.745
 16.6083 -50.7644
 16.6716 -50.712
 16.7313 -50.6627
 16.7826 -50.6749
 16.8175 -50.6316
 16.8131 -50.5864
287 27 9
 14.165 -49.0759
 14.0281 -48.5665
 13.7571 -48.4513
 13.3806 -48.6006
 13.1541 -48.5805
 13.0686 -48.5018
 13.1231 -48.6169
 13.082 -48.699
 13.0564 -48.7234
288 27 6
 12.91 -47.6333
 12.983 -48.4395
 13.0686 -48.5018
 13.1231 -48.6169
 13.082 -48.699
 13.0564 -48.7234
288 104 5
 12.91 -47.6333
 12.8818 -46.7934
 12.9353 -46.5842
 13.0042 -46.4007
 13.0491 -46.3876
289 12 11
 11.1566 -14.378
 12.4181 -14.462
 13.157 -14.9658
 13.5009 -14.9039
 13.913 -14.4766
 14.0955 -14.2957
 15.101 -14.1588
 16.0923 -14.0771
 16.2077 -14.0954
 16.3433 -13.9753
 16.4002 -13.8655
289 159 12
 11.1566 -14.378
 10.2997 -14.4995
 9.7095 -14.4823
 9.07385 -14.8358
 8.70485 -15.1386
 8.71825 -15.1968
 8.38335 -15.1494
 7.89065 -14.7766
 7.3675 -14.3673
 6.96895 -14.3193
 6.81075 -14.3874
 6.7519 -14.4583
290 107 3
 11.7037 -8.4073
 12.0968 -9.7434
 12.2378 -9.8431
290 141 4
 11.7037 -8.4073
 11.4955 -6.70355
 11.4863 -6.2412
 11.4333 -6.2462
291 59 5
 5.36075 6.17335
 5.49205 7.12055
 5.42595 8.00015
 5.0046 8.27155
 4.9414 8.3314
291 143 5
 5.36075 6.17335
 5.23705 5.26745
 5.00975 4.39435
 5.0779 4.1275
 5.0889 4.107
292 25 17
 -9.1805 10.0989
 -8.41685 8.61265
 -7.6154 8.22675
 -7.2756 7.73065
 -6.9546 7.23245
 -6.61705 6.9864
 -6.1489 6.90835
 -5.8963 7.08055
 -5.66885 7.054
 -5.38435 7.0507
 -4.1508 7.17965
 -2.57745 7.0772
 -2.0282 6.8542
 -1.87885 7.01205
 -1.6237 7.21955
 -1.38485 7.2843
 -1.2894 7.3234
292 145 3
 -9.1805 10.0989
 -9.23055 11.4049
 -9.2924 11.6079
293 127 22
 -23.7267 5.79315
 -24.2575 5.4911
 -24.2976 5.72555
 -24.3888 6.0225
 -24.6483 6.26045
 -24.8941 6.4222
 -25.1194 6.23025
 -25.3865 6.0185
 -25.5216 6.20735
 -25.7095 6.46385
 -25.8065 6.591
 -25.7213 6.7701
 -25.9302 7.1331
 -26.244 7.40135
 -26.246 7.6834
 -26.15 7.9833
 -26.1406 8.13155
 -26.1128 8.2884
 -26.0705 8.37695
 -25.7139 8.47405
 -25.3795 8.6154
 -25.365 8.6768
293 102 3
 -23.7267 5.79315
 -22.4658 6.72865
 -21.6798 7.3085
294 113 7
 -13.1139 3.778
 -12.5723 2.9028
 -12.3552 2.64055
 -12.0852 2.3723
 -11.8792 2.2835
 -11.7164 2.28565
 -11.7159 2.2961
294 67 3
 -13.1139 3.778
 -13.6813 4.5956
 -13.6979 4.6125
295 149 4
 -15.0778 -2.13225
 -15.0966 -1.0053
 -14.8153 -0.31525
 -14.8107 -0.2593
295 99 4
 -15.0778 -2.13225
 -14.6059 -3.6032
 -14.248 -4.69025
 -14.0665 -4.7992
296 78 17
 -15.5479 -6.93095
 -15.0581 -8.4566
 -14.5024 -9.32475
 -14.8967 -9.3892
 -15.6265 -9.41095
 -16.3159 -9.7804
 -16.8661 -10.6073
 -17.2839 -11.3145
 -17.5061 -11.6621
 -17.5578 -11.7152
 -17.4968 -11.7763
 -17.4497 -11.8769
 -17.4591 -11.989
 -17.4762 -12.0632
 -17.4514 -12.1076
 -17.4362 -12.1702
 -17.4464 -12.2018
296 99 5
 -15.5479 -6.93095
 -15.4584 -6.146
 -14.7461 -5.4866
 -14.047 -4.87205
 -14.0665 -4.7992
297 99 14
 -11.7549 -11.7582
 -11.5282 -10.3234
 -11.8895 -9.7704
 -12.3162 -9.0058
 -12.1231 -8.62575
 -11.8875 -8.0626
 -11.9298 -7.2627
 -11.8195 -6.35405
 -12.0317 -5.42165
 -12.8205 -4.7616
 -13.3556 -4.38865
 -13.7491 -4.608
 -14.0546 -4.7973
 -14.0665 -4.7992
297 172 16
 -11.7549 -11.7582
 -11.9941 -13.1152
 -12.136 -13.4165
 -11.8624 -14.3066
 -11.1929 -15.3181
 -10.8226 -15.6017
 -10.7122 -15.4859
 -10.233 -15.2505
 -9.7006 -14.9305
 -9.7224 -14.4236
 -9.482 -13.8984
 -9.05185 -13.629
 -8.8997 -13.518
 -8.72865 -13.3904
 -8.5873 -13.2551
 -8.5611 -13.2301
298 114 7
 -22.3803 -15.0646
 -24.2617 -15.4074
 -25.7155 -15.6035
 -26.3961 -15.8807
 -27.3393 -16.7061
 -28.2917 -17.5431
 -28.3138 -17.5473
298 78 8
 -22.3803 -15.0646
 -20.6855 -14.1727
 -19.6717 -13.2147
 -19.1419 -12.6027
 -18.3293 -12.5136
 -17.5495 -12.3762
 -17.4566 -12.2077
 -17.4464 -12.2018
299 120 23
 -26.8411 9.84805
 -26.6859 10.5266
 -26.7673 11.0704
 -26.8868 11.4911
 -27.0244 11.7222
 -27.2141 11.9999
 -27.2621 12.2024
 -27.2596 12.4057
 -27.2649 12.6332
 -27.3601 12.8778
 -27.3964 13.3273
 -27.5191 13.9143
 -27.8895 14.3366
 -28.2626 14.607
 -28.4094 14.7819
 -28.3897 14.9264
 -28.3207 15.1192
 -28.2253 15.2043
 -28.2482 15.2495
 -28.3312 15.3331
 -28.4834 15.3046
 -28.6339 15.2495
 -28.6593 15.2658
299 127 9
 -26.8411 9.84805
 -27.0794 9.3008
 -27.0534 9.1973
 -26.5693 8.8072
 -26.18 8.39805
 -26.0705 8.37695
 -25.7139 8.47405
 -25.3795 8.6154
 -25.365 8.6768
300 98 30
 -25.8495 21.9357
 -26.2084 22.0639
 -26.5681 22.1909
 -27.0329 22.184
 -27.554 22.214
 -27.7093 22.1361
 -27.9128 22.311
 -28.1166 22.3367
 -28.1887 22.3382
 -28.2477 22.2117
 -28.3182 22.0972
 -28.4376 22.078
 -28.585 22.0644
 -28.7136 22.1637
 -28.8106 22.1902
 -28.8103 22.284
 -28.9088 22.367
 -28.9789 22.4365
 -28.955 22.5168
 -28.9142 22.5858
 -28.9895 22.5861
 -29.0741 22.5862
 -29.1122 22.5854
 -29.1438 22.5648
 -29.1711 22.5245
 -29.1625 22.4841
 -29.1791 22.5159
 -29.2295 22.5369
 -29.2732 22.5647
 -29.2684 22.5752
300 63 31
 -25.8495 21.9357
 -25.3305 21.8119
 -24.9235 21.7004
 -24.6381 21.6729
 -24.1938 21.765
 -23.9565 21.824
 -23.8367 21.7675
 -23.7278 21.7365
 -23.6327 21.6903
 -23.4727 21.6416
 -23.2136 21.7289
 -22.9653 21.8368
 -22.7331 21.9523
 -22.3988 22.1058
 -22.2048 22.1693
 -22.1348 22.2952
 -21.8787 22.4854
 -21.7495 22.8193
 -21.8209 23.1059
 -21.9668 23.3684
 -22.036 23.6801
 -21.9802 23.8928
 -21.7186 24.1058
 -21.601 24.4118
 -21.6774 24.6578
 -21.5541 24.7368
 -21.4053 24.7444
 -21.2956 24.6859
 -21.251 24.6474
 -21.208 24.5977
 -21.2088 24.5813
301 98 23
 -28.6031 24.8976
 -28.2258 24.0926
 -28.4375 23.5809
 -28.451 23.5073
 -28.5618 23.3958
 -28.6828 23.2055
 -28.6563 23.0108
 -28.5648 22.9622
 -28.5532 22.9192
 -28.6343 22.8556
 -28.6801 22.8631
 -28.7682 22.8825
 -28.8647 22.8782
 -28.958 22.8197
 -29.062 22.6986
 -29.1179 22.6105
 -29.1438 22.5648
 -29.1711 22.5245
 -29.1625 22.4841
 -29.1791 22.5159
 -29.2295 22.5369
 -29.2732 22.5647
 -29.2684 22.5752
301 57 6
 -28.6031 24.8976
 -29.3146 25.5405
 -29.6944 25.9417
 -30.0712 25.9571
 -30.2521 25.9223
 -30.2756 25.942
302 173 24
 -24.0041 36.4025
 -25.4966 35.7771
 -26.1633 35.3437
 -26.223 35.0808
 -26.4421 34.8273
 -26.9689 34.3605
 -27.224 34.0626
 -26.121 33.4665
 -24.8973 32.8685
 -24.7156 32.8383
 -24.5779 32.6236
 -24.4072 32.3378
 -24.2255 32.1557
 -24.0186 32.0337
 -23.7865 32.0758
 -23.6368 32.2053
 -23.5282 32.1243
 -23.4314 31.8978
 -23.3991 31.6883
 -23.2605 31.5036
 -23.1476 31.354
 -23.1168 31.2538
 -23.0979 31.2479
 -23.0895 31.2457
302 34 4
 -24.0041 36.4025
 -23.4239 37.3404
 -23.5609 37.9604
 -23.3786 38.0322
303 121 13
 -20.8848 28.8414
 -20.4316 28.7451
 -20.2589 28.5903
 -20.1075 28.2964
 -19.9689 27.8681
 -19.9291 27.4822
 -19.7107 27.311
 -19.2641 27.2058
 -18.9463 27.2939
 -18.8458 27.3397
 -18.825 27.4171
 -18.8173 27.4911
 -18.82 27.5029
303 173 22
 -20.8848 28.8414
 -21.2053 29.1817
 -21.2167 29.3913
 -21.3825 29.5765
 -21.6055 29.8968
 -21.7568 30.2309
 -21.8623 30.3807
 -21.91 30.3904
 -22.0012 30.4744
 -22.2361 30.4698
 -22.4515 30.3761
 -22.5559 30.3905
 -22.6503 30.5242
 -22.7761 30.6306
 -22.6907 30.6531
 -22.6655 30.7236
 -22.7605 30.8422
 -22.8675 30.9368
 -22.9223 31.0482
 -23.0268 31.1881
 -23.0812 31.2444
 -23.0895 31.2457
304 16 13
 -3.5539 36.7142
 -3.2607 35.5589
 -2.45245 34.9742
 -2.6695 33.5084
 -4.2044 32.3886
 -4.71435 32.1567
 -4.88445 32.1194
 -5.244 32.0729
 -5.37855 32.0011
 -5.29635 31.7969
 -5.02845 31.3552
 -4.7669 31.0483
 -4.7467 31.036
304 122 13
 -3.5539 36.7142
 -3.91025 37.987
 -4.01855 38.3881
 -4.2355 39.0907
 -4.07975 40
 -3.7409 40.5155
 -3.571 40.9848
 -3.5859 42.319
 -3.97525 43.2774
 -4.54365 43.2066
 -5.34505 42.6759
 -5.7728 42.2686
 -5.7513 42.265
305 122 20
 2.2745 51.7229
 2.30615 50.4779
 2.45815 49.9104
 1.745 48.8092
 0.7856 47.7418
 0.2881 47.3312
 0.0167 46.7896
 -0.06865 45.9445
 -0.20315 45.1432
 -0.543 44.764
 -0.9694 44.3662
 -1.18585 44.2613
 -1.40785 44.4919
 -2.32835 44.4762
 -3.58695 43.9618
 -4.1545 43.5137
 -4.54365 43.2066
 -5.34505 42.6759
 -5.7728 42.2686
 -5.7513 42.265
305 69 11
 2.2745 51.7229
 3.04485 52.9706
 3.84065 53.8045
 4.0125 53.8579
 5.07285 52.8961
 6.28965 52.2225
 6.89165 53.1057
 7.4887 54.3637
 7.69255 54.8877
 7.73405 55.0062
 7.7182 55.0208
306 35 4
 15.6128 40.7177
 15.0634 41.3137
 15.0178 41.3075
 14.9908 41.3019
306 85 3
 15.6128 40.7177
 16.1728 40.049
 16.2022 39.9767
307 121 36
 -13.8831 30.2616
 -13.8883 29.5765
 -14.3102 28.6392
 -14.9893 28.5224
 -15.2919 28.8179
 -15.3561 28.8487
 -15.3895 28.8644
 -15.5177 28.9694
 -15.6847 29.1835
 -15.7562 29.1529
 -15.8641 28.9612
 -16.0094 28.9045
 -16.0611 28.8825
 -16.0865 28.8363
 -16.1651 28.8049
 -16.2864 28.7881
 -16.3873 28.7456
 -16.4365 28.7068
 -16.4694 28.6632
 -16.5401 28.6295
 -16.6052 28.6268
 -16.6605 28.5604
 -16.838 28.4981
 -17.2573 28.5268
 -17.7532 28.4836
 -17.9657 28.3057
 -17.8595 28.0476
 -17.9075 27.8904
 -18.1547 27.7962
 -18.2899 27.6855
 -18.392 27.6431
 -18.5119 27.6141
 -18.6462 27.5605
 -18.7596 27.5133
 -18.8095 27.5034
 -18.82 27.5029
307 62 5
 -13.8831 30.2616
 -13.5506 30.4421
 -13.2643 30.6514
 -13.2588 30.8589
 -13.2187 30.8981
308 171 8
 -0.56925 25.811
 0.09135 25.9908
 0.2416 26.1684
 0.27635 26.3048
 0.20865 26.3387
 0.1793 26.3997
 0.19795 26.4819
 0.2168 26.5245
308 29 32
 -0.56925 25.811
 -1.31355 25.6825
 -1.56085 25.6214
 -2.14675 25.7743
 -2.9223 25.9329
 -3.3629 26.0149
 -3.60645 26.2458
 -3.89915 26.4809
 -4.42755 26.6817
 -4.77275 26.7515
 -4.8773 26.8358
 -4.78145 26.6321
 -4.5481 26.3716
 -4.562 25.6959
 -4.72885 25.0874
 -4.8518 25.063
 -5.2985 24.9155
 -5.6437 24.5458
 -6.11125 24.4962
 -6.94545 24.843
 -7.28205 24.747
 -7.5387 24.3976
 -7.93975 24.2458
 -8.3724 24.2455
 -8.694 24.2074
 -8.81485 23.9822
 -9.17425 23.6789
 -9.67125 23.6752
 -9.91315 23.7578
 -9.6478 23.4916
 -9.34345 23.2369
 -9.3286 23.2357
309 171 9
 -0.3888 24.2237
 0.02255 25.4044
 0.09135 25.9908
 0.2416 26.1684
 0.27635 26.3048
 0.20865 26.3387
 0.1793 26.3997
 0.19795 26.4819
 0.2168 26.5245
309 153 7
 -0.3888 24.2237
 -0.8886 23.3766
 -1.69475 22.5212
 -2.65055 21.497
 -2.9944 21.0553
 -3.11175 20.9656
 -3.1152 20.9494
310 171 9
 2.3449 24.749
 1.6109 25.1911
 0.85455 25.7943
 0.4186 26.253
 0.27635 26.3048
 0.20865 26.3387
 0.1793 26.3997
 0.19795 26.4819
 0.2168 26.5245
310 118 26
 2.3449 24.749
 2.8527 24.1087
 3.24605 23.8107
 2.55125 22.7929
 1.8164 21.7367
 1.25555 21.1449
 1.04995 20.0842
 1.227 19.0097
 1.2153 18.3045
 1.19845 18.0394
 1.31875 17.8423
 1.884 16.9417
 2.4481 16.1563
 2.53615 16.1852
 3.0748 16.4389
 3.63565 16.5938
 3.716 16.4868
 3.89855 16.3988
 4.0811 16.3633
 4.2447 16.1552
 4.66495 15.8836
 5.1812 15.8112
 5.45965 15.6293
 5.8944 15.3417
 6.2952 15.2556
 6.3172 15.2603
311 21 8
 38.5591 13.3899
 39.5667 13.5389
 39.861 13.8495
 40.0389 13.887
 40.1502 13.9262
 40.2994 13.9786
 40.4263 14.029
 40.448 14.0323
311 53 4
 38.5591 13.3899
 37.2696 13.2228
 36.8314 12.8146
 36.8583 12.7314
312 2 16
 33.6717 22.6923
 33.9565 22.5478
 34.2768 22.5373
 34.4397 22.3142
 35.0272 22.3293
 35.6256 22.5492
 35.8573 22.462
 36.229 22.3242
 36.507 22.3068
 36.6702 22.444
 36.7962 22.5484
 36.9947 22.5905
 37.1732 22.6353
 37.2263 22.618
 37.2792 22.5723
 37.3184 22.5546
312 128 4
 33.6717 22.6923
 33.5648 23.7158
 33.5909 24.6389
 33.6272 24.6834
313 167 12
 31.6598 28.4134
 32.6642 28.2221
 32.0906 29.1232
 31.5096 29.9358
 31.3338 30.1049
 31.2268 30.3683
 31.4306 30.909
 31.6115 31.4217
 31.7673 31.7337
 31.8923 31.9088
 31.9728 31.8147
 32.0378 31.7889
313 33 5
 31.6598 28.4134
 30.5014 28.5147
 30.2576 28.6567
 30.1259 28.843
 30.0922 28.8882
314 167 14
 33.2336 26.2099
 32.7344 27.5462
 32.6655 28.0185
 32.6642 28.2221
 32.0906 29.1232
 31.5096 29.9358
 31.3338 30.1049
 31.2268 30.3683
 31.4306 30.909
 31.6115 31.4217
 31.7673 31.7337
 31.8923 31.9088
 31.9728 31.8147
 32.0378 31.7889
314 128 4
 33.2336 26.2099
 33.6415 25.0194
 33.6185 24.7445
 33.6272 24.6834
315 70 19
 25.0569 34.1897
 25.39 35.4276
 25.2165 36.3894
 24.4533 37.4433
 24.0631 38.0871
 23.6684 38.8474
 25.122 38.424
 26.3657 38.1311
 26.7146 38.6247
 27.5614 39.3651
 28.4009 39.3405
 28.5735 39.2645
 29.4662 39.3392
 30.2627 39.3741
 30.6653 39.1948
 31.1226 38.5767
 31.2358 38.0843
 31.3077 38.0308
 31.3257 38.0047
315 77 9
 25.0569 34.1897
 25.149 32.799
 25.3592 32.2534
 24.8118 31.7561
 23.8236 31.562
 22.6432 32.0239
 21.8994 32.2316
 21.6476 31.995
 21.5008 31.999
316 38 14
 39.0421 50.0098
 39.6849 49.7076
 39.7901 49.6019
 39.9472 49.5489
 40.004 49.5992
 40.0096 49.6205
 40.0838 49.6419
 40.181 49.667
 40.2745 49.6637
 40.3764 49.6734
 40.3202 49.6198
 40.2972 49.5542
 40.2999 49.4879
 40.3113 49.4487
316 46 30
 39.0421 50.0098
 38.8382 50.5828
 39.1926 51.0766
 38.9372 51.2463
 38.5034 51.2783
 38.2038 51.5122
 38.0877 51.7472
 38.0826 51.9198
 38.0028 51.5586
 37.8246 50.9377
 37.6126 50.5238
 37.53 50.1514
 37.4533 49.5286
 37.5001 48.7406
 37.5471 48.1299
 37.7865 47.7683
 38.3554 47.3436
 38.5078 47.0218
 38.3101 46.7337
 37.9379 46.4509
 37.9515 45.6245
 38.9317 44.6559
 39.6077 44.6908
 40.3739 44.8123
 41.4661 44.6817
 41.9851 45.0235
 42.3326 44.3417
 43.1883 44.0982
 43.5398 44.2671
 43.5583 44.2768
317 38 14
 42.3701 55.5238
 43.8462 54.7988
 44.034 53.5102
 43.2458 52.615
 43.1868 52.1862
 42.5894 51.9343
 41.3063 50.7273
 40.4726 49.8289
 40.4093 49.7197
 40.3764 49.6734
 40.3202 49.6198
 40.2972 49.5542
 40.2999 49.4879
 40.3113 49.4487
317 134 10
 42.3701 55.5238
 41.9207 56.5043
 42.1245 57.5835
 42.2863 58.0557
 42.3566 58.8689
 41.7936 60.0662
 41.3046 60.9047
 41.4187 61.3464
 41.5899 61.7221
 41.6479 61.7745
318 136 30
 39.8602 26.7735
 39.0202 27.0047
 38.7355 27.1761
 38.7839 26.9939
 38.6754 26.3174
 38.9226 25.4497
 39.2889 25.1048
 39.4418 24.8425
 39.5336 24.3971
 39.3721 24.0376
 39.2634 23.8801
 39.2307 23.7907
 39.0563 23.5416
 39.069 23.1123
 39.4603 22.5633
 39.9341 22.2574
 40.209 22.1184
 40.2314 21.9805
 40.174 21.922
 40.1114 21.8404
 39.9515 21.8264
 39.7537 21.5331
 39.6683 21.2006
 39.5239 21.0971
 39.2627 21.0607
 38.9305 21.1869
 38.6592 21.4942
 38.6249 21.8498
 38.7084 21.9736
 38.7342 21.98
318 82 4
 39.8602 26.7735
 40.4744 26.6395
 40.61 26.6316
 40.7234 26.645
319 95 7
 48.1527 19.5797
 47.7826 20.066
 47.7414 20.3113
 47.4957 20.6357
 47.2685 20.9827
 47.1715 21.2336
 47.1162 21.3538
319 165 5
 48.1527 19.5797
 48.6313 19.3357
 48.8208 19.4056
 48.9521 19.3596
 48.9832 19.349
320 95 22
 47.1963 25.8112
 46.5822 24.7448
 46.249 24.1611
 46.0685 23.994
 45.8867 23.8835
 45.7776 23.6971
 45.8314 23.5708
 45.9001 23.4901
 45.9388 23.4353
 46.1269 23.2402
 46.3423 22.9227
 46.3835 22.9253
 46.4424 23.0885
 46.5679 23.0214
 46.8296 22.7509
 46.991 22.4226
 46.9126 22.2271
 46.6432 21.8563
 46.4556 21.4201
 46.7771 21.325
 47.0784 21.3559
 47.1162 21.3538
320 72 6
 47.1963 25.8112
 47.6122 26.4788
 47.6936 26.5677
 47.7051 26.7046
 47.6197 26.7962
 47.5657 26.8285
321 72 7
 48.5256 25.5206
 48.0454 26.0266
 47.7345 26.4762
 47.6936 26.5677
 47.7051 26.7046
 47.6197 26.7962
 47.5657 26.8285
321 110 4
 48.5256 25.5206
 49.0909 25.1126
 49.4602 24.7896
 49.517 24.804
322 65 24
 43.336 33.9839
 42.8562 34.6946
 42.6536 35.3453
 42.6792 35.5804
 42.6326 35.8561
 42.6241 36.0692
 43.0224 36.5703
 43.1648 37.2805
 42.8402 37.4605
 42.6289 37.4912
 42.6488 37.7261
 42.7496 38.5762
 43.0809 39.1898
 43.8523 39.1585
 44.1183 39.3315
 43.9876 39.5983
 43.9285 39.7946
 44.1158 39.895
 44.4109 40.0031
 44.2658 40.3413
 43.9362 40.5558
 43.672 40.4663
 43.5324 40.4176
 43.5326 40.4053
322 72 21
 43.336 33.9839
 44.0474 33.7109
 44.8008 33.7365
 45.0326 33.9242
 45.1448 33.3978
 45.032 32.535
 44.9251 31.9918
 45.1563 31.7372
 45.1468 31.1161
 45.0149 30.4179
 44.9835 29.6609
 45.0642 29.2077
 45.5313 28.9561
 46.1052 28.2796
 46.6566 27.574
 46.9887 27.1289
 47.1647 27.0286
 47.3299 26.955
 47.4211 26.8503
 47.5338 26.8225
 47.5657 26.8285
323 46 10
 44.0444 46.9948
 42.4619 46.2251
 42.2151 46.1618
 42.1842 46.0509
 42.187 45.6455
 41.9851 45.0235
 42.3326 44.3417
 43.1883 44.0982
 43.5398 44.2671
 43.5583 44.2768
323 144 7
 44.0444 46.9948
 45.612 48.027
 46.2712 48.347
 47.2904 48.3139
 47.9473 48.272
 48.0803 48.3046
 48.0878 48.3032
324 125 7
 46.0331 44.6726
 47.0153 43.8364
 47.3532 43.3708
 47.8169 43.0222
 48.3899 42.4571
 48.8288 42.0301
 48.9628 41.9034
324 46 7
 46.0331 44.6726
 44.7246 44.9101
 44.0993 44.4839
 43.8796 44.259
 43.731 44.2126
 43.6019 44.2293
 43.5583 44.2768
325 119 11
 49.1122 38.2574
 49.9531 36.8873
 50.5547 36.8016
 50.6099 36.6289
 51.2378 36.0675
 51.9897 35.7565
 52.4925 36.0843
 53.1507 36.7765
 53.7899 37.6548
 54.1836 38.0854
 54.2422 38.0854
325 125 6
 49.1122 38.2574
 49.1575 40.2471
 49.3955 41.0095
 49.1713 41.4117
 48.9938 41.8273
 48.9628 41.9034
326 119 8
 58.2826 38.068
 57.2942 37.5944
 56.6898 37.5387
 56.2709 38.1974
 55.3563 38.2868
 54.5354 38.2234
 54.2607 38.0907
 54.2422 38.0854
326 13 3
 58.2826 38.068
 58.7531 37.8342
 58.7703 37.8155
327 110 8
 52.6497 25.1821
 51.8051 23.55
 50.7753 22.9101
 50.3667 22.9701
 50.709 23.4361
 50.2461 24.2718
 49.5331 24.8039
 49.517 24.804
327 1 3
 52.6497 25.1821
 52.888 26.3232
 52.7946 26.3698
328 43 18
 61.6912 14.5682
 61.9971 14.1718
 62.0561 13.799
 62.0664 13.5589
 62.0159 13.4051
 61.6755 13.4405
 61.2387 13.2638
 60.9863 13.0101
 61.2225 12.7897
 61.4893 12.472
 61.5707 12.3426
 61.627 12.1979
 61.6777 12.0651
 61.3576 11.8232
 61.0998 11.4733
 61.0596 11.2668
 60.928 11.1716
 60.9029 11.1653
328 148 4
 61.6912 14.5682
 61.6556 14.821
 61.8787 14.9162
 61.9443 14.9207
329 148 19
 55.0315 15.4494
 55.6338 15.0674
 55.7439 14.4671
 55.6372 14.3365
 55.9519 14.3326
 56.537 14.398
 57.1006 14.3311
 57.3941 14.2629
 57.8185 14.3542
 58.2399 14.5864
 59.043 14.753
 59.6756 14.8853
 59.9333 14.9707
 60.3047 14.8334
 60.7512 14.8628
 61.3069 14.799
 61.6556 14.821
 61.8787 14.9162
 61.9443 14.9207
329 75 5
 55.0315 15.4494
 54.0436 15.7626
 53.4045 16.1204
 53.1968 16.0278
 53.1676 16.0512
330 148 20
 55.348 12.4528
 55.3331 13.4541
 55.5979 13.8498
 55.6512 14.1812
 55.6372 14.3365
 55.9519 14.3326
 56.537 14.398
 57.1006 14.3311
 57.3941 14.2629
 57.8185 14.3542
 58.2399 14.5864
 59.043 14.753
 59.6756 14.8853
 59.9333 14.9707
 60.3047 14.8334
 60.7512 14.8628
 61.3069 14.799
 61.6556 14.821
 61.8787 14.9162
 61.9443 14.9207
330 130 3
 55.348 12.4528
 55.444 11.5707
 55.4692 11.5434
331 21 31
 43.3225 11
 43.2103 11.9513
 43.1365 12.7146
 43.2452 13.2008
 43.5425 13.1201
 43.2428 13.2906
 42.8366 13.5965
 42.6123 13.6522
 42.6545 13.7648
 42.4482 13.9031
 42.2162 13.9817
 42.0263 13.9324
 41.6636 13.9032
 41.297 14.0424
 41.1282 14.1847
 41.048 14.2491
 40.9177 14.2781
 40.8092 14.2767
 40.8817 14.4023
 40.9108 14.5443
 40.8883 14.6579
 40.87 14.7222
 40.7984 14.6944
 40.6562 14.5828
 40.5243 14.5059
 40.483 14.4054
 40.4522 14.2899
 40.4128 14.2369
 40.4132 14.127
 40.4397 14.0398
 40.448 14.0323
331 166 11
 43.3225 11
 43.5658 10.059
 43.5289 9.4275
 43.3312 8.8013
 43.4733 8.3223
 43.9099 7.4603
 44.0687 6.88415
 44.4014 6.7745
 44.95 6.9862
 45.2068 7.30955
 45.2464 7.3135
332 138 4
 66.3641 3.48065
 65.9265 2.3585
 65.2869 1.6576
 65.1142 1.6699
332 10 3
 66.3641 3.48065
 66.4207 3.99675
 66.5067 4.1039
333 52 7
 61.4188 1.65195
 60.9587 2.75215
 60.919 3.6549
 60.8588 3.6653
 60.7924 3.6304
 60.7276 3.5948
 60.6704 3.5683
333 138 10
 61.4188 1.65195
 62.2939 0.8575
 62.9361 0.4799
 63.1902 0.64165
 63.7927 0.9377
 64.5889 1.2435
 64.8869 1.25035
 65.0226 1.44315
 65.1167 1.64365
 65.1142 1.6699
334 105 45
 49.7029 -29.9611
 49.7478 -31.258
 49.3072 -31.7206
 49.0898 -31.6702
 48.0945 -31.7007
 46.9558 -32.3905
 46.676 -32.8035
 46.3149 -32.6526
 45.9063 -32.7122
 45.5016 -32.6719
 45.2028 -32.5672
 45.0532 -32.6184
 44.9839 -32.5076
 44.9118 -32.4173
 44.8132 -32.4405
 44.7653 -32.371
 44.7376 -32.2596
 44.7247 -32.1987
 44.6896 -32.1259
 44.6727 -32.0665
 44.695 -32.0302
 44.7243 -31.9893
 44.73 -31.8437
 44.5594 -31.6518
 44.2915 -31.6159
 44.1245 -31.3743
 43.9909 -31.045
 43.7456 -31.0534
 43.4661 -31.3196
 43.2389 -31.4576
 43.0993 -31.3056
 43.0014 -31.3972
 42.8298 -31.4883
 42.737 -31.563
 42.6654 -31.5523
 42.6413 -31.5901
 42.5822 -31.6401
 42.5213 -31.7089
 42.5515 -31.7633
 42.5627 -31.8995
 42.5325 -32.033
 42.4256 -31.9773
 42.1593 -31.8449
 41.9352 -31.7121
 41.8911 -31.6506
334 50 3
 49.7029 -29.9611
 49.0856 -28.9901
 48.7412 -28.9557
335 156 14
 47.7132 -10.8428
 46.9892 -10.5645
 46.6508 -10.4055
 46.5104 -10.0793
 46.3959 -9.74025
 46.5275 -9.54835
 46.6658 -9.52645
 46.7543 -9.4157
 46.8336 -9.20405
 46.7711 -8.9125
 46.5921 -8.68435
 46.4174 -8.449
 46.3067 -8.30505
 46.3144 -8.297
335 49 14
 47.7132 -10.8428
 48.1162 -11.2728
 48.3065 -11.5342
 48.3388 -11.7788
 48.184 -12.3279
 48.198 -13.0733
 48.4995 -13.1722
 48.2513 -13.4642
 48.5683 -13.5648
 48.4671 -14.1236
 48.1093 -14.8632
 48.1415 -15.5377
 48.1437 -16.0873
 48.1856 -16.1245
336 0 18
 43.2125 -3.11455
 44.2727 -2.77415
 44.5783 -2.9734
 44.9022 -2.9203
 45.4114 -2.42555
 45.9118 -2.386
 46.2738 -2.7461
 46.7746 -2.6334
 47.2401 -2.3829
 47.2658 -1.73
 47.2332 -1.1637
 47.2455 -1.0873
 47.3501 -0.9513
 47.5187 -0.76395
 47.8691 -0.2316
 48.2497 0.194
 48.4205 0.21645
 48.4967 0.2484
336 30 6
 43.2125 -3.11455
 42.3633 -3.6262
 42.1736 -4.20425
 41.949 -5.1486
 41.8723 -5.5713
 41.8672 -5.593
337 44 9
 40.0363 -1.20925
 39.4481 -1.78975
 39.2073 -2.04385
 39.1688 -2.0404
 38.9164 -2.4644
 38.4535 -3.2221
 38.1654 -3.5437
 38.0817 -3.4911
 38.0619 -3.4494
337 158 12
 40.0363 -1.20925
 40.8212 -0.77755
 41.2444 -0.6367
 41.6902 -0.47215
 42.5318 -0.2131
 43.2656 -0.17925
 43.8172 0.53405
 44.4305 1.7265
 44.8243 2.1142
 45.0941 2.32795
 45.4242 2.56785
 45.4887 2.5965
338 30 10
 37.6944 -9.1808
 38.4464 -7.7672
 38.6991 -7.30285
 39.209 -6.22865
 39.8867 -5.33965
 40.3656 -5.27615
 40.7638 -5.1714
 40.9853 -5.1269
 41.4832 -5.3471
 41.8672 -5.593
338 26 5
 37.6944 -9.1808
 36.966 -10.4743
 36.5543 -10.5668
 36.2803 -10.5002
 36.2096 -10.5225
339 84 12
 21.7915 -9.1673
 22.7401 -10.1191
 23.5042 -10.4957
 23.5433 -10.5989
 23.5904 -10.6257
 23.6065 -10.6442
 23.7178 -10.761
 23.7726 -11.3012
 23.6174 -11.7253
 23.3455 -11.9196
 23.1551 -12.0985
 23.1345 -12.0787
339 108 19
 21.7915 -9.1673
 21.974 -7.71395
 22.2873 -6.7498
 22.2455 -6.47725
 22.8275 -5.86115
 23.9426 -5.09415
 24.5782 -4.8341
 25.0714 -4.69925
 25.9141 -4.3929
 26.3433 -4.2265
 26.5821 -4.15505
 27.0207 -3.6799
 26.8702 -2.7628
 25.6923 -1.95445
 24.6215 -1.7327
 24.3326 -1.3584
 24.3913 -0.56145
 24.5662 -0.1523
 24.6303 -0.1099
340 84 23
 28.502 -20.6517
 27.4646 -20.6705
 26.8751 -20.3264
 26.8644 -19.5156
 26.7905 -18.8931
 26.8633 -17.7148
 27.1057 -16.6032
 26.9223 -16.0957
 26.9617 -15.4954
 26.9804 -14.6846
 26.8042 -14.109
 25.9892 -14.1812
 25.3545 -13.9433
 25.1671 -13.765
 24.5186 -13.6765
 24.2083 -13.4462
 24.0468 -13.1863
 23.8071 -12.7887
 23.6433 -12.5498
 23.3822 -12.4272
 23.1842 -12.239
 23.1551 -12.0985
 23.1345 -12.0787
340 81 9
 28.502 -20.6517
 29.3577 -20.7792
 29.8923 -20.6442
 30.2878 -20.2951
 30.59 -19.3714
 30.7787 -18.5991
 30.5033 -18.396
 30.1507 -18.2026
 30.0373 -18.2182
341 86 9
 33.4942 -18.8153
 34.1778 -18.6128
 34.0414 -19.0914
 34.2821 -19.4805
 34.473 -19.6215
 34.6776 -19.7546
 34.7897 -19.9144
 34.7749 -19.9976
 34.7936 -20.0052
341 81 6
 33.4942 -18.8153
 31.9355 -18.7147
 30.7787 -18.5991
 30.5033 -18.396
 30.1507 -18.2026
 30.0373 -18.2182
342 97 26
 38.631 -25.6746
 38.1642 -26.3987
 37.6916 -26.7766
 37.5968 -26.8052
 37.1555 -27.6189
 36.7164 -28.5471
 36.548 -28.8601
 36.3698 -29.2194
 36.6046 -29.9078
 36.9684 -30.556
 36.8411 -30.7891
 36.5435 -30.8179
 36.4524 -30.7096
 36.4376 -30.6413
 36.3459 -30.6432
 36.2169 -30.6524
 36.1599 -30.6745
 36.0737 -30.7345
 35.9377 -30.7478
 35.9006 -30.7762
 35.9089 -30.8422
 35.9293 -30.876
 35.9826 -30.9202
 36.0017 -31.0173
 36.0092 -31.1141
 36.0109 -31.1332
342 74 4
 38.631 -25.6746
 38.9049 -24.9279
 39.268 -24.4431
 39.4145 -24.3706
343 97 20
 37.4982 -32.1851
 37.1958 -31.8081
 36.9498 -31.3629
 36.8848 -31.0856
 36.7169 -30.9192
 36.5435 -30.8179
 36.4524 -30.7096
 36.4376 -30.6413
 36.3459 -30.6432
 36.2169 -30.6524
 36.1599 -30.6745
 36.0737 -30.7345
 35.9377 -30.7478
 35.9006 -30.7762
 35.9089 -30.8422
 35.9293 -30.876
 35.9826 -30.9202
 36.0017 -31.0173
 36.0092 -31.1141
 36.0109 -31.1332
343 105 14
 37.4982 -32.1851
 38.4377 -32.3842
 39.3676 -32.4563
 39.4862 -32.4995
 39.69 -32.5635
 39.8432 -32.613
 40.0863 -32.7526
 40.6022 -32.8374
 41.1385 -32.7625
 41.3779 -32.686
 41.5196 -32.5153
 41.7575 -31.9914
 41.8758 -31.6437
 41.8911 -31.6506
344 64 19
 27.536 -30.6602
 26.7519 -30.7761
 26.7014 -31.6218
 26.3162 -32.2624
 25.7136 -32.4677
 25.7529 -31.8444
 24.9902 -31.4064
 24.3801 -31.3407
 24.068 -31.3349
 23.814 -31.2218
 23.8623 -31.0238
 23.6521 -31.1784
 23.4263 -31.1639
 23.3925 -31.1707
 23.3802 -31.2223
 23.2612 -31.2765
 23.1841 -31.3391
 23.1523 -31.3797
 23.1241 -31.396
344 6 8
 27.536 -30.6602
 28.4638 -30.7147
 28.8405 -31.0542
 29.236 -30.9501
 29.4872 -30.7128
 29.6264 -30.6614
 29.6901 -30.7082
 29.718 -30.7323
345 64 11
 21.6425 -31.1774
 22.1443 -31.2773
 22.5233 -31.2153
 22.6063 -31.2156
 22.6241 -31.3046
 22.6749 -31.3941
 22.8467 -31.3555
 23.0219 -31.3364
 23.0718 -31.3768
 23.1015 -31.392
 23.1241 -31.396
345 55 11
 21.6425 -31.1774
 21.1065 -30.965
 20.7397 -30.7537
 20.6734 -30.4688
 20.6814 -30.306
 20.694 -30.1763
 20.6178 -30.0445
 20.5826 -29.9361
 20.5385 -29.8249
 20.4641 -29.7661
 20.4436 -29.7426
346 174 30
 18.9932 -45.1432
 19.0793 -46.1173
 18.7483 -47.1714
 18.5578 -47.2292
 18.306 -47.4027
 18.0475 -48.0613
 17.7798 -48.7081
 17.1081 -48.9309
 16.4408 -49.193
 16.3188 -49.5785
 16.4325 -49.7356
 16.6492 -49.7575
 16.8419 -49.7172
 16.9571 -49.6992
 17.029 -49.8323
 17.0402 -49.9873
 16.9972 -50.059
 16.9538 -50.1544
 16.9608 -50.2195
 16.9994 -50.2317
 17.0736 -50.3142
 17.1192 -50.425
 17.1521 -50.5009
 17.2139 -50.5993
 17.1497 -50.5437
 17.0554 -50.5715
 16.9742 -50.6276
 16.8874 -50.6624
 16.8175 -50.6316
 16.8131 -50.5864
346 64 50
 18.9932 -45.1432
 18.3284 -44.7469
 17.8586 -44.0722
 17.6702 -43.3704
 17.6249 -42.9698
 17.5179 -42.4841
 17.4544 -42.0015
 17.5963 -42.0003
 18.0937 -41.0252
 18.2474 -39.9464
 18.2206 -39.8334
 18.4648 -39.5658
 18.2926 -39.2637
 18.094 -39.1407
 17.9249 -38.9606
 17.6297 -38.6494
 17.3079 -38.0173
 17.3036 -37.433
 17.4433 -37.0805
 17.4764 -36.8663
 18.163 -36.9015
 18.8637 -36.889
 19.3266 -36.7646
 20.2584 -36.3867
 20.8442 -35.8469
 21.0139 -35.2783
 21.242 -34.5081
 21.4014 -34.0072
 21.5754 -33.9075
 22.0541 -33.488
 22.4308 -33.0666
 22.614 -32.9834
 22.9306 -32.8369
 23.0288 -32.6393
 22.9663 -32.5013
 22.8914 -32.4205
 22.7896 -32.3939
 22.7068 -32.3464
 22.4408 -32.116
 22.2359 -31.8627
 22.3471 -31.7098
 22.4812 -31.6217
 22.5768 -31.5016
 22.6269 -31.3937
 22.6749 -31.3941
 22.8467 -31.3555
 23.0219 -31.3364
 23.0718 -31.3768
 23.1015 -31.392
 23.1241 -31.396
347 5 9
 34.8306 -50.3178
 32.988 -50.3672
 31.7537 -50.3363
 31.5479 -50.1067
 31.334 -49.8829
 31.1748 -49.7552
 31.0434 -49.5934
 30.998 -49.5144
 30.9922 -49.5028
347 103 3
 34.8306 -50.3178
 35.9006 -50.2477
 36.3028 -50.2189
348 105 12
 42.2273 -36.2868
 42.3901 -35.4907
 41.9678 -35.2586
 41.6957 -35.0765
 41.7335 -34.6129
 41.6334 -34.0214
 41.4325 -33.3701
 41.3609 -32.8161
 41.5196 -32.5153
 41.7575 -31.9914
 41.8758 -31.6437
 41.8911 -31.6506
348 162 6
 42.2273 -36.2868
 41.606 -37.2408
 41.2795 -37.643
 41.3188 -37.8148
 41.3461 -37.8971
 41.348 -37.901
349 115 4
 60.3529 -37.6676
 61.1878 -37.2245
 61.8046 -37.1023
 61.9254 -37.121
349 164 5
 60.3529 -37.6676
 59.0285 -37.1695
 58.0323 -35.877
 57.914 -35.3774
 57.8062 -35.3702
350 56 7
 50.1407 -43.9087
 51.0533 -44.4967
 51.2509 -44.6986
 51.2242 -44.8834
 51.4257 -44.8961
 51.6071 -44.8886
 51.6525 -44.8926
350 162 30
 50.1407 -43.9087
 49.722 -42.9728
 49.7191 -42.4795
 49.3132 -42.29
 48.9636 -42.1838
 48.7764 -42.0865
 48.5922 -41.9247
 48.0016 -41.4562
 47.5126 -41.1149
 47.3224 -41.3905
 47.0168 -41.3834
 46.8624 -41.1345
 46.7953 -40.7432
 46.7156 -40.3509
 46.6753 -40.2608
 46.5136 -40.0499
 45.741 -40.0952
 45.0027 -40.3062
 44.6999 -40.2237
 44.4393 -40.0754
 44.3316 -39.9742
 43.9729 -39.6491
 43.4126 -39.2301
 43.0142 -39.1548
 42.7512 -39.0842
 42.4414 -38.3046
 41.8489 -37.7862
 41.3982 -37.8897
 41.3508 -37.8966
 41.348 -37.901
351 96 9
 53.0193 -56.6311
 52.5709 -58.1477
 51.8946 -58.6693
 52.4202 -58.8447
 52.5838 -59.1762
 52.555 -59.4679
 53.0466 -60.0285
 53.5679 -60.4325
 53.5693 -60.3693
351 22 14
 53.0193 -56.6311
 53.3214 -54.2535
 53.1663 -52.3749
 52.8224 -51.8927
 52.9593 -51.0697
 53.8193 -50.2509
 54.4065 -49.9989
 54.16 -49.6932
 54.0308 -49.5809
 53.9294 -49.4436
 53.8112 -49.3444
 53.9274 -48.9688
 54.0019 -48.5225
 53.9753 -48.448
355 45 4
 59.9172 -65.3322
 59.4579 -66.0128
 58.9901 -66.6201
 58.9815 -66.5469
356 41 12
 8.5107 -66.5661
 8.49685 -66.5538
 8.50805 -66.397
 9.1199 -65.6729
 9.7103 -65.5409
 11.6173 -65.4361
 13.4765 -64.7661
 13.4797 -64.6677
 13.9524 -64.4924
 14.5228 -64.2484
 14.7293 -64.1623
 14.7908 -64.1259
