   5.2103924531287591     
   2.4308237689283740     
   7.1641592466302750     
   2.4735217666609204     
   5.5322645695791497     
   3.4149469962683354     
   2.1457105158044119     
   1.9708983460671869     
   7.2912184914924483     
   3.3553513739760832     
   1.2627427697713220     
  0.89972119133073292     
   3.9674335872469269     
   1.0102019619690630     
   7.8678982524163299     
   3.4238850812829162     
   1.1105522927234990     
  0.84134430406369465     
   2.2493903534948796     
   3.1547200268931825     
   1.6901402646285906     
  0.44966237052639108     
   7.5620919218610112     
   1.0674185011371622     
   1.2710562046843736     
   1.3215886917127639     
   5.8273459856152208     
   2.1293818070695352     
   9.9696163200893828     
   5.6163710403635738     
   4.2454794664474695     
  0.68206030025138742     
   1.1917035688969189     
  0.67220818233667601     
   4.3811958722272406     
   2.3971639935104712     
   5.5187051942805194     
   1.5046279253154515     
   4.1893789328207136     
   3.6889745177282056     
   2.9499191646212823     
   1.5489188513868621     
   2.4180389264571955     
   5.4820518015333306     
   2.0658217593956265     
   2.0399703303912577     
   2.0360049266510183     
   1.0106160812749059     
   2.3277660712013466     
   1.5886507573871724     
   7.7675580582340533     
   2.0732058168224876     
   2.5223753051136844     
  0.83804260362204508     
   3.5065717818001900     
   2.1028263800235849     
   3.0850129797361201     
   2.5239435022236685     
   1.4426675085786140     
  0.99985821383299944     
   5.7970123023720896     
  0.65951281116452731     
   3.9411504220195046     
   1.5863813525178336     
   2.6821899247152601     
  0.90735860937424917     
   6.4577204580866994     
   1.9362762484183258     
   10.892116875158035     
   3.4310855922174532     
   1.0711206825943469     
  0.64798218139144681     
   1.7603140356056408     
   1.2546096850826411     
   6.0483477453115162     
   5.4724063353666583     
   4.6637105272885364     
   3.0418059934486426     
   2.6434484910817209     
   2.7605576153198927     
   2.5001159365714969     
   1.6418292374578773     
  0.59177114902816363     
  0.21721647533949906     
  0.47569776449045909     
  0.30594604887020604     
   4.9441611924946045     
   2.0927310975002920     
  0.88988193610277067     
   1.6835071121887522     
   9.1758912068950735     
   4.3234325964460245     
   1.0205911651652548     
   1.7953360779453400     
   3.6675196235920309     
   3.0258975707533802     
   7.7044848135469026     
   2.3647422644890295     
   10.808624282545050     
   3.6173281029092874     
   2.4997089751679811     
   8.4221664651969093     
   7.8992614808491171     
  0.91865144117583941     
   5.5519612691368074     
   1.5510894368267687     
   10.737477389933130     
   1.8465590958501021     
   12.379176519235418     
   3.1223815780228481     
   10.575906307717640     
   1.5194012115110074     
  0.75645212876552392     
  0.53121613590754269     
   4.6774627989508017     
   1.0438649916784033     
   2.2060880506263545     
   1.4237595982374285     
   4.5713263389407759     
   2.0019876741536966     
   2.0731072220242228     
   1.6985576217813125     
   7.9580113635321563     
   1.7646041617462762     
   3.0349101993937078     
  0.89214238820539249     
   6.6585302352014466     
   2.0359822783265686     
   2.0431140933756793     
  0.63120069269247270     
   1.8286538441562434     
  0.47802891665266234     
   4.4104851889843344     
   2.1272307587764470     
   1.6066352650467910     
  0.83455444376157040     
   1.3687472398532874     
   1.2942428474027345     
   2.2342014882700294     
   1.5689051751383241     
   3.1904452208269061     
  0.97825507330006367     
   2.5307954934665697     
   1.3542404754910924     
   1.8625781108643444     
   1.2394830247036355     
   1.8600420102118527     
   2.3493851289547547     
   1.4669413775599600     
   1.4655453085493790     
   2.6358261020094247     
   1.7213567917330659     
   8.6906798037420554     
   4.2864802359699405     
  0.80883422022878337     
   1.3855770680755621     
   1.9720214320603424     
   1.9314421245062854     
   1.4827011257236062     
   1.0212259695829604     
   4.8643468738155295     
   2.1777091023670270     
   1.4444420824272548     
   1.8782976770815492     
   1.6651219848177807     
   3.7730844287395069     
   2.0711995039112625     
   1.9191259738749284     
   4.8310651137262051     
   1.9562512595388197     
   5.0946883909216201     
   3.1563930620672691     
   4.6041163700932906     
   1.5002740485864454     
   6.4134819575285489     
   1.5633948378906641     
   2.0735521712042355     
  0.54181401938556162     
   3.1091135388414939     
   1.1903245534262847     
   5.6798031020635857     
   2.4471498747307865     
   2.0792234825511451     
   1.9811364088293009     
   9.2980217643544325     
  0.94517271967192173     
   3.1378724193515466     
  0.90929282846319737     
   1.0660555449413751     
   1.5828749983700900     
   4.8753208282299383     
   1.8823524079923204     
   3.8032571831683954     
   3.9489769062402762     
   2.1930885456862379     
   1.9840670926285005     
   2.9211876040813127     
   1.5046006684789650     
   8.7873814525200107     
   1.6807433954080135     
   2.0449395401344819     
   1.9798567058818282     
   6.5061518879935765     
   9.7697919017629680     
   2.5028873391684607     
   2.0196957634639685     
   3.4123144229284517     
   2.9460137502971673     
   1.6860559243845104     
   1.1197257461121768     
   5.6823920588196666     
   2.7603301320705351     
   7.3430676019951902     
   2.2343314810159929     
   4.5617952023157500     
   4.7131652373623467     
   3.2011048834380835     
   1.3352215340263174     
   3.8895087250055842     
   1.4271914226380826     
   2.1874919572983185     
   1.8428045559799271     
   4.0284723608575117     
   2.4269061617894980     
   2.0643904205703620     
   1.1758819262903550     
   1.0075802366873019     
   1.0831541066588291     
   3.1701527137753156     
   2.8560859557935019     
   1.5654156739013780     
   1.8228946400446013     
   1.5444911310783804     
   1.2129862078932450     
   5.4248194092551083     
   1.5191718377691670     
   3.4555300893030978     
   2.5467816106689258     
   1.5831041161258932     
   1.0188837416118275     
   1.2393843595917533     
   1.9681709507427521     
   3.9643879217371274     
   1.7962634123687311     
   5.3571093903632061     
   4.6101873620744849     
   3.9376810035080623     
   3.5400019711740454     
   3.5779125406903147     
   1.7562495225213806     
   2.1621003819352489     
   3.6868846358118907     
   1.8486004393878024     
   1.3973775831056865     
   5.4001120203841841     
   1.4947145040522458     
   1.8376412123395043     
   2.0456866586339304     
   4.2434600695409737     
   5.1934924772101496     
   7.4500928572992544     
   4.5767126991953182     
  0.86573938274206486     
  0.95026441503211267     
   3.5511561671662490     
  0.64198390500997760     
  0.98625042363510973     
   6.9965824399577450     
   1.6895212941472364     
   2.5487300387311635     
   1.6962637825294038     
   7.5122592291699544     
   1.4023996961709002     
   1.4751628642399859     
   2.1875430805616811     
   1.1439228583985610     
   3.2043824007148838     
   1.4473513881449505     
   3.8120297745239333     
   1.3818731394197556     
   7.7184235137968242     
   3.8932374564550289     
   1.2520288687113799     
   8.2482837537610365     
   4.9192133504271736     
   3.5133263643021229     
   5.2881099202041328     
  0.85702540116123582     
   1.4193681785008883     
  0.70919095789724396     
   3.4882672353500315     
   1.0497790063350980     
  0.98596989502229082     
  0.81435100520610126     
   5.0543706766241110     
   5.2170516532980855     
   3.4602776248931653     
   3.0412180736030714     
   2.6668177537628597     
   1.8389323870554128     
   4.1997901152910710     
   2.6150269510527773     
   2.7384571437298049     
  0.55079541513773234     
   3.2382091689851915     
   1.2700966811790575     
   2.6746230012232557     
  0.38680266666198559     
   4.1629921435682595     
   1.3011858049704457     
   4.6735087342089816     
  0.92446131281620636     
   3.7496680361334676     
   3.3978922567155849     
   1.5507309722207887     
  0.65658838803323949     
   1.3905990064124687     
   2.6245514956767080     
   6.2276657474761290     
   1.4967223991973053     
   2.1187904823017800     
   3.3200363882544375     
   4.1760590256914139     
   2.0067004845515819     
   1.8979964630681192     
   3.9318528318084836     
   4.4112426842977799     
   1.8406008811151371     
   2.4129776430154335     
   7.1354207365741171     
   6.7676813983265491     
   2.7043235779668944     
   1.5192690416323569     
   2.1330701411182078     
   3.9584841259776962     
   1.1222661915059942     
   1.4966851544694000     
   2.6306875683820312     
   3.5666347171822403     
   1.5604919081996969     
  0.93011308063998532     
   1.2393604352066738     
   4.1502840612927301     
   10.036191030674305     
   2.4597694250929747     
   1.4755236180911167     
   2.9074583822792426     
   1.3233910303387133     
   1.1896737221366309     
   2.0364248635735023     
   1.4994752170764329     
   7.0009287901707822     
   3.1514491290696793     
   5.2911972172800494     
  0.96848721427342821     
   3.7381670694884366     
