267
124 34 13
 43.8723 -13.1525
 43.3315 -13.5244
 42.7242 -13.2225
 42.6922 -13.5944
 42.5828 -14.1108
 42.3982 -14.488
 42.3477 -15.0254
 42.2216 -15.3247
 42.0857 -15.3769
 42.2494 -15.5323
 42.2739 -15.758
 42.2386 -15.9043
 42.2128 -15.9529
124 79 17
 43.8723 -13.1525
 43.9922 -12.358
 44.3228 -12.0549
 44.7173 -11.9282
 44.849 -11.8802
 44.7904 -11.5046
 44.8531 -10.7693
 45.0618 -10.069
 45.2463 -9.5295
 45.5899 -9.01285
 46.0878 -8.57305
 46.3667 -8.2474
 46.479 -7.96935
 46.2024 -8.08655
 45.0615 -7.91985
 44.1314 -7.68375
 44.0926 -7.6762
125 16 8
 -8.2023 1.43615
 -6.7503 1.4886
 -5.33325 1.3182
 -4.3397 1.1135
 -3.80015 0.83075
 -3.366 0.83165
 -2.9288 1.00055
 -2.8745 1.0659
125 44 4
 -8.2023 1.43615
 -9.59685 1.14565
 -10.5606 1.11975
 -10.6701 1.1861
126 5 11
 49.9403 -53.8127
 51.8803 -54.1597
 52.8882 -54.5998
 54.059 -53.6231
 54.9111 -52.5764
 55.0173 -52.1746
 55.1139 -51.9623
 55.16 -51.6076
 55.3685 -51.3008
 55.5695 -51.2475
 55.5761 -51.2531
126 83 5
 49.9403 -53.8127
 47.9641 -53.2435
 47.2316 -51.614
 47.7315 -51.2423
 48.2802 -51.6116
127 75 17
 79.6725 -29.5152
 78.743 -28.8504
 78.2489 -28.8522
 77.7941 -28.7401
 77.7709 -28.921
 77.7857 -29.2319
 77.5235 -29.2971
 76.9216 -29.1211
 76.4777 -28.9688
 76.2906 -28.7498
 76.1145 -28.6992
 75.7391 -28.6171
 75.3031 -28.6295
 75.0879 -29.1455
 75.0352 -29.5681
 74.9714 -29.5921
 74.9363 -29.6
127 69 6
 79.6725 -29.5152
 80.83 -30.0271
 81.1842 -29.7626
 81.5067 -29.5209
 81.865 -29.3485
 81.9882 -29.3082
128 74 11
 21.9604 30.2718
 22.048 29.4419
 22.2225 28.791
 22.7101 28.4477
 21.7817 28.2978
 21.256 27.7792
 20.5894 27.9683
 19.9627 28.3327
 20.0896 28.8254
 20.2015 29.2546
 20.1645 29.3097
128 24 14
 21.9604 30.2718
 21.8645 31.2973
 21.6887 32.1633
 21.2503 32.8046
 21.3031 33.391
 20.6532 34.4183
 20.116 35.4594
 19.4373 35.6725
 19.0128 36.7405
 19.0357 37.8146
 19.1793 38.0129
 19.626 38.6821
 20.0572 39.3791
 20.0549 39.4038
129 43 11
 68.3393 -59.5894
 68.3976 -59.0529
 68.6358 -58.9245
 68.5856 -58.6087
 68.4858 -58.2131
 68.3568 -58.0933
 68.2035 -57.9626
 68.1689 -57.8736
 68.033 -57.8635
 67.8942 -57.8326
 67.8578 -57.8462
129 87 3
 68.3393 -59.5894
 68.6156 -59.9946
 68.7843 -59.9588
130 20 13
 15.1089 19.5566
 16.1528 19.2052
 17.0628 18.9109
 17.5339 18.7894
 17.6058 19.1806
 17.2831 19.8979
 16.6573 20.3651
 16.6716 20.7323
 17.2204 21.5468
 17.6241 22.3676
 17.546 22.8349
 17.493 23.013
 17.498 23.0175
130 92 6
 15.1089 19.5566
 14.6222 19.6784
 14.0317 19.9008
 13.315 20.2205
 13.1758 20.3261
 13.165 20.33
131 41 37
 59.7018 21.8901
 60.5882 20.5567
 61.1375 19.5051
 61.2389 19.3381
 62.2501 19.2304
 63.1785 19.1477
 63.4113 19.7314
 64.145 20.9478
 65.0323 21.8633
 65.2368 22.2867
 65.5408 22.0682
 65.8945 21.9617
 66.1959 22.2479
 66.389 22.5436
 66.3867 22.5848
 66.264 22.7505
 66.1389 23.049
 66.4623 23.1929
 66.9775 23.2807
 67.2655 23.4933
 67.452 23.6301
 67.5446 23.7412
 67.6185 23.8127
 67.6993 23.7788
 67.7653 23.7588
 67.9026 23.7892
 68.026 23.8968
 68.0432 24.004
 68.019 24.0443
 68.0098 24.0739
 68.1258 24.1396
 68.1311 24.24
 68.2834 24.1563
 68.3843 24.2029
 68.4381 24.3238
 68.4775 24.3799
 68.4988 24.3939
131 51 13
 59.7018 21.8901
 59.6342 22.2276
 59.8818 22.8554
 59.9786 23.5879
 59.9182 23.6847
 59.8376 23.7941
 59.809 23.8985
 59.7441 23.9548
 59.7335 24.0299
 59.6296 24.1482
 59.4425 24.2896
 59.3615 24.3777
 59.3612 24.3835
132 123 40
 79.0611 8.46525
 79.0497 8.97885
 79.0289 9.23715
 78.7697 9.1722
 78.2164 9.244
 77.8298 9.28895
 77.7602 9.22035
 77.8298 9.11805
 77.8114 8.6341
 77.7345 8.04995
 77.7845 7.494
 77.5278 7.06695
 76.9967 6.9539
 76.6649 6.98755
 76.1499 7.0087
 75.4189 6.8707
 75.0311 6.83835
 75.0137 6.81795
 74.8811 6.9249
 74.573 7.13225
 74.2742 7.2523
 74.1177 7.18665
 74.0238 7.14355
 74.0013 7.0528
 73.9548 6.96465
 73.8866 6.86245
 73.6105 6.4602
 73.339 6.09455
 73.2601 6.0036
 73.0244 6.04875
 72.7719 5.97025
 72.6171 5.6343
 72.2621 5.2809
 71.969 5.0958
 71.9051 5.05615
 72.0677 4.80195
 72.31 4.49915
 72.2882 4.42405
 72.097 4.3982
 71.9774 4.3738
132 110 5
 79.0611 8.46525
 79.2072 7.7623
 79.2717 7.17715
 79.1621 6.98765
 79.1664 6.9841
133 61 9
 91.8674 -6.0528
 92.0663 -7.1659
 91.5826 -7.76675
 90.9602 -7.7715
 90.3387 -7.8976
 90.2183 -7.9725
 90.1507 -7.98035
 90.0849 -7.9942
 90.0612 -7.9998
133 19 4
 91.8674 -6.0528
 91.3817 -5.43755
 91.4718 -5.24325
 91.461 -5.198
134 52 22
 54.0714 -6.7301
 54.9232 -7.55045
 55.2736 -8.06015
 55.3392 -8.50035
 55.5393 -9.75135
 55.2071 -10.6501
 54.6824 -10.8082
 54.4965 -10.9636
 53.965 -11.3524
 53.3483 -11.7994
 52.8823 -11.9928
 52.4454 -12.2673
 52.1252 -12.4771
 51.9073 -12.5495
 51.5051 -12.3439
 51.1653 -12.1902
 51.0227 -12.294
 50.9445 -12.3358
 50.9645 -12.4524
 50.9747 -12.5564
 50.9424 -12.5802
 50.9422 -12.585
134 89 3
 54.0714 -6.7301
 53.4853 -6.3786
 53.468 -6.3833
135 111 5
 -0.57985 -30.313
 0.17695 -31.7701
 0.35635 -32.7021
 0.3455 -32.8876
 0.3512 -32.9296
135 56 4
 -0.57985 -30.313
 -1.88545 -29.3834
 -2.7027 -29.1391
 -2.7752 -29.156
136 56 15
 -8.7791 -28.3668
 -8.0794 -28.098
 -8.0307 -27.9963
 -7.83255 -28.7627
 -7.58535 -29.4783
 -7.5261 -29.5303
 -6.9587 -29.1066
 -6.10095 -28.1992
 -5.4517 -27.8381
 -5.08505 -28.0609
 -4.5098 -28.1669
 -3.5073 -28.6475
 -2.9098 -29.1487
 -2.78115 -29.1583
 -2.7752 -29.156
136 40 3
 -8.7791 -28.3668
 -9.6929 -28.6561
 -9.9261 -28.6899
137 31 15
 4.9079 -38.3597
 3.57245 -38.0395
 3.1656 -37.6606
 3.60805 -37.3041
 3.57065 -36.9618
 3.186 -36.7533
 2.7142 -37.0637
 2.38005 -37.4847
 1.97115 -37.3378
 1.75695 -37.0968
 1.6517 -37.0574
 1.50955 -37.0234
 0.6663 -36.6689
 -0.13205 -36.3111
 -0.1403 -36.3186
137 121 12
 4.9079 -38.3597
 5.92455 -38.7038
 6.50875 -38.9674
 6.77625 -39.3711
 7.0663 -40.172
 7.15485 -40.8616
 7.19835 -41.1693
 7.2676 -41.4594
 7.28665 -41.7086
 7.2647 -41.8847
 7.2544 -42.0355
 7.2457 -42.0568
138 114 28
 30.5079 -39.3047
 31.304 -38.2591
 31.4852 -36.2279
 31.7264 -35.5131
 32.2584 -36.1259
 31.4942 -34.9257
 30.8521 -33.539
 30.9446 -32.8752
 31.5463 -32.2869
 31.3717 -31.5453
 30.8855 -31.1049
 29.8111 -30.2886
 29.854 -29.8564
 32.139 -29.9767
 33.2394 -29.4722
 33.4565 -28.6336
 33.9527 -28.1795
 34.1323 -27.0392
 34.1883 -25.6627
 34.296 -25.0894
 34.4273 -24.6572
 34.4576 -24.2911
 34.3668 -24.2423
 34.3331 -24.017
 34.3931 -23.5993
 34.4475 -23.273
 34.4442 -23.122
 34.4393 -23.0929
138 121 34
 30.5079 -39.3047
 29.4392 -38.8018
 28.9953 -38.5593
 28.1043 -38.9462
 27.1432 -39.6084
 26.8699 -39.7307
 26.6242 -40.0173
 25.4804 -40.6978
 23.9212 -40.8169
 22.5909 -40.8736
 21.1413 -41.6259
 20.6149 -42.7459
 20.4156 -43.3967
 19.1703 -43.3481
 17.3738 -42.8095
 16.5169 -42.486
 16.3287 -42.1571
 16.0828 -41.38
 15.674 -40.5337
 14.267 -40.9928
 12.9762 -42.683
 12.9261 -43.9881
 12.5912 -43.4339
 12.3872 -43.2208
 11.6588 -42.5796
 10.2099 -42.6284
 8.96175 -43.3755
 8.13355 -43.4614
 7.6312 -43.1407
 7.4885 -42.8081
 7.4641 -42.5544
 7.33305 -42.3289
 7.24105 -42.1361
 7.2457 -42.0568
139 114 35
 37.6447 -37.8134
 37.9163 -36.9178
 37.6233 -36.4684
 36.0396 -35.6046
 34.688 -35.0917
 34.5415 -34.5989
 34.553 -35.0507
 34.417 -35.4277
 33.6563 -35.6235
 32.8577 -36.0278
 32.6871 -36.6392
 32.2584 -36.1259
 31.4942 -34.9257
 30.8521 -33.539
 30.9446 -32.8752
 31.5463 -32.2869
 31.3717 -31.5453
 30.8855 -31.1049
 29.8111 -30.2886
 29.854 -29.8564
 32.139 -29.9767
 33.2394 -29.4722
 33.4565 -28.6336
 33.9527 -28.1795
 34.1323 -27.0392
 34.1883 -25.6627
 34.296 -25.0894
 34.4273 -24.6572
 34.4576 -24.2911
 34.3668 -24.2423
 34.3331 -24.017
 34.3931 -23.5993
 34.4475 -23.273
 34.4442 -23.122
 34.4393 -23.0929
139 3 8
 37.6447 -37.8134
 36.2508 -39.1347
 35.163 -39.6547
 35.2338 -40.3098
 35.4512 -41.1551
 35.797 -41.7633
 36.0169 -42.1327
 36.0657 -42.1502
140 60 7
 41.2598 -18.5884
 40.5911 -18.3501
 40.3102 -18.1426
 40.1401 -17.8795
 39.9353 -17.6707
 39.8792 -17.7061
 39.8663 -17.7053
140 108 3
 41.2598 -18.5884
 41.7338 -18.5917
 41.8116 -18.5459
141 63 9
 37.5956 6.6758
 39.3004 6.9933
 40.0383 7.0155
 41.1379 7.58095
 42.254 7.46635
 42.7726 6.97925
 42.444 7.6291
 42.0946 8.27125
 42.0963 8.3248
141 85 7
 37.5956 6.6758
 36.4126 5.7912
 36.2477 5.72895
 35.7138 6.2325
 35.7978 6.98745
 36.0698 7.6118
 36.1522 7.5894
142 86 7
 33.6273 12.7287
 33.3249 14.406
 33.461 15.6203
 33.6113 16.0487
 33.4435 16.6451
 33.2276 17.1909
 33.2112 17.2571
142 85 13
 33.6273 12.7287
 34.0742 11.552
 33.0762 10.2358
 32.0687 8.5439
 31.5754 7.58675
 30.9729 7.3642
 31.2889 6.7602
 32.8268 6.55905
 34.5536 6.59585
 35.329 6.30665
 35.7978 6.98745
 36.0698 7.6118
 36.1522 7.5894
143 104 3
 4.99435 4.8411
 5.65295 5.56835
 5.6284 5.6736
143 32 3
 4.99435 4.8411
 4.31545 4.1531
 4.3197 4.0871
144 7 18
 1.5371 6.31735
 0.48245 6.73555
 0.4634 6.7461
 0.1583 6.1774
 -0.7392 5.918
 -1.4869 5.82125
 -1.6246 5.796
 -1.81815 5.7315
 -2.13045 5.56115
 -2.41175 5.39415
 -2.27775 5.01005
 -2.4648 4.37605
 -2.78545 4.1002
 -2.2749 3.98585
 -1.8583 3.72815
 -1.8707 3.6046
 -1.8275 3.5696
 -1.804 3.5526
144 104 6
 1.5371 6.31735
 3.1141 6.1343
 3.68535 5.80225
 4.7036 5.70355
 5.60125 5.7025
 5.6284 5.6736
145 65 44
 0.873 -15.9714
 1.43435 -16.1493
 1.74375 -16.5762
 2.06305 -16.8794
 2.21315 -17.1042
 2.5069 -17.429
 2.64425 -17.6532
 2.58105 -17.8182
 2.56365 -17.9196
 2.52225 -17.963
 2.36065 -18.0008
 2.2195 -18.1683
 1.91225 -18.4042
 1.60335 -18.5003
 1.4586 -18.5555
 1.26925 -18.5807
 1.33835 -18.8097
 1.2991 -19.0548
 1.22775 -19.2309
 1.15215 -19.4054
 1.13415 -19.6306
 1.01245 -19.8233
 1.19255 -19.9222
 1.18605 -20.1618
 1.2892 -19.9921
 1.5139 -20.0224
 1.69335 -20.0293
 1.7494 -19.9981
 1.8405 -20.0359
 1.91235 -20.0404
 1.8989 -20.1308
 1.8695 -20.2337
 1.90085 -20.2859
 1.96145 -20.3412
 2.0184 -20.3237
 2.0728 -20.275
 2.1181 -20.2549
 2.1648 -20.264
 2.20735 -20.2817
 2.2092 -20.3273
 2.17 -20.3886
 2.0971 -20.4371
 2.0304 -20.4711
 2.0207 -20.4767
145 77 3
 0.873 -15.9714
 0.26015 -16.0956
 0.1679 -16.2466
146 26 6
 -3.7949 -1.053
 -3.76725 -1.6868
 -3.68695 -1.77475
 -3.4959 -1.6751
 -3.3159 -1.57805
 -3.2984 -1.571
146 16 8
 -3.7949 -1.053
 -3.85085 -0.3656
 -4.03325 -0.13175
 -3.954 0.25065
 -3.76065 0.63925
 -3.366 0.83165
 -2.9288 1.00055
 -2.8745 1.0659
147 96 34
 8.5495 23.7319
 8.98615 23.9878
 9.2488 24.0416
 9.2854 24.1199
 9.36545 24.2187
 9.46905 24.059
 9.5318 23.863
 9.5918 23.8334
 9.8062 23.8911
 10.0809 24.0198
 10.034 23.6297
 10.1701 23.1812
 10.2548 23.0667
 10.2964 23.1736
 10.4503 23.1996
 10.5641 23.1137
 10.7137 23.1005
 10.8405 23.0485
 10.9004 23.2087
 10.9234 23.4753
 10.9482 23.6607
 11.0499 23.7631
 11.1384 23.8853
 11.1952 23.9328
 11.2323 23.9593
 11.2761 24.0353
 11.3622 24.0924
 11.3986 24.1583
 11.4692 24.3146
 11.6154 24.4151
 11.758 24.4312
 11.9259 24.5196
 11.9798 24.6274
 11.9544 24.6631
147 42 47
 8.5495 23.7319
 8.3677 23.4763
 8.25015 23.0842
 8.1554 22.6384
 8.14375 22.5106
 8.03705 22.4789
 7.9118 22.5131
 7.67515 22.6182
 7.4912 22.6852
 7.3678 22.6665
 7.16305 22.6967
 7.0212 22.8015
 6.96315 22.5727
 6.7762 22.396
 6.64655 22.406
 6.51895 22.4316
 6.39985 22.4643
 6.2981 22.4702
 6.2206 22.4404
 6.16545 22.4303
 6.12485 22.4494
 6.0851 22.5802
 5.98915 22.7328
 5.89235 22.8205
 5.82885 23.0802
 5.78545 23.4368
 5.9233 23.5278
 6.0685 23.5012
 6.1997 23.7144
 6.4269 23.9221
 6.4748 23.9651
 6.3061 24.0541
 6.11555 24.251
 6.0169 24.4023
 5.86565 24.4732
 5.75885 24.5697
 5.65915 24.7125
 5.41995 24.6734
 5.3327 24.6693
 5.23365 24.7319
 5.09205 24.6743
 4.994 24.6869
 4.86885 24.7214
 4.73355 24.8327
 4.6418 25.0063
 4.66445 25.1049
 4.6736 25.115
148 62 51
 20.0893 26.6569
 19.591 26.1356
 19.5849 26.0933
 20.3495 25.6922
 21.0886 25.0595
 21.5465 24.5802
 21.9911 24.2104
 22.01 24.0567
 21.7226 23.4239
 21.4103 22.7765
 21.3638 22.6817
 21.7622 22.5206
 22.2034 22.3134
 22.3885 22.243
 22.6773 22.2317
 22.8354 22.0767
 22.9699 21.801
 23.1455 21.6877
 23.2638 21.7579
 23.555 21.9247
 23.9208 22.0409
 24.1646 22.0757
 24.255 22.0914
 24.3233 21.9603
 24.452 21.8969
 24.748 22.1168
 25.0651 22.6253
 25.1762 22.9531
 25.4823 23.0648
 25.8084 23.1588
 25.8675 23.0272
 25.9632 22.5735
 26.3119 22.1423
 26.8964 21.8089
 27.3807 21.6748
 27.61 21.713
 27.7434 21.5517
 28.1137 21.4197
 28.4688 21.2849
 28.6408 21.1386
 28.9167 21.1507
 29.1107 21.1727
 29.2765 21.1385
 29.4194 21.1772
 29.5094 21.2267
 29.6029 21.2626
 29.6557 21.3349
 29.7448 21.3771
 29.6323 21.4202
 29.5602 21.471
 29.536 21.4789
148 74 7
 20.0893 26.6569
 20.1011 27.4576
 19.4207 28.096
 19.5391 28.4308
 20.0896 28.8254
 20.2015 29.2546
 20.1645 29.3097
149 24 7
 15.9784 37.8806
 17.2673 37.7396
 18.4881 37.9326
 19.1793 38.0129
 19.626 38.6821
 20.0572 39.3791
 20.0549 39.4038
149 67 4
 15.9784 37.8806
 14.9632 38.5519
 14.7586 39.0239
 14.8234 39.0755
150 15 17
 39.3618 39.9996
 39.717 39.2999
 40.1808 38.9255
 40.2174 38.0975
 39.8624 37.5093
 39.8783 37.3609
 39.5501 37.007
 39.9333 37.3512
 40.506 37.637
 41.2218 37.7672
 41.5726 37.8997
 41.9132 38.0939
 42.3291 38.2018
 42.6337 38.3969
 42.8354 38.5161
 43.0149 38.4901
 43.061 38.3951
150 54 6
 39.3618 39.9996
 39.1395 41.0054
 39.2529 41.3743
 39.4782 41.4375
 39.7022 41.5103
 39.7462 41.5297
151 120 16
 64.1693 0.63385
 64.569 0.05135
 64.8441 -0.1839
 64.9789 -0.3903
 65.1055 -0.5937
 65.2429 -0.84
 65.3744 -1.07835
 65.475 -1.2072
 65.8033 -1.19805
 66.2368 -1.54025
 66.3074 -1.99215
 66.2025 -2.14855
 65.9487 -2.3433
 65.7226 -2.5231
 65.6786 -2.5836
 65.669 -2.5859
151 39 6
 64.1693 0.63385
 63.7559 1.29625
 63.5629 1.4957
 63.541 1.5811
 63.4867 1.69295
 63.4442 1.7262
152 117 9
 58.7677 24.7393
 58.4304 25.0783
 58.3465 25.1896
 58.3056 25.5331
 58.1899 25.8141
 58.0826 25.8446
 58.0393 25.9668
 58.0503 26.0867
 58.0684 26.0861
152 51 3
 58.7677 24.7393
 59.1894 24.402
 59.3612 24.3835
153 102 24
 88.8673 14.6479
 89.6405 15.6044
 90.299 16.706
 90.4534 17.1097
 90.0751 17.4202
 89.6357 17.8762
 89.6026 18.0884
 89.3997 17.927
 89.2422 17.8001
 88.9911 17.37
 88.513 17.0342
 88.056 17.0686
 88.3355 17.2929
 88.3033 17.6632
 88.2317 17.8851
 88.1687 18.0055
 88.063 18.4134
 87.9352 18.7691
 87.9419 18.9422
 88.3374 19.1844
 88.7542 19.4035
 88.9834 19.6199
 89.1741 19.7369
 89.2407 19.7446
153 14 6
 88.8673 14.6479
 88.4703 13.989
 87.3412 14.0933
 86.2559 14.5863
 86.152 14.5133
 86.133 14.475
154 21 12
 70.4357 8.9993
 70.781 8.6901
 71.1048 8.53625
 70.9785 8.41915
 70.7422 8.0517
 70.789 7.7083
 70.9061 7.6534
 71.0094 7.5731
 71.1752 7.5066
 71.3461 7.47405
 71.4268 7.44635
 71.4406 7.4594
154 38 4
 70.4357 8.9993
 70.3296 9.28775
 70.3002 9.3984
 70.2744 9.4197
155 19 14
 90.1844 2.72775
 90.7941 1.61705
 89.4865 1.5253
 89.0259 0.4819
 88.7986 -0.5965
 88.1996 -1.28795
 88.0837 -1.7981
 87.8187 -2.51155
 87.3389 -2.97135
 88.3172 -2.8976
 89.5246 -2.8991
 90.6275 -4.09705
 91.4244 -5.19465
 91.461 -5.198
155 12 15
 90.1844 2.72775
 90.1983 3.6418
 89.6263 3.9058
 89.0915 4.50555
 88.9406 5.02645
 88.7179 5.64045
 88.5096 6.55755
 87.9152 6.9709
 87.8977 7.33715
 88.1017 8.2517
 87.7495 8.85595
 87.544 8.91085
 87.4025 8.8871
 87.3802 8.8456
 87.3788 8.835
156 10 28
 90.3687 -9.85285
 89.9843 -10.1755
 89.6046 -10.418
 89.5793 -10.4983
 89.132 -10.5987
 88.5739 -10.5352
 88.4701 -11.1091
 87.634 -11.9895
 86.9007 -12.4655
 86.4269 -12.3213
 85.9054 -12.2765
 85.681 -12.2325
 85.6722 -11.8158
 85.5968 -11.4443
 85.4267 -11.288
 85.2803 -11.2459
 85.1821 -11.0485
 85.2748 -10.8561
 85.3739 -10.7973
 85.425 -10.7743
 85.5363 -10.7863
 85.4693 -10.6777
 85.4517 -10.4936
 85.4818 -10.2199
 85.4765 -9.9058
 85.4823 -9.74785
 85.5275 -9.6999
 85.526 -9.6781
156 61 8
 90.3687 -9.85285
 90.2448 -9.54895
 90.0755 -9.3493
 90.043 -8.8312
 90.0314 -8.1897
 90.0368 -8.05805
 90.0595 -8.0254
 90.0612 -7.9998
157 59 20
 84.7704 -17.1058
 83.9003 -16.0831
 83.7137 -15.6498
 83.6192 -15.2449
 83.2898 -14.7045
 82.4565 -14.2223
 81.9082 -13.9896
 81.5799 -13.7258
 81.084 -13.1931
 81.0402 -12.867
 80.9619 -12.2298
 80.282 -10.9306
 79.8 -10.1564
 79.4991 -9.5365
 78.5764 -8.77015
 77.7874 -8.5198
 77.586 -8.45685
 77.6435 -8.35115
 77.7478 -8.1878
 77.7359 -8.1267
157 116 4
 84.7704 -17.1058
 85.3904 -17.9635
 85.2225 -18.1414
 85.1884 -18.1544
158 109 8
 82.6785 -18.8745
 82.4272 -19.839
 82.4398 -20.2812
 82.0117 -20.4569
 81.5865 -21.5293
 81.5936 -22.6506
 81.6368 -22.8485
 81.669 -22.8989
158 116 5
 82.6785 -18.8745
 83.8516 -18.2149
 84.9543 -18.1608
 85.1716 -18.1606
 85.1884 -18.1544
159 59 5
 74.5096 -7.1916
 75.6937 -7.4084
 76.8026 -7.92995
 77.5757 -8.08105
 77.7359 -8.1267
159 27 6
 74.5096 -7.1916
 72.9894 -6.9831
 71.9889 -6.51505
 71.599 -6.6249
 71.386 -6.83135
 71.3943 -6.8677
160 106 13
 63.4518 -6.5852
 62.7575 -6.404
 62.3326 -6.01745
 62.0917 -5.84905
 62.0165 -5.77125
 61.9114 -5.6913
 61.8105 -5.70835
 61.5489 -5.61865
 61.5055 -5.36275
 61.5153 -4.945
 61.3332 -4.56575
 61.1728 -4.42015
 61.0583 -4.3671
160 120 19
 63.4518 -6.5852
 64.1031 -6.49285
 64.1581 -6.1355
 64.0571 -5.7586
 64.0056 -5.5805
 63.8925 -5.38305
 63.8183 -5.28255
 63.8427 -5.16735
 64.1772 -4.9066
 64.5569 -4.52565
 64.6371 -4.1583
 64.9007 -3.7388
 65.3376 -3.32165
 65.5147 -3.155
 65.5001 -3.04485
 65.5494 -2.95005
 65.6286 -2.77655
 65.6617 -2.59425
 65.669 -2.5859
161 75 12
 71.2331 -27.1425
 71.847 -27.6494
 72.3685 -27.9387
 72.49 -28.1758
 72.5465 -28.2131
 72.9655 -28.3748
 73.4176 -28.6066
 73.5154 -28.8455
 73.8979 -29.2243
 74.5901 -29.5374
 74.9272 -29.6096
 74.9363 -29.6
161 72 5
 71.2331 -27.1425
 71.0555 -26.5584
 71.012 -26.3354
 70.9247 -26.2536
 70.9068 -26.2493
162 101 9
 62.1463 -22.5005
 62.262 -21.3507
 62.1992 -20.8965
 62.2354 -20.6802
 61.303 -20.34
 60.2828 -20.1672
 60.0717 -20.2238
 59.6481 -20.2104
 59.436 -20.1555
162 70 8
 62.1463 -22.5005
 61.5766 -24.16
 61.0374 -25.5873
 61.8368 -26.3687
 61.0192 -25.581
 60.2592 -25.5415
 59.3707 -26.039
 59.3195 -26.0422
163 4 21
 62.9785 -43.6031
 62.5463 -44.461
 63.4636 -45.1139
 65.1501 -46.0529
 66.1597 -46.454
 66.2524 -46.6298
 66.7041 -47.1453
 67.4091 -48.0574
 67.7476 -48.4317
 68.011 -48.4398
 68.7746 -48.3782
 69.9275 -48.3245
 70.4881 -48.4444
 70.701 -48.6044
 70.9664 -48.6143
 71.2852 -48.4837
 71.5051 -48.7639
 71.7365 -48.895
 71.8815 -48.8968
 71.8325 -49.1088
 71.8289 -49.157
163 78 18
 62.9785 -43.6031
 63.5788 -42.4685
 63.799 -42.0841
 63.7912 -41.8218
 64.299 -40.8424
 65.1255 -39.6506
 65.8502 -38.8906
 66.5447 -37.8156
 67.4801 -37.1719
 68.4594 -37.4594
 68.9646 -36.7752
 69.4284 -35.4971
 70.1311 -35.0693
 71.0527 -34.4603
 71.5742 -33.9176
 71.739 -33.5903
 71.8575 -33.219
 71.829 -33.1699
164 71 9
 81.983 -31.2446
 82.8266 -31.5438
 83.3871 -31.5304
 83.5388 -31.5379
 84.1792 -31.4516
 85.1089 -31.7687
 85.7464 -32.3034
 86.0128 -32.4304
 86.0598 -32.4139
164 69 5
 81.983 -31.2446
 81.7066 -30.2283
 81.7822 -29.4783
 81.9082 -29.3603
 81.9882 -29.3082
165 49 15
 77.6658 -39.4111
 76.6584 -40.2464
 75.7467 -41.1234
 75.6716 -41.4261
 75.5042 -41.2473
 75.0762 -41.2853
 74.9124 -41.2976
 74.6465 -41.4007
 74.351 -41.5629
 74.2285 -41.5719
 74.1258 -41.4858
 74.0442 -41.4081
 74.0486 -41.3411
 74.1821 -41.2644
 74.263 -41.21
165 53 8
 77.6658 -39.4111
 78.9003 -39.9198
 80.1044 -40.4944
 80.0965 -40.6135
 80.3297 -40.7505
 81.2764 -40.562
 81.9697 -40.3651
 81.9774 -40.3871
166 4 51
 99.2293 -51.797
 98.2524 -46.217
 97.5091 -45.5282
 96.8706 -46.3065
 95.7704 -47.2038
 95.2361 -47.3966
 95.0782 -47.8531
 94.8504 -48.2497
 94.7113 -48.2363
 94.0491 -48.0676
 92.8178 -47.5962
 91.1722 -47.0015
 89.4805 -47.241
 87.8947 -47.8867
 86.1596 -47.9552
 85.4856 -48.6222
 84.7552 -49.8226
 82.9159 -50.7373
 81.9551 -51.2742
 81.9272 -51.2785
 81.048 -51.1686
 79.9563 -51.0918
 79.2971 -50.833
 78.7206 -50.3965
 78.3354 -49.9873
 77.0282 -49.8461
 75.7952 -49.4957
 75.5372 -48.9269
 75.0858 -48.6347
 74.7825 -48.3335
 74.781 -48.5368
 74.6752 -48.6221
 74.4982 -48.9236
 74.4072 -49.1833
 74.0758 -49.3894
 73.6608 -49.5567
 73.4192 -49.433
 73.2167 -49.2354
 73.1311 -49.0818
 73.115 -49.0895
 73.1174 -49.2039
 73.0229 -49.2662
 72.7302 -49.7693
 72.3358 -50.2994
 72.129 -50.2886
 72.0081 -50.236
 71.869 -50.2397
 71.7691 -50.2133
 71.679 -49.6386
 71.7372 -49.121
 71.8289 -49.157
166 87 5
 99.2293 -51.797
 86.7973 -58.2141
 71.4299 -59.8889
 68.7599 -59.9955
 68.7843 -59.9588
167 114 16
 35.3988 -20.2274
 36.4722 -19.8491
 36.7593 -19.8109
 37.2355 -19.6305
 37.6704 -19.7852
 37.7435 -20.4749
 37.6344 -20.9226
 37.2799 -21.191
 37.0693 -21.6719
 36.9312 -22.1466
 36.4837 -22.4541
 36.1358 -22.4744
 35.4431 -22.6362
 34.635 -22.9745
 34.4541 -23.0687
 34.4393 -23.0929
167 93 3
 35.3988 -20.2274
 34.4392 -20.4886
 34.358 -20.3987
168 65 43
 5.0903 -20.7196
 4.63415 -21.2703
 4.24475 -20.7132
 3.5679 -20.3881
 3.5094 -19.9894
 3.45685 -19.6042
 3.1636 -19.4404
 2.8493 -19.4145
 2.63275 -19.4053
 2.37255 -19.2532
 1.97085 -19.0756
 1.69285 -18.7868
 1.64225 -18.5716
 1.4586 -18.5555
 1.26925 -18.5807
 1.33835 -18.8097
 1.2991 -19.0548
 1.22775 -19.2309
 1.15215 -19.4054
 1.13415 -19.6306
 1.01245 -19.8233
 1.19255 -19.9222
 1.18605 -20.1618
 1.2892 -19.9921
 1.5139 -20.0224
 1.69335 -20.0293
 1.7494 -19.9981
 1.8405 -20.0359
 1.91235 -20.0404
 1.8989 -20.1308
 1.8695 -20.2337
 1.90085 -20.2859
 1.96145 -20.3412
 2.0184 -20.3237
 2.0728 -20.275
 2.1181 -20.2549
 2.1648 -20.264
 2.20735 -20.2817
 2.2092 -20.3273
 2.17 -20.3886
 2.0971 -20.4371
 2.0304 -20.4711
 2.0207 -20.4767
168 119 6
 5.0903 -20.7196
 5.47225 -20.2213
 5.6798 -20.0325
 5.76625 -20.1021
 5.80395 -20.1311
 5.8147 -20.1229
169 122 14
 27.0765 40.2355
 27.5957 38.9792
 27.5666 38.7547
 27.7454 38.1712
 27.9468 37.7076
 28.1736 37.7986
 28.8032 37.7092
 29.8762 37.1649
 30.1112 36.6939
 29.0809 35.7778
 28.5772 34.7971
 28.7126 34.5637
 28.7425 34.4537
 28.7578 34.4034
169 103 7
 27.0765 40.2355
 26.5392 41.4203
 26.1181 41.5142
 24.8376 41.3643
 24.0251 40.8148
 24.1112 40.4138
 24.1685 40.3498
170 63 20
 48.6487 16.345
 49.3904 15.1903
 50.5225 14.9815
 50.4988 14.4637
 49.2185 13.0761
 47.4871 12.2915
 46.7505 12.8116
 45.3613 12.486
 44.0475 12.2035
 43.9949 12.1588
 44.0858 11.1737
 43.5626 10.2666
 42.6548 10.4695
 42.2667 10.486
 42.0645 10.1568
 42.1544 9.53915
 42.614 8.6516
 42.4991 8.3165
 42.1129 8.3724
 42.0963 8.3248
170 57 3
 48.6487 16.345
 48.8407 17.8776
 48.769 17.9938
171 47 39
 63.4424 32.0506
 64.2937 30.0117
 64.6516 29.4695
 64.4678 28.7488
 65.1133 29.1757
 65.5795 29.5251
 65.9335 29.9541
 66.4973 30.6844
 66.9906 31.2959
 67.0035 31.7856
 67.3146 32.7408
 67.7762 33.4212
 67.4774 33.8847
 66.9785 34.6082
 66.7859 34.8723
 66.6301 35.028
 66.4341 35.2106
 66.3127 35.3601
 66.2074 35.5433
 66.097 35.6617
 66.0459 35.7808
 66.0889 35.9234
 66.0863 36.0098
 66.142 35.9995
 66.2346 36.063
 66.2619 36.231
 66.2291 36.3351
 66.2627 36.4102
 66.2296 36.6208
 66.1844 36.8079
 66.2662 36.9454
 66.4035 37.1732
 66.4845 37.3164
 66.6606 37.3379
 66.7977 37.3878
 66.7679 37.4959
 66.7727 37.63
 66.7762 37.7089
 66.775 37.7281
171 22 3
 63.4424 32.0506
 62.7923 34.0894
 62.7768 34.0875
172 93 12
 29.7608 -18.4683
 30.6873 -18.5286
 31.2234 -18.6427
 32.1268 -18.9792
 32.7145 -19.5378
 33.2858 -20.2699
 33.84 -20.3507
 33.9495 -20.0189
 33.9888 -20.0255
 34.1229 -20.2225
 34.3038 -20.4065
 34.358 -20.3987
172 88 10
 29.7608 -18.4683
 28.3188 -18.9113
 27.2426 -19.0557
 26.8982 -19.1314
 27.0654 -19.6126
 27.3754 -19.5667
 28.1955 -20.1214
 28.2663 -20.962
 27.7959 -21.2385
 27.8417 -21.3401
173 2 10
 11.7631 38.2405
 10.8514 39.1011
 10.3126 39.9753
 9.49415 40.2976
 8.59485 40.6814
 8.319 40.896
 8.25475 41.0538
 8.27895 41.2126
 8.2216 41.3904
 8.1486 41.4291
173 67 6
 11.7631 38.2405
 12.8142 38.3137
 13.9006 38.2376
 14.5625 38.5296
 14.7586 39.0239
 14.8234 39.0755
174 62 20
 32.1081 19.7005
 31.6686 20.4259
 31.3531 20.4184
 31.6895 20.4736
 32.0018 20.829
 31.9865 21.2253
 32.0665 21.4121
 31.6868 21.4053
 31.1301 21.3541
 30.7402 21.2691
 30.575 21.3554
 30.3545 21.3501
 30.0929 21.2687
 29.9352 21.2607
 29.8298 21.3372
 29.8057 21.4301
 29.7448 21.3771
 29.6323 21.4202
 29.5602 21.471
 29.536 21.4789
174 86 5
 32.1081 19.7005
 32.6047 18.4547
 33.0702 17.6231
 33.1913 17.2833
 33.2112 17.2571
175 63 10
 44.5546 3.69985
 43.7919 4.63295
 43.5083 5.1946
 43.9229 6.17695
 43.9453 7.093
 43.1145 7.0484
 42.7726 6.97925
 42.444 7.6291
 42.0946 8.27125
 42.0963 8.3248
175 115 6
 44.5546 3.69985
 44.7728 2.467
 44.8703 1.50615
 46.1208 1.723
 47.0279 2.0643
 47.1164 1.9372
176 51 28
 53.0379 23.9931
 53.8912 23.1271
 53.8004 22.6596
 54.2758 22.5184
 55.3679 22.5257
 56.3284 22.7224
 56.3591 22.6225
 56.27 21.8666
 56.2868 21.0341
 56.725 20.6392
 57.3102 20.4526
 57.3844 20.222
 57.3919 20.2379
 57.7991 20.8992
 58.518 21.4371
 59.1285 21.8284
 59.6342 22.2276
 59.8818 22.8554
 59.9786 23.5879
 59.9182 23.6847
 59.8376 23.7941
 59.809 23.8985
 59.7441 23.9548
 59.7335 24.0299
 59.6296 24.1482
 59.4425 24.2896
 59.3615 24.3777
 59.3612 24.3835
176 57 11
 53.0379 23.9931
 51.7958 24.6186
 50.5033 23.6245
 49.4007 22.4883
 49.2147 21.2488
 48.9736 19.9891
 48.7724 19.6729
 48.4745 19.0607
 48.5669 18.4061
 48.7869 18.0719
 48.769 17.9938
177 58 10
 43.4687 32.5723
 43.3984 33.6693
 43.8279 34.0818
 43.9851 34.3725
 44.5821 34.9726
 45.1547 35.4169
 45.2411 35.6049
 45.2175 35.8857
 45.1929 36.1161
 45.2031 36.1278
177 82 19
 43.4687 32.5723
 43.4447 31.6
 42.2341 31.8281
 41.1208 31.874
 40.8162 31.2525
 40.879 31.0399
 40.7313 30.8811
 40.4324 30.6942
 40.177 29.6992
 40.1698 28.4335
 40.384 27.6284
 40.9801 27.272
 41.4717 27.3843
 41.5286 27.9942
 41.684 28.617
 41.9902 28.6928
 42.5247 28.8296
 42.9649 28.75
 43.0641 28.5823
178 15 4
 44.4325 37.3451
 43.6657 37.8283
 43.1287 38.3633
 43.061 38.3951
178 58 4
 44.4325 37.3451
 44.9386 36.8572
 45.1752 36.2385
 45.2031 36.1278
179 17 16
 80.4809 26.9456
 79.7995 27.9998
 79.3144 27.9163
 78.2896 27.8106
 77.7107 27.8431
 77.6008 28.2414
 77.0263 28.6682
 76.4902 29.0413
 75.8777 29.3997
 75.2889 29.5529
 75.06 29.7951
 74.6505 29.8983
 74.4406 29.9222
 74.3645 29.9592
 74.295 29.924
 74.283 29.9105
179 29 7
 80.4809 26.9456
 81.1852 25.8728
 81.3738 26.1385
 82.1512 26.9783
 83.0787 27.3512
 83.396 27.2076
 83.3992 27.2277
180 12 8
 87.8368 10.607
 87.6502 9.8613
 87.6763 9.40425
 87.6809 8.99695
 87.544 8.91085
 87.4025 8.8871
 87.3802 8.8456
 87.3788 8.835
180 14 8
 87.8368 10.607
 87.808 11.5061
 87.7502 12.0946
 88.1275 12.976
 87.3412 14.0933
 86.2559 14.5863
 86.152 14.5133
 86.133 14.475
181 123 53
 81.6804 12.6109
 81.3962 12.5392
 81.2441 12.5351
 81.1606 12.3616
 81.3936 11.5576
 81.5841 10.8423
 81.1069 10.3914
 80.5542 10.0331
 80.2174 9.8743
 79.8889 9.79625
 79.7116 9.9155
 79.6686 9.92855
 79.5257 9.7832
 79.201 9.5418
 79.0355 9.35825
 79.0289 9.23715
 78.7697 9.1722
 78.2164 9.244
 77.8298 9.28895
 77.7602 9.22035
 77.8298 9.11805
 77.8114 8.6341
 77.7345 8.04995
 77.7845 7.494
 77.5278 7.06695
 76.9967 6.9539
 76.6649 6.98755
 76.1499 7.0087
 75.4189 6.8707
 75.0311 6.83835
 75.0137 6.81795
 74.8811 6.9249
 74.573 7.13225
 74.2742 7.2523
 74.1177 7.18665
 74.0238 7.14355
 74.0013 7.0528
 73.9548 6.96465
 73.8866 6.86245
 73.6105 6.4602
 73.339 6.09455
 73.2601 6.0036
 73.0244 6.04875
 72.7719 5.97025
 72.6171 5.6343
 72.2621 5.2809
 71.969 5.0958
 71.9051 5.05615
 72.0677 4.80195
 72.31 4.49915
 72.2882 4.42405
 72.097 4.3982
 71.9774 4.3738
181 14 14
 81.6804 12.6109
 82.3127 12.747
 82.7486 12.8343
 83.1444 12.9522
 83.5819 12.8794
 83.666 12.7531
 83.8536 13.1117
 84.349 13.7561
 84.8364 14.0474
 85.0083 14.1138
 85.5328 14.3984
 86.0601 14.5267
 86.118 14.4743
 86.133 14.475
182 28 29
 76.477 12.6117
 75.9597 13.4634
 76.22 13.8913
 75.9715 14.0548
 75.4492 14.0419
 75.2989 14.0345
 74.9174 14.6412
 74.3141 15.1362
 74.1996 15.1771
 74.0612 14.8188
 73.3804 14.3757
 72.3258 13.9657
 71.5856 13.561
 70.9844 13.4322
 70.5101 13.5181
 70.1378 13.7214
 69.8757 13.848
 69.7194 14.0274
 69.8732 14.3529
 70.2192 14.8302
 70.2456 15.2113
 70.0819 15.33
 69.9462 15.372
 69.8711 15.4044
 69.8223 15.4749
 69.8618 15.587
 69.8414 15.7711
 69.8426 15.9227
 69.8951 15.9627
182 123 50
 76.477 12.6117
 77.2652 11.9258
 77.228 11.4922
 77.5884 11.4309
 78.3668 11.563
 79.1304 11.3861
 79.6918 10.7294
 79.7495 10.1003
 79.6686 9.92855
 79.5257 9.7832
 79.201 9.5418
 79.0355 9.35825
 79.0289 9.23715
 78.7697 9.1722
 78.2164 9.244
 77.8298 9.28895
 77.7602 9.22035
 77.8298 9.11805
 77.8114 8.6341
 77.7345 8.04995
 77.7845 7.494
 77.5278 7.06695
 76.9967 6.9539
 76.6649 6.98755
 76.1499 7.0087
 75.4189 6.8707
 75.0311 6.83835
 75.0137 6.81795
 74.8811 6.9249
 74.573 7.13225
 74.2742 7.2523
 74.1177 7.18665
 74.0238 7.14355
 74.0013 7.0528
 73.9548 6.96465
 73.8866 6.86245
 73.6105 6.4602
 73.339 6.09455
 73.2601 6.0036
 73.0244 6.04875
 72.7719 5.97025
 72.6171 5.6343
 72.2621 5.2809
 71.969 5.0958
 71.9051 5.05615
 72.0677 4.80195
 72.31 4.49915
 72.2882 4.42405
 72.097 4.3982
 71.9774 4.3738
183 11 6
 93.5749 -5.67655
 95.2234 -4.7661
 95.9538 -4.65165
 96.1916 -4.72495
 96.3062 -4.72565
 96.3373 -4.7084
183 19 5
 93.5749 -5.67655
 92.0166 -5.8874
 91.5066 -5.32305
 91.4718 -5.24325
 91.461 -5.198
184 52 16
 46.3993 -13.4896
 46.6808 -14.0415
 46.5835 -14.4858
 47.0794 -14.2556
 47.6866 -13.9564
 48.0099 -13.9701
 48.1139 -13.9665
 48.6017 -13.8816
 49.2487 -13.8165
 49.8207 -13.7451
 50.3605 -13.232
 50.5637 -12.7047
 50.7594 -12.511
 50.924 -12.5174
 50.9424 -12.5802
 50.9422 -12.585
184 79 18
 46.3993 -13.4896
 45.019 -12.8106
 44.077 -12.2575
 44.3228 -12.0549
 44.7173 -11.9282
 44.849 -11.8802
 44.7904 -11.5046
 44.8531 -10.7693
 45.0618 -10.069
 45.2463 -9.5295
 45.5899 -9.01285
 46.0878 -8.57305
 46.3667 -8.2474
 46.479 -7.96935
 46.2024 -8.08655
 45.0615 -7.91985
 44.1314 -7.68375
 44.0926 -7.6762
185 70 10
 66.7968 -26.6271
 64.78 -26.5929
 63.887 -26.5402
 63.5994 -26.5338
 63.0793 -26.5736
 61.8368 -26.3687
 61.0192 -25.581
 60.2592 -25.5415
 59.3707 -26.039
 59.3195 -26.0422
185 13 8
 66.7968 -26.6271
 68.0947 -27.1668
 68.1987 -27.7743
 68.3019 -27.9428
 68.1832 -28.2232
 68.0361 -28.4487
 68.0646 -28.6048
 68.063 -28.6938
186 70 16
 65.6687 -30.8864
 64.9324 -30.2298
 64.6559 -30.4583
 63.7032 -30.1448
 62.813 -29.7183
 62.4566 -29.4235
 62.1694 -29.142
 62.4657 -28.0924
 63.0933 -26.7851
 63.5994 -26.5338
 63.0793 -26.5736
 61.8368 -26.3687
 61.0192 -25.581
 60.2592 -25.5415
 59.3707 -26.039
 59.3195 -26.0422
186 64 5
 65.6687 -30.8864
 66.0008 -31.9823
 65.7578 -32.3447
 65.7788 -32.4024
 65.7859 -32.4057
187 4 25
 59.1991 -49.4114
 60.6939 -50.8793
 61.1057 -51.4268
 61.3094 -50.9563
 62.2206 -50.149
 63.1026 -48.5704
 63.777 -47.0625
 65.1559 -46.6156
 66.0266 -46.6124
 66.2524 -46.6298
 66.7041 -47.1453
 67.4091 -48.0574
 67.7476 -48.4317
 68.011 -48.4398
 68.7746 -48.3782
 69.9275 -48.3245
 70.4881 -48.4444
 70.701 -48.6044
 70.9664 -48.6143
 71.2852 -48.4837
 71.5051 -48.7639
 71.7365 -48.895
 71.8815 -48.8968
 71.8325 -49.1088
 71.8289 -49.157
187 5 4
 59.1991 -49.4114
 56.7603 -49.8274
 55.5605 -51.1529
 55.5761 -51.2531
188 75 8
 74.5105 -31.1248
 74.9539 -30.5684
 74.9013 -30.1285
 74.9621 -29.9803
 75.0181 -29.8132
 75.0395 -29.6166
 74.9714 -29.5921
 74.9363 -29.6
188 78 9
 74.5105 -31.1248
 74.0035 -32.0171
 73.7983 -32.9882
 73.3943 -33.2697
 73.1212 -33.3099
 72.5163 -33.341
 71.9754 -33.195
 71.873 -33.1433
 71.829 -33.1699
189 111 11
 0.00585 -35.2183
 0.10495 -34.842
 0.26465 -34.6788
 0.32125 -34.5879
 0.2285 -34.3375
 0.4615 -33.9433
 0.7171 -33.5989
 0.55995 -33.3103
 0.43115 -33.1104
 0.36645 -32.972
 0.3512 -32.9296
189 31 5
 0.00585 -35.2183
 -0.0903 -35.7914
 -0.16095 -36.1899
 -0.13205 -36.3111
 -0.1403 -36.3186
190 65 30
 -1.04565 -25.7847
 -0.25475 -25.1285
 0.3662 -24.8892
 0.7949 -24.4212
 0.95325 -24.0252
 1.41285 -23.7476
 1.6377 -23.0649
 1.61855 -22.3479
 1.81195 -22.0016
 1.8287 -21.8904
 1.67865 -21.8076
 1.5788 -21.6539
 1.606 -21.5079
 1.61685 -21.3088
 1.7111 -21.1411
 1.8612 -21.1339
 1.9624 -21.0837
 2.08305 -21.0346
 2.1849 -20.9836
 2.24575 -20.8979
 2.26695 -20.863
 2.22105 -20.8387
 2.1792 -20.7691
 2.16565 -20.7336
 2.1515 -20.6807
 2.12265 -20.6086
 2.0842 -20.5812
 2.0558 -20.5629
 2.0345 -20.5124
 2.0207 -20.4767
190 56 9
 -1.04565 -25.7847
 -1.1517 -26.4044
 -1.9655 -26.6047
 -2.42735 -27.0509
 -2.1607 -27.8145
 -1.90785 -28.4497
 -2.3611 -28.799
 -2.7464 -29.1318
 -2.7752 -29.156
191 65 37
 6.16045 -27.063
 4.1661 -27.0563
 3.47275 -26.9825
 3.4767 -26.4818
 3.6285 -25.6924
 3.71865 -25.3949
 3.5014 -25.3624
 3.27995 -25.0471
 3.0998 -24.6173
 3.01575 -24.2944
 2.69115 -24.0032
 2.0387 -23.7138
 1.41285 -23.7476
 1.6377 -23.0649
 1.61855 -22.3479
 1.81195 -22.0016
 1.8287 -21.8904
 1.67865 -21.8076
 1.5788 -21.6539
 1.606 -21.5079
 1.61685 -21.3088
 1.7111 -21.1411
 1.8612 -21.1339
 1.9624 -21.0837
 2.08305 -21.0346
 2.1849 -20.9836
 2.24575 -20.8979
 2.26695 -20.863
 2.22105 -20.8387
 2.1792 -20.7691
 2.16565 -20.7336
 2.1515 -20.6807
 2.12265 -20.6086
 2.0842 -20.5812
 2.0558 -20.5629
 2.0345 -20.5124
 2.0207 -20.4767
191 66 5
 6.16045 -27.063
 7.54745 -26.5883
 8.19835 -26.7047
 8.9063 -27.2409
 9.0226 -27.2602
192 65 44
 6.94835 -33.1482
 6.2609 -32.3382
 5.9163 -31.86
 5.0946 -31.4284
 4.53485 -30.5858
 4.0471 -30.327
 3.68255 -30.0528
 3.19275 -29.0257
 3.09365 -28.1885
 3.42455 -27.4541
 3.4767 -26.4818
 3.6285 -25.6924
 3.71865 -25.3949
 3.5014 -25.3624
 3.27995 -25.0471
 3.0998 -24.6173
 3.01575 -24.2944
 2.69115 -24.0032
 2.0387 -23.7138
 1.41285 -23.7476
 1.6377 -23.0649
 1.61855 -22.3479
 1.81195 -22.0016
 1.8287 -21.8904
 1.67865 -21.8076
 1.5788 -21.6539
 1.606 -21.5079
 1.61685 -21.3088
 1.7111 -21.1411
 1.8612 -21.1339
 1.9624 -21.0837
 2.08305 -21.0346
 2.1849 -20.9836
 2.24575 -20.8979
 2.26695 -20.863
 2.22105 -20.8387
 2.1792 -20.7691
 2.16565 -20.7336
 2.1515 -20.6807
 2.12265 -20.6086
 2.0842 -20.5812
 2.0558 -20.5629
 2.0345 -20.5124
 2.0207 -20.4767
192 68 7
 6.94835 -33.1482
 8.2959 -33.0294
 8.96135 -32.417
 9.08005 -31.9795
 9.23795 -31.4147
 9.4312 -31.1368
 9.4581 -31.1149
193 68 6
 12.2493 -32.1535
 10.9205 -32.1105
 10.6302 -31.6291
 10.388 -31.119
 9.82745 -31.0884
 9.4581 -31.1149
193 6 6
 12.2493 -32.1535
 13.3855 -32.5336
 13.8417 -33.0335
 14.3913 -33.3673
 14.5578 -33.588
 14.5841 -33.6092
194 105 4
 14.926 -33.8258
 15.1652 -34.3829
 15.0946 -34.7458
 15.1197 -34.7667
194 6 3
 14.926 -33.8258
 14.5875 -33.6099
 14.5841 -33.6092
195 76 17
 16.1915 -33.3566
 17.3013 -32.5414
 17.7183 -32.4315
 18.8483 -32.1542
 19.8932 -31.8694
 20.1343 -31.7937
 20.4794 -31.562
 21.0912 -30.5587
 21.5202 -29.4219
 22.1473 -29.5785
 23.0509 -29.4907
 23.4262 -29.651
 23.899 -29.7435
 24.7822 -30.2635
 25.404 -30.8603
 25.4557 -30.9247
 25.468 -30.9484
195 105 4
 16.1915 -33.3566
 15.1652 -34.3829
 15.0946 -34.7458
 15.1197 -34.7667
196 114 23
 29.3731 -33.8773
 30.2743 -33.3871
 30.9446 -32.8752
 31.5463 -32.2869
 31.3717 -31.5453
 30.8855 -31.1049
 29.8111 -30.2886
 29.854 -29.8564
 32.139 -29.9767
 33.2394 -29.4722
 33.4565 -28.6336
 33.9527 -28.1795
 34.1323 -27.0392
 34.1883 -25.6627
 34.296 -25.0894
 34.4273 -24.6572
 34.4576 -24.2911
 34.3668 -24.2423
 34.3331 -24.017
 34.3931 -23.5993
 34.4475 -23.273
 34.4442 -23.122
 34.4393 -23.0929
196 76 8
 29.3731 -33.8773
 28.0383 -33.8959
 27.1011 -33.5332
 26.6976 -33.0104
 26.0053 -32.12
 25.4998 -31.1364
 25.4531 -30.9814
 25.468 -30.9484
197 114 8
 33.3432 -24.7984
 34.2486 -24.4137
 34.3668 -24.2423
 34.3331 -24.017
 34.3931 -23.5993
 34.4475 -23.273
 34.4442 -23.122
 34.4393 -23.0929
197 8 11
 33.3432 -24.7984
 32.3731 -24.9954
 31.7087 -25.3175
 31.3476 -25.9368
 31.3596 -26.2057
 31.0377 -26.3472
 30.5293 -26.587
 29.8879 -26.5464
 29.4336 -26.4865
 29.3626 -26.5693
 29.3586 -26.573
198 60 9
 38.1845 -19.8605
 38.9167 -20.2391
 39.4593 -20.3554
 39.2547 -19.9028
 39.6113 -19.1053
 39.8526 -18.2794
 39.9001 -17.8212
 39.8792 -17.7061
 39.8663 -17.7053
198 114 14
 38.1845 -19.8605
 37.2355 -19.6305
 37.6704 -19.7852
 37.7435 -20.4749
 37.6344 -20.9226
 37.2799 -21.191
 37.0693 -21.6719
 36.9312 -22.1466
 36.4837 -22.4541
 36.1358 -22.4744
 35.4431 -22.6362
 34.635 -22.9745
 34.4541 -23.0687
 34.4393 -23.0929
199 91 12
 19.4072 -23.0457
 17.9984 -22.6607
 17.9199 -22.8636
 16.9577 -22.8526
 15.7519 -22.4976
 15.4417 -22.2352
 15.1623 -22.3293
 14.9037 -22.1903
 14.2367 -21.6609
 13.5402 -21.3741
 13.4683 -21.3789
 13.4533 -21.3606
199 88 18
 19.4072 -23.0457
 21.5628 -23.5879
 22.6495 -24.2752
 23.5515 -24.7223
 24.3263 -24.4079
 24.4026 -24.2954
 24.1183 -24.2684
 24.0896 -23.8204
 24.5613 -22.4139
 24.8794 -21.3323
 25.4624 -20.6143
 26.504 -19.7779
 27.0654 -19.6126
 27.3754 -19.5667
 28.1955 -20.1214
 28.2663 -20.962
 27.7959 -21.2385
 27.8417 -21.3401
200 88 24
 14.5815 -15.4992
 16.1215 -15.9977
 16.6005 -16.6269
 17.2379 -16.6059
 18.3055 -16.3475
 19.3768 -16.6285
 20.2285 -17.2736
 21.2258 -17.5355
 21.9814 -17.3818
 22.1399 -17.2458
 22.2435 -17.466
 22.4442 -17.7025
 22.7079 -18.173
 22.9121 -19.528
 23.1504 -20.3949
 23.9699 -20.0732
 25.3305 -19.8952
 26.504 -19.7779
 27.0654 -19.6126
 27.3754 -19.5667
 28.1955 -20.1214
 28.2663 -20.962
 27.7959 -21.2385
 27.8417 -21.3401
200 81 3
 14.5815 -15.4992
 12.7592 -15.1581
 12.1346 -14.8426
201 60 9
 41.4026 -16.6908
 41.0146 -17.0304
 40.5976 -17.2081
 40.2283 -17.3787
 40.5418 -17.5349
 40.0951 -17.5406
 39.9353 -17.6707
 39.8792 -17.7061
 39.8663 -17.7053
201 34 6
 41.4026 -16.6908
 41.7665 -16.3681
 41.9931 -16.3009
 42.2177 -16.1972
 42.2342 -16.0278
 42.2128 -15.9529
202 92 15
 10.7232 10.0527
 10.3394 11.7722
 10.3547 13.1227
 10.7174 15.0715
 10.9872 16.1807
 11.9328 16.1119
 12.8181 15.8699
 12.8368 15.8888
 13.0557 17.3423
 13.3491 18.9079
 13.3649 19.1686
 12.9861 19.2541
 12.6784 19.6432
 12.9185 20.198
 13.165 20.33
202 90 9
 10.7232 10.0527
 11.3113 8.41565
 12.235 7.91925
 13.3215 6.8172
 14.7787 6.02075
 15.6014 5.93485
 14.966 5.3891
 14.5402 4.9249
 14.6199 4.8453
203 50 43
 -1.9101 13.3524
 -0.0776 13.5319
 0.8162 13.5367
 1.1545 13.5861
 1.4891 13.8091
 1.71745 14.5069
 2.08945 15.8031
 1.6706 16.7036
 0.78625 17.2575
 0.47135 17.8507
 0.1664 18.0545
 -0.25625 18.4543
 -0.6992 18.9219
 -1.28845 19.1927
 -1.46965 19.5884
 -1.2962 19.81
 -1.2027 19.9062
 -1.15285 20.1636
 -1.11865 20.3807
 -1.2331 20.5396
 -1.39185 20.6848
 -1.4235 20.7835
 -1.47225 20.7489
 -1.59605 20.7584
 -1.71225 20.7254
 -1.7621 20.7165
 -1.81955 20.7108
 -1.8831 20.6623
 -1.95145 20.6388
 -2.002 20.6339
 -2.04935 20.6076
 -2.0906 20.576
 -2.10175 20.5433
 -2.0781 20.5182
 -2.03095 20.4454
 -2.00075 20.379
 -1.9982 20.3386
 -2.00605 20.3067
 -1.9926 20.2608
 -2.0368 20.2071
 -2.07585 20.1283
 -2.05315 20.0553
 -2.0489 20.05
203 97 8
 -1.9101 13.3524
 -2.94645 13.194
 -3.1322 13.4071
 -3.1956 13.6996
 -3.30335 13.7183
 -4.35485 13.7761
 -5.2706 13.9091
 -5.287 13.9226
204 26 19
 1.54255 -3.98445
 1.2355 -3.3681
 0.55085 -3.3507
 -0.14405 -3.4384
 -0.31335 -3.2725
 -0.57675 -3.0448
 -0.9438 -2.87
 -1.1605 -2.6666
 -1.2071 -2.649
 -1.25035 -2.76145
 -1.4075 -2.79415
 -2.09315 -2.5833
 -2.79415 -2.25885
 -3.1213 -2.0086
 -3.45765 -1.8325
 -3.68695 -1.77475
 -3.4959 -1.6751
 -3.3159 -1.57805
 -3.2984 -1.571
204 80 4
 1.54255 -3.98445
 1.9153 -4.6354
 1.93235 -4.73595
 1.8534 -4.7178
205 80 27
 0.77715 -14.6395
 1.4374 -14.2136
 1.6473 -14.1948
 1.73535 -14.1975
 1.6304 -13.6023
 1.35105 -12.9622
 1.1269 -12.7236
 1.0633 -12.4304
 1.01615 -11.9686
 0.8554 -11.4148
 0.6873 -10.8928
 0.65565 -10.493
 0.27795 -9.8734
 -0.02295 -9.2293
 -0.02155 -9.15675
 -0.16025 -9.05465
 -0.20215 -8.9002
 -0.03185 -8.6222
 0.15355 -7.72355
 0.26185 -6.76125
 0.30385 -6.34325
 -0.0386 -6.2061
 -0.2648 -6.00735
 -0.002 -5.84485
 0.99565 -5.2658
 1.8478 -4.70395
 1.8534 -4.7178
205 77 5
 0.77715 -14.6395
 0.23035 -15.2771
 0.27005 -15.7225
 0.26015 -16.0956
 0.1679 -16.2466
206 7 6
 -1.41825 2.36015
 -1.66175 2.9953
 -1.71215 3.21085
 -1.7161 3.3442
 -1.7713 3.50285
 -1.804 3.5526
206 16 12
 -1.41825 2.36015
 -1.1768 1.89455
 -1.0376 1.73185
 -0.9345 1.1582
 -1.05335 0.75985
 -1.26395 0.56525
 -1.38125 0.3238
 -1.6174 0.276
 -1.9242 0.3498
 -2.4294 0.76685
 -2.84105 1.07045
 -2.8745 1.0659
207 7 24
 -3.62425 12.5878
 -4.1539 11.9695
 -4.1004 11.7815
 -4.02875 11.2194
 -3.75635 10.8253
 -3.2574 10.2997
 -2.53125 9.86435
 -2.5333 9.54585
 -2.4715 8.82165
 -2.82135 8.27845
 -3.00485 7.7523
 -2.64665 6.9585
 -2.21005 6.13665
 -1.81815 5.7315
 -2.13045 5.56115
 -2.41175 5.39415
 -2.27775 5.01005
 -2.4648 4.37605
 -2.78545 4.1002
 -2.2749 3.98585
 -1.8583 3.72815
 -1.8707 3.6046
 -1.8275 3.5696
 -1.804 3.5526
207 97 8
 -3.62425 12.5878
 -3.041 13.1473
 -3.1322 13.4071
 -3.1956 13.6996
 -3.30335 13.7183
 -4.35485 13.7761
 -5.2706 13.9091
 -5.287 13.9226
208 50 40
 0.5294 21.8714
 0.21035 21.3555
 -0.13565 21.2858
 -0.35335 21.2871
 -0.55575 21.3229
 -0.71225 21.2913
 -0.7276 21.3019
 -0.7955 21.4982
 -0.97755 21.7258
 -1.14575 21.5533
 -1.21405 21.3242
 -1.3204 21.2779
 -1.3958 21.2247
 -1.3471 21.1406
 -1.2526 21.0399
 -1.215 20.983
 -1.2612 20.9721
 -1.3458 20.9153
 -1.4235 20.7835
 -1.47225 20.7489
 -1.59605 20.7584
 -1.71225 20.7254
 -1.7621 20.7165
 -1.81955 20.7108
 -1.8831 20.6623
 -1.95145 20.6388
 -2.002 20.6339
 -2.04935 20.6076
 -2.0906 20.576
 -2.10175 20.5433
 -2.0781 20.5182
 -2.03095 20.4454
 -2.00075 20.379
 -1.9982 20.3386
 -2.00605 20.3067
 -1.9926 20.2608
 -2.0368 20.2071
 -2.07585 20.1283
 -2.05315 20.0553
 -2.0489 20.05
208 42 24
 0.5294 21.8714
 0.90825 22.4711
 1.2544 22.5582
 1.6541 22.9037
 2.0693 23.4173
 2.1536 23.6086
 2.2692 23.7274
 2.4478 24.1839
 2.6104 24.7695
 2.70725 25.2162
 2.9148 25.5215
 3.0885 25.6807
 3.1398 25.6816
 3.32245 25.6152
 3.5838 25.489
 3.7175 25.4279
 3.7262 25.3693
 4.00645 25.2987
 4.3164 25.2539
 4.3963 25.1476
 4.53965 25.073
 4.64085 25.0975
 4.65835 25.107
 4.6736 25.115
209 30 19
 -6.03165 35.3025
 -4.56885 34.9828
 -4.29855 34.8753
 -3.6554 34.271
 -3.07735 33.422
 -3.27475 32.9846
 -2.40085 32.9921
 -1.3507 33.0178
 -0.84985 33.1077
 -0.6306 33.4281
 0.4235 33.4216
 1.67105 32.3908
 1.9105 31.3026
 2.037 31.1739
 2.7727 31.1315
 4.0122 31.2491
 4.65325 31.7431
 4.8804 31.8578
 5.0762 31.9924
209 112 6
 -6.03165 35.3025
 -7.72135 35.6622
 -7.1549 36.452
 -5.8981 37.2719
 -5.6867 37.4347
 -5.6669 37.4423
210 33 11
 5.3303 42.7915
 4.65025 41.7355
 3.5421 41.0872
 2.52335 41.1591
 1.6105 41.3051
 0.5204 40.921
 0.044 40.4295
 -0.47205 39.5812
 -0.54595 38.1178
 -0.2614 37.2935
 -0.2603 37.264
210 2 5
 5.3303 42.7915
 6.97235 42.5724
 8.1041 41.6348
 8.0963 41.4496
 8.1486 41.4291
211 42 12
 4.22375 29.6032
 4.14245 27.8352
 4.2342 26.7677
 4.3766 26.4072
 4.46945 25.8899
 4.56215 25.5787
 4.67275 25.3917
 4.68205 25.2903
 4.65975 25.2176
 4.64315 25.1685
 4.6671 25.1317
 4.6736 25.115
211 30 4
 4.22375 29.6032
 4.5261 31.0259
 4.8804 31.8578
 5.0762 31.9924
212 100 5
 12.5611 40.3135
 13.0608 42.3755
 13.7103 43.4913
 13.9402 43.6343
 13.9521 43.6542
212 67 5
 12.5611 40.3135
 13.4417 39.3327
 14.486 39.3316
 14.7023 39.1588
 14.8234 39.0755
213 23 6
 14.958 43.6845
 15.8588 43.8382
 17.0026 43.591
 18.2304 43.302
 18.3498 43.2705
 18.3727 43.2743
213 100 4
 14.958 43.6845
 13.999 43.5759
 13.9402 43.6343
 13.9521 43.6542
214 103 10
 21.3636 38.5098
 22.4669 38.0315
 23.3228 37.8746
 23.4174 37.9042
 23.8525 38.1665
 24.5989 38.422
 24.9036 39.2039
 24.5286 40.1507
 24.2006 40.3409
 24.1685 40.3498
214 24 4
 21.3636 38.5098
 20.7082 39.0853
 20.1885 39.3747
 20.0549 39.4038
215 45 10
 33.4911 28.0401
 33.6483 27.4427
 33.5513 27.2464
 33.24 26.5833
 32.9881 25.5746
 32.8939 24.9582
 32.8382 24.8658
 32.9081 24.8727
 32.9686 24.8162
 32.9716 24.7417
215 82 21
 33.4911 28.0401
 34.3325 28.8796
 35.3489 29.1291
 35.4286 29.2568
 35.7933 29.6415
 36.0631 30.1041
 36.5831 30.5779
 37.9056 30.8891
 39.4829 30.7729
 40.4324 30.6942
 40.177 29.6992
 40.1698 28.4335
 40.384 27.6284
 40.9801 27.272
 41.4717 27.3843
 41.5286 27.9942
 41.684 28.617
 41.9902 28.6928
 42.5247 28.8296
 42.9649 28.75
 43.0641 28.5823
216 62 21
 32.6114 23.5597
 32.5264 22.8793
 32.4538 22.5051
 32.1551 22.1364
 32.0863 21.6786
 32.1395 21.521
 32.1492 21.509
 32.0665 21.4121
 31.6868 21.4053
 31.1301 21.3541
 30.7402 21.2691
 30.575 21.3554
 30.3545 21.3501
 30.0929 21.2687
 29.9352 21.2607
 29.8298 21.3372
 29.8057 21.4301
 29.7448 21.3771
 29.6323 21.4202
 29.5602 21.471
 29.536 21.4789
216 45 5
 32.6114 23.5597
 32.837 24.2172
 32.909 24.5814
 32.9646 24.6968
 32.9716 24.7417
217 84 3
 17.8278 23.1294
 18.162 23.2192
 18.1905 23.208
217 20 3
 17.8278 23.1294
 17.51 23.023
 17.498 23.0175
218 62 45
 19.6523 23.4374
 20.5006 23.1863
 20.814 22.9528
 21.1244 22.7476
 21.3638 22.6817
 21.7622 22.5206
 22.2034 22.3134
 22.3885 22.243
 22.6773 22.2317
 22.8354 22.0767
 22.9699 21.801
 23.1455 21.6877
 23.2638 21.7579
 23.555 21.9247
 23.9208 22.0409
 24.1646 22.0757
 24.255 22.0914
 24.3233 21.9603
 24.452 21.8969
 24.748 22.1168
 25.0651 22.6253
 25.1762 22.9531
 25.4823 23.0648
 25.8084 23.1588
 25.8675 23.0272
 25.9632 22.5735
 26.3119 22.1423
 26.8964 21.8089
 27.3807 21.6748
 27.61 21.713
 27.7434 21.5517
 28.1137 21.4197
 28.4688 21.2849
 28.6408 21.1386
 28.9167 21.1507
 29.1107 21.1727
 29.2765 21.1385
 29.4194 21.1772
 29.5094 21.2267
 29.6029 21.2626
 29.6557 21.3349
 29.7448 21.3771
 29.6323 21.4202
 29.5602 21.471
 29.536 21.4789
218 84 5
 19.6523 23.4374
 18.7847 23.4461
 18.4139 23.2313
 18.2454 23.2094
 18.1905 23.208
219 62 17
 26.8507 19.2789
 27.5467 20.2703
 27.9422 21.0908
 28.2136 21.2612
 28.438 21.2395
 28.6408 21.1386
 28.9167 21.1507
 29.1107 21.1727
 29.2765 21.1385
 29.4194 21.1772
 29.5094 21.2267
 29.6029 21.2626
 29.6557 21.3349
 29.7448 21.3771
 29.6323 21.4202
 29.5602 21.471
 29.536 21.4789
219 0 10
 26.8507 19.2789
 25.8693 18.7603
 24.6941 18.6062
 24.0787 18.6639
 24.5779 18.1712
 25.4791 17.7047
 25.901 17.6882
 25.8969 17.5849
 25.8583 17.4805
 25.8447 17.4417
220 96 16
 13.717 21.9802
 13.8027 22.9046
 13.9524 23.3209
 13.7012 23.3491
 13.3162 23.644
 13.0592 23.9271
 12.8246 23.9108
 12.5998 23.7545
 12.5852 23.5988
 12.531 23.7361
 12.3736 24.0844
 12.2363 24.306
 12.2241 24.4107
 12.1173 24.5418
 11.9798 24.6274
 11.9544 24.6631
220 92 5
 13.717 21.9802
 13.4969 21.3877
 13.2035 20.8192
 13.1218 20.3421
 13.165 20.33
221 62 44
 20.6222 20.8642
 20.5754 21.8012
 21.1186 22.4464
 21.3638 22.6817
 21.7622 22.5206
 22.2034 22.3134
 22.3885 22.243
 22.6773 22.2317
 22.8354 22.0767
 22.9699 21.801
 23.1455 21.6877
 23.2638 21.7579
 23.555 21.9247
 23.9208 22.0409
 24.1646 22.0757
 24.255 22.0914
 24.3233 21.9603
 24.452 21.8969
 24.748 22.1168
 25.0651 22.6253
 25.1762 22.9531
 25.4823 23.0648
 25.8084 23.1588
 25.8675 23.0272
 25.9632 22.5735
 26.3119 22.1423
 26.8964 21.8089
 27.3807 21.6748
 27.61 21.713
 27.7434 21.5517
 28.1137 21.4197
 28.4688 21.2849
 28.6408 21.1386
 28.9167 21.1507
 29.1107 21.1727
 29.2765 21.1385
 29.4194 21.1772
 29.5094 21.2267
 29.6029 21.2626
 29.6557 21.3349
 29.7448 21.3771
 29.6323 21.4202
 29.5602 21.471
 29.536 21.4789
221 94 3
 20.6222 20.8642
 21.0667 20.3913
 21.1706 20.3994
222 41 36
 63.6387 17.8438
 62.3001 18.966
 61.2389 19.3381
 62.2501 19.2304
 63.1785 19.1477
 63.4113 19.7314
 64.145 20.9478
 65.0323 21.8633
 65.2368 22.2867
 65.5408 22.0682
 65.8945 21.9617
 66.1959 22.2479
 66.389 22.5436
 66.3867 22.5848
 66.264 22.7505
 66.1389 23.049
 66.4623 23.1929
 66.9775 23.2807
 67.2655 23.4933
 67.452 23.6301
 67.5446 23.7412
 67.6185 23.8127
 67.6993 23.7788
 67.7653 23.7588
 67.9026 23.7892
 68.026 23.8968
 68.0432 24.004
 68.019 24.0443
 68.0098 24.0739
 68.1258 24.1396
 68.1311 24.24
 68.2834 24.1563
 68.3843 24.2029
 68.4381 24.3238
 68.4775 24.3799
 68.4988 24.3939
222 36 5
 63.6387 17.8438
 64.5183 17.1339
 65.3698 17.1695
 65.8255 17.0809
 65.8553 17.0552
223 39 8
 59.8337 2.8725
 62.2071 2.8602
 63.2656 2.8158
 63.4114 2.45875
 63.4132 2.34875
 63.3962 2.07465
 63.4364 1.7836
 63.4442 1.7262
223 107 3
 59.8337 2.8725
 58.2732 3.3059
 58.122 3.4839
224 15 33
 49.8144 36.0519
 49.2831 36.2592
 49.1949 36.2975
 48.9698 36.563
 48.5473 36.8775
 48.0921 37.1889
 47.6748 38.029
 47.3149 38.8617
 47.4182 39.334
 47.8694 39.7355
 48.1716 40.0898
 48.2333 40.3137
 47.719 40.5457
 47.0714 40.9342
 46.8399 41.1516
 46.6411 41.1558
 46.3458 40.8522
 46.0953 40.5129
 45.9696 40.3862
 45.4789 40.3402
 44.7154 40.091
 44.3818 39.817
 44.3323 39.7744
 44.2485 39.9374
 43.6256 40.0839
 42.9613 40.091
 42.8761 39.8396
 42.9752 39.2295
 42.8692 38.7239
 42.6888 38.4916
 42.8354 38.5161
 43.0149 38.4901
 43.061 38.3951
224 73 15
 49.8144 36.0519
 51.0499 35.6299
 51.8419 35.4574
 52.0263 35.6175
 52.4912 35.9614
 53.3269 36.7015
 54.2749 37.7035
 55.0271 38.0926
 55.421 37.9786
 55.6437 37.8078
 56.1175 37.5338
 56.5489 37.4523
 56.8308 37.7179
 57.0625 38.0648
 57.0952 38.1872
225 51 26
 57.5726 34.6705
 57.8911 32.6152
 58.0998 31.62
 58.5981 31.1304
 59.4224 29.8489
 60.3927 28.9543
 61.0467 28.5309
 61.4697 27.6013
 61.5819 27.0962
 61.5405 26.8443
 60.8395 26.3357
 60.3015 25.8439
 60.4669 25.3423
 60.5426 24.992
 60.5382 24.8565
 60.3314 24.4736
 60.1127 24.1367
 59.9869 23.9934
 59.873 23.8891
 59.809 23.8985
 59.7441 23.9548
 59.7335 24.0299
 59.6296 24.1482
 59.4425 24.2896
 59.3615 24.3777
 59.3612 24.3835
225 73 9
 57.5726 34.6705
 57.761 35.9615
 57.7043 36.3406
 56.9655 36.8829
 56.8097 37.2904
 56.6723 37.4827
 56.8308 37.7179
 57.0625 38.0648
 57.0952 38.1872
226 47 39
 66.3232 27.8782
 65.4877 28.3743
 64.5924 28.7043
 64.4678 28.7488
 65.1133 29.1757
 65.5795 29.5251
 65.9335 29.9541
 66.4973 30.6844
 66.9906 31.2959
 67.0035 31.7856
 67.3146 32.7408
 67.7762 33.4212
 67.4774 33.8847
 66.9785 34.6082
 66.7859 34.8723
 66.6301 35.028
 66.4341 35.2106
 66.3127 35.3601
 66.2074 35.5433
 66.097 35.6617
 66.0459 35.7808
 66.0889 35.9234
 66.0863 36.0098
 66.142 35.9995
 66.2346 36.063
 66.2619 36.231
 66.2291 36.3351
 66.2627 36.4102
 66.2296 36.6208
 66.1844 36.8079
 66.2662 36.9454
 66.4035 37.1732
 66.4845 37.3164
 66.6606 37.3379
 66.7977 37.3878
 66.7679 37.4959
 66.7727 37.63
 66.7762 37.7089
 66.775 37.7281
226 41 23
 66.3232 27.8782
 67.0519 27.5957
 67.4473 27.3209
 67.8633 27.0908
 68.4314 26.5065
 68.5809 26.0574
 68.405 25.7859
 68.1516 25.5352
 67.8911 25.3814
 67.7508 25.2328
 67.7547 25.0848
 67.8048 24.9481
 67.8671 24.8176
 67.9669 24.6578
 68.0607 24.5428
 68.0737 24.445
 68.0521 24.3463
 68.1311 24.24
 68.2834 24.1563
 68.3843 24.2029
 68.4381 24.3238
 68.4775 24.3799
 68.4988 24.3939
227 41 49
 69.9183 16.7033
 69.4006 17.4088
 69.2411 17.7615
 69.588 18.2985
 69.9349 18.7236
 69.9791 18.8947
 69.9423 19.0391
 69.8143 18.9927
 69.1483 18.9347
 68.5536 18.958
 68.439 19.1332
 68.0309 19.6579
 67.754 20.2723
 67.8837 20.7036
 67.9657 20.938
 67.9209 21.0178
 67.8392 21.1133
 67.7178 21.1901
 67.6413 21.1889
 67.4485 21.3218
 67.0678 21.4189
 66.8214 21.4993
 66.6264 21.6769
 66.384 21.7962
 66.3782 22.1796
 66.4438 22.5343
 66.3867 22.5848
 66.264 22.7505
 66.1389 23.049
 66.4623 23.1929
 66.9775 23.2807
 67.2655 23.4933
 67.452 23.6301
 67.5446 23.7412
 67.6185 23.8127
 67.6993 23.7788
 67.7653 23.7588
 67.9026 23.7892
 68.026 23.8968
 68.0432 24.004
 68.019 24.0443
 68.0098 24.0739
 68.1258 24.1396
 68.1311 24.24
 68.2834 24.1563
 68.3843 24.2029
 68.4381 24.3238
 68.4775 24.3799
 68.4988 24.3939
227 28 4
 69.9183 16.7033
 70.0792 16.049
 69.9077 15.942
 69.8951 15.9627
228 41 16
 71.7184 28.118
 71.53 27.5551
 71.715 27.2057
 71.7041 26.8787
 71.6633 26.5644
 71.058 25.8928
 70.3831 25.4095
 69.885 25.4703
 69.0984 25.5166
 68.7691 25.1723
 68.6978 24.8754
 68.588 24.7481
 68.5316 24.5778
 68.5028 24.4907
 68.498 24.4193
 68.4988 24.3939
228 17 8
 71.7184 28.118
 72.4076 28.6475
 72.9673 29.0794
 73.6174 29.5801
 74.0647 29.7821
 74.1354 29.8354
 74.2508 29.8754
 74.283 29.9105
229 17 36
 77.9826 39.4408
 77.4181 39.2443
 76.3939 39.4672
 75.0126 39.3134
 74.3303 39.0014
 74.2636 38.8769
 74.2019 38.7613
 74.1872 37.9099
 74.3752 36.9562
 74.6104 36.4039
 74.69 35.8154
 74.6434 35.7105
 74.2003 35.4328
 73.8255 35.0005
 73.7669 34.7913
 73.7256 34.6472
 73.0558 34.464
 72.3815 34.3223
 72.1396 33.8393
 71.9337 32.917
 71.77 32.2892
 71.619 32.0578
 71.7987 32.0229
 72.1208 32.2927
 72.5925 31.9949
 73.0784 31.4158
 73.2957 31.3814
 73.2838 31.2229
 73.3994 30.8316
 73.6859 30.5783
 73.9603 30.4219
 74.088 30.2214
 74.0331 30.0428
 74.1013 29.8794
 74.2508 29.8754
 74.283 29.9105
229 46 7
 77.9826 39.4408
 78.5111 39.9841
 78.5562 40.4725
 78.2789 40.7731
 78.0537 41.0366
 77.8433 41.3237
 77.8138 41.4231
230 17 28
 75.9301 36.1079
 74.8049 35.6314
 74.69 35.8154
 74.6434 35.7105
 74.2003 35.4328
 73.8255 35.0005
 73.7669 34.7913
 73.7256 34.6472
 73.0558 34.464
 72.3815 34.3223
 72.1396 33.8393
 71.9337 32.917
 71.77 32.2892
 71.619 32.0578
 71.7987 32.0229
 72.1208 32.2927
 72.5925 31.9949
 73.0784 31.4158
 73.2957 31.3814
 73.2838 31.2229
 73.3994 30.8316
 73.6859 30.5783
 73.9603 30.4219
 74.088 30.2214
 74.0331 30.0428
 74.1013 29.8794
 74.2508 29.8754
 74.283 29.9105
230 95 8
 75.9301 36.1079
 77.1341 36.5998
 77.6293 36.2836
 78.0061 35.9699
 79.0122 35.6644
 80.0531 35.3724
 80.1533 35.3907
 80.1845 35.4135
231 29 6
 83.962 25.8631
 83.8164 26.6059
 83.6848 27.0821
 83.5658 27.1955
 83.4284 27.2656
 83.3992 27.2277
231 48 6
 83.962 25.8631
 83.9488 24.8433
 84.3506 23.7756
 84.617 23.1559
 84.4641 22.772
 84.4849 22.6882
232 102 11
 89.4591 24.2801
 89.6805 22.7892
 89.8037 21.5939
 89.7525 21.3722
 89.6593 21.2438
 89.3512 20.8189
 88.6952 20.2575
 88.6619 20.033
 89.081 19.8678
 89.1741 19.7369
 89.2407 19.7446
232 29 14
 89.4591 24.2801
 89.0925 25.163
 88.709 25.6621
 88.415 25.5279
 87.5719 25.6259
 87.0352 26.3787
 87.0889 26.9067
 86.6724 27.0509
 85.4755 26.965
 84.1763 26.9426
 83.6848 27.0821
 83.5658 27.1955
 83.4284 27.2656
 83.3992 27.2277
233 123 14
 72.5029 6.57595
 72.7016 6.2821
 72.7865 6.1298
 73.0244 6.04875
 72.7719 5.97025
 72.6171 5.6343
 72.2621 5.2809
 71.969 5.0958
 71.9051 5.05615
 72.0677 4.80195
 72.31 4.49915
 72.2882 4.42405
 72.097 4.3982
 71.9774 4.3738
233 21 8
 72.5029 6.57595
 72.1369 6.83245
 71.9156 7.08595
 71.8375 7.2951
 71.6786 7.4112
 71.5417 7.4645
 71.4696 7.4626
 71.4406 7.4594
234 10 35
 89.603 -15.4939
 89.9912 -15.0263
 89.4328 -14.6505
 88.8662 -13.6435
 88.9323 -12.6888
 89.2314 -12.0613
 89.4153 -11.5953
 89.399 -11.3941
 89.3977 -11.2761
 89.5114 -10.9022
 89.5793 -10.4983
 89.132 -10.5987
 88.5739 -10.5352
 88.4701 -11.1091
 87.634 -11.9895
 86.9007 -12.4655
 86.4269 -12.3213
 85.9054 -12.2765
 85.681 -12.2325
 85.6722 -11.8158
 85.5968 -11.4443
 85.4267 -11.288
 85.2803 -11.2459
 85.1821 -11.0485
 85.2748 -10.8561
 85.3739 -10.7973
 85.425 -10.7743
 85.5363 -10.7863
 85.4693 -10.6777
 85.4517 -10.4936
 85.4818 -10.2199
 85.4765 -9.9058
 85.4823 -9.74785
 85.5275 -9.6999
 85.526 -9.6781
234 113 4
 89.603 -15.4939
 89.2771 -16.9821
 89.1232 -17.9894
 88.9999 -18.0302
235 10 22
 84.2759 -13.4389
 84.8969 -12.9299
 85.664 -12.7331
 85.7646 -12.6814
 85.7438 -12.5364
 85.681 -12.2325
 85.6722 -11.8158
 85.5968 -11.4443
 85.4267 -11.288
 85.2803 -11.2459
 85.1821 -11.0485
 85.2748 -10.8561
 85.3739 -10.7973
 85.425 -10.7743
 85.5363 -10.7863
 85.4693 -10.6777
 85.4517 -10.4936
 85.4818 -10.2199
 85.4765 -9.9058
 85.4823 -9.74785
 85.5275 -9.6999
 85.526 -9.6781
235 59 20
 84.2759 -13.4389
 84.0863 -13.9132
 83.724 -14.5061
 83.6192 -15.2449
 83.2898 -14.7045
 82.4565 -14.2223
 81.9082 -13.9896
 81.5799 -13.7258
 81.084 -13.1931
 81.0402 -12.867
 80.9619 -12.2298
 80.282 -10.9306
 79.8 -10.1564
 79.4991 -9.5365
 78.5764 -8.77015
 77.7874 -8.5198
 77.586 -8.45685
 77.6435 -8.35115
 77.7478 -8.1878
 77.7359 -8.1267
236 55 6
 72.9875 -12.3395
 74.2805 -12.7631
 74.5695 -13.371
 75.1981 -13.2151
 75.7839 -13.2164
 75.8927 -13.266
236 25 5
 72.9875 -12.3395
 71.8587 -12.0901
 71.5449 -11.7554
 71.4924 -11.7764
 71.4774 -11.8059
237 27 6
 71.2905 -10.0912
 70.9621 -8.5661
 70.7686 -7.5869
 71.0363 -7.0839
 71.3288 -6.886
 71.3943 -6.8677
237 25 5
 71.2905 -10.0912
 71.4298 -11.2618
 71.4375 -11.6827
 71.4387 -11.8041
 71.4774 -11.8059
238 27 22
 75.8493 -1.27065
 75.8885 -2.6011
 76.4126 -3.08615
 75.8808 -3.73175
 75.1657 -5.2172
 74.5828 -4.60915
 73.1962 -3.12425
 71.5986 -3.26235
 71.0016 -4.37115
 70.5857 -5.1648
 70.354 -5.28065
 70.2301 -5.24135
 70.2059 -5.3717
 70.2081 -5.5729
 70.4258 -5.80675
 70.6757 -6.09485
 70.8128 -6.33885
 71.02 -6.62765
 71.2558 -6.77265
 71.3593 -6.77415
 71.386 -6.83135
 71.3943 -6.8677
238 123 41
 75.8493 -1.27065
 76.2999 0.44535
 76.3667 0.8679
 75.969 0.83055
 75.6192 0.9148
 75.0452 0.92025
 74.5427 0.96795
 74.5025 1.6147
 75.1933 2.7442
 76.0065 3.7441
 76.0758 4.367
 75.7981 4.4846
 75.5229 5.2107
 75.3775 6.15455
 75.3724 6.4216
 75.4239 6.4917
 75.2749 6.5624
 75.0984 6.69305
 75.0137 6.81795
 74.8811 6.9249
 74.573 7.13225
 74.2742 7.2523
 74.1177 7.18665
 74.0238 7.14355
 74.0013 7.0528
 73.9548 6.96465
 73.8866 6.86245
 73.6105 6.4602
 73.339 6.09455
 73.2601 6.0036
 73.0244 6.04875
 72.7719 5.97025
 72.6171 5.6343
 72.2621 5.2809
 71.969 5.0958
 71.9051 5.05615
 72.0677 4.80195
 72.31 4.49915
 72.2882 4.42405
 72.097 4.3982
 71.9774 4.3738
239 27 18
 67.4234 -3.52445
 67.9476 -4.1864
 68.4323 -4.40895
 68.7686 -4.5563
 69.1087 -4.8086
 69.7315 -4.96955
 70.1826 -5.16205
 70.2301 -5.24135
 70.2059 -5.3717
 70.2081 -5.5729
 70.4258 -5.80675
 70.6757 -6.09485
 70.8128 -6.33885
 71.02 -6.62765
 71.2558 -6.77265
 71.3593 -6.77415
 71.386 -6.83135
 71.3943 -6.8677
239 120 9
 67.4234 -3.52445
 66.7717 -3.16805
 65.9709 -3.1695
 65.5466 -3.13985
 65.5001 -3.04485
 65.5494 -2.95005
 65.6286 -2.77655
 65.6617 -2.59425
 65.669 -2.5859
240 52 25
 59.0168 -9.45205
 59.2243 -10.5477
 59.2406 -10.9556
 58.8503 -10.9354
 58.3604 -10.7716
 58.0438 -10.9116
 57.8557 -11.1117
 56.9799 -11.2935
 55.8244 -11.2682
 55.1075 -11.0017
 54.4965 -10.9636
 53.965 -11.3524
 53.3483 -11.7994
 52.8823 -11.9928
 52.4454 -12.2673
 52.1252 -12.4771
 51.9073 -12.5495
 51.5051 -12.3439
 51.1653 -12.1902
 51.0227 -12.294
 50.9445 -12.3358
 50.9645 -12.4524
 50.9747 -12.5564
 50.9424 -12.5802
 50.9422 -12.585
240 106 23
 59.0168 -9.45205
 59.0043 -8.63825
 59.1497 -8.58705
 59.8066 -8.34815
 60.4999 -8.06325
 60.5697 -7.94205
 60.6929 -7.7589
 60.8448 -7.5258
 60.8354 -7.2531
 60.6891 -6.7758
 60.505 -6.3215
 60.5362 -6.22865
 61.1533 -6.2343
 61.7148 -6.0117
 61.8328 -5.7577
 61.9114 -5.6913
 61.8105 -5.70835
 61.5489 -5.61865
 61.5055 -5.36275
 61.5153 -4.945
 61.3332 -4.56575
 61.1728 -4.42015
 61.0583 -4.3671
241 118 11
 45.6788 -9.37395
 46.6505 -9.9583
 47.2055 -10.6231
 47.215 -10.722
 47.4057 -10.6524
 47.5935 -10.4913
 47.7257 -10.3924
 48.46 -9.1817
 49.1287 -7.8725
 49.1461 -7.7369
 49.1268 -7.7014
241 79 9
 45.6788 -9.37395
 45.5899 -9.01285
 46.0878 -8.57305
 46.3667 -8.2474
 46.479 -7.96935
 46.2024 -8.08655
 45.0615 -7.91985
 44.1314 -7.68375
 44.0926 -7.6762
242 37 19
 53.4421 -13.6912
 53.2118 -14.6945
 53.5725 -15.0401
 54.1067 -15.2955
 54.3894 -15.4426
 54.2241 -15.6079
 54.3923 -16.0366
 54.8302 -16.4289
 54.9958 -16.5107
 55.1951 -16.4814
 55.9438 -16.757
 56.5048 -17.1498
 56.507 -17.2525
 56.4381 -17.3909
 56.4406 -17.7926
 56.7309 -18.1593
 56.9846 -18.2961
 57.0397 -18.338
 57.0567 -18.3381
242 52 14
 53.4421 -13.6912
 53.449 -12.3907
 52.8823 -11.9928
 52.4454 -12.2673
 52.1252 -12.4771
 51.9073 -12.5495
 51.5051 -12.3439
 51.1653 -12.1902
 51.0227 -12.294
 50.9445 -12.3358
 50.9645 -12.4524
 50.9747 -12.5564
 50.9424 -12.5802
 50.9422 -12.585
243 98 5
 43.658 -16.6014
 44.5218 -16.6077
 44.9165 -16.4067
 45.1529 -16.1663
 45.1813 -16.05
243 34 6
 43.658 -16.6014
 42.6963 -16.2165
 42.3693 -15.9366
 42.2775 -15.9536
 42.2205 -15.9509
 42.2128 -15.9529
244 37 8
 58.4577 -19.1689
 57.8748 -18.8361
 57.645 -18.7046
 57.4672 -18.4547
 57.2401 -18.2551
 57.1127 -18.3241
 57.0652 -18.3404
 57.0567 -18.3381
244 101 5
 58.4577 -19.1689
 59.1561 -19.4067
 59.4443 -19.7931
 59.4312 -20.1493
 59.436 -20.1555
245 120 25
 63.458 -10.1721
 63.2617 -9.2673
 64.4183 -8.63755
 65.4509 -7.85495
 65.8716 -7.79045
 65.4095 -7.21155
 64.7599 -6.6
 64.325 -6.4456
 64.1581 -6.1355
 64.0571 -5.7586
 64.0056 -5.5805
 63.8925 -5.38305
 63.8183 -5.28255
 63.8427 -5.16735
 64.1772 -4.9066
 64.5569 -4.52565
 64.6371 -4.1583
 64.9007 -3.7388
 65.3376 -3.32165
 65.5147 -3.155
 65.5001 -3.04485
 65.5494 -2.95005
 65.6286 -2.77655
 65.6617 -2.59425
 65.669 -2.5859
245 18 4
 63.458 -10.1721
 64.5216 -11.9909
 65.071 -12.9051
 65.1327 -12.8641
246 1 14
 70.3251 -25.0975
 69.9267 -24.3878
 69.743 -24.3057
 69.7365 -24.2842
 69.6917 -24.124
 69.6596 -23.5574
 69.5789 -22.9685
 69.4839 -22.2877
 69.4705 -21.5794
 69.0957 -21.4464
 69.1069 -21.3924
 69.6087 -21.1343
 69.6945 -20.9952
 69.6906 -20.9766
246 72 4
 70.3251 -25.0975
 70.684 -26.0076
 70.8831 -26.2556
 70.9068 -26.2493
247 1 23
 68.0537 -26.5938
 68.1621 -25.8193
 67.9968 -24.9058
 67.7156 -24.7365
 67.6255 -24.4524
 67.5889 -23.9394
 67.9722 -23.6884
 68.3583 -23.6744
 68.4951 -23.6003
 68.6754 -23.609
 69.1345 -23.8435
 69.609 -24.1483
 69.7365 -24.2842
 69.6917 -24.124
 69.6596 -23.5574
 69.5789 -22.9685
 69.4839 -22.2877
 69.4705 -21.5794
 69.0957 -21.4464
 69.1069 -21.3924
 69.6087 -21.1343
 69.6945 -20.9952
 69.6906 -20.9766
247 13 8
 68.0537 -26.5938
 68.0947 -27.1668
 68.1987 -27.7743
 68.3019 -27.9428
 68.1832 -28.2232
 68.0361 -28.4487
 68.0646 -28.6048
 68.063 -28.6938
248 114 40
 46.3697 -36.3736
 44.0041 -35.0429
 43.1664 -35.299
 40.7053 -34.5005
 38.5326 -32.8812
 37.3411 -32.3223
 35.7966 -32.8083
 34.9344 -33.4396
 34.7228 -33.6177
 34.506 -33.943
 34.5415 -34.5989
 34.553 -35.0507
 34.417 -35.4277
 33.6563 -35.6235
 32.8577 -36.0278
 32.6871 -36.6392
 32.2584 -36.1259
 31.4942 -34.9257
 30.8521 -33.539
 30.9446 -32.8752
 31.5463 -32.2869
 31.3717 -31.5453
 30.8855 -31.1049
 29.8111 -30.2886
 29.854 -29.8564
 32.139 -29.9767
 33.2394 -29.4722
 33.4565 -28.6336
 33.9527 -28.1795
 34.1323 -27.0392
 34.1883 -25.6627
 34.296 -25.0894
 34.4273 -24.6572
 34.4576 -24.2911
 34.3668 -24.2423
 34.3331 -24.017
 34.3931 -23.5993
 34.4475 -23.273
 34.4442 -23.122
 34.4393 -23.0929
248 78 27
 46.3697 -36.3736
 49.0248 -37.6502
 49.2728 -37.2184
 51.5956 -37.0089
 54.1292 -37.1628
 56.1796 -37.0201
 58.2357 -37.062
 58.5445 -37.4257
 58.8954 -38.5659
 60.0245 -39.8132
 62.1658 -40.4921
 63.5441 -41.2308
 63.7912 -41.8218
 64.299 -40.8424
 65.1255 -39.6506
 65.8502 -38.8906
 66.5447 -37.8156
 67.4801 -37.1719
 68.4594 -37.4594
 68.9646 -36.7752
 69.4284 -35.4971
 70.1311 -35.0693
 71.0527 -34.4603
 71.5742 -33.9176
 71.739 -33.5903
 71.8575 -33.219
 71.829 -33.1699
249 43 6
 68.239 -56.9063
 67.8734 -57.5994
 67.7841 -57.731
 67.8027 -57.7713
 67.8441 -57.8176
 67.8578 -57.8462
249 9 10
 68.239 -56.9063
 68.7495 -55.9068
 69.0599 -55.004
 69.1709 -54.3997
 69.13 -54.34
 68.97 -54.3428
 68.8864 -54.2307
 68.8455 -54.1637
 68.7941 -54.1315
 68.7937 -54.108
250 4 14
 70.4396 -51.7713
 71.0324 -51.3848
 71.4939 -51.1375
 71.5179 -50.9552
 71.4982 -50.7222
 71.5289 -50.5689
 71.554 -50.4408
 71.636 -50.2829
 71.763 -50.2204
 71.869 -50.2397
 71.7691 -50.2133
 71.679 -49.6386
 71.7372 -49.121
 71.8289 -49.157
250 9 24
 70.4396 -51.7713
 70.1353 -52.0192
 69.864 -52.0149
 69.6857 -51.9736
 69.5634 -52.0633
 69.3824 -52.16
 69.2938 -52.1819
 69.268 -52.2795
 69.2702 -52.5323
 69.373 -52.6726
 69.4595 -52.7047
 69.4328 -52.7756
 69.4065 -52.8763
 69.4169 -53.2307
 69.4373 -53.5439
 69.3523 -53.7243
 69.2519 -54.018
 69.2191 -54.2243
 69.13 -54.34
 68.97 -54.3428
 68.8864 -54.2307
 68.8455 -54.1637
 68.7941 -54.1315
 68.7937 -54.108
251 49 15
 73.2615 -44.4108
 73.0726 -43.7473
 73.1067 -43.3519
 73.586 -43.0203
 73.7311 -42.6706
 73.753 -42.1487
 73.7357 -41.9748
 73.8574 -41.8579
 74.0807 -41.6354
 74.2285 -41.5719
 74.1258 -41.4858
 74.0442 -41.4081
 74.0486 -41.3411
 74.1821 -41.2644
 74.263 -41.21
251 4 16
 73.2615 -44.4108
 73.6828 -45.3453
 74.1781 -45.744
 73.662 -46.139
 73.1158 -46.8248
 72.9101 -47.39
 72.5079 -47.5359
 72.0777 -47.6235
 71.7346 -48.0963
 71.5027 -48.4484
 71.2852 -48.4837
 71.5051 -48.7639
 71.7365 -48.895
 71.8815 -48.8968
 71.8325 -49.1088
 71.8289 -49.157
252 49 15
 74.06 -36.3971
 74.59 -37.3381
 74.6712 -38.0686
 74.3046 -38.3741
 73.7581 -38.4991
 73.2381 -38.3734
 73.4535 -38.5818
 73.5081 -38.8724
 73.4928 -39.1442
 73.4072 -39.6124
 73.5437 -40.3893
 73.9023 -40.8863
 74.0996 -41.0638
 74.2118 -41.1721
 74.263 -41.21
252 78 11
 74.06 -36.3971
 73.8523 -36.009
 73.9696 -35.5516
 74.1721 -34.6133
 73.9242 -33.7232
 73.3943 -33.2697
 73.1212 -33.3099
 72.5163 -33.341
 71.9754 -33.195
 71.873 -33.1433
 71.829 -33.1699
253 78 8
 74.4005 -34.1337
 73.9242 -33.7232
 73.3943 -33.2697
 73.1212 -33.3099
 72.5163 -33.341
 71.9754 -33.195
 71.873 -33.1433
 71.829 -33.1699
253 35 4
 74.4005 -34.1337
 75.148 -34.1057
 75.8041 -34.0613
 75.8098 -34.0607
254 75 21
 78.3909 -25.776
 77.8031 -26.2319
 78.0938 -26.5331
 77.7768 -26.7332
 77.7033 -27.432
 77.7733 -28.2071
 77.7402 -28.5498
 77.7941 -28.7401
 77.7709 -28.921
 77.7857 -29.2319
 77.5235 -29.2971
 76.9216 -29.1211
 76.4777 -28.9688
 76.2906 -28.7498
 76.1145 -28.6992
 75.7391 -28.6171
 75.3031 -28.6295
 75.0879 -29.1455
 75.0352 -29.5681
 74.9714 -29.5921
 74.9363 -29.6
254 99 3
 78.3909 -25.776
 79.4252 -25.6005
 79.4952 -25.5916
255 109 5
 80.6442 -24.6516
 81.7943 -23.7368
 81.7594 -23.3483
 81.689 -22.9343
 81.669 -22.8989
255 99 3
 80.6442 -24.6516
 79.5024 -25.5739
 79.4952 -25.5916
265 46 12
 80.8535 48.0605
 80.847 48.0573
 80.7202 48.012
 80.3699 46.9995
 80.4444 45.0515
 80.3958 43.4409
 79.3425 42.3692
 78.5355 41.8541
 78.4404 41.7398
 78.1625 41.4632
 77.8433 41.3237
 77.8138 41.4231
266 87 3
 68.7355 -60.0321
 68.7599 -59.9955
 68.7843 -59.9588
267 121 26
 -3.3826 -57.2291
 -1.2941 -57.2611
 0.81865 -57.2637
 0.82415 -56.5403
 0.63605 -55.6264
 -0.66405 -55.19
 -1.9072 -54.7437
 -2.14345 -53.5924
 -1.957 -52.5112
 -1.53055 -52.0794
 -1.59865 -51.3176
 -1.40105 -50.8198
 -0.0787 -50.8418
 1.75745 -50.6016
 3.7123 -49.7941
 5.48395 -48.6087
 6.3986 -47.8819
 6.72 -47.6806
 6.6679 -45.7794
 6.44875 -43.9372
 6.9397 -43.4121
 7.4885 -42.8081
 7.4641 -42.5544
 7.33305 -42.3289
 7.24105 -42.1361
 7.2457 -42.0568
