   2.2055725513011413     
   4.6774866193274631     
   3.0714465683334580     
   1.6805528193912482     
   4.4853744090256447     
   3.3408881216282871     
   3.8850736944689381     
   1.9279089120625368     
   3.4041476354135898     
   5.6623336573996452     
   1.3120164675406534     
  0.66289403267254787     
   3.8492488651333177     
   1.3094463283086362     
   7.0781832646133589     
   1.5878071815873867     
   6.2790548278994915     
  0.94246002553909214     
   1.9865398909367369     
  0.87690233245027427     
   4.9111094384082659     
  0.70134895006083708     
   1.8701176042258367     
   1.7516186087621246     
   4.5448028960736950     
   1.1941381523654384     
   4.2711231741596363     
   2.7745792633083330     
   12.149909362440081     
   15.474175740208178     
   13.096716282929094     
   3.3828551131177016     
   1.1024499898318321     
  0.56429149606389861     
   4.4666966804518529     
   2.9774800662487633     
   2.8134938376278775     
   7.0151445891428601     
   1.0892207901494466     
   1.0327023736211969     
   4.4313917040159012     
   2.6899158609089380     
   4.1714687991507153     
  0.80225785568652197     
  0.88761298512370679     
   1.6891813355934220     
   3.1199411142207540     
   4.3319090646034448     
   8.6068340912602235     
   1.6658236765903232     
   2.8368440416013661     
   1.3827458547113514     
   4.0461536617520970     
   1.3602437049442822     
   2.4476991020673426     
  0.97690154435309562     
   1.0742082945708571     
  0.71279521861243289     
   5.3096117409728789     
   2.0467915058256758     
   1.3251100280517851     
  0.37425723157698509     
   6.7663975663858409     
   4.3023893432233029     
   4.4915655799205334     
   1.0303783796329526     
   6.6994882184194005     
   1.1313117557157018     
   2.7003917990736466     
   1.5810292289963661     
   2.1580884666096658     
   2.0140817370717867     
   2.1807690929045642     
   2.9730273604148811     
   2.5559832439961747     
  0.74854776140677570     
   3.0525475612983120     
   3.7360574547703953     
   6.8028387692186350     
   8.2411138412842337     
   2.3741989853055547     
   1.3213115705327643     
   2.8223652799954606     
   2.4664654358387610     
   21.845065126459907     
   16.706687624231108     
   4.5612056266884622     
   1.1156560222637908     
   4.8604317916551754     
  0.76587079180578232     
   5.1708351036333475     
   3.0862251346293164     
   7.8023401658710769     
   1.6811203805121151     
   8.5283833493278411     
   2.1555542057776687     
   3.5183542933832657     
   3.2409827797013104     
   2.8087251650314080     
   1.9427623735461861     
   3.0102954128388855     
   1.7347647506178601     
   3.9387630261952564     
   2.8309258585910930     
   7.0063254663792938     
   5.4175897005098221     
   2.4673234120497640     
   6.1914594084479129     
   1.0559399585644429     
  0.93130540333328771     
   4.5032691821326960     
   2.7963499642200005     
   1.3408818204519874     
   3.1358546954227551     
   8.7857628243889732     
   2.7813196919361558     
   6.2273610986224774     
   9.0422973800513464     
   2.2031758087265412     
   1.7060790169085400     
   3.3008633036012363     
   5.5013887650680378     
   4.4276683920717268     
   2.0504964916805428     
   6.2306035940818196     
   1.2143466197151660     
   9.8051929632254282     
   2.6768395522135897     
   1.1413708410485794     
   2.2905050259055670     
   1.4805706785414889     
  0.71685716116987930     
   4.0752326247907025     
   2.5013140455834679     
   6.4103032763618293     
   2.4719644272943655     
   8.9144729956225142     
   2.1792684027777622     
   2.6347738533355329     
   1.9086801971229235     
  0.67160575024825775     
  0.40496235696890864     
   6.1570370321797956     
   1.5167318002243535     
   7.3758513385349023     
   3.1736412526637814     
   1.6013688362712222     
   2.8156192389243571     
   2.3113225019493751     
   3.8903421028068035     
   3.9231713274581859     
   7.6574296263734736     
   9.7239829921741627     
   2.5537098599088912     
   1.4484251099578280     
  0.88955116426092051     
   7.5840918755518594     
   4.8567836726211695     
   7.3060378891372526     
   2.4432483679796548     
   3.7439213515326215     
  0.91213779329780098     
   6.7409725897993953     
   1.3901354049001811     
  0.93270368451614516     
   2.3576228198820055     
   6.1982048662659661     
   2.2030837683633018     
   2.4917387255100034     
   3.5315092117583093     
   7.8343229201800870     
   3.2705728613162721     
   5.3275887180365018     
   1.8981412284275898     
   2.6716836044887513     
   1.9296770693338852     
   2.4156161781297540     
   1.7419468067377040     
   2.2215987998524080     
   1.0115027724252785     
   3.1755375492549538     
   1.1456744509669350     
   2.1931897876268782     
   7.7164252621909020     
   2.7979594650944377     
  0.86866517248221709     
  0.37667617089780453     
  0.34833885762365346     
   6.7425229980291483     
   1.0924786821091259     
   2.4139810879004964     
   2.9284882862312727     
   2.5023145156444189     
   1.1609676266529301     
   6.6424840752758136     
  0.75322578179754118     
   7.4488025017048392     
   1.6339182051443204     
   3.1495849156892146     
   1.8531162021458827     
   7.5604245910470445     
   4.7765142147338313     
   7.4745999897765953     
   3.0013413765137540     
   6.6791250022740680     
   3.0613755561257263     
   6.6331943845925672     
  0.72225970080205903     
   3.1137905550881175     
   1.8734908047421097     
   8.5553195243948288     
   1.6265452631493809     
   6.1966331120938651     
   2.9492671254427583     
   1.0170027523633323     
   1.8671057266965407     
   2.7142641416527242     
   4.2039117957368575     
   1.9466889665609166     
  0.87545011692671570     
   7.1725923444553228     
   1.7832165691260426     
   2.6321008586559618     
   6.1979405279089033     
   2.2474088561338377     
   1.2456620616236418     
   2.2658735749701178     
   1.3390068991977027     
   6.7554478885862821     
   9.0946182405019282     
   3.0633495950514020     
   1.4713471375340099     
   5.8486095561194213     
   4.2722896587746435     
   3.0737541969303916     
   2.1001715323479182     
   4.0380116169746438     
   2.6218306255615369     
   1.3207007265454718     
   1.1451361330560494     
   1.1404073802687607     
   1.1020563536978467     
   5.7389299107644494     
   2.2551201040621951     
   3.0912369737262604     
   1.0273564911805446     
   4.4621739395727902     
   1.2193226374090318     
   20.030724487783267     
   17.218173553547917     
  0.89142325955757540     
   2.0222620804166520     
   2.1122968154399575     
   2.1797666739148118     
   2.4887956422537516     
   3.7349560796774592     
   3.6963273366328266     
   2.8693753115146299     
   1.5679178557511073     
  0.75948721479566161     
   4.3686793305892246     
   1.1196472796327763     
   1.9301561450762561     
   1.4868769297705642     
   4.2468056991092435     
   8.8058691059503980E-002
   13.954954074489322     
