346
165 68 19
 -9.827 15.716
 -10.6305 14.4235
 -11.2266 13.9266
 -11.4266 13.8949
 -11.4011 13.8012
 -11.2721 13.4689
 -11.0624 12.7845
 -11.1609 12.2554
 -11.3894 11.9077
 -11.1278 11.4204
 -10.5931 11.0937
 -10.3383 10.8382
 -10.1565 10.5613
 -10.0742 10.2693
 -10.1335 10.0171
 -10.2663 9.9321
 -10.2083 9.83585
 -10.1439 9.7398
 -10.1339 9.7271
165 77 16
 -9.827 15.716
 -9.67865 16.6606
 -9.79825 16.8413
 -9.7293 17.2353
 -9.80055 18.0447
 -10.0343 18.6213
 -9.82675 19.0937
 -9.7436 19.7314
 -9.91165 19.9879
 -9.6539 20.1217
 -8.83215 20.3076
 -8.18885 20.4933
 -8.09395 20.6852
 -8.0538 20.8643
 -8.0998 21.0873
 -8.1523 21.1956
166 53 9
 26.2561 -31.7629
 25.7243 -30.6716
 24.4615 -29.3965
 23.3361 -29.2216
 24.1052 -28.7795
 24.6723 -28.1436
 25.3732 -27.8462
 25.823 -27.8763
 25.8317 -27.8566
166 113 6
 26.2561 -31.7629
 26.1961 -32.6343
 26.2208 -33.3783
 26.7046 -34.6226
 27.2446 -35.8808
 27.3178 -35.9118
167 96 8
 -26.9781 49.3471
 -27.4759 49.4949
 -27.8812 49.7077
 -28.0324 49.7078
 -28.1422 49.7798
 -28.2401 49.8531
 -28.3088 49.9058
 -28.34 49.9222
167 54 8
 -26.9781 49.3471
 -26.347 49.2905
 -25.8477 48.9253
 -25.8363 48.6326
 -26.0422 48.4881
 -26.1054 48.2065
 -25.9803 47.9689
 -25.9466 47.9525
168 2 15
 49.8717 1.6839
 50.6433 2.3686
 50.9733 2.70515
 50.7336 3.5898
 50.5042 4.50455
 51.0065 4.88885
 51.4817 5.24895
 51.6492 5.6491
 51.63 5.9155
 51.6976 5.9682
 51.7753 6.03755
 51.9052 6.0696
 51.7789 6.17515
 51.7205 6.29125
 51.7154 6.3217
168 21 4
 49.8717 1.6839
 49.0159 1.0705
 48.783 0.98775
 48.7134 1.0071
169 95 13
 17.2814 -3.49795
 16.7858 -3.7999
 16.4506 -3.803
 16.2944 -3.7195
 16.1685 -3.43195
 16.1262 -3.1425
 16.1697 -3.0169
 16.1831 -2.9237
 16.1467 -2.99935
 16.0402 -2.9946
 15.9365 -2.94205
 15.8955 -2.89995
 15.8842 -2.8926
169 39 11
 17.2814 -3.49795
 17.7546 -3.23775
 18.2311 -3.30555
 18.465 -3.37975
 18.4607 -3.3912
 18.5257 -3.3004
 18.5768 -3.2161
 18.6175 -3.14315
 18.6817 -3.02075
 18.721 -2.9259
 18.7185 -2.9172
170 5 45
 -28.9536 -10.4246
 -27.837 -10.5574
 -27.176 -10.3618
 -26.7789 -10.0544
 -26.4994 -9.82905
 -26.012 -9.27825
 -25.7799 -8.81365
 -25.677 -8.44275
 -25.4332 -8.0659
 -25.2731 -8.01125
 -25.1526 -7.89825
 -24.7435 -7.7563
 -24.3907 -7.72485
 -24.3372 -7.7071
 -24.3085 -7.71875
 -24.1945 -7.7247
 -23.9177 -7.7278
 -23.6251 -7.88675
 -23.4995 -8.02505
 -23.3505 -8.15875
 -23.097 -8.4791
 -22.9894 -8.79125
 -22.8489 -8.7201
 -22.5409 -8.5235
 -22.3416 -8.26615
 -22.2938 -7.9929
 -22.2595 -7.6551
 -22.2359 -7.3267
 -22.2059 -7.30265
 -22.3064 -7.01465
 -22.5193 -6.723
 -22.634 -6.60525
 -22.6798 -6.464
 -22.6782 -6.3026
 -22.6285 -6.06585
 -22.7103 -5.66995
 -22.6525 -5.54465
 -22.2253 -5.5805
 -21.9553 -5.4372
 -21.8208 -5.3795
 -21.6786 -5.2633
 -21.6658 -5.1349
 -21.7332 -5.0268
 -21.7981 -4.9075
 -21.7997 -4.8543
170 140 7
 -28.9536 -10.4246
 -30.07 -10.3882
 -31.2233 -10.0017
 -32.3259 -9.51295
 -32.8207 -9.52275
 -33.1378 -9.5793
 -33.2122 -9.5962
171 115 9
 14.6837 -4.58075
 14.9552 -5.97765
 14.993 -6.84205
 14.7775 -6.92125
 14.1306 -6.46185
 13.2178 -6.6437
 12.6833 -7.0115
 12.6178 -7.15705
 12.5919 -7.2437
171 95 10
 14.6837 -4.58075
 14.7252 -3.58635
 15.0833 -3.3747
 15.3656 -3.14655
 15.5971 -3.01895
 15.6404 -2.93365
 15.7299 -2.9153
 15.8182 -2.90975
 15.8627 -2.8953
 15.8842 -2.8926
172 37 10
 -19.6581 18.478
 -20.2128 19.7605
 -20.5687 20.3064
 -21.2465 20.8034
 -21.8894 21.1236
 -21.2861 20.8757
 -20.3006 21.1525
 -19.5766 21.8454
 -19.3519 22.3548
 -19.3228 22.3618
172 9 4
 -19.6581 18.478
 -19.4497 16.8106
 -19.6533 16.3271
 -19.6854 16.263
173 22 14
 -34.424 -2.5244
 -32.3781 -2.41535
 -31.706 -1.4346
 -31.856 -1.0509
 -31.5504 -1.30545
 -31.2606 -1.7231
 -31.0976 -1.79775
 -30.5677 -1.74095
 -30.0933 -1.7876
 -29.9951 -1.90425
 -29.9532 -2.0536
 -29.9781 -2.1648
 -30.0019 -2.2243
 -29.9934 -2.2363
173 1 17
 -34.424 -2.5244
 -36.089 -2.2516
 -36.9266 -2.5384
 -37.515 -2.569
 -38.5208 -2.965
 -39.2965 -3.4155
 -39.4141 -3.3891
 -39.5307 -3.32635
 -40.1353 -2.99865
 -40.7169 -2.782
 -40.713 -2.8934
 -41.1254 -3.12095
 -41.7504 -3.2596
 -41.9828 -3.18125
 -42.1332 -3.2375
 -42.3172 -3.3231
 -42.3722 -3.3558
174 29 24
 -23.4872 39.2701
 -23.9845 39.5424
 -24.2211 39.496
 -24.3465 39.3318
 -24.3855 39.3439
 -24.586 39.6237
 -25.2353 39.8596
 -25.751 39.7514
 -25.8335 39.5369
 -25.9788 39.5753
 -26.179 39.7316
 -26.2833 39.8249
 -26.3319 39.8972
 -26.3719 39.9852
 -26.4454 40.1826
 -26.5432 40.3676
 -26.6369 40.4503
 -26.7451 40.4703
 -26.826 40.457
 -26.8896 40.4196
 -26.8967 40.4319
 -27.0309 40.4059
 -27.1084 40.4254
 -27.1065 40.444
174 50 8
 -23.4872 39.2701
 -22.9789 38.8496
 -22.8117 38.6758
 -22.6504 38.5776
 -22.3696 38.3387
 -22.2121 38.2229
 -22.1646 38.2354
 -22.1499 38.2462
175 164 36
 -18.513 47.0612
 -19.2749 46.8755
 -19.6472 46.4128
 -19.6296 46.0359
 -19.58 45.5592
 -19.5504 45.2707
 -19.8073 45.3849
 -20.0724 45.274
 -20.1605 44.8167
 -20.3232 44.4311
 -20.5758 44.4767
 -20.9215 44.7566
 -21.1717 44.8946
 -21.2249 44.8522
 -21.4562 44.7209
 -21.8421 44.6371
 -22.0659 44.549
 -22.0991 44.4181
 -22.1313 44.5422
 -22.3287 44.6606
 -22.492 44.6399
 -22.4639 44.5429
 -22.4896 44.4146
 -22.538 44.3134
 -22.5204 44.1926
 -22.6244 44.0341
 -22.7663 43.9608
 -22.8651 44.0084
 -22.9538 44.0905
 -22.9741 44.1582
 -22.9353 44.2626
 -22.9172 44.3383
 -22.9786 44.44
 -22.9888 44.5965
 -22.9617 44.6588
 -22.9592 44.671
175 46 12
 -18.513 47.0612
 -17.9761 46.6356
 -17.6639 45.959
 -17.3808 45.5367
 -17.1255 45.6397
 -16.5475 45.7099
 -16.1488 45.7096
 -16.1016 45.7775
 -16.0319 45.8563
 -15.7213 46.1057
 -15.4317 46.2892
 -15.4122 46.2648
176 130 7
 -3.70685 59.9306
 -5.0604 61.3648
 -6.06525 62.3618
 -6.13365 61.5943
 -6.68345 61.0519
 -7.1695 60.7181
 -7.1855 60.7093
176 135 8
 -3.70685 59.9306
 -3.38615 58.5984
 -2.35815 58.464
 -1.10355 59.2868
 -0.6256 59.9507
 -0.2938 60.029
 -0.2443 60.0866
 -0.2359 60.1176
177 158 7
 39.5693 27.2071
 39.5291 26.2151
 39.7018 25.4797
 39.6295 25.2618
 39.5481 25.1336
 39.6143 25.0291
 39.6624 24.9479
177 70 23
 39.5693 27.2071
 40.016 27.8641
 40.2421 28.2062
 40.3789 28.6445
 40.9408 29.5014
 41.4408 30.0555
 41.6673 31.0757
 41.6094 32.5315
 41.9677 33.298
 42.5633 33.6175
 42.768 33.6183
 42.504 33.8674
 41.7086 33.6768
 41.0294 33.309
 41.3291 33.999
 41.6003 34.773
 41.4792 35.0844
 41.3595 35.5243
 41.4028 35.8703
 41.0372 35.7084
 40.3595 35.9487
 39.9702 36.2301
 39.9698 36.2393
178 80 28
 34.5728 51.2221
 35.6021 50.6799
 36.717 50.3004
 37.1536 49.7767
 38.1441 49.0714
 38.7637 49.2586
 38.852 50.3423
 38.7665 51.2282
 38.7707 51.5532
 39.71 51.6933
 40.5094 51.7333
 40.3783 52.1339
 40.5423 52.5729
 41.3682 52.8232
 42.0017 53.0463
 41.7319 53.1412
 41.484 53.5538
 41.4472 53.8132
 41.4335 53.841
 41.0361 53.9622
 40.6648 54.0741
 40.3751 54.281
 39.9222 54.5129
 39.7016 54.4484
 39.782 54.1731
 39.9256 53.9827
 39.9427 53.9168
 39.9268 53.8924
178 150 3
 34.5728 51.2221
 34.6001 51.5958
 34.5654 51.7821
179 31 4
 72.5632 27.5947
 71.0283 28.1837
 70.1689 28.3104
 70.1097 28.2619
179 152 5
 72.5632 27.5947
 74.1402 27.3603
 75.0452 27.5685
 75.1523 27.6245
 75.1963 27.6519
180 60 6
 64.9976 26.4226
 64.7661 26.8057
 64.6471 26.8973
 64.5569 26.9534
 64.5126 27.0208
 64.5046 27.0382
180 124 4
 64.9976 26.4226
 65.0706 25.7365
 64.9579 25.3342
 64.9384 25.3205
181 65 23
 62.118 25.7304
 63.4861 24.8535
 63.2975 24.0747
 62.9266 23.8965
 62.7788 23.8301
 62.6239 23.695
 62.4813 23.5152
 62.3647 23.3983
 62.3047 23.3287
 62.2097 23.2257
 61.7666 22.7344
 61.5236 22.2183
 61.8435 21.9263
 62.0777 21.6336
 61.7922 21.1395
 61.459 20.7374
 61.8899 20.1966
 62.347 19.6592
 62.5778 19.2123
 62.8407 18.7588
 63.5294 18.3493
 64.1825 17.9798
 64.1984 18.0069
181 124 7
 62.118 25.7304
 62.1279 25.7577
 63.7611 25.9146
 64.6526 26.2041
 65.0706 25.7365
 64.9579 25.3342
 64.9384 25.3205
182 25 14
 51.8096 -17.0654
 54.1666 -17.2666
 54.9186 -17.4236
 55.6693 -17.5881
 56.7494 -17.9659
 57.9653 -17.5944
 58.7705 -17.1058
 59.0162 -17.9506
 59.5434 -18.8532
 60.1738 -18.7556
 60.4155 -19.038
 60.5762 -19.471
 60.8154 -19.4213
 60.823 -19.3634
182 69 7
 51.8096 -17.0654
 50.0742 -17.2431
 49.6852 -18.108
 49.1785 -19.7836
 48.8282 -20.7943
 48.5722 -20.8608
 48.5355 -20.8403
183 97 11
 52.3292 -28.1572
 53.2318 -27.7161
 53.3431 -27.6148
 54.0049 -27.6023
 54.2733 -27.1124
 53.9436 -26.4866
 53.8243 -26.3789
 52.9161 -26.0194
 52.0449 -25.7187
 51.8526 -25.6977
 51.7159 -25.6859
183 101 6
 52.3292 -28.1572
 51.771 -29.4547
 51.3815 -30.4731
 50.4529 -30.8004
 50.2155 -31.0915
 50.1937 -31.2252
184 33 17
 -15.2727 24.4472
 -14.368 25.2182
 -13.6446 25.8041
 -13.5459 26.6451
 -13.5673 26.6824
 -14.1348 26.7845
 -14.6552 27.0844
 -14.3779 27.564
 -14.0365 28.1189
 -13.2982 28.3891
 -14.1926 28.8195
 -14.4305 29.3097
 -14.6998 29.5027
 -15.003 29.828
 -15.0201 30.1016
 -14.958 30.4
 -14.9441 30.5616
184 99 7
 -15.2727 24.4472
 -15.5034 23.3047
 -15.5953 22.7528
 -15.6551 22.3881
 -15.5826 22.2854
 -15.5496 22.1842
 -15.5471 22.161
185 161 12
 41.8353 18.0679
 40.4815 18.017
 39.7636 17.5787
 39.7054 17.5984
 39.2479 18.0236
 38.8247 18.1585
 38.6348 17.9637
 38.7318 18.1917
 38.771 18.3332
 38.8133 18.7876
 38.8324 19.1649
 38.8386 19.1865
185 4 4
 41.8353 18.0679
 42.5233 17.8784
 42.7355 17.703
 42.8172 17.5907
186 163 12
 16.9346 -38.3054
 17.1906 -38.5128
 17.3649 -38.6994
 17.6269 -38.9651
 17.8747 -39.2024
 18.0711 -39.2497
 18.2043 -39.1756
 18.3182 -39.1641
 18.3913 -39.197
 18.4121 -39.312
 18.3718 -39.4341
 18.3471 -39.4449
186 146 10
 16.9346 -38.3054
 16.4454 -38.1146
 16.153 -38.0276
 16.1388 -37.9648
 16.0509 -37.712
 16.3142 -37.4121
 17.0052 -37.2543
 17.4806 -37.2595
 17.6402 -37.3446
 17.6392 -37.3502
187 158 5
 38.4525 25.4096
 39.4549 25.199
 39.5481 25.1336
 39.6143 25.0291
 39.6624 24.9479
187 86 19
 38.4525 25.4096
 37.3329 25.4664
 36.8403 25.5763
 36.5247 25.9688
 36.4323 26.3293
 36.6374 26.6706
 36.9441 27.1196
 36.5148 27.7417
 36.2071 28.2986
 35.327 27.9862
 34.0712 28.2668
 33.3251 28.5085
 33.0807 28.3928
 33.0526 28.3608
 32.7662 27.6714
 32.5026 26.9921
 32.5508 26.8574
 32.5994 26.7395
 32.6151 26.7311
188 103 9
 63.2164 -9.2467
 62.601 -8.5895
 62.3091 -7.954
 61.6024 -7.83935
 60.5139 -6.99425
 59.7832 -6.5448
 59.0233 -6.30155
 58.6467 -6.1124
 58.694 -6.0549
188 84 5
 63.2164 -9.2467
 64.0663 -9.2355
 65.1865 -8.63095
 65.8972 -8.2632
 66.027 -8.0745
189 40 14
 58.016 -3.3877
 59.1859 -3.2828
 59.9221 -2.979
 60.6125 -2.69435
 61.1647 -2.57
 61.3736 -2.5061
 61.614 -2.46455
 61.7458 -2.54825
 61.826 -2.56765
 61.8722 -2.52505
 61.9137 -2.43255
 62.0227 -2.35425
 62.1091 -2.3587
 62.1362 -2.3758
189 28 6
 58.016 -3.3877
 57.1833 -2.92085
 57.0446 -2.37655
 57.0466 -2.1598
 56.987 -2.09595
 56.973 -2.1066
190 73 9
 33.8008 -9.0956
 34.1898 -8.5389
 34.1966 -8.20035
 33.8638 -7.78985
 33.8502 -7.77655
 34.1273 -7.4049
 34.6992 -7.118
 35.1412 -7.29515
 35.2648 -7.389
190 138 11
 33.8008 -9.0956
 33.7958 -9.92945
 34.07 -10.1653
 34.3304 -10.18
 34.3483 -11.237
 34.4466 -12.345
 34.6476 -12.4353
 34.8697 -12.7037
 35.3251 -13.5345
 35.7906 -14.2724
 35.8342 -14.4128
191 63 14
 16.6009 -18.083
 16.2055 -17.8482
 15.6819 -17.6947
 15.5344 -17.4912
 15.573 -17.1823
 15.5767 -17.0349
 15.5597 -16.9368
 15.5158 -16.7994
 15.4812 -16.7064
 15.4265 -16.6348
 15.3414 -16.5842
 15.2439 -16.4412
 15.2809 -16.3157
 15.3812 -16.3214
191 88 5
 16.6009 -18.083
 16.7828 -18.3163
 16.9648 -18.4684
 17.0294 -18.5018
 17.0433 -18.5144
192 5 38
 -25.1192 -6.16665
 -24.8072 -6.5974
 -24.6134 -6.7869
 -24.4707 -7.10645
 -24.325 -7.3333
 -24.2497 -7.48325
 -24.3098 -7.6441
 -24.3085 -7.71875
 -24.1945 -7.7247
 -23.9177 -7.7278
 -23.6251 -7.88675
 -23.4995 -8.02505
 -23.3505 -8.15875
 -23.097 -8.4791
 -22.9894 -8.79125
 -22.8489 -8.7201
 -22.5409 -8.5235
 -22.3416 -8.26615
 -22.2938 -7.9929
 -22.2595 -7.6551
 -22.2359 -7.3267
 -22.2059 -7.30265
 -22.3064 -7.01465
 -22.5193 -6.723
 -22.634 -6.60525
 -22.6798 -6.464
 -22.6782 -6.3026
 -22.6285 -6.06585
 -22.7103 -5.66995
 -22.6525 -5.54465
 -22.2253 -5.5805
 -21.9553 -5.4372
 -21.8208 -5.3795
 -21.6786 -5.2633
 -21.6658 -5.1349
 -21.7332 -5.0268
 -21.7981 -4.9075
 -21.7997 -4.8543
192 129 4
 -25.1192 -6.16665
 -25.6361 -5.52225
 -25.9212 -5.2379
 -25.9361 -5.2245
193 1 7
 -43.5752 -3.6806
 -42.969 -3.73245
 -42.7217 -3.6721
 -42.5677 -3.54485
 -42.4612 -3.39065
 -42.3963 -3.36555
 -42.3722 -3.3558
193 134 3
 -43.5752 -3.6806
 -44.6127 -3.1715
 -45.203 -2.7862
194 63 20
 11.8615 -7.84465
 9.4475 -8.8555
 7.71375 -9.32845
 7.7812 -9.4436
 8.54995 -10.0322
 9.23435 -10.8176
 9.66395 -11.9019
 10.6653 -13.3649
 11.2475 -14.4886
 11.2171 -14.9549
 11.401 -14.8653
 12.0812 -14.8369
 12.7094 -14.878
 13.0131 -15.1019
 13.2717 -15.3421
 14.1625 -15.6887
 14.9915 -16.1516
 15.0954 -16.2919
 15.2809 -16.3157
 15.3812 -16.3214
194 115 3
 11.8615 -7.84465
 12.5927 -7.2636
 12.5919 -7.2437
195 155 5
 -0.56165 -18.752
 -1.3101 -19.8973
 -1.46255 -20.0203
 -1.6632 -20.1393
 -1.6842 -20.2336
195 90 13
 -0.56165 -18.752
 0.91645 -18.0415
 1.80625 -18.0822
 1.06235 -17.1416
 0.129 -16.4916
 -0.2869 -16.0761
 1.1549 -15.8609
 2.4049 -15.1365
 3.15335 -14.3792
 3.9065 -13.8848
 4.4901 -14.4499
 4.79815 -14.9049
 4.7493 -14.9592
196 95 29
 15.6883 1.07155
 15.3213 0.57575
 15.2002 0.1462
 15.3421 -0.27205
 15.5331 -0.6237
 15.7594 -0.83235
 15.8188 -0.90135
 15.8173 -1.11795
 15.8155 -1.3215
 15.8393 -1.57285
 15.926 -1.9296
 16.0788 -2.08985
 16.209 -2.08245
 16.3335 -2.062
 16.407 -2.1239
 16.4976 -2.16425
 16.3821 -2.2747
 16.3541 -2.3918
 16.3661 -2.47665
 16.3691 -2.60715
 16.3522 -2.6854
 16.3111 -2.7774
 16.2377 -2.8645
 16.1831 -2.9237
 16.1467 -2.99935
 16.0402 -2.9946
 15.9365 -2.94205
 15.8955 -2.89995
 15.8842 -2.8926
196 55 7
 15.6883 1.07155
 15.9982 1.79645
 16.3277 2.36905
 16.4864 2.74265
 17.0477 3.3647
 17.6198 3.74805
 17.6658 3.705
197 55 15
 14.0653 8.60145
 14.8214 7.69525
 15.0895 7.375
 15.26 7.20905
 15.277 7.1571
 15.5752 6.8925
 16.2045 5.9914
 16.927 4.9495
 17.5149 4.42035
 17.7383 4.2152
 17.8513 4.14825
 17.859 4.08845
 17.8356 3.8895
 17.7552 3.7215
 17.6658 3.705
197 15 18
 14.0653 8.60145
 13.392 9.4422
 13.1849 9.8817
 12.8142 10.2106
 12.2641 10.1389
 11.8853 10.1911
 11.7551 10.5483
 11.4139 10.9892
 11.1194 11.2598
 10.9899 12.3308
 11.3952 14.0191
 11.9977 14.8076
 12.1208 14.987
 12.0617 15.4231
 12.4428 16.2348
 12.9182 16.9493
 12.9031 17.2443
 12.8951 17.2681
198 77 16
 -7.28485 17.9403
 -7.90525 18.0142
 -8.19865 18.2055
 -8.92855 18.1535
 -9.735 18.3399
 -10.0343 18.6213
 -9.82675 19.0937
 -9.7436 19.7314
 -9.91165 19.9879
 -9.6539 20.1217
 -8.83215 20.3076
 -8.18885 20.4933
 -8.09395 20.6852
 -8.0538 20.8643
 -8.0998 21.0873
 -8.1523 21.1956
198 111 9
 -7.28485 17.9403
 -6.71935 17.8769
 -5.82395 17.8881
 -4.663 18.5615
 -4.03175 19.1737
 -3.5861 19.3456
 -2.952 18.92
 -2.43755 18.5091
 -2.3997 18.5231
199 22 14
 -29.7055 1.78295
 -29.3751 0.95575
 -29.229 0.0876
 -29.3501 -0.5004
 -29.4456 -1.201
 -29.617 -1.44755
 -29.6544 -1.51475
 -29.8031 -1.6635
 -29.9867 -1.79575
 -29.9951 -1.90425
 -29.9532 -2.0536
 -29.9781 -2.1648
 -30.0019 -2.2243
 -29.9934 -2.2363
199 23 10
 -29.7055 1.78295
 -29.5819 2.38315
 -29.1032 3.1522
 -28.8465 3.7399
 -28.7 4.21865
 -28.4053 4.5601
 -28.3405 4.8422
 -28.2424 5.38915
 -28.122 5.93095
 -28.1011 5.9915
200 29 36
 -32.8235 30.1475
 -32.0714 30.9486
 -31.2666 31.7024
 -30.6847 32.0583
 -30.4058 32.3225
 -30.1932 32.9488
 -30.3145 33.6503
 -30.8025 34.0569
 -31.1952 34.0723
 -30.8614 34.5212
 -30.6769 35.808
 -31.1413 37.2702
 -31.673 37.91
 -31.811 38.2663
 -31.3281 38.943
 -30.5346 39.3206
 -30.1045 39.2487
 -29.7655 39.3853
 -29.3073 39.4763
 -28.8573 39.5955
 -28.7016 39.7575
 -28.6581 39.771
 -28.5497 39.666
 -28.2046 39.7832
 -27.9183 40.0862
 -27.8498 40.2528
 -27.7305 40.3916
 -27.5213 40.4953
 -27.3919 40.5452
 -27.3528 40.5794
 -27.2871 40.5506
 -27.2307 40.5202
 -27.1932 40.5132
 -27.151 40.4745
 -27.1166 40.4538
 -27.1065 40.444
200 127 17
 -32.8235 30.1475
 -34.3844 29.5115
 -36.1739 29.7276
 -36.9656 30.0245
 -37.3446 29.2768
 -37.2741 27.6907
 -36.7454 26.483
 -36.2546 24.9437
 -35.6356 22.8182
 -34.1533 22.5082
 -33.1258 23.1481
 -32.4589 23.7458
 -32.0307 24.3974
 -32.4927 25.0167
 -32.7758 25.3573
 -32.8544 25.3806
 -32.8674 25.3904
201 50 18
 -23.1768 35.7197
 -23.6861 35.5501
 -23.9342 35.5548
 -24.1912 35.5842
 -24.1055 35.756
 -23.6968 36.0688
 -23.2613 36.6566
 -23.2309 37.1398
 -22.9567 37.3409
 -22.5401 37.5876
 -22.3848 37.7859
 -22.3317 37.8397
 -22.2385 37.9229
 -22.1831 38.0123
 -22.141 38.0286
 -22.1362 38.1267
 -22.1646 38.2354
 -22.1499 38.2462
201 92 4
 -23.1768 35.7197
 -22.2308 35.4747
 -21.6885 35.2091
 -21.6481 35.2614
202 154 7
 -13.2837 48.0037
 -13.6753 48.7789
 -14.1056 49.0855
 -14.6898 49.4953
 -15.2669 49.9024
 -15.3254 49.9672
 -15.2801 50.0107
202 139 5
 -13.2837 48.0037
 -13.0533 47.3036
 -12.8022 47.0542
 -12.7024 46.9846
 -12.6955 46.9569
203 154 11
 -11.7463 54.7215
 -12.4765 53.6712
 -13.0802 52.9975
 -14.5928 53.4069
 -15.4326 53.8282
 -14.8396 52.6821
 -14.0842 51.4019
 -14.5701 50.8218
 -15.1847 50.2056
 -15.2626 50.0093
 -15.2801 50.0107
203 130 10
 -11.7463 54.7215
 -10.6366 55.2829
 -9.661 55.7379
 -8.5175 56.2114
 -8.0491 56.3525
 -7.55115 56.8415
 -7.1448 57.5611
 -7.0642 58.841
 -7.08085 60.3113
 -7.1855 60.7093
204 74 22
 8.55115 72.8107
 9.136 71.4707
 9.0785 71.0374
 8.83055 70.2719
 8.9548 69.4396
 8.8213 69.0548
 8.2651 67.4196
 7.3182 66.1471
 6.659 65.4007
 7.35295 64.7536
 8.09485 64.3541
 7.7441 63.2225
 7.34075 62.301
 7.01085 61.5807
 6.9285 61.2934
 7.1789 61.0945
 7.34415 60.6745
 7.6486 60.3783
 8.1899 60.3079
 8.34555 59.2858
 8.2527 58.2056
 8.2216 58.162
204 121 15
 8.55115 72.8107
 8.351 73.8943
 8.385 74.0352
 7.6173 74.5291
 6.2459 74.227
 5.5419 73.0081
 5.46995 72.1964
 5.1255 73.0835
 4.4063 74.007
 4.24275 74.3773
 3.8943 74.6154
 3.1922 75.4858
 2.3713 75.9372
 1.86485 75.8111
 1.5799 75.8667
205 74 6
 10.0153 60.6214
 8.7885 60.4376
 8.1899 60.3079
 8.34555 59.2858
 8.2527 58.2056
 8.2216 58.162
205 119 3
 10.0153 60.6214
 10.9578 60.7379
 11.0548 60.7857
206 107 30
 5.51965 56.1208
 4.39135 56.8321
 3.61055 57.0651
 3.6217 57.2624
 3.2691 56.5807
 3.4657 55.6488
 4.07055 54.6954
 4.02155 54.6341
 2.8602 54.7113
 1.94795 54.2383
 1.76445 53.9987
 1.2645 53.6617
 0.16455 53.0099
 -0.5013 52.4991
 -0.738 52.0536
 -0.824 51.2603
 -0.45555 50.6878
 -1.02355 50.6671
 -2.44075 50.2233
 -3.97465 49.468
 -4.48555 48.6778
 -4.9658 47.8315
 -5.382 47.38
 -5.58595 47.368
 -6.6402 47.2394
 -7.86085 46.9108
 -8.64465 46.7515
 -9.3262 46.8105
 -9.57325 46.7593
 -9.5539 46.699
206 74 7
 5.51965 56.1208
 6.24265 55.7082
 6.81005 55.625
 7.612 56.1586
 8.0953 57.4109
 8.23145 58.1222
 8.2216 58.162
207 30 4
 -13.7719 35.4822
 -13.2549 36.011
 -13.0011 36.1339
 -12.9692 36.1455
207 136 4
 -13.7719 35.4822
 -14.0478 34.8435
 -14.0401 34.6129
 -14.0517 34.6034
208 49 31
 -18.6513 35.407
 -19.2985 35.7962
 -19.2877 36.2454
 -19.0823 36.8408
 -18.9416 37.3517
 -18.9348 37.6236
 -18.8625 37.8339
 -18.786 37.8667
 -18.7862 38.1661
 -18.9365 38.4484
 -19.0327 38.4998
 -18.885 38.4976
 -18.7064 38.633
 -18.6903 38.9142
 -18.7033 39.1032
 -18.6168 39.2076
 -18.5406 39.2439
 -18.6183 39.2667
 -18.6885 39.3508
 -18.6805 39.4306
 -18.7116 39.4835
 -18.8736 39.5294
 -19.0071 39.5616
 -18.9943 39.6538
 -18.9787 39.881
 -19.0648 40.035
 -19.2118 40.0339
 -19.3293 40.0426
 -19.4015 40.0439
 -19.4369 40.0227
 -19.4393 40.0255
208 48 5
 -18.6513 35.407
 -17.7708 34.8287
 -17.4392 34.1256
 -17.4221 33.9042
 -17.4666 33.8973
209 77 7
 -8.25735 23.602
 -8.1472 22.3081
 -8.5194 21.6649
 -8.58255 21.6066
 -8.4666 21.4086
 -8.2417 21.2361
 -8.1523 21.1956
209 143 5
 -8.25735 23.602
 -9.31095 25.1731
 -10.2181 26.0929
 -10.5584 25.9908
 -10.6065 25.8969
210 44 16
 -5.26695 36.6524
 -4.06255 35.9349
 -3.3144 36.0675
 -2.83955 36.1283
 -2.6764 36.1509
 -2.5005 36.1341
 -2.44965 36.0462
 -2.345 36.1348
 -2.2649 36.3136
 -2.12615 36.4528
 -2.09125 36.4893
 -2.1181 36.6305
 -2.043 36.6554
 -1.91575 36.624
 -1.8202 36.6528
 -1.794 36.6672
210 157 9
 -5.26695 36.6524
 -6.23805 37.5088
 -6.8154 37.8848
 -7.23105 38.2392
 -7.25715 38.3707
 -7.2901 38.5072
 -7.3496 38.5524
 -7.41995 38.5816
 -7.4384 38.5818
211 35 17
 22.5435 11.3336
 21.7341 10.8976
 21.4375 10.6448
 21.467 9.8097
 21.7551 8.901
 21.6155 8.4837
 21.2006 8.2866
 21.0819 7.92945
 20.6957 7.31935
 20.0481 6.70575
 19.8766 6.43315
 20.2926 5.95055
 20.651 5.39095
 20.558 5.27325
 20.4755 5.143
 20.4451 5.01255
 20.4609 4.9819
211 123 3
 22.5435 11.3336
 23.2773 11.7661
 23.3078 11.7705
212 123 10
 25.512 17.4319
 24.7727 15.5938
 24.1398 13.9635
 23.4555 13.8799
 23.1706 13.8568
 22.9245 13.5526
 23.0308 13.3832
 23.3294 12.5782
 23.3329 11.7975
 23.3078 11.7705
212 126 8
 25.512 17.4319
 26.191 18.2492
 26.0589 19.0546
 25.5178 19.7461
 25.145 20.0121
 24.9869 20.329
 24.9295 20.6393
 24.9752 20.6497
213 141 19
 28.2454 17.7283
 28.9895 17.114
 29.3737 16.8812
 29.7222 16.8906
 30.5851 16.4478
 31.3167 15.9051
 31.9455 15.9995
 32.4316 16.152
 32.6232 16.0704
 32.907 15.4986
 33.1785 14.2959
 33.7289 13.4756
 34.1804 13.1861
 34.5381 13.2486
 34.103 12.9571
 33.7669 12.6076
 33.4672 11.2309
 33.3548 10.1085
 33.3653 10.094
213 126 9
 28.2454 17.7283
 27.061 18.3495
 26.2972 18.6012
 26.0589 19.0546
 25.5178 19.7461
 25.145 20.0121
 24.9869 20.329
 24.9295 20.6393
 24.9752 20.6497
214 141 9
 35.8749 13.3015
 35.319 13.4348
 34.8383 13.4845
 34.5381 13.2486
 34.103 12.9571
 33.7669 12.6076
 33.4672 11.2309
 33.3548 10.1085
 33.3653 10.094
214 61 23
 35.8749 13.3015
 36.3406 13.1302
 36.753 12.8701
 36.8538 12.6906
 37.1717 12.3607
 37.3864 11.8391
 37.4657 11.7046
 37.6542 11.6691
 37.6621 11.5387
 37.5943 11.2796
 37.6775 11.0427
 38.0899 10.8166
 38.2092 10.0921
 37.9655 9.5636
 37.9619 9.26915
 38.1776 8.93185
 38.3614 8.80305
 38.5082 8.48585
 38.9309 7.9017
 39.2802 7.53485
 39.3998 7.5324
 39.4734 7.6075
 39.4876 7.6244
215 161 23
 38.4064 23.8768
 38.0502 23.4825
 37.648 22.7993
 37.3932 22.4433
 37.5944 22.2126
 37.7908 21.8671
 38.5045 21.5985
 39.226 21.2137
 39.37 20.8849
 39.4296 20.7529
 39.4389 20.5316
 39.3951 20.3592
 39.3 20.1918
 39.2239 20.078
 39.1584 20.004
 39.0821 19.9246
 39.0283 19.8655
 39.0131 19.753
 39.0013 19.6674
 38.9101 19.5728
 38.882 19.3681
 38.8862 19.2128
 38.8386 19.1865
215 158 6
 38.4064 23.8768
 38.8461 24.1955
 39.3947 24.5832
 39.6384 24.8575
 39.6567 24.9336
 39.6624 24.9479
216 15 24
 19.7878 22.2997
 18.5427 22.3773
 18.1082 22.502
 17.565 21.9634
 17.2327 21.479
 17.1675 21.3386
 16.8444 21.093
 16.6156 20.7648
 16.2241 19.9044
 15.7253 19.1273
 16.011 18.3906
 16.2037 17.547
 15.8355 16.8773
 15.4988 16.3122
 15.4042 16.0915
 14.8227 16.4687
 13.8237 16.6298
 13.3156 16.6132
 13.1623 16.6787
 13.1377 16.8166
 13.0787 17.0559
 12.9686 17.2654
 12.9307 17.3111
 12.8951 17.2681
216 75 12
 19.7878 22.2997
 21.6164 22.9175
 22.5227 23.4293
 21.6869 24.5981
 20.7642 25.8941
 20.2482 26.5128
 19.7076 27.0546
 19.6614 27.2756
 19.392 27.3484
 19.4365 28.0276
 19.2155 28.742
 19.151 28.8051
217 75 7
 17.0205 31.0958
 17.5691 30.1585
 18.0519 29.9671
 18.6101 29.4831
 19.1138 28.9325
 19.1522 28.8465
 19.151 28.8051
217 27 23
 17.0205 31.0958
 17.5889 32.0638
 18.4291 32.5153
 18.6652 32.7998
 18.3757 33.053
 17.8978 33.3747
 17.8354 34.3349
 18.2235 35.0561
 19.2693 34.9684
 20.3036 35.2119
 20.7617 35.4583
 20.7668 35.5517
 20.6333 35.8705
 20.4663 36.094
 20.9704 36.1432
 22.0816 36.483
 23.8737 36.9907
 25.5802 37.1515
 26.7211 37.2695
 27.3776 37.5004
 27.5685 37.5825
 27.6395 37.5846
 27.6678 37.5719
218 119 19
 19.2256 52.75
 17.5508 52.1747
 17.039 51.6465
 16.9506 51.6882
 16.1483 52.1677
 14.7423 52.333
 13.9135 52.6681
 13.9004 53.6973
 14.1976 55.5311
 14.3073 57.0836
 14.2129 57.4192
 13.9816 58.6275
 14.1197 59.8266
 13.6497 59.7115
 13.0703 59.925
 12.5889 60.0357
 11.9787 60.3157
 11.2357 60.7029
 11.0548 60.7857
218 76 7
 19.2256 52.75
 20.6893 52.9223
 21.8251 53.2263
 21.1962 53.7578
 21.4562 54.6161
 21.4564 54.813
 21.4187 54.8537
219 20 46
 22.9781 51.5527
 23.0545 49.7329
 24.6369 48.9029
 25.1791 47.5218
 25.4933 45.681
 26.3274 45.0662
 26.4441 44.7411
 26.5228 44.2761
 26.7449 44.0292
 27.1754 43.8721
 27.6552 43.6019
 29.0858 42.9519
 30.7235 42.2128
 31.1495 41.7925
 31.6929 41.7076
 32.7701 41.8773
 33.5876 42.544
 33.9137 43.445
 33.8445 44.3121
 34.4502 44.713
 35.6302 44.6608
 36.0866 44.4365
 36.3324 44.0692
 36.9278 44.177
 37.3666 44.1819
 37.8571 43.8386
 38.9347 43.9183
 40.0078 44.1209
 39.7168 43.8579
 40.2772 43.4948
 40.8349 42.4798
 41.2029 41.5387
 41.8033 41.7192
 42.16 41.913
 42.3843 41.5951
 42.8738 41.0871
 43.204 40.7826
 43.4008 40.6665
 43.5742 40.6221
 43.6229 40.6624
 43.7439 40.7783
 44.0527 40.982
 44.3074 40.9978
 44.5398 40.8678
 44.7823 40.8392
 44.8559 40.7948
219 76 8
 22.9781 51.5527
 23.1526 52.7945
 22.7224 53.1505
 21.8251 53.2263
 21.1962 53.7578
 21.4562 54.6161
 21.4564 54.813
 21.4187 54.8537
220 106 12
 27.7588 56.2086
 26.9516 58.3671
 27.5947 59.5605
 28.5476 59.8274
 28.8054 60.4661
 29.7134 62.4338
 30.4241 64.1669
 30.3088 64.5614
 30.1975 64.5902
 29.3942 64.8506
 28.6622 65.1087
 28.6133 65.099
220 76 15
 27.7588 56.2086
 28.6049 55.1246
 28.5079 54.6949
 27.993 53.7508
 27.3801 52.6622
 27.0072 51.5166
 25.8633 52.4318
 24.1209 52.7813
 23.1526 52.7945
 22.7224 53.1505
 21.8251 53.2263
 21.1962 53.7578
 21.4562 54.6161
 21.4564 54.813
 21.4187 54.8537
221 162 8
 36.3351 57.3261
 36.19 57.9441
 36.4103 58.078
 36.7164 58.4352
 36.6485 58.9778
 36.4042 59.2869
 36.3754 59.4968
 36.392 59.5509
221 153 5
 36.3351 57.3261
 36.5174 56.8282
 36.517 56.7365
 36.5161 56.6766
 36.5075 56.6626
222 162 11
 38.3509 57.2775
 38.051 58.011
 38.0876 58.3996
 37.9309 58.3444
 37.594 58.705
 37.1265 59.0059
 36.936 58.9532
 36.679 59.0486
 36.4563 59.343
 36.416 59.5439
 36.392 59.5509
222 80 13
 38.3509 57.2775
 38.5534 56.6965
 38.6081 56.3521
 38.7665 56.2332
 38.5938 56.1109
 38.5148 55.7451
 38.7782 55.2115
 39.3269 54.6704
 39.6302 54.3421
 39.782 54.1731
 39.9256 53.9827
 39.9427 53.9168
 39.9268 53.8924
223 91 11
 47.26 45.955
 47.7388 46.1372
 48.0229 46.296
 48.2084 46.3161
 48.5765 46.3027
 49.0041 46.349
 49.3677 46.4198
 49.5628 46.4924
 49.5205 46.5293
 49.4642 46.5741
 49.4336 46.5884
223 8 5
 47.26 45.955
 46.7151 45.3516
 46.2995 44.8389
 46.1314 44.8282
 46.1216 44.8258
224 152 10
 75.6573 31.1721
 75.1837 30.3468
 74.6936 30.2575
 75.1144 29.9857
 75.5395 29.5159
 75.4552 28.551
 75.2495 27.8351
 75.214 27.7635
 75.2176 27.6709
 75.1963 27.6519
224 7 8
 75.6573 31.1721
 76.209 32.0081
 76.7514 32.1719
 76.7431 32.3429
 76.674 32.6852
 76.738 32.9285
 76.8335 33.0084
 76.8349 33.0312
225 42 6
 69.3792 26.2792
 69.5251 25.4317
 69.4295 25.0063
 69.3559 23.9899
 69.4657 23.3311
 69.5271 23.3113
225 31 4
 69.3792 26.2792
 69.6676 27.6068
 70.0928 28.1983
 70.1097 28.2619
226 152 18
 89.6628 21.4216
 88.2621 23.7915
 86.9448 25.2688
 86.4171 26.3954
 86.145 26.7578
 84.5192 26.9953
 82.545 27.0585
 81.6349 26.6474
 79.6151 26.6477
 78.0529 26.9121
 77.5034 26.5863
 76.4122 26.4908
 75.6577 26.9847
 75.5859 27.33
 75.6328 27.4517
 75.465 27.3993
 75.2502 27.5048
 75.1963 27.6519
226 104 7
 89.6628 21.4216
 90.2935 19.3717
 90.5908 18.9635
 90.6446 18.8375
 90.745 17.9795
 90.7986 17.2198
 90.7969 17.2052
227 47 9
 54.3763 7.14725
 54.6101 7.54715
 54.8365 7.6492
 55.3064 7.8091
 55.589 7.85425
 55.7126 7.84205
 55.8637 7.9047
 55.9743 7.92345
 56.0049 7.8956
227 83 6
 54.3763 7.14725
 54.101 6.74945
 54.4597 6.01605
 54.9639 5.2289
 55.0121 5.1573
 54.943 5.1529
228 47 7
 54.1479 9.1882
 54.7902 9.3996
 55.1845 9.5226
 55.6234 8.85965
 55.9328 8.12815
 55.9743 7.92345
 56.0049 7.8956
228 120 5
 54.1479 9.1882
 53.7321 9.218
 53.3331 9.1722
 52.9594 9.13435
 52.9572 9.1522
229 145 13
 65.2899 14.2393
 65.0893 14.034
 64.5238 13.8507
 64.0975 13.7983
 64.0739 13.7987
 63.9632 14.02
 63.5664 14.1173
 63.2125 14.1283
 63.1118 14.3418
 62.904 14.701
 62.6824 14.9727
 62.621 15.0244
 62.5881 15.0429
229 132 5
 65.2899 14.2393
 65.6578 14.5751
 66.2043 14.9853
 66.4451 15.0993
 66.4879 15.1062
230 21 17
 53.4575 -0.1559
 53.0168 -0.60275
 52.8096 -0.7731
 52.5798 -0.80795
 51.8255 -1.186
 51.0714 -1.46435
 50.5955 -1.40785
 50.4473 -1.35345
 50.6317 -0.9458
 50.5901 -0.4654
 50.2728 -0.52325
 49.5399 -0.13
 49.0343 0.5554
 49.0198 0.69195
 48.824 0.8985
 48.6763 1.0013
 48.7134 1.0071
230 28 7
 53.4575 -0.1559
 54.5456 -0.05255
 55.3877 -0.25675
 55.6133 -0.5324
 56.3056 -1.2552
 56.8584 -1.92485
 56.973 -2.1066
231 61 18
 42.0168 3.66235
 41.4328 4.4382
 41.2334 4.6874
 40.9452 4.7972
 40.5616 4.904
 40.5095 4.9797
 40.5574 5.12655
 40.4786 5.15805
 40.2631 5.2062
 40.0391 5.2507
 40.0644 5.33985
 40.0994 5.5928
 39.9708 5.7484
 39.9129 6.21175
 39.7898 7.0585
 39.6119 7.5133
 39.5251 7.59745
 39.4876 7.6244
231 149 6
 42.0168 3.66235
 42.3237 2.9161
 42.4145 2.23735
 42.5912 1.729
 42.5871 1.62965
 42.5911 1.5974
232 64 15
 42.1288 0.1285
 42.1078 -0.41155
 41.9494 -0.9793
 41.2615 -1.5318
 40.9851 -1.8172
 41.3672 -2.94325
 41.4777 -3.9536
 41.2046 -4.12435
 40.9359 -4.17425
 40.8348 -4.46085
 40.7402 -4.8064
 40.8532 -4.9304
 41.0229 -4.9774
 41.0912 -4.96345
 41.1198 -4.963
232 149 7
 42.1288 0.1285
 42.6533 0.86995
 43.2365 1.3339
 43.0442 1.6386
 42.6726 1.7011
 42.5871 1.62965
 42.5911 1.5974
233 39 16
 21.8878 -2.94895
 21.1367 -2.9022
 20.8755 -2.7473
 20.7317 -2.85825
 20.4692 -3.23095
 20.0467 -3.5981
 19.3676 -3.6819
 18.8832 -3.67705
 18.6392 -3.5209
 18.4607 -3.3912
 18.5257 -3.3004
 18.5768 -3.2161
 18.6175 -3.14315
 18.6817 -3.02075
 18.721 -2.9259
 18.7185 -2.9172
233 13 3
 21.8878 -2.94895
 22.3905 -2.8321
 22.3923 -2.8234
234 19 11
 31.1409 -3.6383
 30.6344 -4.01815
 30.5125 -4.6003
 30.4461 -5.65485
 30.3168 -6.42915
 29.7945 -6.406
 29.3484 -6.1729
 29.0976 -5.99735
 28.9373 -6.02465
 28.9032 -6.07025
 28.9087 -6.0746
234 133 4
 31.1409 -3.6383
 32.2233 -3.13725
 32.8651 -2.72235
 32.9521 -2.6822
235 53 19
 25.488 -23.8693
 25.8157 -23.5211
 25.5089 -24.2199
 25.4063 -24.7727
 25.4468 -25.2084
 25.3111 -25.2556
 25.0187 -25.1502
 24.8623 -25.1994
 24.8097 -25.3482
 24.8158 -25.5985
 25.1332 -26.2759
 25.4391 -26.8704
 25.4207 -26.9453
 25.656 -27.1667
 25.9352 -27.4189
 25.9527 -27.5117
 25.8683 -27.6368
 25.8245 -27.7979
 25.8317 -27.8566
235 3 15
 25.488 -23.8693
 25.0033 -23.5274
 24.2467 -23.1574
 24.193 -22.712
 23.7692 -22.0971
 24.0009 -21.7385
 24.2845 -21.3946
 24.3398 -21.2369
 24.3906 -20.8659
 24.5029 -20.5205
 24.3936 -20.2594
 24.1441 -19.9856
 24.0492 -19.7635
 24.0278 -19.5915
 24.0326 -19.5751
236 163 14
 17.0525 -41.2536
 17.0668 -40.9795
 17.0747 -40.74
 17.5199 -40.4266
 17.8533 -40.2016
 17.9788 -39.9697
 18.0314 -39.7798
 18.0349 -39.7546
 18.1605 -39.6996
 18.2801 -39.5951
 18.3205 -39.5415
 18.3153 -39.512
 18.3281 -39.4694
 18.3471 -39.4449
236 41 16
 17.0525 -41.2536
 16.7181 -41.5017
 16.1106 -41.6693
 16.5072 -41.6109
 16.6301 -42.0698
 16.5412 -42.6745
 16.3256 -42.8962
 16.3327 -43.0164
 16.321 -43.1793
 16.2697 -43.3468
 16.2641 -43.6012
 16.4375 -43.6815
 16.5975 -43.6261
 16.6504 -43.6748
 16.706 -43.7224
 16.7432 -43.7325
237 163 22
 23.5858 -39.0933
 22.6575 -39.1193
 22.5356 -39.2957
 22.4928 -39.3398
 22.4259 -39.4157
 22.0402 -39.5006
 21.4909 -39.3818
 20.8403 -39.2013
 20.2753 -39.0778
 20.0098 -38.9869
 19.7799 -38.9567
 19.6521 -38.9048
 19.403 -38.8857
 19.1665 -38.9502
 19.0448 -39.1054
 18.8746 -39.2593
 18.7758 -39.3957
 18.6556 -39.5076
 18.4916 -39.5527
 18.376 -39.5275
 18.3411 -39.4652
 18.3471 -39.4449
237 51 5
 23.5858 -39.0933
 24.4421 -39.2386
 25.0013 -39.6329
 25.562 -40.02
 25.5838 -40.0394
238 59 11
 21.9517 -46.8572
 21.4221 -48.8739
 21.57 -49.3004
 22.6357 -50.5572
 23.9304 -51.8804
 24.0421 -52.3893
 24.0359 -53.0197
 24.1405 -53.4214
 24.1882 -53.6372
 24.2317 -53.7057
 24.2359 -53.7207
238 51 8
 21.9517 -46.8572
 23.0028 -44.9221
 24.3221 -44.1674
 25.4849 -42.0956
 25.6728 -40.4051
 25.6392 -40.1765
 25.6019 -40.0336
 25.5838 -40.0394
239 28 38
 58.0599 -13.634
 56.6414 -13.7402
 55.616 -13.7204
 54.9449 -13.7461
 54.8156 -13.6482
 54.6258 -13.3601
 54.6086 -12.9027
 54.6862 -12.5562
 54.3669 -12.146
 54.0873 -11.9018
 54.0576 -11.5074
 53.9645 -10.7838
 54.0107 -9.4883
 53.9187 -8.4585
 53.6498 -8.31185
 53.5152 -8.19555
 53.4341 -8.0471
 53.4398 -7.40175
 53.5761 -6.4157
 53.4878 -5.83295
 53.2988 -5.61885
 53.2449 -5.543
 53.6368 -5.56185
 54.101 -5.4983
 54.4452 -5.29685
 54.7081 -5.17155
 54.7705 -5.0938
 55.2184 -4.7819
 55.6225 -4.24665
 55.7438 -3.9758
 55.9888 -3.6978
 56.3002 -3.2507
 56.6954 -2.83165
 56.9482 -2.40985
 57.0482 -2.2552
 57.0466 -2.1598
 56.987 -2.09595
 56.973 -2.1066
239 36 4
 58.0599 -13.634
 59.535 -13.1417
 60.0534 -12.987
 60.1183 -13.0602
240 25 6
 60.8734 -15.9257
 61.2333 -18.7972
 60.9017 -18.9385
 60.8643 -19.1693
 60.8217 -19.3181
 60.823 -19.3634
240 36 3
 60.8734 -15.9257
 60.1468 -13.0641
 60.1183 -13.0602
241 118 10
 58.1501 -24.2715
 58.8563 -23.7124
 59.5328 -22.7724
 59.6478 -22.3502
 59.6775 -22.3785
 59.8756 -22.5288
 60.0799 -22.6761
 60.7701 -23.2579
 61.4123 -23.8333
 61.3982 -23.8689
241 85 6
 58.1501 -24.2715
 57.9894 -24.2905
 57.4114 -24.2213
 56.8168 -24.1028
 56.7684 -24.0382
 56.7541 -24.0283
242 159 9
 28.4199 -15.1623
 28.1294 -14.4865
 28.1195 -13.832
 28.3073 -13.3297
 28.5049 -12.8174
 28.6838 -12.4567
 28.6688 -12.3963
 28.6545 -12.3478
 28.6599 -12.3295
242 12 24
 28.4199 -15.1623
 28.0595 -16.1188
 27.5787 -16.7682
 27.5777 -16.809
 27.8148 -17.0961
 28.5564 -17.2875
 29.1037 -17.061
 29.2474 -17.0763
 29.7331 -17.5292
 30.1751 -18.033
 30.2023 -18.4147
 30.2493 -18.6976
 30.3378 -19.2351
 30.104 -19.6726
 29.8777 -19.8595
 29.7715 -20.0033
 29.5896 -20.0337
 29.4913 -20.0933
 29.3564 -20.1242
 29.1983 -20.1414
 29.128 -20.1572
 29.0742 -20.252
 29.0509 -20.3521
 29.0727 -20.3969
243 49 17
 -20.511 38.7898
 -20.476 39.264
 -20.6001 39.4746
 -20.2575 39.3627
 -19.9831 39.309
 -19.8323 39.3004
 -19.7154 39.3848
 -19.6809 39.5515
 -19.7215 39.705
 -19.6666 39.7713
 -19.639 39.8826
 -19.6353 39.9707
 -19.7137 39.9925
 -19.5909 40.0109
 -19.4978 40.0051
 -19.4489 40.0167
 -19.4393 40.0255
243 72 3
 -20.511 38.7898
 -20.5048 38.3787
 -20.4762 38.3633
244 133 12
 37.7422 -2.3503
 37.0918 -2.2969
 36.779 -2.13675
 36.5908 -1.7271
 35.9617 -1.70465
 35.4305 -1.9665
 35.2919 -2.149
 35.0727 -2.1791
 34.5639 -2.4414
 33.5686 -2.75155
 33.0015 -2.70445
 32.9521 -2.6822
244 64 16
 37.7422 -2.3503
 38.5241 -2.22375
 38.8569 -1.9022
 39.7722 -1.7157
 40.7006 -1.601
 40.9851 -1.8172
 41.3672 -2.94325
 41.4777 -3.9536
 41.2046 -4.12435
 40.9359 -4.17425
 40.8348 -4.46085
 40.7402 -4.8064
 40.8532 -4.9304
 41.0229 -4.9774
 41.0912 -4.96345
 41.1198 -4.963
245 118 8
 60.4443 -21.5346
 59.7259 -22.2757
 59.6775 -22.3785
 59.8756 -22.5288
 60.0799 -22.6761
 60.7701 -23.2579
 61.4123 -23.8333
 61.3982 -23.8689
245 25 10
 60.4443 -21.5346
 61.8601 -21.0962
 62.6275 -21.4404
 62.6632 -21.2599
 62.326 -20.5368
 61.7509 -19.7897
 61.3476 -19.599
 61.0408 -19.4272
 60.8759 -19.352
 60.823 -19.3634
246 71 5
 -23.1609 -11.5086
 -23.4096 -11.3267
 -23.5072 -11.091
 -23.5449 -10.9139
 -23.5535 -10.8866
246 6 5
 -23.1609 -11.5086
 -22.6817 -11.7135
 -22.3806 -11.9186
 -22.3872 -12.0258
 -22.3963 -12.0368
247 140 7
 -30.7501 -6.17815
 -31.9802 -8.03605
 -32.7773 -8.8668
 -32.7481 -9.1358
 -32.9155 -9.35625
 -33.1378 -9.5793
 -33.2122 -9.5962
247 81 3
 -30.7501 -6.17815
 -30.3841 -4.86355
 -30.4023 -4.8308
248 6 7
 -23.1665 -15.6241
 -23.0549 -14.5385
 -22.2105 -13.3591
 -22.3187 -12.788
 -22.3919 -12.3249
 -22.3731 -12.0512
 -22.3963 -12.0368
248 122 5
 -23.1665 -15.6241
 -22.159 -16.1131
 -21.3346 -16.4566
 -20.7392 -16.6218
 -20.6865 -16.6595
249 5 28
 -23.1476 -10.2897
 -23.0262 -9.7724
 -23.3605 -9.60875
 -23.2215 -9.33
 -23.0272 -8.9895
 -22.8489 -8.7201
 -22.5409 -8.5235
 -22.3416 -8.26615
 -22.2938 -7.9929
 -22.2595 -7.6551
 -22.2359 -7.3267
 -22.2059 -7.30265
 -22.3064 -7.01465
 -22.5193 -6.723
 -22.634 -6.60525
 -22.6798 -6.464
 -22.6782 -6.3026
 -22.6285 -6.06585
 -22.7103 -5.66995
 -22.6525 -5.54465
 -22.2253 -5.5805
 -21.9553 -5.4372
 -21.8208 -5.3795
 -21.6786 -5.2633
 -21.6658 -5.1349
 -21.7332 -5.0268
 -21.7981 -4.9075
 -21.7997 -4.8543
249 71 4
 -23.1476 -10.2897
 -23.5494 -10.74
 -23.5322 -10.8557
 -23.5535 -10.8866
250 109 8
 -9.56505 -3.23265
 -9.1338 -2.54645
 -8.58475 -2.4415
 -7.93955 -2.59885
 -7.6637 -2.2562
 -7.78155 -1.32995
 -7.9521 -0.8571
 -8.0067 -0.8465
250 45 8
 -9.56505 -3.23265
 -9.6485 -4.24435
 -10.1093 -4.93875
 -10.764 -5.2135
 -11.2163 -5.2924
 -11.8634 -5.4757
 -12.1188 -5.6577
 -12.1516 -5.6885
251 122 9
 -19.8412 -20.0014
 -19.564 -18.8352
 -19.6585 -18.1385
 -19.6725 -17.7187
 -19.7845 -17.1844
 -19.9977 -16.93
 -20.3936 -16.6996
 -20.6898 -16.595
 -20.6865 -16.6595
251 98 3
 -19.8412 -20.0014
 -20.2676 -20.5091
 -20.3411 -20.4686
252 11 9
 -14.5146 6.8235
 -14.3811 5.95045
 -15.036 5.26745
 -15.4363 4.93585
 -15.7789 4.98915
 -16.2552 4.50385
 -16.3808 3.93255
 -15.9904 3.53475
 -16.0222 3.5108
252 26 5
 -14.5146 6.8235
 -15.389 7.83055
 -15.5705 8.58585
 -15.5331 8.62895
 -15.5297 8.6367
253 125 8
 -31.9882 18.716
 -30.58 19.2439
 -29.7456 19.7157
 -29.6707 19.9108
 -29.8446 20.636
 -30.0271 21.3736
 -30.1251 21.6205
 -30.1345 21.6439
253 62 3
 -31.9882 18.716
 -32.7515 18.6969
 -32.7863 18.7182
254 49 20
 -21.7005 39.1745
 -21.447 39.522
 -21.133 39.5249
 -20.836 39.5874
 -20.7612 39.612
 -20.6001 39.4746
 -20.2575 39.3627
 -19.9831 39.309
 -19.8323 39.3004
 -19.7154 39.3848
 -19.6809 39.5515
 -19.7215 39.705
 -19.6666 39.7713
 -19.639 39.8826
 -19.6353 39.9707
 -19.7137 39.9925
 -19.5909 40.0109
 -19.4978 40.0051
 -19.4489 40.0167
 -19.4393 40.0255
254 50 6
 -21.7005 39.1745
 -22.0149 38.7575
 -22.0605 38.6523
 -22.0187 38.4419
 -22.1048 38.2716
 -22.1499 38.2462
255 162 8
 35.9161 60.7285
 36.1575 60.0443
 36.327 59.862
 36.4624 59.8147
 36.4676 59.7442
 36.4067 59.6211
 36.3968 59.5523
 36.392 59.5509
255 128 4
 35.9161 60.7285
 35.5346 61.4731
 35.292 61.6773
 35.2844 61.6717
256 70 7
 38.1672 35.7495
 38.9978 36.0016
 39.2505 35.9525
 39.6299 35.9743
 39.8443 36.1354
 39.9492 36.2276
 39.9698 36.2393
256 78 6
 38.1672 35.7495
 37.2375 35.5585
 36.9888 35.5531
 36.8048 35.4912
 36.7654 35.4866
 36.7636 35.487
257 8 6
 46.6792 43.1163
 46.2271 44.192
 46.2516 44.5911
 46.1857 44.6614
 46.1339 44.7644
 46.1216 44.8258
257 0 7
 46.6792 43.1163
 47.3313 42.4067
 47.4034 41.9973
 47.4192 41.5521
 47.4915 41.4342
 47.4799 41.3567
 47.4888 41.3572
258 156 8
 55.1809 17.5224
 56.1239 16.3179
 56.153 15.593
 56.9072 16.0155
 57.9464 16.5515
 58.3152 16.8692
 58.3241 16.9485
 58.3049 16.9573
258 110 7
 55.1809 17.5224
 54.1353 19.2955
 53.7006 20.7157
 53.347 21.0669
 53.0584 21.5015
 52.8766 21.8574
 52.8771 21.8692
259 120 9
 55.9659 13.6166
 55.4723 12.6201
 55.018 11.9662
 54.363 11.8092
 54.2092 11.2362
 53.7222 10.5605
 53.129 9.7587
 52.9864 9.1888
 52.9572 9.1522
259 156 9
 55.9659 13.6166
 56.4496 14.2003
 56.2415 14.9549
 56.153 15.593
 56.9072 16.0155
 57.9464 16.5515
 58.3152 16.8692
 58.3241 16.9485
 58.3049 16.9573
260 61 8
 37.7049 4.9309
 38.2045 5.96415
 38.805 6.7001
 39.2275 6.88585
 39.5051 7.16105
 39.4763 7.48165
 39.4734 7.6075
 39.4876 7.6244
260 17 5
 37.7049 4.9309
 37.257 4.1203
 36.7773 3.6173
 36.7132 3.4938
 36.7135 3.4822
261 114 19
 22.8428 -4.7344
 22.8916 -5.181
 22.9105 -5.3736
 23.015 -5.69625
 23.0145 -6.2388
 23.2731 -6.5189
 23.6727 -6.58025
 23.952 -6.41755
 24.1991 -6.19555
 24.324 -6.33085
 24.5555 -6.4888
 24.7418 -6.52255
 24.8312 -6.42415
 24.9263 -6.3831
 24.9775 -6.4133
 25.0442 -6.24605
 25.2739 -5.97685
 25.4494 -5.8283
 25.449 -5.8125
261 13 4
 22.8428 -4.7344
 22.6089 -3.5966
 22.4205 -2.8009
 22.3923 -2.8234
262 16 22
 47.4925 -53.1025
 45.4561 -48.3435
 44.6188 -47.4084
 44.6257 -46.8885
 43.4516 -46.0046
 42.1134 -44.2747
 40.449 -43.4559
 38.1852 -42.8174
 37.0214 -42.5332
 35.9199 -42.8201
 34.6788 -42.3521
 34.0169 -42.309
 33.2828 -42.625
 32.271 -42.5474
 31.6322 -42.3042
 31.0075 -42.5832
 29.5908 -42.5181
 28.1248 -41.737
 27.4613 -41.42
 27.5207 -42.3401
 27.7458 -43.2054
 27.7468 -43.2275
262 10 3
 47.4925 -53.1025
 48.7251 -57.397
 48.8293 -57.4845
263 140 4
 -34.5684 -9.05205
 -33.2997 -9.4427
 -33.2411 -9.57675
 -33.2122 -9.5962
263 116 3
 -34.5684 -9.05205
 -35.8232 -8.86395
 -35.839 -8.9519
264 1 9
 -42.7664 -8.51145
 -41.5606 -7.39055
 -40.9191 -6.1286
 -41.28 -4.6946
 -41.4943 -3.65155
 -41.8013 -3.29325
 -42.1332 -3.2375
 -42.3172 -3.3231
 -42.3722 -3.3558
264 148 5
 -42.7664 -8.51145
 -43.1898 -9.74175
 -43.3149 -10.5927
 -43.4526 -10.8041
 -43.5749 -10.8952
265 5 14
 -24.0008 -3.62605
 -23.585 -4.68895
 -23.0834 -4.9855
 -22.736 -5.2507
 -22.7103 -5.66995
 -22.6525 -5.54465
 -22.2253 -5.5805
 -21.9553 -5.4372
 -21.8208 -5.3795
 -21.6786 -5.2633
 -21.6658 -5.1349
 -21.7332 -5.0268
 -21.7981 -4.9075
 -21.7997 -4.8543
265 22 20
 -24.0008 -3.62605
 -24.2364 -2.4655
 -25.1535 -2.55175
 -26.0206 -2.29515
 -26.1344 -2.0833
 -26.3806 -1.66415
 -27.0485 -1.32165
 -27.5751 -1.23415
 -27.7411 -1.25425
 -27.8559 -1.32195
 -28.6127 -1.4765
 -29.5164 -1.5805
 -29.6544 -1.51475
 -29.8031 -1.6635
 -29.9867 -1.79575
 -29.9951 -1.90425
 -29.9532 -2.0536
 -29.9781 -2.1648
 -30.0019 -2.2243
 -29.9934 -2.2363
266 155 22
 -11.9317 -24.0717
 -10.5434 -25.9351
 -9.5307 -26.9653
 -9.32 -26.9548
 -8.92985 -26.9716
 -7.99255 -26.7954
 -6.91555 -26.9072
 -7.43815 -26.3591
 -7.42065 -25.6714
 -7.3956 -24.5904
 -7.7161 -23.7918
 -8.4018 -23.2004
 -8.7008 -22.3454
 -7.9852 -22.1271
 -6.03305 -21.757
 -4.1835 -21.0752
 -3.6365 -20.9598
 -3.0409 -20.1947
 -2.2324 -19.9087
 -1.8791 -20.3128
 -1.72065 -20.2421
 -1.6842 -20.2336
266 43 3
 -11.9317 -24.0717
 -12.5888 -23.0886
 -12.6925 -22.9297
267 14 9
 9.592 -35.9963
 10.0023 -34.759
 10.6413 -34.4063
 10.0062 -34.0064
 9.91845 -33.4305
 10.2475 -33.1485
 10.1912 -33.1131
 10.1063 -33.0709
 10.0379 -33.0374
267 38 11
 9.592 -35.9963
 9.5236 -37.33
 9.4577 -37.9681
 9.84805 -38.2059
 11.0354 -38.7062
 12.4484 -38.7552
 13.1502 -38.5276
 13.5504 -38.8997
 13.8566 -39.3736
 13.9077 -39.5637
 13.9145 -39.557
268 146 10
 14.7985 -37.1938
 15.664 -37.8974
 16.0182 -37.9144
 16.1388 -37.9648
 16.0509 -37.712
 16.3142 -37.4121
 17.0052 -37.2543
 17.4806 -37.2595
 17.6402 -37.3446
 17.6392 -37.3502
268 38 12
 14.7985 -37.1938
 13.9199 -36.6332
 13.7649 -36.6069
 13.4773 -36.7371
 12.9508 -36.6777
 12.6979 -37.109
 12.9063 -37.9615
 13.1502 -38.5276
 13.5504 -38.8997
 13.8566 -39.3736
 13.9077 -39.5637
 13.9145 -39.557
269 95 19
 10.2092 -3.04965
 11.1876 -2.72935
 12.0079 -3.0338
 12.515 -3.17065
 12.6291 -3.0365
 12.731 -2.50775
 13.3629 -2.18515
 14.617 -2.3083
 15.3748 -2.3075
 15.5 -2.3261
 15.4632 -2.46265
 15.4358 -2.5893
 15.565 -2.6648
 15.7265 -2.69505
 15.8185 -2.683
 15.8533 -2.728
 15.8649 -2.8107
 15.8771 -2.8724
 15.8842 -2.8926
269 144 4
 10.2092 -3.04965
 9.3925 -3.44725
 9.15425 -3.37095
 9.1114 -3.3537
270 88 45
 6.39905 -25.2812
 6.01315 -26.5497
 4.85285 -27.6828
 4.64215 -28.272
 4.8893 -28.4643
 5.55235 -29.0862
 5.92935 -30.1776
 5.67525 -30.8961
 5.37865 -31.5609
 6.1915 -30.6494
 7.1906 -29.8494
 7.97195 -29.2505
 8.2961 -28.77
 8.69975 -28.1148
 9.2118 -27.3069
 9.37215 -26.5574
 9.9308 -25.5736
 10.4275 -24.937
 10.2341 -24.5951
 10.8924 -24.7311
 11.4408 -24.4076
 12.0919 -23.5638
 12.747 -22.2915
 13.35 -21.9872
 13.8912 -22.2826
 13.9859 -22.8969
 13.9959 -22.2985
 14.8071 -21.727
 15.9202 -20.505
 16.5325 -19.7972
 16.7397 -19.6469
 16.8507 -19.4453
 17.0864 -19.2142
 17.2094 -19.0909
 17.2854 -19.0742
 17.3228 -19.0248
 17.3377 -18.9618
 17.2878 -18.9599
 17.2179 -18.9196
 17.1778 -18.8819
 17.2121 -18.8176
 17.143 -18.7783
 17.0448 -18.6679
 17.0406 -18.5311
 17.0433 -18.5144
270 155 15
 6.39905 -25.2812
 5.56295 -23.9839
 5.12425 -23.0998
 3.91365 -23.1352
 2.1226 -23.5432
 1.13415 -23.5173
 0.38385 -23.1508
 -0.33685 -23.1497
 -1.54695 -23.0129
 -2.4823 -22.1584
 -2.1742 -21.2551
 -1.8135 -20.6982
 -1.81795 -20.3379
 -1.72065 -20.2421
 -1.6842 -20.2336
271 105 12
 -2.31405 0.04525
 -1.28165 -1.1183
 -1.1236 -1.2651
 -0.1187 -1.3174
 1.33605 -1.0044
 2.5171 -0.4437
 3.70855 -0.0399
 4.41045 0.0471
 5.28885 -0.34745
 5.91845 -0.42175
 5.81375 -0.16545
 5.8137 -0.1634
271 11 21
 -2.31405 0.04525
 -4.12485 1.6751
 -5.00265 2.21995
 -5.04625 2.2216
 -5.4636 2.3091
 -6.9379 2.9303
 -7.7373 3.9962
 -7.1474 4.719
 -8.5229 4.99095
 -9.73875 5.63075
 -9.9723 5.81625
 -10.6299 6.0749
 -11.7108 6.1914
 -12.2969 6.1483
 -12.4263 6.08235
 -12.891 5.66425
 -13.5704 4.8554
 -14.1429 3.91675
 -15.2135 3.5349
 -15.9904 3.53475
 -16.0222 3.5108
272 108 3
 -8.77605 -0.14525
 -9.4181 0.17445
 -9.8187 0.3128
272 109 3
 -8.77605 -0.14525
 -8.27065 -0.58655
 -8.0067 -0.8465
273 11 15
 -10.5231 8.41255
 -10.7373 7.77015
 -10.9316 7.58545
 -10.8437 7.5544
 -10.9734 7.19265
 -11.2535 6.5357
 -11.7108 6.1914
 -12.2969 6.1483
 -12.4263 6.08235
 -12.891 5.66425
 -13.5704 4.8554
 -14.1429 3.91675
 -15.2135 3.5349
 -15.9904 3.53475
 -16.0222 3.5108
273 68 4
 -10.5231 8.41255
 -10.3466 9.2692
 -10.209 9.64695
 -10.1339 9.7271
274 11 22
 -3.0953 6.90225
 -3.98825 6.2062
 -4.6795 4.3808
 -4.97665 2.87985
 -5.04625 2.2216
 -5.4636 2.3091
 -6.9379 2.9303
 -7.7373 3.9962
 -7.1474 4.719
 -8.5229 4.99095
 -9.73875 5.63075
 -9.9723 5.81625
 -10.6299 6.0749
 -11.7108 6.1914
 -12.2969 6.1483
 -12.4263 6.08235
 -12.891 5.66425
 -13.5704 4.8554
 -14.1429 3.91675
 -15.2135 3.5349
 -15.9904 3.53475
 -16.0222 3.5108
274 67 8
 -3.0953 6.90225
 -1.82795 7.09015
 -0.7617 7.9234
 -0.7075 8.64435
 -1.1141 9.9939
 -2.3439 10.398
 -3.41465 9.80535
 -3.493 9.8105
275 15 21
 10.8868 4.8235
 11.1402 5.98485
 10.7116 6.53825
 10.4841 7.2695
 10.2348 8.1218
 9.3842 8.8317
 8.9096 9.4982
 9.6838 10.1852
 10.541 10.6012
 10.9623 10.959
 11.4139 10.9892
 11.1194 11.2598
 10.9899 12.3308
 11.3952 14.0191
 11.9977 14.8076
 12.1208 14.987
 12.0617 15.4231
 12.4428 16.2348
 12.9182 16.9493
 12.9031 17.2443
 12.8951 17.2681
275 57 4
 10.8868 4.8235
 9.5201 3.5681
 8.2919 3.221
 7.9347 3.2113
276 105 9
 1.0271 -2.6937
 1.33605 -1.0044
 2.5171 -0.4437
 3.70855 -0.0399
 4.41045 0.0471
 5.28885 -0.34745
 5.91845 -0.42175
 5.81375 -0.16545
 5.8137 -0.1634
276 100 3
 1.0271 -2.6937
 1.42565 -4.161
 1.5858 -4.2489
277 15 9
 10.6467 13.3531
 11.3952 14.0191
 11.9977 14.8076
 12.1208 14.987
 12.0617 15.4231
 12.4428 16.2348
 12.9182 16.9493
 12.9031 17.2443
 12.8951 17.2681
277 87 4
 10.6467 13.3531
 9.95 14.0056
 9.46495 14.6969
 9.4497 14.7465
278 87 16
 0.7111 18.0515
 1.3193 17.9412
 1.4806 17.9305
 1.9169 17.8575
 2.69075 17.1956
 3.3998 16.63
 4.0582 16.2792
 4.5095 15.8031
 5.3535 15.7418
 6.7973 15.4907
 7.62695 16.1654
 7.6504 17.781
 8.0778 17.1019
 8.91065 16.0886
 9.4467 14.9117
 9.4497 14.7465
278 111 5
 0.7111 18.0515
 -0.0162 18.1772
 -1.2077 18.4785
 -2.30205 18.6525
 -2.3997 18.5231
279 9 4
 -20.779 16.8649
 -20.1367 16.1084
 -19.8474 16.2295
 -19.6854 16.263
279 117 4
 -20.779 16.8649
 -21.4348 17.8041
 -21.598 17.8668
 -21.6205 17.8343
280 68 22
 -15.0799 12.4123
 -13.6716 12.7592
 -12.7937 13.2215
 -12.1839 13.9121
 -11.9344 14.1759
 -11.6368 14.0469
 -11.4266 13.8949
 -11.4011 13.8012
 -11.2721 13.4689
 -11.0624 12.7845
 -11.1609 12.2554
 -11.3894 11.9077
 -11.1278 11.4204
 -10.5931 11.0937
 -10.3383 10.8382
 -10.1565 10.5613
 -10.0742 10.2693
 -10.1335 10.0171
 -10.2663 9.9321
 -10.2083 9.83585
 -10.1439 9.7398
 -10.1339 9.7271
280 9 19
 -15.0799 12.4123
 -16.3021 12.1868
 -16.5047 12.3365
 -16.6476 12.3583
 -17.6108 11.5688
 -18.6094 10.8039
 -19.2778 10.9081
 -19.9617 11.078
 -20.3526 10.9541
 -20.8232 10.5907
 -20.8426 11.2645
 -21.01 12.3198
 -20.4692 13.0357
 -19.9166 13.2615
 -20.4893 13.9205
 -20.6307 14.9667
 -19.9491 15.8004
 -19.6959 16.2184
 -19.6854 16.263
281 11 7
 -12.3236 3.826
 -13.2434 3.6182
 -13.5307 3.9779
 -14.1429 3.91675
 -15.2135 3.5349
 -15.9904 3.53475
 -16.0222 3.5108
281 131 5
 -12.3236 3.826
 -11.2576 3.8587
 -11.0549 3.4926
 -10.9889 3.2663
 -10.9799 3.2462
282 131 6
 -10.5506 1.1564
 -11.2158 2.07465
 -11.0949 2.56105
 -11.0157 3.05485
 -11.01 3.2155
 -10.9799 3.2462
282 108 3
 -10.5506 1.1564
 -9.84335 0.33675
 -9.8187 0.3128
283 5 19
 -16.7887 -2.75245
 -17.278 -3.69415
 -17.899 -3.9167
 -18.3157 -3.94095
 -18.6119 -4.3704
 -19.0195 -4.80205
 -19.3608 -4.95315
 -19.7484 -4.91
 -20.2089 -4.77735
 -20.4366 -4.782
 -20.815 -4.71285
 -21.1931 -4.78655
 -21.3725 -4.9352
 -21.5219 -5.0405
 -21.6312 -5.1465
 -21.6658 -5.1349
 -21.7332 -5.0268
 -21.7981 -4.9075
 -21.7997 -4.8543
283 11 15
 -16.7887 -2.75245
 -16.4658 -1.8933
 -16.2355 -1.68715
 -16.2465 -1.55785
 -16.2889 -0.9919
 -16.4216 -0.0997
 -16.7995 0.392
 -17.2323 1.0598
 -17.3709 1.66225
 -17.2635 1.6968
 -17.2243 1.8459
 -16.896 2.11595
 -16.2868 2.8805
 -16.0354 3.51535
 -16.0222 3.5108
284 37 17
 -25.8231 17.5974
 -25.4273 19.2766
 -25.1039 20.1108
 -24.8259 20.3197
 -24.4559 20.5222
 -24.2267 20.5708
 -23.921 20.5632
 -23.6464 20.6488
 -23.6077 20.825
 -23.2244 20.9329
 -22.4575 21.2118
 -21.8894 21.1236
 -21.2861 20.8757
 -20.3006 21.1525
 -19.5766 21.8454
 -19.3519 22.3548
 -19.3228 22.3618
284 18 6
 -25.8231 17.5974
 -26.7232 17.0505
 -27.4799 17.4437
 -28.1558 16.8099
 -28.9713 16.0504
 -29.1454 15.9728
285 127 9
 -32.5422 22.2998
 -33.115 22.8997
 -33.1258 23.1481
 -32.4589 23.7458
 -32.0307 24.3974
 -32.4927 25.0167
 -32.7758 25.3573
 -32.8544 25.3806
 -32.8674 25.3904
285 125 5
 -32.5422 22.2998
 -31.9257 21.6202
 -31.0486 21.634
 -30.1775 21.6907
 -30.1345 21.6439
286 29 26
 -32.5919 38.3386
 -32.0612 38.3327
 -31.8806 38.1872
 -31.811 38.2663
 -31.3281 38.943
 -30.5346 39.3206
 -30.1045 39.2487
 -29.7655 39.3853
 -29.3073 39.4763
 -28.8573 39.5955
 -28.7016 39.7575
 -28.6581 39.771
 -28.5497 39.666
 -28.2046 39.7832
 -27.9183 40.0862
 -27.8498 40.2528
 -27.7305 40.3916
 -27.5213 40.4953
 -27.3919 40.5452
 -27.3528 40.5794
 -27.2871 40.5506
 -27.2307 40.5202
 -27.1932 40.5132
 -27.151 40.4745
 -27.1166 40.4538
 -27.1065 40.444
286 137 5
 -32.5919 38.3386
 -33.4383 38.8639
 -33.9832 39.6429
 -34.2018 39.8876
 -34.2134 39.8995
287 79 6
 -38.0463 40.2614
 -38.6504 39.2718
 -39.6504 40.079
 -40.752 40.3565
 -40.784 40.5004
 -40.7774 40.5656
287 137 7
 -38.0463 40.2614
 -37.5777 41.1443
 -37.2684 41.3372
 -36.3228 41.2136
 -34.9935 40.7386
 -34.2208 39.989
 -34.2134 39.8995
288 29 40
 -27.5497 44.4458
 -27.9977 43.9678
 -28.1801 43.4632
 -28.2714 43.1006
 -28.3738 43.0119
 -28.2661 42.9242
 -28.206 42.7353
 -28.2182 42.5894
 -28.2037 42.4485
 -28.1248 42.1603
 -28.0445 41.9597
 -27.9861 41.9209
 -27.9086 42.0705
 -27.6916 42.1339
 -27.5513 42.0838
 -27.4436 42.017
 -27.2543 41.8927
 -27.0748 41.8539
 -27.014 41.8212
 -26.9853 41.6701
 -26.9158 41.5533
 -26.8745 41.5088
 -26.9286 41.4303
 -26.9387 41.1953
 -26.8647 40.9356
 -26.9097 40.8487
 -26.9872 40.7958
 -26.9904 40.6897
 -27.0299 40.6097
 -27.0733 40.5994
 -27.1236 40.6026
 -27.156 40.631
 -27.1612 40.6654
 -27.1825 40.6337
 -27.2104 40.5765
 -27.2134 40.5447
 -27.1932 40.5132
 -27.151 40.4745
 -27.1166 40.4538
 -27.1065 40.444
288 151 4
 -27.5497 44.4458
 -27.1874 44.6745
 -27.07 44.6525
 -27.0362 44.6569
289 164 22
 -25.1446 47.2703
 -24.5737 47.3811
 -24.107 47.3094
 -23.9692 46.9692
 -23.9098 46.8304
 -23.933 46.827
 -23.9402 46.6518
 -23.9102 46.3584
 -23.6101 46.337
 -23.1899 46.2089
 -23.0434 45.7687
 -23.0383 45.4967
 -22.9984 45.4004
 -22.9376 45.2654
 -22.9156 45.1315
 -22.9349 44.9994
 -23.0026 44.8787
 -23.0268 44.8284
 -23 44.7542
 -22.9738 44.6931
 -22.9648 44.6769
 -22.9592 44.671
289 54 5
 -25.1446 47.2703
 -25.5592 47.5116
 -25.8323 47.8121
 -25.9157 47.9231
 -25.9466 47.9525
290 164 26
 -20.8097 42.3419
 -21.1572 42.7948
 -21.531 43.1743
 -21.6174 43.491
 -21.6864 43.5782
 -21.8971 43.594
 -22.035 43.5289
 -22.2389 43.524
 -22.4511 43.6167
 -22.4529 43.7185
 -22.3749 43.8613
 -22.4093 44.0466
 -22.4903 44.1965
 -22.538 44.3134
 -22.5204 44.1926
 -22.6244 44.0341
 -22.7663 43.9608
 -22.8651 44.0084
 -22.9538 44.0905
 -22.9741 44.1582
 -22.9353 44.2626
 -22.9172 44.3383
 -22.9786 44.44
 -22.9888 44.5965
 -22.9617 44.6588
 -22.9592 44.671
290 49 18
 -20.8097 42.3419
 -20.5275 41.9147
 -20.2888 41.7943
 -20.118 41.7141
 -20.0657 41.6011
 -20.0141 41.3224
 -19.9708 41.0118
 -20.0334 40.8089
 -20.1023 40.6939
 -20.0729 40.4232
 -19.9772 40.1177
 -19.901 39.9967
 -19.8146 39.9492
 -19.7137 39.9925
 -19.5909 40.0109
 -19.4978 40.0051
 -19.4489 40.0167
 -19.4393 40.0255
291 107 4
 -10.902 46.9855
 -9.7706 46.9679
 -9.57325 46.7593
 -9.5539 46.699
291 139 7
 -10.902 46.9855
 -11.9923 47.1186
 -12.2598 47.3781
 -12.51 47.2347
 -12.6413 47.0322
 -12.6742 46.9629
 -12.6955 46.9569
292 32 7
 -13.2899 46.7581
 -13.8592 46.4696
 -14.1832 46.2431
 -14.2532 45.9305
 -14.237 45.6519
 -14.2657 45.4692
 -14.2392 45.4
292 139 4
 -13.2899 46.7581
 -12.8062 46.9901
 -12.7024 46.9846
 -12.6955 46.9569
293 32 4
 -15.0051 46.0791
 -14.5001 45.7034
 -14.2657 45.4692
 -14.2392 45.4
293 46 4
 -15.0051 46.0791
 -15.3043 46.2906
 -15.3594 46.2781
 -15.4122 46.2648
294 107 20
 -3.0114 56.5554
 -1.79005 55.5489
 -0.76965 53.9579
 -0.5013 52.4991
 -0.738 52.0536
 -0.824 51.2603
 -0.45555 50.6878
 -1.02355 50.6671
 -2.44075 50.2233
 -3.97465 49.468
 -4.48555 48.6778
 -4.9658 47.8315
 -5.382 47.38
 -5.58595 47.368
 -6.6402 47.2394
 -7.86085 46.9108
 -8.64465 46.7515
 -9.3262 46.8105
 -9.57325 46.7593
 -9.5539 46.699
294 135 8
 -3.0114 56.5554
 -3.464 57.7595
 -2.35815 58.464
 -1.10355 59.2868
 -0.6256 59.9507
 -0.2938 60.029
 -0.2443 60.0866
 -0.2359 60.1176
295 147 10
 0.884 49.213
 2.14605 47.7431
 2.62675 47.1268
 2.666 46.554
 2.55085 46.1919
 3.35215 45.72
 4.16775 45.2913
 4.24825 45.0677
 4.31795 44.8566
 4.3316 44.8055
295 107 16
 0.884 49.213
 -0.13895 50.5056
 -0.45555 50.6878
 -1.02355 50.6671
 -2.44075 50.2233
 -3.97465 49.468
 -4.48555 48.6778
 -4.9658 47.8315
 -5.382 47.38
 -5.58595 47.368
 -6.6402 47.2394
 -7.86085 46.9108
 -8.64465 46.7515
 -9.3262 46.8105
 -9.57325 46.7593
 -9.5539 46.699
296 49 52
 -9.71985 38.263
 -10.6947 38.4953
 -11.4843 39.0743
 -11.5838 39.5204
 -11.6801 39.4439
 -11.6068 38.9837
 -11.7296 38.8473
 -12.2959 39.0896
 -12.6702 39.0598
 -12.768 38.9171
 -12.9091 38.7347
 -13.3082 38.5761
 -13.5836 38.512
 -13.7367 38.8573
 -13.8644 39.3587
 -14.1476 39.2699
 -14.6621 39.0042
 -15.0114 38.9573
 -15.2717 38.948
 -15.4776 38.9721
 -15.9368 39.0199
 -16.5695 39.065
 -16.8772 39.2023
 -16.9804 39.4612
 -17.1577 39.4503
 -17.4697 39.2933
 -17.6913 39.2639
 -17.8285 39.3176
 -18.0024 39.4185
 -18.137 39.4639
 -18.1964 39.437
 -18.2306 39.4335
 -18.3109 39.4184
 -18.3717 39.4006
 -18.4288 39.4122
 -18.4865 39.4259
 -18.4998 39.3378
 -18.5406 39.2439
 -18.6183 39.2667
 -18.6885 39.3508
 -18.6805 39.4306
 -18.7116 39.4835
 -18.8736 39.5294
 -19.0071 39.5616
 -18.9943 39.6538
 -18.9787 39.881
 -19.0648 40.035
 -19.2118 40.0339
 -19.3293 40.0426
 -19.4015 40.0439
 -19.4369 40.0227
 -19.4393 40.0255
296 157 7
 -9.71985 38.263
 -9.0301 37.6889
 -8.61825 37.16
 -8.2034 37.625
 -7.61725 38.2894
 -7.443 38.557
 -7.4384 38.5818
297 49 43
 -13.0743 37.6697
 -13.4302 38.2554
 -13.3082 38.5761
 -13.5836 38.512
 -13.7367 38.8573
 -13.8644 39.3587
 -14.1476 39.2699
 -14.6621 39.0042
 -15.0114 38.9573
 -15.2717 38.948
 -15.4776 38.9721
 -15.9368 39.0199
 -16.5695 39.065
 -16.8772 39.2023
 -16.9804 39.4612
 -17.1577 39.4503
 -17.4697 39.2933
 -17.6913 39.2639
 -17.8285 39.3176
 -18.0024 39.4185
 -18.137 39.4639
 -18.1964 39.437
 -18.2306 39.4335
 -18.3109 39.4184
 -18.3717 39.4006
 -18.4288 39.4122
 -18.4865 39.4259
 -18.4998 39.3378
 -18.5406 39.2439
 -18.6183 39.2667
 -18.6885 39.3508
 -18.6805 39.4306
 -18.7116 39.4835
 -18.8736 39.5294
 -19.0071 39.5616
 -18.9943 39.6538
 -18.9787 39.881
 -19.0648 40.035
 -19.2118 40.0339
 -19.3293 40.0426
 -19.4015 40.0439
 -19.4369 40.0227
 -19.4393 40.0255
297 30 6
 -13.0743 37.6697
 -12.8458 37.1178
 -12.8355 36.8977
 -12.8783 36.6745
 -12.9448 36.3067
 -12.9692 36.1455
298 33 9
 -13.7017 33.0788
 -13.0725 31.7565
 -12.9403 31.5788
 -13.5662 31.6385
 -14.3559 31.3782
 -14.739 30.8684
 -14.856 30.6816
 -14.9132 30.6042
 -14.9441 30.5616
298 136 4
 -13.7017 33.0788
 -14.0623 34.4232
 -14.0532 34.5942
 -14.0517 34.6034
299 33 11
 -11.2484 27.0056
 -11.9965 28.0344
 -12.3498 28.331
 -13.2982 28.3891
 -14.1926 28.8195
 -14.4305 29.3097
 -14.6998 29.5027
 -15.003 29.828
 -15.0201 30.1016
 -14.958 30.4
 -14.9441 30.5616
299 143 4
 -11.2484 27.0056
 -10.5515 26.1222
 -10.5584 25.9908
 -10.6065 25.8969
300 44 18
 -0.37795 34.4702
 0.4931 35.5912
 0.3922 36.137
 0.10765 36.0723
 -0.1798 35.9669
 -0.2586 36.1109
 -0.3196 36.3736
 -0.34255 36.5101
 -0.6234 36.7207
 -0.98345 36.7512
 -1.1253 36.6189
 -1.2569 36.5026
 -1.49495 36.3412
 -1.66655 36.2845
 -1.79965 36.4006
 -1.83915 36.5871
 -1.78515 36.6589
 -1.794 36.6672
300 89 13
 -0.37795 34.4702
 -1.36185 33.8435
 -1.6567 33.4638
 -1.84685 32.7283
 -1.4311 31.8871
 -1.25905 30.775
 -1.4061 30.0914
 -0.9282 29.6846
 -0.37645 29.2794
 -0.27455 29.2529
 -0.1037 29.2715
 0.14975 29.3233
 0.2469 29.3404
301 35 13
 20.0136 9.0911
 20.7732 8.29705
 21.2006 8.2866
 21.0819 7.92945
 20.6957 7.31935
 20.0481 6.70575
 19.8766 6.43315
 20.2926 5.95055
 20.651 5.39095
 20.558 5.27325
 20.4755 5.143
 20.4451 5.01255
 20.4609 4.9819
301 102 3
 20.0136 9.0911
 19.453 9.8267
 19.432 9.877
302 161 22
 37.989 13.8355
 38.4542 14.496
 38.3786 14.7898
 37.8614 15.0364
 37.5871 15.1346
 37.9408 15.256
 38.0264 15.9147
 37.7127 16.5038
 37.5477 16.5944
 37.4816 16.6542
 37.6443 16.8503
 37.9234 16.9356
 38.3736 16.917
 38.7314 17.0401
 38.7348 17.2642
 38.6152 17.6138
 38.6348 17.9637
 38.7318 18.1917
 38.771 18.3332
 38.8133 18.7876
 38.8324 19.1649
 38.8386 19.1865
302 61 19
 37.989 13.8355
 37.8383 12.7446
 37.9533 11.863
 37.8289 11.557
 37.6621 11.5387
 37.5943 11.2796
 37.6775 11.0427
 38.0899 10.8166
 38.2092 10.0921
 37.9655 9.5636
 37.9619 9.26915
 38.1776 8.93185
 38.3614 8.80305
 38.5082 8.48585
 38.9309 7.9017
 39.2802 7.53485
 39.3998 7.5324
 39.4734 7.6075
 39.4876 7.6244
303 161 25
 35.315 22.7167
 36.3183 22.769
 36.5052 22.6877
 36.8171 22.6151
 37.193 22.5428
 37.3932 22.4433
 37.5944 22.2126
 37.7908 21.8671
 38.5045 21.5985
 39.226 21.2137
 39.37 20.8849
 39.4296 20.7529
 39.4389 20.5316
 39.3951 20.3592
 39.3 20.1918
 39.2239 20.078
 39.1584 20.004
 39.0821 19.9246
 39.0283 19.8655
 39.0131 19.753
 39.0013 19.6674
 38.9101 19.5728
 38.882 19.3681
 38.8862 19.2128
 38.8386 19.1865
303 142 12
 35.315 22.7167
 33.774 22.3871
 33.0787 22.0754
 32.8894 21.3836
 32.3676 21.2088
 31.6835 21.8055
 31.2372 21.9486
 30.3326 22.1753
 29.471 22.7727
 29.1949 23.6529
 29.0063 24.3293
 29.022 24.4672
304 20 41
 25.0746 43.7
 26.2593 44.0788
 26.5228 44.2761
 26.7449 44.0292
 27.1754 43.8721
 27.6552 43.6019
 29.0858 42.9519
 30.7235 42.2128
 31.1495 41.7925
 31.6929 41.7076
 32.7701 41.8773
 33.5876 42.544
 33.9137 43.445
 33.8445 44.3121
 34.4502 44.713
 35.6302 44.6608
 36.0866 44.4365
 36.3324 44.0692
 36.9278 44.177
 37.3666 44.1819
 37.8571 43.8386
 38.9347 43.9183
 40.0078 44.1209
 39.7168 43.8579
 40.2772 43.4948
 40.8349 42.4798
 41.2029 41.5387
 41.8033 41.7192
 42.16 41.913
 42.3843 41.5951
 42.8738 41.0871
 43.204 40.7826
 43.4008 40.6665
 43.5742 40.6221
 43.6229 40.6624
 43.7439 40.7783
 44.0527 40.982
 44.3074 40.9978
 44.5398 40.8678
 44.7823 40.8392
 44.8559 40.7948
304 27 23
 25.0746 43.7
 23.3489 43.2071
 22.4592 43.1333
 21.6002 42.7363
 20.4774 42.2125
 20.1178 42.2321
 20.5681 41.6271
 20.5059 40.1651
 19.5317 38.753
 18.9564 38.1099
 19.2752 38.0202
 20.0224 37.1218
 20.3897 36.1238
 20.4663 36.094
 20.9704 36.1432
 22.0816 36.483
 23.8737 36.9907
 25.5802 37.1515
 26.7211 37.2695
 27.3776 37.5004
 27.5685 37.5825
 27.6395 37.5846
 27.6678 37.5719
305 20 10
 43.7169 39.7577
 43.623 40.181
 43.57 40.5248
 43.6229 40.6624
 43.7439 40.7783
 44.0527 40.982
 44.3074 40.9978
 44.5398 40.8678
 44.7823 40.8392
 44.8559 40.7948
305 70 18
 43.7169 39.7577
 43.8111 39.2935
 43.9219 38.7248
 43.5538 38.2307
 42.8885 37.9887
 42.4977 38.024
 42.3537 38.0706
 42.2331 37.9179
 41.896 37.3597
 41.592 36.9108
 41.3858 36.9064
 41.5815 36.7815
 41.548 36.3558
 41.4028 35.8703
 41.0372 35.7084
 40.3595 35.9487
 39.9702 36.2301
 39.9698 36.2393
306 20 13
 46.2335 40.365
 45.6908 39.724
 45.5561 39.181
 44.9434 39.873
 44.0744 40.626
 43.6707 40.591
 43.6229 40.6624
 43.7439 40.7783
 44.0527 40.982
 44.3074 40.9978
 44.5398 40.8678
 44.7823 40.8392
 44.8559 40.7948
306 0 6
 46.2335 40.365
 47.0367 40.972
 47.3589 41.3807
 47.4266 41.3648
 47.4799 41.3567
 47.4888 41.3572
307 80 33
 48.1609 51.673
 47.4026 51.822
 46.4784 51.4302
 45.4541 51.0452
 45.5565 51.5202
 45.5243 52.026
 45.3295 52.2782
 45.1361 52.4889
 44.9085 52.7416
 44.6134 53.0132
 44.3283 53.224
 43.8532 53.2745
 43.4253 53.1621
 43.303 53.1487
 43.2327 53.0896
 43.0788 53.0579
 42.8175 53.2902
 42.4328 53.1651
 42.1607 52.9599
 42.0017 53.0463
 41.7319 53.1412
 41.484 53.5538
 41.4472 53.8132
 41.4335 53.841
 41.0361 53.9622
 40.6648 54.0741
 40.3751 54.281
 39.9222 54.5129
 39.7016 54.4484
 39.782 54.1731
 39.9256 53.9827
 39.9427 53.9168
 39.9268 53.8924
307 52 4
 48.1609 51.673
 49.0688 51.3067
 49.2109 51.1658
 49.2229 51.1841
308 80 34
 48.151 49.6723
 46.5398 50.4602
 45.496 50.8361
 45.3934 50.9406
 45.4541 51.0452
 45.5565 51.5202
 45.5243 52.026
 45.3295 52.2782
 45.1361 52.4889
 44.9085 52.7416
 44.6134 53.0132
 44.3283 53.224
 43.8532 53.2745
 43.4253 53.1621
 43.303 53.1487
 43.2327 53.0896
 43.0788 53.0579
 42.8175 53.2902
 42.4328 53.1651
 42.1607 52.9599
 42.0017 53.0463
 41.7319 53.1412
 41.484 53.5538
 41.4472 53.8132
 41.4335 53.841
 41.0361 53.9622
 40.6648 54.0741
 40.3751 54.281
 39.9222 54.5129
 39.7016 54.4484
 39.782 54.1731
 39.9256 53.9827
 39.9427 53.9168
 39.9268 53.8924
308 91 18
 48.151 49.6723
 48.8653 49.0488
 49.4953 48.6169
 50.3934 47.9293
 50.8001 47.4898
 50.8244 47.4257
 50.6985 47.0058
 50.547 46.4036
 50.4699 46.0535
 50.4235 45.9061
 50.3221 45.8843
 50.3528 46.0819
 50.0501 46.3705
 49.62 46.4728
 49.5628 46.4924
 49.5205 46.5293
 49.4642 46.5741
 49.4336 46.5884
309 60 25
 63.4913 36.0203
 64.8276 36.8145
 65.7599 36.8267
 65.9145 36.039
 66.3999 35.1354
 67.2997 34.4071
 67.7235 34.0769
 67.7771 33.5978
 67.8598 32.8591
 67.8828 32.5703
 67.7115 32.2772
 67.3864 31.5258
 66.9629 30.7901
 66.7627 30.5184
 66.2623 30.4948
 66.7737 29.7434
 67.0779 28.3862
 67.0498 27.7262
 65.7913 27.5831
 64.7653 27.4746
 64.6321 27.3836
 64.5607 27.2573
 64.5105 27.1695
 64.4922 27.0714
 64.5046 27.0382
309 94 7
 63.4913 36.0203
 62.6255 35.2704
 62.1912 35.0233
 61.793 34.8637
 60.8429 34.4593
 60.11 34.1675
 60.1174 34.1494
310 94 8
 53.3714 39.9156
 55.8328 37.382
 57.5335 36.5765
 58.0962 36.0878
 58.5676 35.8107
 59.3271 34.9743
 60.11 34.1675
 60.1174 34.1494
310 58 4
 53.3714 39.9156
 51.9857 42.2841
 51.4274 42.669
 51.4188 42.6728
311 91 12
 51.7564 45.5684
 50.8861 45.7732
 50.5056 45.9089
 50.4235 45.9061
 50.3221 45.8843
 50.3528 46.0819
 50.0501 46.3705
 49.62 46.4728
 49.5628 46.4924
 49.5205 46.5293
 49.4642 46.5741
 49.4336 46.5884
311 58 7
 51.7564 45.5684
 52.1707 45.0645
 52.004 44.5313
 51.6131 43.6446
 51.3091 42.8103
 51.3803 42.7098
 51.4188 42.6728
312 66 8
 78.8328 35.752
 79.4922 35.7607
 79.9735 36.1649
 80.0858 36.887
 80.0255 36.9799
 79.8755 37.1533
 79.7845 37.3159
 79.7649 37.3251
312 7 8
 78.8328 35.752
 78.064 35.1395
 77.4825 34.6561
 77.31 34.0917
 77.1252 33.4411
 76.9548 33.1562
 76.8582 33.0567
 76.8349 33.0312
313 42 7
 67.7025 27.0957
 68.7701 25.9614
 69.5251 25.4317
 69.4295 25.0063
 69.3559 23.9899
 69.4657 23.3311
 69.5271 23.3113
313 60 9
 67.7025 27.0957
 67.0498 27.7262
 65.7913 27.5831
 64.7653 27.4746
 64.6321 27.3836
 64.5607 27.2573
 64.5105 27.1695
 64.4922 27.0714
 64.5046 27.0382
314 65 5
 65.535 17.1066
 66.2468 18.3176
 65.1158 18.0598
 64.2068 18.0024
 64.1984 18.0069
314 132 4
 65.535 17.1066
 65.7435 15.6316
 66.4607 15.139
 66.4879 15.1062
315 2 36
 41.1578 11.9786
 42.5259 12.2913
 43.3469 12.3854
 44.2817 12.8407
 44.9504 13.337
 45.1389 12.5443
 45.577 11.5322
 45.976 11.0615
 46.3169 10.7693
 46.3656 10.2819
 47.0204 10.5612
 47.6546 10.517
 47.8862 10.6701
 48.5532 11.0197
 49.2476 11.2029
 49.4362 10.6845
 49.5976 10.1171
 49.6991 9.93505
 49.8786 9.81445
 49.997 9.6168
 50.4342 9.41155
 51.0336 9.18525
 51.1238 8.77525
 51.089 8.46565
 51.3251 8.20205
 51.5834 7.8041
 51.5473 7.5493
 51.4782 7.4438
 51.4768 7.4383
 51.5415 7.275
 51.6066 6.8842
 51.6318 6.61465
 51.6831 6.4942
 51.7051 6.38855
 51.7038 6.341
 51.7154 6.3217
315 61 21
 41.1578 11.9786
 39.7564 11.4725
 38.9666 11.1494
 38.5414 11.4496
 38.1467 11.6435
 37.8289 11.557
 37.6621 11.5387
 37.5943 11.2796
 37.6775 11.0427
 38.0899 10.8166
 38.2092 10.0921
 37.9655 9.5636
 37.9619 9.26915
 38.1776 8.93185
 38.3614 8.80305
 38.5082 8.48585
 38.9309 7.9017
 39.2802 7.53485
 39.3998 7.5324
 39.4734 7.6075
 39.4876 7.6244
316 2 16
 51.8901 9.28465
 51.1701 9.11075
 51.1238 8.77525
 51.089 8.46565
 51.3251 8.20205
 51.5834 7.8041
 51.5473 7.5493
 51.4782 7.4438
 51.4768 7.4383
 51.5415 7.275
 51.6066 6.8842
 51.6318 6.61465
 51.6831 6.4942
 51.7051 6.38855
 51.7038 6.341
 51.7154 6.3217
316 120 4
 51.8901 9.28465
 52.7332 9.28315
 52.912 9.15365
 52.9572 9.1522
317 145 22
 58.9915 11.5059
 60.2878 11.1729
 60.5426 11.0485
 61.0784 11.8567
 61.6123 12.6766
 61.5361 12.8417
 61.76 12.8188
 61.8755 12.8102
 62.1805 12.7508
 62.6115 12.8596
 62.9456 12.9397
 63.4645 13.347
 63.9215 13.7712
 64.0739 13.7987
 63.9632 14.02
 63.5664 14.1173
 63.2125 14.1283
 63.1118 14.3418
 62.904 14.701
 62.6824 14.9727
 62.621 15.0244
 62.5881 15.0429
317 120 13
 58.9915 11.5059
 57.9394 11.7319
 57.6994 11.4688
 57.2364 11.2053
 56.3834 11.5989
 55.6395 11.9828
 55.018 11.9662
 54.363 11.8092
 54.2092 11.2362
 53.7222 10.5605
 53.129 9.7587
 52.9864 9.1888
 52.9572 9.1522
318 56 19
 69.1588 14.2906
 70.2966 14.3909
 70.4434 14.4167
 70.5105 14.6344
 70.3862 15.1243
 70.4609 15.4573
 70.675 15.7112
 70.6336 15.943
 70.5955 16.034
 70.5583 16.096
 70.6158 16.1684
 70.7495 16.2556
 70.7005 16.4363
 70.4969 16.6947
 70.6232 16.9295
 70.8708 17.0957
 71.0549 17.0453
 71.1942 16.9657
 71.2039 16.9595
318 132 8
 69.1588 14.2906
 68.1402 14.3895
 67.9249 14.624
 67.2172 14.634
 66.5852 14.6208
 66.4728 14.8142
 66.4799 15.0429
 66.4879 15.1062
319 56 35
 70.5081 8.15165
 70.0081 9.09735
 69.8558 9.39345
 69.6031 9.65
 69.6808 9.8266
 69.8151 9.94765
 70.019 10.1684
 70.0082 10.5635
 69.5849 11.5453
 69.047 12.1433
 68.741 11.9676
 68.9997 12.2456
 69.3537 12.5326
 69.5144 12.5603
 69.4762 12.733
 69.4926 12.9722
 69.9501 13.6205
 70.3533 14.3032
 70.4434 14.4167
 70.5105 14.6344
 70.3862 15.1243
 70.4609 15.4573
 70.675 15.7112
 70.6336 15.943
 70.5955 16.034
 70.5583 16.096
 70.6158 16.1684
 70.7495 16.2556
 70.7005 16.4363
 70.4969 16.6947
 70.6232 16.9295
 70.8708 17.0957
 71.0549 17.0453
 71.1942 16.9657
 71.2039 16.9595
319 112 15
 70.5081 8.15165
 71.1401 7.18935
 71.5488 6.8847
 71.5387 6.64835
 70.6476 6.46395
 70.0184 6.33455
 69.7986 6.352
 69.6845 6.343
 69.6573 6.1743
 69.6179 5.94595
 69.5452 5.8018
 69.5775 5.8843
 69.4016 5.96855
 69.2037 6.06375
 69.164 6.1048
320 34 5
 69.6273 -1.8042
 69.53 -3.377
 69.5437 -4.77545
 69.6798 -4.8739
 69.7422 -4.8937
320 82 4
 69.6273 -1.8042
 69.1976 -0.6541
 68.7585 0.267
 68.7865 0.291
321 112 9
 69.1504 4.03305
 69.5883 5.1055
 69.5018 5.50255
 69.4704 5.7165
 69.5452 5.8018
 69.5775 5.8843
 69.4016 5.96855
 69.2037 6.06375
 69.164 6.1048
321 82 6
 69.1504 4.03305
 68.7831 2.88865
 68.9765 2.23085
 68.9778 1.092
 68.8365 0.307
 68.7865 0.291
322 40 14
 58.7515 -4.30785
 59.437 -3.46885
 59.9221 -2.979
 60.6125 -2.69435
 61.1647 -2.57
 61.3736 -2.5061
 61.614 -2.46455
 61.7458 -2.54825
 61.826 -2.56765
 61.8722 -2.52505
 61.9137 -2.43255
 62.0227 -2.35425
 62.1091 -2.3587
 62.1362 -2.3758
322 103 4
 58.7515 -4.30785
 58.5866 -5.39585
 58.7645 -6.02775
 58.694 -6.0549
323 21 24
 43.6369 1.24595
 44.0499 0.74205
 44.213 0.36605
 44.3829 0.11435
 44.7854 -0.0809
 45.1969 0.03405
 45.3619 0.39335
 45.394 0.594
 45.5393 0.3959
 45.8683 0.18765
 46.1581 0.09715
 46.2753 0.16675
 46.4024 0.2387
 46.6325 0.2234
 46.8598 0.1669
 47.1097 0.3974
 47.6371 0.8664
 48.1318 0.98965
 48.3282 0.95635
 48.4133 0.98145
 48.5119 1.00775
 48.6389 1.04115
 48.6943 1.0274
 48.7134 1.0071
323 149 6
 43.6369 1.24595
 43.2365 1.3339
 43.0442 1.6386
 42.6726 1.7011
 42.5871 1.62965
 42.5911 1.5974
324 39 37
 20.1777 2.6763
 19.9578 2.2292
 19.7111 2.03725
 19.4402 2.1316
 19.052 1.9627
 18.7807 1.95515
 18.8344 1.56575
 18.9221 1.29825
 19.215 1.2753
 19.433 1.14445
 19.3062 0.8991
 19.2495 0.6964
 19.5052 0.66755
 19.8957 0.42885
 20.2045 -0.0078
 20.4027 -0.16505
 20.5221 -0.28025
 20.5005 -0.4996
 20.4452 -0.7478
 20.5165 -0.8396
 20.6498 -0.89935
 20.7725 -1.3531
 20.7657 -2.09225
 20.7848 -2.58855
 20.7317 -2.85825
 20.4692 -3.23095
 20.0467 -3.5981
 19.3676 -3.6819
 18.8832 -3.67705
 18.6392 -3.5209
 18.4607 -3.3912
 18.5257 -3.3004
 18.5768 -3.2161
 18.6175 -3.14315
 18.6817 -3.02075
 18.721 -2.9259
 18.7185 -2.9172
324 35 9
 20.1777 2.6763
 20.3825 3.08955
 20.2778 3.67375
 19.9219 4.0288
 19.8851 4.06945
 20.1161 4.35775
 20.3258 4.76855
 20.4384 4.9575
 20.4609 4.9819
325 19 11
 27.0167 -6.0508
 27.3842 -6.44165
 27.7633 -6.74505
 27.9092 -6.73785
 28.0526 -6.69475
 28.3426 -6.62655
 28.5438 -6.47175
 28.7206 -6.366
 28.9152 -6.2947
 28.9422 -6.14885
 28.9087 -6.0746
325 114 6
 27.0167 -6.0508
 26.5285 -5.67665
 26.0917 -5.47525
 25.7826 -5.67945
 25.497 -5.81365
 25.449 -5.8125
326 39 12
 19.1389 -5.54295
 18.9258 -4.5993
 18.9455 -4.32655
 18.8872 -3.8911
 18.6392 -3.5209
 18.4607 -3.3912
 18.5257 -3.3004
 18.5768 -3.2161
 18.6175 -3.14315
 18.6817 -3.02075
 18.721 -2.9259
 18.7185 -2.9172
326 93 4
 19.1389 -5.54295
 19.5117 -6.5228
 19.7353 -6.48675
 19.7752 -6.3799
327 159 33
 24.688 -8.053
 24.8471 -8.6769
 24.8202 -9.205
 25.0355 -9.28245
 25.2617 -9.35625
 25.3608 -9.43935
 25.417 -9.5424
 25.4773 -9.69885
 25.5905 -9.8273
 25.6579 -9.89675
 25.9007 -10.1823
 26.1159 -10.4685
 26.1424 -10.6645
 26.2013 -10.8876
 26.3353 -10.8591
 26.7734 -10.6926
 27.3061 -10.8797
 27.5475 -11.2312
 27.5942 -11.3667
 27.6579 -11.4637
 27.7153 -11.525
 27.7976 -11.5337
 28.0203 -11.5218
 28.1748 -11.5604
 28.1837 -11.6294
 28.1945 -11.6707
 28.2235 -11.7132
 28.3396 -11.7559
 28.4815 -11.8864
 28.493 -12.0179
 28.5554 -12.1531
 28.6575 -12.2966
 28.6599 -12.3295
327 114 17
 24.688 -8.053
 24.3755 -7.85795
 24.1991 -7.5852
 24.0811 -7.1695
 24.1226 -6.9211
 24.1248 -6.847
 24.1767 -6.6381
 24.3521 -6.45605
 24.5555 -6.4888
 24.7418 -6.52255
 24.8312 -6.42415
 24.9263 -6.3831
 24.9775 -6.4133
 25.0442 -6.24605
 25.2739 -5.97685
 25.4494 -5.8283
 25.449 -5.8125
328 19 9
 32.2239 -6.96115
 31.0999 -6.3963
 30.3168 -6.42915
 29.7945 -6.406
 29.3484 -6.1729
 29.0976 -5.99735
 28.9373 -6.02465
 28.9032 -6.07025
 28.9087 -6.0746
328 73 8
 32.2239 -6.96115
 33.1667 -7.7247
 33.6945 -7.85845
 33.8502 -7.77655
 34.1273 -7.4049
 34.6992 -7.118
 35.1412 -7.29515
 35.2648 -7.389
329 53 8
 27.0082 -26.9365
 26.3578 -27.495
 26.2115 -27.5284
 26.0593 -27.5099
 25.9527 -27.5117
 25.8683 -27.6368
 25.8245 -27.7979
 25.8317 -27.8566
329 160 6
 27.0082 -26.9365
 27.7992 -26.7919
 28.1455 -27.1602
 28.3921 -27.1452
 28.5196 -27.16
 28.5388 -27.1751
330 12 23
 26.7918 -18.9663
 27.2836 -17.6241
 27.5777 -16.809
 27.8148 -17.0961
 28.5564 -17.2875
 29.1037 -17.061
 29.2474 -17.0763
 29.7331 -17.5292
 30.1751 -18.033
 30.2023 -18.4147
 30.2493 -18.6976
 30.3378 -19.2351
 30.104 -19.6726
 29.8777 -19.8595
 29.7715 -20.0033
 29.5896 -20.0337
 29.4913 -20.0933
 29.3564 -20.1242
 29.1983 -20.1414
 29.128 -20.1572
 29.0742 -20.252
 29.0509 -20.3521
 29.0727 -20.3969
330 53 28
 26.7918 -18.9663
 26.4499 -20.0148
 26.5718 -20.6189
 26.8983 -20.8953
 26.8951 -21.5098
 26.9947 -21.9636
 27.1027 -22.6791
 26.6014 -23.1621
 26.0432 -22.8909
 25.9902 -22.9684
 25.8157 -23.5211
 25.5089 -24.2199
 25.4063 -24.7727
 25.4468 -25.2084
 25.3111 -25.2556
 25.0187 -25.1502
 24.8623 -25.1994
 24.8097 -25.3482
 24.8158 -25.5985
 25.1332 -26.2759
 25.4391 -26.8704
 25.4207 -26.9453
 25.656 -27.1667
 25.9352 -27.4189
 25.9527 -27.5117
 25.8683 -27.6368
 25.8245 -27.7979
 25.8317 -27.8566
331 88 16
 18.7268 -17.8416
 17.9268 -18.2309
 17.6363 -18.4661
 17.6187 -18.75
 17.5721 -18.8214
 17.4477 -18.8955
 17.3767 -18.9435
 17.3377 -18.9618
 17.2878 -18.9599
 17.2179 -18.9196
 17.1778 -18.8819
 17.2121 -18.8176
 17.143 -18.7783
 17.0448 -18.6679
 17.0406 -18.5311
 17.0433 -18.5144
331 24 6
 18.7268 -17.8416
 19.3488 -17.4524
 19.4734 -17.4645
 19.5493 -17.4066
 19.5901 -17.2883
 19.5986 -17.234
332 24 9
 22.6535 -18.076
 21.7525 -16.6405
 21.3878 -16.4154
 21.3097 -16.4235
 21.0359 -16.5643
 20.2789 -16.9468
 19.6956 -17.2097
 19.6175 -17.2288
 19.5986 -17.234
332 3 6
 22.6535 -18.076
 23.3549 -19.2939
 23.6319 -19.4289
 23.849 -19.5852
 23.9749 -19.5949
 24.0326 -19.5751
333 53 17
 20.2294 -36.3103
 20.399 -35.8326
 20.505 -35.2733
 21.0604 -34.8862
 22.0144 -34.1357
 22.234 -32.8947
 21.825 -31.552
 21.8377 -30.615
 22.2456 -30.3834
 22.6149 -29.9209
 22.8329 -29.4312
 23.3361 -29.2216
 24.1052 -28.7795
 24.6723 -28.1436
 25.3732 -27.8462
 25.823 -27.8763
 25.8317 -27.8566
333 146 5
 20.2294 -36.3103
 19.063 -36.8046
 17.8373 -37.2223
 17.6632 -37.3418
 17.6392 -37.3502
334 51 5
 27.0991 -40.649
 26.0639 -39.9357
 25.5878 -39.972
 25.6019 -40.0336
 25.5838 -40.0394
334 16 5
 27.0991 -40.649
 27.4613 -41.42
 27.5207 -42.3401
 27.7458 -43.2054
 27.7468 -43.2275
335 85 12
 54.3032 -26.0593
 55.1045 -25.315
 55.6938 -25.1465
 55.9471 -25.2181
 56.098 -25.1386
 56.1139 -24.9759
 56.112 -24.8517
 56.1968 -24.7525
 56.4889 -24.6469
 56.7409 -24.408
 56.7693 -24.1035
 56.7541 -24.0283
335 97 7
 54.3032 -26.0593
 53.9436 -26.4866
 53.8243 -26.3789
 52.9161 -26.0194
 52.0449 -25.7187
 51.8526 -25.6977
 51.7159 -25.6859
343 121 21
 6.2453 84.0975
 6.33395 82.4752
 7.13515 80.0817
 7.99665 78.6331
 9.16645 77.2303
 10.1921 76.4042
 9.988 74.9124
 9.07895 73.7514
 8.385 74.0352
 7.6173 74.5291
 6.2459 74.227
 5.5419 73.0081
 5.46995 72.1964
 5.1255 73.0835
 4.4063 74.007
 4.24275 74.3773
 3.8943 74.6154
 3.1922 75.4858
 2.3713 75.9372
 1.86485 75.8111
 1.5799 75.8667
344 10 4
 48.9348 -58.164
 48.907 -57.8614
 48.8542 -57.5217
 48.8293 -57.4845
345 148 4
 -42.0613 -14.2123
 -42.8785 -12.5905
 -43.6353 -10.9319
 -43.5749 -10.8952
346 85 12
 70.7968 -26.9848
 70.4402 -27.0079
 66.6819 -30.9674
 60.6241 -33.7614
 58.5711 -31.7971
 58.708 -29.2403
 58.1245 -25.9007
 57.9894 -24.2905
 57.4114 -24.2213
 56.8168 -24.1028
 56.7684 -24.0382
 56.7541 -24.0283
