   4.1258154498746809     
   4.0056723567616057     
   3.6772704304717054     
   2.3674954109330733     
  0.86327350115071444     
   1.2901171525201485     
   3.3947271842724582     
   1.1974055324125656     
   1.3229911305054705     
   1.0923323955965010     
   7.2833700007829583     
   2.7214608535131979     
   2.8334176193368461     
   1.5857062656383156     
   3.9520547481759349     
   1.8237496771196939     
   3.7979090291984114     
   4.9096662472311321     
   2.5987846081261319     
   1.0805003118441781     
   4.2730302122245494     
   2.3192857239024631     
   3.3504968790730438     
   3.2757471752401539     
   1.4404769888909035     
   7.4336054179538005     
   7.4626990953246102     
  0.56419988688667955     
   1.7970919703540196     
   1.7670159957060310     
  0.59213811804008709     
  0.73763559893928909     
   6.0262872461464241     
   1.4079861585142279     
   6.5018378982819529     
   3.8015449772172905     
   3.6812892240721604     
   2.6680019290696784     
   5.4087934075708697     
   1.6649084561176990     
   2.6094657878426486     
  0.99136990584435392     
   1.1898961612343764     
   1.4753652706946503     
   1.2423654096636729     
   5.4134616360660388     
   2.9700386869832052     
   1.8792150210217022     
   2.5570966801928989     
   1.2065804033353669     
   2.3025530692316138     
   3.5748833010143057     
   1.4669867566265031     
  0.38731632772046876     
   4.4700531151067064     
  0.86617585684341836     
  0.90376684586182043     
   1.8605954465806140     
   8.4219337499760574     
  0.95387139537914711     
   1.6980641100797700     
   6.3952711145491845     
   2.8932613226684163     
   1.9459384048665995     
   3.7254549462017321     
   5.9322292403769445     
   3.7946752917513873     
   3.0875735596076779     
   2.2538772578202226     
   2.3889383787559031     
   8.2880177131993609     
   9.0151734371601240     
   2.5939226137119564     
   1.1093841977865742     
   1.7322006568013999     
  0.88725639245994492     
   5.1220982158931978     
   5.2846820805854797     
   9.0715282300607303     
   6.7093286144325992     
   2.3814863255905037     
   1.0578108983077021     
   11.360351702390760     
   2.5609117850887793     
  0.80742660258705745     
  0.72573045854370488     
   3.3868828240495903     
   1.3205194299909255     
   1.7661090302153475     
   2.3524625837487592     
   2.7255986321001506     
   2.0760486860815175     
   4.4190833373635225     
  0.88258959182373375     
   3.9942024763720965     
   2.3884832254194435     
   6.3540266563003156     
   2.6700316094799379     
   2.5842570789495349     
   4.1617305517884757     
   3.2086673071511886     
  0.94076044557162053     
   6.7037850142214239     
   5.2595663573984748     
   1.9604578579811387     
   7.9964745448423429     
   9.1148127072125344     
   2.5495962186620322     
   16.909885686757992     
   3.1622679895699122     
   6.8163250333727774     
   7.0665544187417719     
   1.6123845851982463     
  0.60656141826957066     
   2.0185814316264215     
   2.2825667915678505     
   1.4428762751670501     
  0.99155351614838383     
   2.5580596043408454     
   1.4700971171122021     
   2.0080553171861886     
   1.4901781984547267     
   10.160241135910816     
   3.0580237342999839     
   1.2373460645015346     
   1.5570363332160753     
   1.7215049527665380     
  0.81046348206910501     
   1.8510449776645157     
  0.80788301705366139     
   3.4904931430431678     
   2.5324028749096943     
   2.9876539730187064     
   1.4100720054568896     
   3.5039492751682815     
   1.4124402801705349     
   2.4538844601051779     
  0.52498619576433270     
   2.5826482149004848     
   1.3843804000383035     
   2.9105919252722705     
   2.5598734183103340     
   1.3588278891913070     
   2.0641389656345317     
   3.2782688589298612     
   1.5790671342028080     
   4.7657161348677342     
   4.8470168898288444     
   9.2040897252138123     
   1.7507370754926059     
   3.2184140878392635     
   2.9811717621566718     
   2.5662550096306802     
  0.80289753873582559     
   1.7441243902101466     
   4.0878107246526989     
   1.5188871383620461     
  0.44362936068926373     
   3.0677538872144345     
   3.9647385844209930     
   2.2600921873883935     
   3.0687879284363531     
  0.51781297876272414     
  0.64284772624764952     
   2.8900001019521455     
   1.4020658868234293     
   1.9742311341866885     
   1.8025903606352607     
   3.4820117955923360     
  0.67856087079896232     
   2.5195269346210600     
   2.4876983901630396     
   2.3293604604870448     
  0.74692507193329616     
   2.6801641399685794     
   1.3992161380372028     
   2.5231571263459132     
  0.80434003448116875     
   1.8433178906104852     
  0.84027507127603251     
   1.0163013142142745     
  0.85552361852058623     
   1.4113916895932415     
   1.1469377931091629     
   1.3884419472794134     
   1.4964829947834710     
   2.9232204145548173     
   2.9682642632920886     
   3.2528033607798243     
   2.6724844716769147     
   1.9752636065349356     
   1.0768617044671713     
   2.3957076563844284     
   1.2337452322405598     
   16.363401198434556     
   4.6039548561735586     
   1.3971525049616393     
   1.3581781262503778     
   3.8637956379494489     
   1.7059098909463526     
   2.4395288480677744     
   4.6138801524637723     
   10.533089160381961     
   1.3722272909340396     
   2.6583993199480678     
   3.9592363464260920     
   2.1320076243999391     
   3.0576055683014434     
   3.9150020539956314     
   1.0007253598886183     
   13.939734780335185     
   6.5683843174729653     
   5.2145275293889259     
   10.222202314970865     
   1.1410594184566949     
   1.0414147461782732     
   4.6135225952819532     
   1.0943164053773946     
   9.6264331485193821     
   3.4557163159157298     
   8.2211994123661700     
   2.5704376067404171     
   4.2171889711368946     
   1.7031509088311934     
   2.4366829338225116     
   1.0583231751810256     
   7.3468378504404681     
   2.0082897440097627     
   1.3232467809722266     
   1.2245569545989323     
   5.2866584943484005     
   7.2002190198857932     
   2.3749373672315945     
   1.3242523678383562     
   1.7199751387280489     
   1.1169716904780649     
   3.4835849765679101     
   3.9800863756463376     
   5.1783103578131060     
   2.3610216197807561     
   2.5958939137146855     
   1.8540649397348872     
   3.3709148578048538     
   1.3408995170167561     
   2.4264966245486352     
   3.1195507676320986     
   3.1166790997522953     
  0.49661521372055434     
   2.3984492702397562     
  0.66119882703299615     
   2.3604113764558052     
   1.8408702212811956     
   1.2581940986248306     
   1.4856171862087941     
   1.2176104588506615     
  0.59355324078138638     
  0.77762580903388001     
  0.47530403144709110     
   9.3942462785300869     
   3.1918425967881054     
   3.7848699583875920     
   7.1787911611825246     
   6.9515374110721799     
   1.8651231944725783     
   4.7820200660750745     
   1.1506712102394649     
   2.8796768478255612     
   1.4105638353260854     
   3.6787765825372669     
   1.3362010168789336     
   2.9466093817677597     
   4.1417673489722082     
   3.3229369089987464     
  0.97937511259022736     
   4.3001749428054898     
   4.1353657345718773     
   3.7879743927232550     
   5.3334980596807338     
   13.487924079218535     
   10.352076851771487     
   1.3891416271245030     
   3.6952946687621440     
   2.9222406370545047     
   1.0941368670657969     
   6.1973382982309193     
   1.0227758443020967     
   6.5099392980509787     
   3.6890414067536001     
   8.3243954288692521     
   2.3828092046934408     
   5.4465481420073312     
   2.7628809192186146     
   1.7419751379513793     
   1.7979523703468563     
   1.6628173349838917     
   1.9741860355294183     
   2.7261032652880375     
   2.2195335644008782     
   2.3250392658073338     
   1.5748850622146828     
   8.8962503015798884     
   5.0436287503004804     
   2.2521247352040610     
  0.93354783788579676     
   4.9354713932619418     
   4.5867018070008019     
   2.9778220361165495     
   2.0824579712769697     
   6.2212878277537680     
   2.7417043528027274     
   1.8092478758126822     
   1.3015071854279798     
   1.7399602902602516     
   2.4457447485792887     
   2.4659380560911108     
   1.2515196851407964     
   3.4675239823448316     
  0.85175912429145562     
   5.5535307181926079     
   1.5865083477762458     
   1.4162759569222247     
   1.0815706272279786     
   1.8822907612412583     
   1.2764863744122532     
   3.6159087970851589     
   1.8461382469258762     
   2.1508471811666254     
   2.3393517131467156     
   1.2797963624734072     
   1.1000169245830012     
   4.8266000451682052     
   5.9252674196227746     
   1.6971654382755552     
  0.93911633655969262     
   2.7215046512589205     
   1.7949495050584034     
   5.8426102436776297     
   1.5034089737236900     
   1.3393535952045308     
   1.7680613086050696     
   2.1515367168002699     
   1.8658931740857698     
   11.709048667921023     
  0.39340308245109173     
   1.9574050459909704     
   11.845830877443323     
