298
145 130 9
 -59.7993 -8.7667
 -53.0058 -16.07
 -53.1281 -15.7428
 -53.8153 -14.3366
 -54.3662 -13.2264
 -54.4128 -13.1632
 -54.5472 -12.8357
 -54.6541 -12.4212
 -54.6682 -12.2798
145 35 5
 -59.7993 -8.7667
 -74.7681 8.98915
 -82.6225 19.4298
 -82.2571 19.4609
 -82.2317 19.4815
146 44 9
 -38.3267 -16.6386
 -37.3613 -16.2271
 -36.7589 -16.0224
 -36.4315 -16.1843
 -36.3394 -16.3751
 -36.4139 -16.4813
 -36.3907 -16.5479
 -36.3382 -16.5978
 -36.3148 -16.6147
146 50 3
 -38.3267 -16.6386
 -38.8719 -16.8078
 -38.8873 -16.8138
147 44 12
 -35.9035 -20.1968
 -35.2891 -19.3462
 -35.7355 -18.7775
 -36.1494 -18.1497
 -35.9691 -17.7674
 -35.8308 -17.4069
 -35.8623 -17.2318
 -35.8887 -17.1502
 -35.9988 -17.1539
 -36.241 -16.9763
 -36.3575 -16.7132
 -36.3148 -16.6147
147 120 4
 -35.9035 -20.1968
 -36.515 -21.6437
 -36.4697 -22.3727
 -36.4498 -22.466
148 44 9
 -33.9374 -17.0341
 -35.2155 -17.1059
 -35.7743 -17.3186
 -35.8623 -17.2318
 -35.8887 -17.1502
 -35.9988 -17.1539
 -36.241 -16.9763
 -36.3575 -16.7132
 -36.3148 -16.6147
148 132 10
 -33.9374 -17.0341
 -33.0976 -17.5143
 -32.9658 -18.1728
 -32.6068 -19.017
 -32.1857 -19.6423
 -31.7905 -19.8994
 -31.5237 -20.1189
 -31.4315 -20.2608
 -31.3709 -20.3605
 -31.369 -20.3694
149 76 11
 -35.9026 22.9103
 -35.7794 22.1003
 -35.6805 21.5655
 -35.5984 21.5318
 -35.6143 20.6433
 -35.3493 19.8258
 -35.011 19.3517
 -34.7601 19.0489
 -34.4739 18.7612
 -34.3935 18.5506
 -34.4073 18.512
149 31 5
 -35.9026 22.9103
 -35.9049 23.8373
 -35.9752 24.186
 -36.0222 24.2407
 -36.0607 24.2745
150 31 10
 -36.8405 28.6632
 -36.1747 27.7562
 -36.45 27.2897
 -36.8465 26.7806
 -36.5453 26.0688
 -36.418 25.7558
 -36.5782 25.026
 -36.3915 24.4044
 -36.075 24.2727
 -36.0607 24.2745
150 102 4
 -36.8405 28.6632
 -37.9002 30.2297
 -38.5941 31.5417
 -38.6436 31.5963
151 28 12
 -44.3307 45.9211
 -44.1804 44.6373
 -43.9999 43.958
 -43.7943 43.855
 -43.7117 43.6777
 -43.6726 43.3416
 -43.7015 42.93
 -43.6858 42.7466
 -43.6168 42.6376
 -43.5857 42.5245
 -43.5828 42.4389
 -43.5811 42.3988
151 143 7
 -44.3307 45.9211
 -44.5117 46.5303
 -44.5898 46.5596
 -44.6827 46.8071
 -44.8636 47.2
 -45.0062 47.342
 -45.0259 47.322
152 11 13
 -35.3623 58.0748
 -33.8832 57.7482
 -33.044 57.6305
 -32.5692 57.7472
 -32.0862 58.357
 -31.5292 58.7751
 -30.821 59.4926
 -30.3062 60.2784
 -29.7034 60.2715
 -28.9158 60.1858
 -28.5775 59.8533
 -28.5126 59.5702
 -28.5013 59.5536
152 75 7
 -35.3623 58.0748
 -36.4399 58.36
 -36.8257 58.2104
 -37.2997 57.601
 -37.5686 57.1644
 -37.5955 57.0827
 -37.624 57.0345
153 21 24
 -15.3925 49.3347
 -16.4279 49.9525
 -17.1029 50.2967
 -17.2276 50.1109
 -17.6431 49.2545
 -18.2596 48.334
 -17.7031 48.0398
 -17.3896 47.4298
 -17.3018 47.2716
 -17.1857 47.115
 -17.1117 46.9631
 -17.073 46.9043
 -17.1603 46.8958
 -17.2511 46.8885
 -17.2139 46.6475
 -17.2805 46.2071
 -17.2337 45.661
 -17.1244 45.1996
 -17.2285 45.0717
 -17.5714 44.9985
 -17.9384 44.8248
 -18.0125 44.5255
 -17.983 44.2727
 -17.9602 44.2363
153 64 22
 -15.3925 49.3347
 -14.3176 49.7057
 -13.7129 50.5104
 -13.6517 50.6771
 -12.9557 50.8474
 -12.2768 51.0191
 -12.076 50.9223
 -11.8174 49.8375
 -11.6227 48.7066
 -11.6346 48.2929
 -11.0665 48.0529
 -10.0804 48.3233
 -9.29955 48.283
 -8.7762 48.082
 -8.661 48.0799
 -8.0863 47.6315
 -7.4797 47.2242
 -6.99395 47.2961
 -6.52675 47.3462
 -5.6721 46.6581
 -4.8847 45.9519
 -4.9109 45.9251
154 122 4
 15.511 54.748
 14.0385 54.8947
 13.6494 55.2055
 13.613 55.2296
154 18 3
 15.511 54.748
 16.6965 54.8381
 16.7621 54.7882
155 104 21
 31.9573 19.8522
 31.492 20.464
 31.4977 20.7314
 31.4988 21.0291
 31.291 21.379
 30.9942 21.5416
 30.8984 21.591
 31.0093 21.715
 30.9914 22.4003
 30.6922 23.1093
 30.7662 23.2492
 31.1109 23.307
 31.1498 23.5459
 30.9901 23.8623
 30.8701 23.992
 30.8373 24.0488
 30.8235 24.1429
 30.75 24.2095
 30.696 24.2643
 30.6878 24.3055
 30.6823 24.3154
155 133 12
 31.9573 19.8522
 32.8372 19.3093
 33.3932 19.2878
 33.5575 19.3764
 33.6991 19.2973
 33.5701 19.3836
 33.7845 19.3833
 34.0547 19.646
 34.1399 20.0332
 34.1483 20.2658
 34.1497 20.4068
 34.1645 20.4244
156 32 17
 3.68395 -7.3452
 4.4416 -6.9324
 5.798 -7.89455
 6.8307 -8.2988
 7.59405 -8.58665
 8.4074 -8.80195
 8.98325 -9.1943
 9.4844 -9.7521
 9.58265 -10.0601
 9.70545 -10.2144
 10.2931 -10.232
 11.5093 -10.6102
 12.9025 -10.7727
 13.6282 -10.6197
 14.0332 -9.57325
 14.4323 -8.42925
 14.4008 -8.2676
156 100 4
 3.68395 -7.3452
 2.53895 -8.22235
 1.62625 -8.084
 1.4891 -8.119
157 82 3
 28.2542 -7.09665
 28.82 -7.30795
 28.926 -7.2402
157 55 4
 28.2542 -7.09665
 27.0331 -6.85835
 26.2172 -6.80485
 26.1628 -6.7106
158 91 10
 -29.1035 61.9529
 -28.4011 62.6739
 -27.6409 63.1048
 -27.5378 63.3356
 -27.3844 63.6608
 -27.2971 64.5366
 -26.9817 65.1304
 -26.4846 65.0259
 -26.0669 64.9471
 -25.7829 64.865
158 11 7
 -29.1035 61.9529
 -29.2555 60.9993
 -29.2905 60.3336
 -28.9158 60.1858
 -28.5775 59.8533
 -28.5126 59.5702
 -28.5013 59.5536
159 142 8
 -17.4749 9.48835
 -18.8082 9.7218
 -19.3018 9.97085
 -19.4397 9.9594
 -19.738 9.8625
 -20.0359 9.75375
 -20.169 9.64395
 -20.1989 9.594
159 70 7
 -17.4749 9.48835
 -16.784 8.49205
 -16.7062 7.29835
 -16.0607 6.69755
 -15.3916 5.8874
 -15.0655 5.44275
 -15.0237 5.4258
160 37 12
 -37.8677 17.1271
 -38.5176 16.9165
 -38.7647 17.0298
 -38.9526 17.1877
 -39.0821 17.2719
 -39.2885 17.2593
 -39.5103 17.2974
 -39.6188 17.3662
 -39.7033 17.4435
 -39.8223 17.4363
 -39.8963 17.4103
 -39.9003 17.4285
160 136 10
 -37.8677 17.1271
 -37.1257 17.6762
 -36.8727 17.9417
 -36.8476 17.8983
 -36.7824 17.6138
 -36.3895 17.1495
 -36.0051 16.6458
 -35.9446 16.2918
 -36.0182 16.1964
 -36.0911 16.1632
161 141 12
 -40.1614 33.7775
 -40.4776 34.6498
 -41.0504 35.6327
 -40.5967 36.1885
 -39.5029 37.1845
 -39.104 38.0983
 -39.0021 38.1638
 -38.8706 38.1228
 -38.7971 38.0729
 -38.8037 38.2088
 -38.7453 38.3493
 -38.7052 38.3568
161 102 4
 -40.1614 33.7775
 -39.4124 32.5896
 -38.6553 31.6507
 -38.6436 31.5963
162 51 4
 -48.3372 49.2037
 -47.3289 50.6625
 -47.0373 51.6067
 -46.7592 51.66
162 38 3
 -48.3372 49.2037
 -49.5661 48.7155
 -49.8002 48.7953
163 40 24
 -9.20355 17.3013
 -9.6306 17.958
 -9.95195 18.2047
 -10.813 19.1832
 -11.7978 20.2197
 -12.2113 20.4361
 -12.7054 20.1474
 -13.431 19.9676
 -13.8169 20.1619
 -14.7968 19.872
 -15.555 19.1745
 -15.6715 19.1007
 -15.9643 19.1068
 -16.7465 17.7987
 -17.2597 16.4812
 -17.2097 16.2695
 -17.243 16.0216
 -17.2939 15.9482
 -17.5873 16.1582
 -17.8801 16.3722
 -18.1105 16.3645
 -18.588 16.412
 -18.944 16.5438
 -19.0233 16.5871
163 60 6
 -9.20355 17.3013
 -8.7262 16.9839
 -7.80435 16.6507
 -7.2195 15.4105
 -7.4266 14.594
 -7.4758 14.6187
164 22 13
 36.6909 30.1039
 37.3288 32.0026
 36.9027 33.0363
 35.9697 34.25
 35.558 34.5837
 35.1085 35.0065
 34.6769 35.4599
 34.4982 35.7219
 34.0814 35.8896
 33.7358 35.8692
 33.6344 36.022
 33.4436 36.0306
 33.3324 35.8589
164 97 3
 36.6909 30.1039
 36.0052 28.2951
 35.7587 28.3019
165 127 13
 24.4057 18.9441
 24.8971 18.5119
 25.7979 17.6758
 26.4125 17.2524
 27.0917 16.9907
 27.8282 17.1037
 28.0823 16.9403
 28.3284 16.3631
 28.2571 15.775
 27.8227 15.0656
 27.4018 14.5928
 27.2303 14.5952
 27.1972 14.6242
165 108 7
 24.4057 18.9441
 23.9764 18.2546
 23.2234 17.3352
 22.4557 17.2094
 21.9782 17.8654
 21.7502 18.1657
 21.7294 18.1802
166 106 10
 28.5106 -8.8405
 27.6254 -8.89765
 27.4428 -8.78795
 27.3601 -9.2023
 27.2948 -9.9444
 27.3836 -10.4446
 27.5188 -10.9914
 27.576 -11.429
 27.5893 -11.4972
 27.5969 -11.5133
166 82 4
 28.5106 -8.8405
 29.1122 -7.95345
 28.9625 -7.24225
 28.926 -7.2402
167 130 5
 -54.4665 -11.3405
 -54.7463 -11.9415
 -54.7257 -12.0678
 -54.6939 -12.2012
 -54.6682 -12.2798
167 114 5
 -54.4665 -11.3405
 -53.8125 -10.4023
 -53.2867 -10.0231
 -53.0833 -10.1002
 -53.0463 -10.1477
168 47 10
 -23.0462 -33.2114
 -23.9818 -33.0492
 -24.3383 -31.7721
 -24.7372 -30.5467
 -24.6862 -30.0831
 -24.1441 -29.4952
 -24.1826 -28.8055
 -24.9689 -28.2931
 -25.5295 -28.1792
 -25.529 -28.1217
168 113 5
 -23.0462 -33.2114
 -22.2048 -33.3207
 -21.8987 -33.4621
 -21.7188 -33.5285
 -21.6773 -33.5616
169 48 8
 -1.46065 -8.21125
 -3.3505 -7.6027
 -3.96085 -6.842
 -4.1364 -6.3205
 -4.9226 -5.41365
 -5.96015 -5.12345
 -6.3502 -5.60975
 -6.353 -5.5987
169 100 4
 -1.46065 -8.21125
 0.5907 -8.2388
 1.406 -8.06765
 1.4891 -8.119
170 1 20
 -29.0839 10.489
 -29.7481 11.1901
 -30.6017 11.542
 -31.1117 11.8156
 -31.159 12.177
 -31.1758 12.5849
 -31.0889 13.0944
 -30.868 13.3069
 -31.1707 13.4741
 -31.658 13.6535
 -32.0352 13.8219
 -32.2078 14.0223
 -32.2578 14.0385
 -32.2768 14.0733
 -32.3436 14.2242
 -32.4538 14.381
 -32.5239 14.4145
 -32.6038 14.4525
 -32.6688 14.482
 -32.6723 14.4763
170 142 25
 -29.0839 10.489
 -29.2486 9.55185
 -29.0651 8.5336
 -28.1667 8.2873
 -27.7768 8.43465
 -26.5924 7.45255
 -25.2204 6.1982
 -25.0886 6.25325
 -25.0945 6.6473
 -24.9368 6.71285
 -24.5631 7.28235
 -24.295 8.22495
 -24.1275 9.10035
 -23.8436 9.6998
 -23.7509 9.8813
 -23.4798 9.93435
 -22.8091 9.8517
 -22.1097 9.5824
 -21.8303 9.3493
 -21.6735 9.22025
 -21.1287 9.3575
 -20.5586 9.52785
 -20.3446 9.4947
 -20.2513 9.55785
 -20.1989 9.594
171 79 19
 -14.284 2.39495
 -13.7184 0.70125
 -14.1711 0.05135
 -14.2174 -0.2845
 -14.3257 -0.747
 -14.1661 -1.3705
 -13.3704 -2.19265
 -11.7397 -1.8007
 -12.7705 -2.6562
 -12.3864 -4.2074
 -11.8864 -5.76945
 -11.5965 -6.37785
 -11.6434 -7.1387
 -11.861 -7.34805
 -11.6847 -7.608
 -11.1132 -8.22535
 -10.482 -8.78275
 -10.2335 -9.0039
 -10.2036 -9.0043
171 70 6
 -14.284 2.39495
 -16.3042 3.3609
 -15.1348 4.38085
 -14.9906 5.2918
 -15.0213 5.3997
 -15.0237 5.4258
172 74 9
 -41.7214 -3.17105
 -41.8479 -4.2332
 -41.7852 -4.80555
 -41.7371 -5.02575
 -41.4972 -4.94985
 -41.0966 -4.8551
 -40.7076 -4.9256
 -40.5099 -4.9468
 -40.491 -4.935
172 13 5
 -41.7214 -3.17105
 -41.7984 -2.0672
 -42.0023 -1.4438
 -41.9849 -1.2137
 -42.0315 -1.1568
173 7 29
 -55.7991 1.48045
 -55.722 0.76575
 -55.7925 0.43285
 -55.8564 0.13
 -55.7425 -0.16695
 -56.05 -0.5676
 -56.5128 -0.9064
 -56.7667 -0.84235
 -57.2035 -1.2809
 -57.3809 -1.7088
 -57.3763 -1.91495
 -57.367 -2.05115
 -57.0169 -2.42505
 -56.541 -2.8592
 -56.1702 -3.0746
 -55.5107 -3.34925
 -55.0628 -3.387
 -54.9202 -3.4747
 -54.7424 -3.70785
 -54.6611 -3.82555
 -54.2413 -4.0584
 -53.7472 -4.1443
 -53.3572 -4.0908
 -52.9226 -4.1911
 -52.7136 -4.1805
 -52.6194 -4.08535
 -52.5798 -4.08935
 -52.5588 -4.11915
 -52.5646 -4.1381
173 65 12
 -55.7991 1.48045
 -55.6006 2.59415
 -55.2869 3.1565
 -54.9419 3.29305
 -54.3974 3.37265
 -53.9753 3.70685
 -53.505 4.4156
 -53.2223 4.8176
 -53.103 5.00675
 -52.9773 5.3011
 -52.8848 5.4578
 -52.8292 5.4846
174 7 26
 -61.592 -0.93445
 -60.7878 -0.8249
 -59.9816 -0.75115
 -59.4268 -1.1077
 -58.4905 -1.49385
 -57.7753 -1.65985
 -57.4292 -1.788
 -57.3763 -1.91495
 -57.367 -2.05115
 -57.0169 -2.42505
 -56.541 -2.8592
 -56.1702 -3.0746
 -55.5107 -3.34925
 -55.0628 -3.387
 -54.9202 -3.4747
 -54.7424 -3.70785
 -54.6611 -3.82555
 -54.2413 -4.0584
 -53.7472 -4.1443
 -53.3572 -4.0908
 -52.9226 -4.1911
 -52.7136 -4.1805
 -52.6194 -4.08535
 -52.5798 -4.08935
 -52.5588 -4.11915
 -52.5646 -4.1381
174 46 10
 -61.592 -0.93445
 -62.4891 -0.7486
 -63.7351 -0.1465
 -64.5038 0.49725
 -65.1653 0.6153
 -65.44 0.47495
 -65.6147 0.25755
 -65.8176 -0.4996
 -65.8564 -1.09615
 -65.859 -1.142
175 57 6
 -62.1506 5.9017
 -62.9654 5.7755
 -63.5892 6.4421
 -64.4321 6.77835
 -65.1783 6.5043
 -65.1969 6.5044
175 30 5
 -62.1506 5.9017
 -60.8363 6.18945
 -59.7686 6.23845
 -59.7066 6.1745
 -59.7043 6.1669
176 136 10
 -36.7894 18.9279
 -37.1827 18.7589
 -36.9291 18.2285
 -36.8476 17.8983
 -36.7824 17.6138
 -36.3895 17.1495
 -36.0051 16.6458
 -35.9446 16.2918
 -36.0182 16.1964
 -36.0911 16.1632
176 76 7
 -36.7894 18.9279
 -35.9146 18.6952
 -35.3178 18.7117
 -34.8202 18.8008
 -34.5683 18.6418
 -34.4694 18.5458
 -34.4073 18.512
177 88 7
 -37.798 38.7305
 -37.4687 39.4088
 -37.4335 40.017
 -37.3778 40.1085
 -37.2876 40.1679
 -37.1968 40.2321
 -37.126 40.2807
177 141 6
 -37.798 38.7305
 -38.2665 38.6416
 -38.4272 38.5763
 -38.5293 38.4174
 -38.6824 38.3547
 -38.7052 38.3568
178 88 14
 -33.3635 41.777
 -33.7689 41.547
 -34.1013 41.4931
 -34.9349 41.5248
 -35.9209 41.757
 -36.4931 42.1305
 -36.5269 41.8948
 -36.4631 41.313
 -36.3242 40.5218
 -36.6182 40.2289
 -36.865 40.2991
 -36.9301 40.3085
 -37.0395 40.2898
 -37.126 40.2807
178 66 4
 -33.3635 41.777
 -32.5048 41.9756
 -32.0021 42.0963
 -31.9963 42.1227
179 102 7
 -43.2953 30.3181
 -41.3908 30.1992
 -40.6385 31.0383
 -40.307 32.4862
 -39.4124 32.5896
 -38.6553 31.6507
 -38.6436 31.5963
179 121 4
 -43.2953 30.3181
 -44.3349 31.6768
 -44.0495 32.5978
 -44.059 32.6582
180 143 11
 -46.6358 49.0551
 -45.9076 48.079
 -45.7635 47.661
 -45.7686 47.4614
 -45.6848 47.4889
 -45.5009 47.6101
 -45.244 47.6685
 -45.054 47.6049
 -45.0012 47.4521
 -45.0205 47.3528
 -45.0259 47.322
180 51 4
 -46.6358 49.0551
 -47.2485 50.6551
 -47.0373 51.6067
 -46.7592 51.66
181 38 8
 -54.5065 50.1906
 -53.5703 49.9074
 -52.5924 49.5808
 -52.0821 49.2842
 -51.6727 49.2824
 -50.5759 49.0299
 -49.8068 48.7925
 -49.8002 48.7953
181 45 7
 -54.5065 50.1906
 -55.2355 50.4986
 -55.8671 50.4608
 -56.423 50.404
 -56.822 50.473
 -57.0423 50.5289
 -57.1232 50.5409
182 137 10
 -23.3009 50.5745
 -22.0912 50.9069
 -21.9124 50.6779
 -21.915 50.1346
 -21.7785 49.2348
 -21.4766 48.4679
 -21.5418 48.1141
 -21.5672 47.8971
 -21.549 47.8001
 -21.5699 47.7253
182 43 4
 -23.3009 50.5745
 -24.8622 50.0609
 -25.2448 49.8515
 -25.2608 49.8457
183 12 27
 -10.1162 54.3477
 -8.95775 54.2964
 -8.5079 54.3
 -8.0916 54.3048
 -7.8451 54.356
 -7.5365 54.4582
 -7.27785 54.4337
 -7.2084 54.7317
 -6.9564 55.2053
 -7.00595 55.455
 -6.6944 55.4659
 -6.35035 55.3494
 -6.24015 55.1673
 -5.99635 55.0822
 -5.7075 55.0256
 -5.54395 54.9984
 -5.43185 54.9592
 -5.3338 55.0253
 -5.25645 55.1356
 -5.19665 55.0728
 -5.17285 54.8862
 -5.235 54.7327
 -5.2844 54.6598
 -5.29905 54.5795
 -5.29405 54.3663
 -5.3454 54.1972
 -5.3957 54.1888
183 64 24
 -10.1162 54.3477
 -11.3305 54.2659
 -12.1404 54.2304
 -12.9943 53.3349
 -13.4423 51.5432
 -13.6517 50.6771
 -12.9557 50.8474
 -12.2768 51.0191
 -12.076 50.9223
 -11.8174 49.8375
 -11.6227 48.7066
 -11.6346 48.2929
 -11.0665 48.0529
 -10.0804 48.3233
 -9.29955 48.283
 -8.7762 48.082
 -8.661 48.0799
 -8.0863 47.6315
 -7.4797 47.2242
 -6.99395 47.2961
 -6.52675 47.3462
 -5.6721 46.6581
 -4.8847 45.9519
 -4.9109 45.9251
184 69 19
 -14.2739 68.8615
 -13.5914 69.6474
 -13.9543 70.7314
 -14.3186 71.293
 -13.7297 71.2942
 -13.1206 71.3118
 -13.011 71.3693
 -12.9276 71.3862
 -12.7435 71.4108
 -12.2295 71.1287
 -11.7647 70.8823
 -11.6314 71.0416
 -11.5587 71.19
 -11.2453 71.4519
 -10.7006 71.5481
 -10.333 71.4308
 -10.2287 71.453
 -10.2127 71.5266
 -10.2049 71.5787
184 24 8
 -14.2739 68.8615
 -15.0278 68.6093
 -14.65 67.9894
 -14.3184 67.229
 -14.225 67.0841
 -14.0944 67.0477
 -13.9627 67.0242
 -13.9353 67.0182
185 116 6
 9.5538 32.2565
 8.909 31.7434
 8.58445 31.6192
 7.77995 31.8104
 7.21135 32.1087
 7.1884 32.1084
185 138 7
 9.5538 32.2565
 10.694 32.7166
 11.4816 32.6002
 12.2525 33.2472
 12.9625 33.8618
 13.171 33.7729
 13.2137 33.7966
186 36 18
 7.1293 30.7513
 6.83755 30.5012
 6.3439 30.5452
 5.87045 30.6275
 5.4141 30.3457
 5.07925 30.1979
 4.8427 29.8336
 4.5451 29.5057
 4.1989 29.698
 3.88875 29.8842
 3.8584 29.8475
 3.6131 29.5719
 3.23905 29.4487
 3.09715 29.5669
 2.9713 29.5925
 2.67175 29.6022
 2.48165 29.5993
 2.4736 29.5819
186 116 4
 7.1293 30.7513
 7.24975 31.4655
 7.20455 32.1063
 7.1884 32.1084
187 49 34
 1.4738 50.0945
 2.33255 50.2624
 2.6696 50.1275
 3.08625 50.0306
 3.60435 49.8853
 3.7606 49.8064
 4.3007 50.1144
 5.09645 50.8106
 5.4314 51.4352
 5.50515 51.8223
 5.9207 52.1346
 6.34585 52.3613
 6.7899 52.5206
 7.48075 52.9912
 7.90265 53.3104
 8.04375 53.356
 8.11485 53.6712
 8.4661 53.9749
 8.9656 53.9939
 9.3842 54.0831
 9.8358 54.2934
 10.4614 54.5484
 10.7726 54.9501
 10.7529 55.3513
 10.9551 55.7372
 11.0728 55.944
 11.0819 56.0184
 11.101 56.3075
 11.2283 56.7126
 11.4102 56.9678
 11.6101 57.1095
 11.8538 57.3227
 11.9396 57.4658
 11.9479 57.4611
187 42 7
 1.4738 50.0945
 0.7048 49.4499
 0.3492 49.3848
 -0.28485 50.2338
 -0.8841 50.9733
 -0.92415 51.1682
 -0.877 51.1807
188 49 32
 5.24635 50.0112
 4.5461 49.8061
 4.0368 49.5445
 3.7606 49.8064
 4.3007 50.1144
 5.09645 50.8106
 5.4314 51.4352
 5.50515 51.8223
 5.9207 52.1346
 6.34585 52.3613
 6.7899 52.5206
 7.48075 52.9912
 7.90265 53.3104
 8.04375 53.356
 8.11485 53.6712
 8.4661 53.9749
 8.9656 53.9939
 9.3842 54.0831
 9.8358 54.2934
 10.4614 54.5484
 10.7726 54.9501
 10.7529 55.3513
 10.9551 55.7372
 11.0728 55.944
 11.0819 56.0184
 11.101 56.3075
 11.2283 56.7126
 11.4102 56.9678
 11.6101 57.1095
 11.8538 57.3227
 11.9396 57.4658
 11.9479 57.4611
188 4 6
 5.24635 50.0112
 5.6502 49.4151
 5.57245 48.9365
 5.47895 48.6904
 5.4712 48.5973
 5.5014 48.5646
189 53 45
 8.83435 57.1181
 8.35415 57.8511
 8.03585 57.9451
 7.73165 58.0294
 7.60205 58.0163
 7.3908 57.9926
 7.28915 58.1718
 7.24445 58.308
 6.99195 58.3535
 6.22745 58.442
 5.3278 58.3863
 4.85075 58.1573
 4.42905 57.9488
 4.16775 58.2502
 3.936 58.8232
 3.52405 59.8884
 3.32055 60.7589
 3.54615 60.8508
 3.7551 61.1593
 3.74795 61.4776
 3.67125 61.6096
 3.53775 61.6899
 3.4052 61.8775
 3.3741 62.0933
 3.4436 62.1618
 3.4622 62.1983
 3.4856 62.2703
 3.45635 62.3321
 3.4602 62.516
 3.5237 62.6736
 3.53265 62.7482
 3.69915 62.8383
 3.8562 62.9296
 3.68615 63.0209
 3.539 63.0882
 3.56685 63.1873
 3.64615 63.2365
 3.7679 63.2612
 4.00635 63.3208
 4.21555 63.3811
 4.08265 63.5052
 3.90095 63.7442
 3.92305 63.9808
 3.9836 64.0815
 4.0031 64.0872
189 49 16
 8.83435 57.1181
 9.57095 56.334
 9.8196 56.0648
 10.1513 55.7574
 10.69 55.5771
 10.7529 55.3513
 10.9551 55.7372
 11.0728 55.944
 11.0819 56.0184
 11.101 56.3075
 11.2283 56.7126
 11.4102 56.9678
 11.6101 57.1095
 11.8538 57.3227
 11.9396 57.4658
 11.9479 57.4611
190 94 21
 21.5236 37.5753
 21.5271 35.9501
 20.9373 34.2621
 20.9455 33.6469
 22.443 33.3385
 23.6827 33.4179
 24.344 33.0685
 25.3111 32.4818
 25.6812 31.7149
 25.9244 31.0334
 26.8567 30.7285
 27.6448 30.3342
 27.9384 30.5254
 28.2005 31.3017
 28.3532 32.5159
 28.3967 33.486
 29.0312 34.1772
 29.8664 34.9833
 28.8794 35.5403
 28.0723 36.3166
 28.0387 36.3771
190 34 7
 21.5236 37.5753
 20.2243 37.1356
 18.3888 37.0584
 19.0917 36.464
 18.5404 35.3565
 17.8908 34.3209
 17.7339 34.2695
191 25 12
 31.5903 37.188
 31.014 37.9128
 31.0985 38.8637
 30.9722 39.2853
 31.0674 39.3034
 31.3381 39.2279
 31.5786 39.1362
 31.5556 39.1834
 31.5344 39.5222
 31.7402 40.337
 31.9811 41.0161
 32.1013 41.1422
191 22 5
 31.5903 37.188
 32.8337 36.6656
 33.4315 36.2546
 33.4436 36.0306
 33.3324 35.8589
192 19 6
 32.876 42.6943
 33.1728 43.6597
 33.025 44.3397
 32.3176 44.8303
 31.8343 44.9565
 31.831 44.9621
192 25 4
 32.876 42.6943
 32.3796 41.6081
 32.1007 41.1598
 32.1013 41.1422
193 58 5
 37.0223 37.773
 36.0488 38.5547
 35.5401 38.1536
 35.4249 38.0637
 35.4019 38.0669
193 111 6
 37.0223 37.773
 37.8506 36.6878
 38.7084 35.9813
 39.3433 35.279
 39.4071 35.2883
 39.4227 35.2887
194 104 19
 26.5369 20.7771
 26.4945 21.8779
 27.2481 22.6325
 28.0914 22.8293
 28.7136 23.3769
 29.4475 23.6385
 29.636 23.7113
 29.7221 23.7915
 29.8964 23.8923
 30.116 24.0572
 30.2598 24.2355
 30.3514 24.4559
 30.4007 24.5732
 30.4335 24.6245
 30.4314 24.5436
 30.4783 24.4265
 30.5929 24.3623
 30.6711 24.3373
 30.6823 24.3154
194 127 15
 26.5369 20.7771
 26.3895 20.2075
 25.4267 19.5639
 24.8971 18.5119
 25.7979 17.6758
 26.4125 17.2524
 27.0917 16.9907
 27.8282 17.1037
 28.0823 16.9403
 28.3284 16.3631
 28.2571 15.775
 27.8227 15.0656
 27.4018 14.5928
 27.2303 14.5952
 27.1972 14.6242
195 108 5
 20.0616 15.8068
 20.7262 16.9677
 21.2211 17.6667
 21.591 18.185
 21.7294 18.1802
195 54 4
 20.0616 15.8068
 18.9892 14.8288
 18.3143 14.8267
 18.3107 14.8177
196 32 13
 9.3105 -7.24065
 8.65755 -8.6174
 8.98325 -9.1943
 9.4844 -9.7521
 9.58265 -10.0601
 9.70545 -10.2144
 10.2931 -10.232
 11.5093 -10.6102
 12.9025 -10.7727
 13.6282 -10.6197
 14.0332 -9.57325
 14.4323 -8.42925
 14.4008 -8.2676
196 98 4
 9.3105 -7.24065
 9.8992 -6.0084
 9.9879 -5.932
 10.0052 -5.9029
197 16 20
 10.9142 -20.2672
 11.465 -21.8021
 11.5154 -23.5291
 11.8368 -24.9945
 12.1611 -25.1441
 12.1711 -25.1476
 12.0233 -25.4912
 11.9169 -25.7756
 11.4095 -26.1608
 10.5132 -27.0506
 10.089 -27.6369
 9.45295 -27.7789
 8.62325 -27.8082
 8.126 -27.5533
 7.76275 -27.3952
 7.6781 -27.3792
 7.5502 -27.3884
 7.2308 -27.7134
 7.007 -28.0438
 6.9847 -28.0604
197 84 5
 10.9142 -20.2672
 10.2701 -19.1585
 10.1576 -19.0117
 9.93035 -18.7987
 9.7408 -18.6123
198 84 6
 12.6691 -17.1032
 11.4301 -17.4995
 10.4114 -18.2458
 10.1576 -19.0117
 9.93035 -18.7987
 9.7408 -18.6123
198 32 12
 12.6691 -17.1032
 12.7105 -15.4094
 12.9795 -14.3775
 13.913 -14.264
 14.1764 -13.4141
 13.8729 -12.7906
 13.8134 -12.0749
 13.8525 -11.0749
 13.6282 -10.6197
 14.0332 -9.57325
 14.4323 -8.42925
 14.4008 -8.2676
199 140 11
 5.29425 -34.7315
 3.39655 -35.6763
 2.83815 -36.0243
 2.87575 -36.2331
 2.9349 -36.4543
 2.91305 -36.686
 2.947 -37.0296
 2.86735 -37.2036
 2.60205 -37.2365
 2.43375 -37.191
 2.397 -37.1526
199 52 4
 5.29425 -34.7315
 6.783 -34.092
 6.9455 -34.0124
 6.9818 -33.966
200 71 31
 10.5531 -29.4573
 11.4892 -28.8238
 12.0497 -28.1987
 12.2017 -27.7993
 12.3499 -27.6619
 12.5746 -27.6049
 12.8093 -27.2916
 12.8586 -26.9389
 13.1737 -26.7543
 13.4692 -26.5186
 13.672 -26.1955
 14.4493 -25.6836
 15.0503 -25.313
 15.1465 -25.0077
 15.333 -24.7112
 15.3708 -24.5641
 15.422 -24.4259
 15.5986 -24.2553
 15.7498 -24.1526
 15.9663 -24.101
 16.1029 -24.0178
 16.0977 -23.956
 16.0368 -23.8384
 16.1464 -23.868
 16.213 -23.7591
 16.2169 -23.6339
 16.2309 -23.5866
 16.261 -23.5527
 16.2981 -23.5075
 16.3286 -23.4889
 16.3395 -23.4888
200 52 14
 10.5531 -29.4573
 10.2432 -30.4646
 10.6046 -31.187
 9.79335 -31.0635
 9.027 -30.9161
 8.6227 -30.9202
 8.09385 -31.447
 7.6365 -32.1126
 7.354 -32.3316
 6.9028 -32.4044
 6.6427 -32.4493
 6.7781 -33.0604
 6.948 -33.8083
 6.9818 -33.966
201 101 12
 17.3556 -7.4739
 18.9201 -7.54305
 19.8938 -7.44215
 19.8384 -6.2336
 20.0644 -4.853
 20.4893 -4.35885
 20.5119 -4.1808
 21.0003 -3.73705
 21.1455 -2.8664
 20.7409 -2.2641
 20.4092 -1.9694
 20.1299 -1.6723
201 32 9
 17.3556 -7.4739
 16.3624 -7.67345
 15.5455 -7.306
 14.9157 -6.8914
 14.5287 -6.8432
 14.404 -6.9119
 14.4769 -7.63785
 14.396 -8.25695
 14.4008 -8.2676
202 68 4
 27.9614 -2.3384
 27.952 -1.29585
 28.3974 -0.77345
 28.4236 -0.7665
202 103 3
 27.9614 -2.3384
 28.4046 -2.85995
 28.419 -2.8544
203 33 39
 32.8667 -2.9356
 33.1225 -2.6824
 33.5812 -2.14395
 34.0352 -1.57135
 34.75 -1.63785
 35.2537 -2.2685
 35.2716 -2.2708
 35.5995 -1.9829
 36.0499 -1.8548
 36.3857 -1.98295
 36.1543 -1.494
 35.9315 -1.16055
 36.2541 -0.61765
 36.7563 -0.1572
 36.9469 -0.1418
 37.139 -0.1605
 37.327 -0.1444
 37.4139 -0.01235
 37.4201 0.13885
 37.4413 0.2913
 37.6731 0.591
 37.8786 0.97605
 38.0315 1.2029
 38.4162 1.48535
 38.6667 1.8016
 38.9478 2.028
 39.1796 2.14915
 39.5648 2.5053
 40.3711 3.4664
 40.935 4.18375
 41.0923 4.3722
 41.1669 4.46635
 41.2833 4.5117
 41.3993 4.6359
 41.4879 4.7905
 41.5246 4.89425
 41.5239 5.1157
 41.5445 5.27255
 41.551 5.2788
203 82 17
 32.8667 -2.9356
 32.6237 -2.90095
 31.9912 -3.43635
 31.7491 -4.39585
 32.115 -4.99375
 32.2245 -5.2784
 31.7149 -5.78645
 31.2808 -6.50295
 31.5673 -6.9917
 31.5982 -7.24205
 31.4052 -7.307
 31.1235 -7.40545
 30.4762 -7.69505
 30.007 -7.89645
 29.4556 -7.56275
 28.9625 -7.24225
 28.926 -7.2402
204 82 13
 33.7169 -7.9336
 32.821 -8.11195
 32.546 -7.9087
 32.2255 -7.4285
 31.8822 -7.198
 31.5982 -7.24205
 31.4052 -7.307
 31.1235 -7.40545
 30.4762 -7.69505
 30.007 -7.89645
 29.4556 -7.56275
 28.9625 -7.24225
 28.926 -7.2402
204 112 5
 33.7169 -7.9336
 34.522 -7.814
 34.7139 -7.85925
 34.7574 -7.9276
 34.7162 -7.9676
205 82 13
 32.9443 -9.05005
 32.61 -8.2032
 32.546 -7.9087
 32.2255 -7.4285
 31.8822 -7.198
 31.5982 -7.24205
 31.4052 -7.307
 31.1235 -7.40545
 30.4762 -7.69505
 30.007 -7.89645
 29.4556 -7.56275
 28.9625 -7.24225
 28.926 -7.2402
205 14 6
 32.9443 -9.05005
 33.406 -10.2542
 33.943 -10.5141
 34.4308 -10.5283
 34.5355 -10.7074
 34.575 -10.7256
206 106 6
 26.3088 -12.2383
 26.9061 -11.6243
 27.243 -11.683
 27.5271 -11.6693
 27.5856 -11.5701
 27.5969 -11.5133
206 89 10
 26.3088 -12.2383
 25.6697 -13.1873
 25.5294 -13.5332
 25.4172 -13.7313
 25.2839 -14.1672
 25.0097 -14.3654
 24.5329 -14.771
 23.7276 -15.4671
 23.1392 -15.6709
 23.1341 -15.6649
207 105 15
 31.985 -12.948
 32.3438 -14.5387
 32.0485 -15.4984
 31.4113 -15.8917
 31.3083 -16.5051
 31.3352 -17.1561
 31.0926 -17.4981
 30.881 -17.8328
 30.8113 -18.0724
 30.8413 -19.0452
 30.6063 -20.0083
 30.0647 -20.3093
 29.9437 -20.7
 30.0308 -21.229
 30.1083 -21.5283
207 14 9
 31.985 -12.948
 31.9315 -11.5711
 32.423 -10.6274
 33.0788 -9.9717
 33.406 -10.2542
 33.943 -10.5141
 34.4308 -10.5283
 34.5355 -10.7074
 34.575 -10.7256
208 123 6
 -24.6324 28.4175
 -24.3954 28.6979
 -24.1553 29.3705
 -23.8773 30.0354
 -23.6771 30.0407
 -23.5359 29.9977
208 8 5
 -24.6324 28.4175
 -25.4109 27.0494
 -26.1143 25.9868
 -26.3456 26.0703
 -26.436 26.0727
209 26 11
 -1.0254 39.8167
 -0.9096 42.0376
 -0.6545 43.2427
 0.02915 42.9157
 0.35205 42.9058
 0.8381 43.0261
 1.36605 43.1006
 1.5644 43.0482
 1.90315 42.8473
 2.1416 42.6623
 2.1365 42.6149
209 41 6
 -1.0254 39.8167
 -1.38595 39.0017
 -1.55175 38.8922
 -2.0458 38.8162
 -2.9927 38.3998
 -3.5335 38.0091
210 12 21
 -1.0653 52.5062
 -1.57135 53.3802
 -1.9032 53.9619
 -2.5137 54.3305
 -2.9329 54.4613
 -3.10085 54.6091
 -3.2684 54.7014
 -3.39445 54.7478
 -3.32095 54.8312
 -3.3374 55.0476
 -3.4736 55.2561
 -3.74375 55.0272
 -4.2524 54.7391
 -4.6289 54.5672
 -4.7227 54.3846
 -4.9664 54.2774
 -5.18425 54.1436
 -5.2104 54.1138
 -5.3022 54.1385
 -5.3856 54.1772
 -5.3957 54.1888
210 42 5
 -1.0653 52.5062
 -0.69505 51.6656
 -0.8141 51.3288
 -0.85995 51.1874
 -0.877 51.1807
211 85 15
 14.4095 51.9045
 14.9151 51.9242
 15.0891 51.991
 15.1506 51.9622
 15.1614 51.7175
 15.1437 51.5203
 15.3712 51.5996
 15.7956 51.466
 16.0859 51.3498
 16.2103 51.6434
 16.3392 51.5572
 16.4645 51.0256
 16.4907 50.523
 16.4506 50.2707
 16.4556 50.2711
211 122 12
 14.4095 51.9045
 13.8039 52.0175
 13.5099 52.3055
 13.749 53.0782
 14.0079 53.6862
 13.8153 53.9545
 13.5189 54.4377
 13.2624 54.6513
 13.3855 54.8013
 13.4925 55.0423
 13.5827 55.2024
 13.613 55.2296
212 79 18
 -5.38735 -19.1222
 -6.3251 -17.4834
 -7.31935 -16.7348
 -6.02775 -17.1227
 -4.4318 -17.0665
 -4.92935 -15.4099
 -4.386 -13.4351
 -4.447 -13.0443
 -5.0638 -12.9806
 -5.35505 -12.9036
 -5.73835 -12.2145
 -6.39885 -11.5711
 -6.68265 -11.5448
 -7.55635 -10.8017
 -9.26465 -9.62435
 -10.1486 -9.09125
 -10.2017 -9.00745
 -10.2036 -9.0043
212 83 13
 -5.38735 -19.1222
 -4.671 -20.6413
 -4.31265 -21.0903
 -4.1197 -21.4123
 -4.12245 -21.9072
 -5.11015 -23.0056
 -5.9732 -23.6595
 -6.34215 -23.9021
 -6.71505 -24.3805
 -6.7674 -24.6928
 -7.2544 -24.9763
 -7.7168 -25.2244
 -7.7186 -25.241
213 79 19
 -3.47585 -7.985
 -3.3122 -9.0741
 -3.6175 -9.48745
 -3.524 -10.1752
 -3.049 -11.0338
 -2.5428 -11.3317
 -2.4247 -11.5254
 -2.8761 -11.4406
 -4.03915 -12.1141
 -5.0638 -12.9806
 -5.35505 -12.9036
 -5.73835 -12.2145
 -6.39885 -11.5711
 -6.68265 -11.5448
 -7.55635 -10.8017
 -9.26465 -9.62435
 -10.1486 -9.09125
 -10.2017 -9.00745
 -10.2036 -9.0043
213 48 7
 -3.47585 -7.985
 -3.96085 -6.842
 -4.1364 -6.3205
 -4.9226 -5.41365
 -5.96015 -5.12345
 -6.3502 -5.60975
 -6.353 -5.5987
214 13 7
 -40.2373 -1.21295
 -40.3587 -1.67325
 -40.3424 -1.7839
 -40.8209 -2.05005
 -41.6095 -1.7624
 -41.9849 -1.2137
 -42.0315 -1.1568
214 134 5
 -40.2373 -1.21295
 -39.6919 -0.49825
 -39.1926 -0.0367
 -39.0659 0.104
 -39.0498 0.0862
215 0 18
 -6.10455 21.541
 -5.21005 21.5761
 -4.46765 21.4743
 -3.83415 21.7257
 -3.6521 21.841
 -3.52215 21.7168
 -2.8097 21.5467
 -1.9721 21.8008
 -1.78095 22.1131
 -1.09425 22.389
 0.0478 22.8533
 0.52485 23.0382
 0.86795 22.9539
 1.2341 22.8399
 1.21765 23.015
 1.2689 23.2219
 1.32235 23.2649
 1.3323 23.2463
215 95 9
 -6.10455 21.541
 -7.05715 21.2822
 -7.51115 21.2299
 -7.70555 21.3453
 -8.06665 21.8624
 -8.3854 22.224
 -8.32345 22.8685
 -8.42325 23.4816
 -8.5887 23.4677
216 34 5
 15.8583 33.6973
 16.9518 34.3088
 17.4199 34.2045
 17.712 34.2387
 17.7339 34.2695
216 138 6
 15.8583 33.6973
 14.6052 33.2771
 13.85 33.7043
 13.3603 33.8261
 13.2409 33.8082
 13.2137 33.7966
217 4 12
 9.32745 48.2057
 8.39225 48.7577
 8.04015 48.8513
 7.9626 49.0395
 7.88495 49.0223
 7.50825 49.0393
 7.0537 49.1651
 6.78035 48.9412
 6.2571 48.7528
 5.7426 48.7355
 5.5552 48.5886
 5.5014 48.5646
217 15 10
 9.32745 48.2057
 10.0571 47.5849
 10.2423 47.5877
 10.5315 47.4666
 11.2188 47.1231
 11.7909 46.897
 12.0459 46.9193
 12.2514 46.9373
 12.3059 46.9162
 12.3275 46.9023
218 90 9
 30.4044 43.5771
 29.6424 43.3481
 29.4809 44.0583
 29.2432 44.7697
 29.2191 44.9281
 29.306 45.0981
 29.4093 45.3194
 29.5101 45.4988
 29.4953 45.5233
218 19 6
 30.4044 43.5771
 31.3356 43.6491
 31.8484 43.7855
 31.9913 44.5416
 31.8343 44.9565
 31.831 44.9621
219 82 17
 30.35 -4.3415
 31.3794 -4.02095
 31.9912 -3.43635
 31.7491 -4.39585
 32.115 -4.99375
 32.2245 -5.2784
 31.7149 -5.78645
 31.2808 -6.50295
 31.5673 -6.9917
 31.5982 -7.24205
 31.4052 -7.307
 31.1235 -7.40545
 30.4762 -7.69505
 30.007 -7.89645
 29.4556 -7.56275
 28.9625 -7.24225
 28.926 -7.2402
219 103 8
 30.35 -4.3415
 29.1135 -4.84135
 28.5408 -4.8005
 28.4326 -4.36395
 28.5014 -3.6586
 28.4167 -3.0415
 28.411 -2.88775
 28.419 -2.8544
220 73 40
 -52.8391 -8.379
 -51.5506 -8.0007
 -50.6971 -7.87365
 -50.4515 -7.88945
 -50.0886 -8.06635
 -49.3479 -8.3724
 -48.9408 -8.68785
 -48.7102 -8.6149
 -47.914 -8.25465
 -46.9871 -8.05695
 -46.8212 -8.33335
 -46.7304 -8.74965
 -46.5261 -9.12925
 -46.8708 -9.4572
 -47.1982 -10.1704
 -47.1995 -10.886
 -47.4591 -11.0197
 -47.7388 -11.0997
 -47.6276 -11.2816
 -47.508 -11.9281
 -47.4551 -12.5515
 -47.0703 -12.8294
 -46.7507 -13.1072
 -46.6585 -13.1915
 -46.4795 -12.8656
 -46.2009 -12.566
 -45.9282 -12.4225
 -45.8683 -12.2883
 -45.8391 -12.2069
 -45.741 -12.1516
 -45.6441 -12.2463
 -45.5795 -12.335
 -45.5094 -12.3048
 -45.4276 -12.3183
 -45.3701 -12.3422
 -45.3504 -12.344
 -45.3048 -12.3045
 -45.2239 -12.2204
 -45.1914 -12.1611
 -45.2011 -12.1379
220 114 9
 -52.8391 -8.379
 -53.7482 -8.74555
 -53.9988 -8.84915
 -54.1073 -9.17775
 -53.8256 -9.71805
 -53.4641 -9.9807
 -53.2867 -10.0231
 -53.0833 -10.1002
 -53.0463 -10.1477
221 7 6
 -51.3241 -4.47465
 -51.6138 -4.71685
 -51.9211 -4.4066
 -52.1744 -4.2625
 -52.4376 -4.16295
 -52.5646 -4.1381
221 124 5
 -51.3241 -4.47465
 -50.87 -4.25705
 -50.426 -4.50725
 -50.3119 -4.52435
 -50.2871 -4.5567
222 17 11
 -49.0047 -5.4315
 -48.8121 -6.0252
 -48.4331 -6.49235
 -48.0938 -6.672
 -47.6953 -6.59265
 -47.2639 -6.5171
 -47.1038 -6.4357
 -46.9144 -6.3343
 -47.0191 -6.1101
 -47.0452 -5.8463
 -47.0329 -5.8249
222 124 4
 -49.0047 -5.4315
 -49.5518 -4.78785
 -50.1187 -4.50455
 -50.2871 -4.5567
223 73 31
 -46.733 -7.56615
 -46.8212 -8.33335
 -46.7304 -8.74965
 -46.5261 -9.12925
 -46.8708 -9.4572
 -47.1982 -10.1704
 -47.1995 -10.886
 -47.4591 -11.0197
 -47.7388 -11.0997
 -47.6276 -11.2816
 -47.508 -11.9281
 -47.4551 -12.5515
 -47.0703 -12.8294
 -46.7507 -13.1072
 -46.6585 -13.1915
 -46.4795 -12.8656
 -46.2009 -12.566
 -45.9282 -12.4225
 -45.8683 -12.2883
 -45.8391 -12.2069
 -45.741 -12.1516
 -45.6441 -12.2463
 -45.5795 -12.335
 -45.5094 -12.3048
 -45.4276 -12.3183
 -45.3701 -12.3422
 -45.3504 -12.344
 -45.3048 -12.3045
 -45.2239 -12.2204
 -45.1914 -12.1611
 -45.2011 -12.1379
223 17 7
 -46.733 -7.56615
 -47.0101 -6.81275
 -47.1038 -6.4357
 -46.9144 -6.3343
 -47.0191 -6.1101
 -47.0452 -5.8463
 -47.0329 -5.8249
224 73 24
 -41.3359 -10.4504
 -41.9606 -9.9697
 -42.4739 -9.5374
 -43.3225 -9.67415
 -44.0804 -9.93075
 -44.1173 -10.1932
 -44.0433 -10.5631
 -44.2296 -10.8899
 -44.4777 -11.1702
 -44.6114 -11.2675
 -44.7611 -11.3055
 -44.6581 -11.4457
 -44.6456 -11.6808
 -44.7699 -11.8895
 -44.8315 -11.8713
 -44.842 -11.9562
 -44.8963 -11.9737
 -44.9409 -12.0312
 -44.9832 -12.1016
 -44.9968 -12.139
 -45.0834 -12.1758
 -45.1764 -12.1887
 -45.1914 -12.1611
 -45.2011 -12.1379
224 109 7
 -41.3359 -10.4504
 -40.6404 -10.4952
 -39.8728 -10.5432
 -39.5555 -10.6588
 -38.5247 -10.265
 -37.4239 -9.6436
 -37.3424 -9.4178
225 73 22
 -43.028 -9.03065
 -43.3225 -9.67415
 -44.0804 -9.93075
 -44.1173 -10.1932
 -44.0433 -10.5631
 -44.2296 -10.8899
 -44.4777 -11.1702
 -44.6114 -11.2675
 -44.7611 -11.3055
 -44.6581 -11.4457
 -44.6456 -11.6808
 -44.7699 -11.8895
 -44.8315 -11.8713
 -44.842 -11.9562
 -44.8963 -11.9737
 -44.9409 -12.0312
 -44.9832 -12.1016
 -44.9968 -12.139
 -45.0834 -12.1758
 -45.1764 -12.1887
 -45.1914 -12.1611
 -45.2011 -12.1379
225 78 12
 -43.028 -9.03065
 -43.4696 -8.4191
 -43.3769 -7.8916
 -43.2646 -7.4889
 -43.3258 -7.2518
 -43.4257 -7.0277
 -43.3533 -6.951
 -43.0969 -6.8584
 -43.0572 -6.7817
 -43.2239 -6.64875
 -43.285 -6.53285
 -43.2944 -6.5181
226 74 8
 -42.6383 -5.9048
 -41.9462 -5.25875
 -41.7371 -5.02575
 -41.4972 -4.94985
 -41.0966 -4.8551
 -40.7076 -4.9256
 -40.5099 -4.9468
 -40.491 -4.935
226 78 4
 -42.6383 -5.9048
 -43.1888 -6.37685
 -43.2505 -6.50515
 -43.2944 -6.5181
227 50 5
 -40.5302 -15.617
 -39.4516 -16.3793
 -38.9503 -16.6805
 -38.9025 -16.8156
 -38.8873 -16.8138
227 63 5
 -40.5302 -15.617
 -41.3176 -15.0301
 -41.5958 -15.0662
 -41.7046 -15.0898
 -41.7127 -15.0884
228 73 23
 -42.7634 -13.3593
 -43.2444 -13.4159
 -43.4753 -13.2285
 -43.3304 -12.9242
 -43.4618 -12.4763
 -43.6921 -11.9032
 -43.8788 -11.3869
 -44.2828 -11.2202
 -44.6114 -11.2675
 -44.7611 -11.3055
 -44.6581 -11.4457
 -44.6456 -11.6808
 -44.7699 -11.8895
 -44.8315 -11.8713
 -44.842 -11.9562
 -44.8963 -11.9737
 -44.9409 -12.0312
 -44.9832 -12.1016
 -44.9968 -12.139
 -45.0834 -12.1758
 -45.1764 -12.1887
 -45.1914 -12.1611
 -45.2011 -12.1379
228 63 12
 -42.7634 -13.3593
 -42.3607 -13.2279
 -41.9308 -13.2549
 -41.6928 -13.717
 -41.5824 -14.3679
 -41.349 -14.5803
 -41.4675 -14.6823
 -41.508 -14.7882
 -41.5276 -14.9268
 -41.6159 -15.0568
 -41.7046 -15.0898
 -41.7127 -15.0884
229 132 12
 -31.7241 -24.3983
 -31.7664 -23.0802
 -32.8214 -22.9223
 -31.7313 -22.6999
 -31.6662 -22.1479
 -31.6117 -21.5938
 -31.4664 -21.1411
 -31.3345 -20.6919
 -31.2902 -20.5568
 -31.2985 -20.4336
 -31.3622 -20.3918
 -31.369 -20.3694
229 47 14
 -31.7241 -24.3983
 -32.0585 -25.7719
 -32.1878 -26.1115
 -31.4591 -26.0537
 -30.6057 -26.5368
 -30.192 -27.1394
 -29.9229 -27.6706
 -29.2891 -27.9972
 -28.3161 -28.5358
 -27.3516 -28.7785
 -26.3903 -28.2766
 -25.6705 -28.1935
 -25.5295 -28.1792
 -25.529 -28.1217
230 47 27
 -12.882 -30.3209
 -13.2633 -28.3126
 -15.5346 -28.1373
 -17.3319 -27.6905
 -18.0001 -27.0688
 -18.5675 -27.4202
 -18.786 -26.825
 -19.4329 -26.0901
 -19.8377 -25.4421
 -19.9302 -24.8918
 -20.714 -23.9062
 -21.7407 -23.1809
 -22.3004 -23.6839
 -23.2094 -24.2835
 -24.6081 -23.9543
 -25.9059 -23.2422
 -26.5687 -23.7001
 -26.5805 -24.4676
 -26.9115 -25.0648
 -27.8214 -25.492
 -26.5407 -25.7226
 -25.7869 -26.2982
 -25.5732 -26.7425
 -25.3512 -26.9258
 -25.4629 -27.5498
 -25.5595 -28.1169
 -25.529 -28.1217
230 99 12
 -12.882 -30.3209
 -13.7194 -32.1618
 -14.714 -33.9272
 -15.4195 -35.8173
 -16.1533 -37.0331
 -15.9678 -37.4264
 -15.165 -37.6363
 -14.0668 -39.8365
 -13.2565 -41.7824
 -12.7186 -42.6013
 -12.1166 -43.3517
 -12.1004 -43.3528
231 132 12
 -31.666 -15.4476
 -32.7328 -16.1404
 -33.0158 -16.6097
 -33.0976 -17.5143
 -32.9658 -18.1728
 -32.6068 -19.017
 -32.1857 -19.6423
 -31.7905 -19.8994
 -31.5237 -20.1189
 -31.4315 -20.2608
 -31.3709 -20.3605
 -31.369 -20.3694
231 3 3
 -31.666 -15.4476
 -30.7541 -14.6698
 -30.7399 -14.6694
232 1 42
 -36.3375 3.0999
 -35.6399 4.4843
 -35.2393 4.9734
 -34.9462 5.53585
 -35.315 6.06255
 -35.5778 6.57175
 -35.2178 7.50965
 -34.8503 8.36565
 -34.3133 8.90315
 -33.9946 9.1173
 -34.1695 9.2142
 -34.4017 9.37555
 -34.2911 9.62975
 -34.3075 9.89955
 -34.4403 10.2646
 -34.0379 10.8274
 -33.6136 11.1082
 -33.5063 11.0477
 -33.3556 11.066
 -33.259 11.1131
 -33.2343 11.1517
 -33.1487 11.3473
 -32.9399 11.5903
 -32.5948 11.8648
 -31.9223 11.9004
 -31.3357 11.927
 -31.159 12.177
 -31.1758 12.5849
 -31.0889 13.0944
 -30.868 13.3069
 -31.1707 13.4741
 -31.658 13.6535
 -32.0352 13.8219
 -32.2078 14.0223
 -32.2578 14.0385
 -32.2768 14.0733
 -32.3436 14.2242
 -32.4538 14.381
 -32.5239 14.4145
 -32.6038 14.4525
 -32.6688 14.482
 -32.6723 14.4763
232 134 12
 -36.3375 3.0999
 -36.8826 1.5936
 -37.1636 1.0565
 -37.5583 1.1763
 -37.8462 1.40225
 -37.992 1.2623
 -38.2539 0.59415
 -38.5102 0.17125
 -38.6978 0.1446
 -38.8809 0.09725
 -38.9897 0.09765
 -39.0498 0.0862
233 70 7
 -16.7472 9.9854
 -16.784 8.49205
 -16.7062 7.29835
 -16.0607 6.69755
 -15.3916 5.8874
 -15.0655 5.44275
 -15.0237 5.4258
233 115 8
 -16.7472 9.9854
 -16.594 10.5269
 -17.1162 11.0304
 -16.7395 11.9888
 -16.0238 12.583
 -15.9804 13.0665
 -16.0837 13.4401
 -16.1143 13.4931
234 40 11
 -16.7263 14.366
 -17.3203 15.3979
 -17.3013 15.7438
 -17.267 15.9114
 -17.2939 15.9482
 -17.5873 16.1582
 -17.8801 16.3722
 -18.1105 16.3645
 -18.588 16.412
 -18.944 16.5438
 -19.0233 16.5871
234 115 3
 -16.7263 14.366
 -16.1292 13.5066
 -16.1143 13.4931
235 1 21
 -35.4872 15.434
 -34.9949 15.1891
 -34.5679 14.9133
 -34.4366 14.9039
 -34.2142 15.1322
 -33.865 15.294
 -33.6339 15.191
 -33.3245 15.1847
 -33.0447 15.2477
 -32.9292 15.247
 -32.7695 15.2481
 -32.7084 15.1263
 -32.7275 14.9397
 -32.7113 14.871
 -32.6987 14.806
 -32.6834 14.7419
 -32.6859 14.656
 -32.6776 14.5793
 -32.6631 14.5319
 -32.6688 14.482
 -32.6723 14.4763
235 136 6
 -35.4872 15.434
 -35.7666 15.4826
 -36.0102 15.7071
 -36.1215 16.0035
 -36.0944 16.1417
 -36.0911 16.1632
236 92 7
 -61.2438 9.37135
 -61.2702 10.7096
 -60.8213 11.5241
 -61.3554 12.8079
 -61.3095 13.3585
 -60.7996 12.9569
 -60.7557 12.8237
236 30 6
 -61.2438 9.37135
 -60.6398 8.3727
 -60.2261 7.3549
 -59.7679 6.2647
 -59.7066 6.1745
 -59.7043 6.1669
237 65 14
 -54.9807 9.5384
 -54.3649 8.5334
 -54.9322 8.0472
 -55.5429 6.74535
 -55.6098 5.88075
 -55.6852 5.7872
 -55.3999 5.48735
 -54.5554 5.22085
 -54.0084 5.26795
 -53.6961 5.44465
 -53.2234 5.4773
 -52.9766 5.41585
 -52.8848 5.4578
 -52.8292 5.4846
237 72 3
 -54.9807 9.5384
 -55.7105 10.6931
 -55.8136 10.852
238 92 7
 -58.2644 9.6802
 -58.509 10.7488
 -58.6092 11.2914
 -58.6199 12.1737
 -59.6056 13.0298
 -60.6919 13.004
 -60.7557 12.8237
238 72 6
 -58.2644 9.6802
 -57.8675 8.8757
 -57.0434 9.8812
 -56.1322 10.9127
 -55.8271 10.8465
 -55.8136 10.852
239 76 7
 -33.3108 19.3635
 -33.8424 19.1394
 -33.9062 19.1153
 -34.2643 19.0177
 -34.4739 18.7612
 -34.3935 18.5506
 -34.4073 18.512
239 139 10
 -33.3108 19.3635
 -32.2942 19.747
 -31.6642 19.87
 -31.4935 19.8611
 -31.4044 20.4127
 -30.9814 20.8573
 -30.5477 20.9218
 -30.4678 21.0298
 -30.434 20.9706
 -30.4151 20.9366
240 139 9
 -27.8618 23.6942
 -28.4331 23.0494
 -28.6252 22.648
 -28.665 22.2921
 -28.7819 22.3468
 -29.563 21.8451
 -30.3708 21.1954
 -30.4163 20.9796
 -30.4151 20.9366
240 8 5
 -27.8618 23.6942
 -27.2928 24.474
 -26.9083 25.379
 -26.5065 26.0483
 -26.436 26.0727
241 28 20
 -40.7407 41.3482
 -41.3545 40.7956
 -41.5551 40.7215
 -42.4987 40.6666
 -43.2887 40.6806
 -43.4042 40.8873
 -43.3542 41.0918
 -43.2394 41.2477
 -43.2937 41.4322
 -43.3637 41.5769
 -43.5337 41.7007
 -43.7133 41.7888
 -43.783 41.7796
 -43.8081 41.8746
 -43.75 42.0744
 -43.6987 42.2186
 -43.6373 42.2908
 -43.6105 42.363
 -43.6062 42.3938
 -43.5811 42.3988
241 88 11
 -40.7407 41.3482
 -39.4659 41.832
 -38.8044 41.5774
 -39.0491 41.1215
 -39.0426 40.5308
 -38.1503 40.0785
 -37.4815 40.0611
 -37.3778 40.1085
 -37.2876 40.1679
 -37.1968 40.2321
 -37.126 40.2807
242 28 26
 -46.9802 35.3421
 -46.7793 36.6329
 -46.5368 36.6512
 -45.7271 37.2317
 -45.1096 38.3382
 -44.5663 38.9122
 -44.2756 39.4643
 -44.1432 39.7995
 -43.7977 39.7052
 -43.7017 39.8559
 -43.5696 40.4738
 -43.4042 40.8873
 -43.3542 41.0918
 -43.2394 41.2477
 -43.2937 41.4322
 -43.3637 41.5769
 -43.5337 41.7007
 -43.7133 41.7888
 -43.783 41.7796
 -43.8081 41.8746
 -43.75 42.0744
 -43.6987 42.2186
 -43.6373 42.2908
 -43.6105 42.363
 -43.6062 42.3938
 -43.5811 42.3988
242 59 4
 -46.9802 35.3421
 -47.6093 33.9364
 -47.9198 33.5358
 -47.984 33.4978
243 59 6
 -49.8605 32.0752
 -48.9233 33.3298
 -48.182 33.5015
 -48.1033 33.5233
 -48.004 33.4995
 -47.984 33.4978
243 39 6
 -49.8605 32.0752
 -50.0197 30.7924
 -50.5297 30.341
 -51.2132 30.0894
 -51.3825 30.1229
 -51.4143 30.1127
244 29 19
 -39.8933 56.1084
 -40.792 56.4056
 -41.5778 56.8532
 -41.8887 56.9295
 -42.4874 56.8027
 -42.9715 56.6455
 -43.0237 56.5842
 -43.3678 56.5047
 -43.7127 56.4045
 -43.9987 56.3239
 -44.3898 56.2108
 -44.5695 56.1127
 -44.6798 56.0049
 -44.6611 55.9454
 -44.7621 55.966
 -44.9898 55.9776
 -45.2088 55.9021
 -45.31 55.8462
 -45.3832 55.8651
244 75 4
 -39.8933 56.1084
 -38.6129 56.4764
 -37.6114 56.9235
 -37.624 57.0345
245 77 8
 -37.1952 55.5836
 -37.0742 54.9205
 -37.0604 54.4566
 -37.3227 53.6609
 -37.5135 53.102
 -37.8827 52.7671
 -38.1587 52.5835
 -38.2225 52.5883
245 75 5
 -37.1952 55.5836
 -37.0294 56.3703
 -37.2758 56.8528
 -37.5955 57.0827
 -37.624 57.0345
246 11 23
 -20.439 57.465
 -21.6495 57.2238
 -22.2752 57.2773
 -22.6796 56.6157
 -22.5124 55.8708
 -23.113 56.1219
 -23.8169 57.0902
 -24.3278 57.7187
 -24.9271 57.7347
 -25.7361 58.1356
 -26.2963 58.4929
 -26.3857 58.623
 -26.5739 58.7271
 -26.7023 58.7488
 -26.8383 58.6993
 -26.9923 58.548
 -27.2472 58.3861
 -27.716 58.1883
 -28.0477 58.321
 -28.2891 58.7164
 -28.4464 59.1215
 -28.4555 59.4885
 -28.5013 59.5536
246 131 5
 -20.439 57.465
 -18.535 57.849
 -17.5905 57.944
 -17.34 57.8755
 -17.2518 57.8762
247 11 25
 -22.4846 51.5266
 -22.6207 52.1141
 -22.0449 52.4341
 -21.49 53.4337
 -22.1319 54.7802
 -22.7366 55.6822
 -22.5124 55.8708
 -23.113 56.1219
 -23.8169 57.0902
 -24.3278 57.7187
 -24.9271 57.7347
 -25.7361 58.1356
 -26.2963 58.4929
 -26.3857 58.623
 -26.5739 58.7271
 -26.7023 58.7488
 -26.8383 58.6993
 -26.9923 58.548
 -27.2472 58.3861
 -27.716 58.1883
 -28.0477 58.321
 -28.2891 58.7164
 -28.4464 59.1215
 -28.4555 59.4885
 -28.5013 59.5536
247 137 10
 -22.4846 51.5266
 -22.0912 50.9069
 -21.9124 50.6779
 -21.915 50.1346
 -21.7785 49.2348
 -21.4766 48.4679
 -21.5418 48.1141
 -21.5672 47.8971
 -21.549 47.8001
 -21.5699 47.7253
248 137 22
 -30.0061 46.9528
 -28.8116 46.2765
 -27.9779 46.0585
 -27.5306 46.6035
 -26.4127 46.7702
 -25.6656 46.3448
 -25.796 45.5642
 -25.9721 44.8176
 -25.2877 44.5553
 -24.4473 44.3382
 -24.0199 45.4679
 -23.2388 46.6615
 -22.6515 46.4494
 -22.1893 45.9999
 -21.7421 45.8154
 -21.6201 46.4739
 -21.583 47.2797
 -21.6926 47.5116
 -21.6835 47.6088
 -21.6314 47.6693
 -21.5683 47.7097
 -21.5699 47.7253
248 66 13
 -30.0061 46.9528
 -30.1014 47.7352
 -30.7478 47.1415
 -31.1257 46.787
 -31.1514 46.6715
 -31.7215 46.2168
 -32.4279 45.5451
 -32.6068 45.2854
 -32.654 44.4223
 -32.6051 43.4095
 -32.2745 42.7047
 -32.0037 42.1523
 -31.9963 42.1227
249 119 5
 -8.72175 64.4344
 -9.2009 64.716
 -9.5399 64.9634
 -9.80605 65.055
 -9.8261 65.0596
249 20 5
 -8.72175 64.4344
 -8.15645 64.0999
 -7.97275 63.7872
 -7.8846 63.7015
 -7.8011 63.7149
250 125 8
 -7.5932 73.2213
 -7.5547 74.2393
 -7.31535 74.4078
 -6.5264 74.6219
 -5.7966 75.152
 -5.73725 75.7061
 -5.96445 75.9985
 -5.9673 76.0486
250 69 8
 -7.5932 73.2213
 -7.89015 72.4299
 -8.30385 72.2978
 -8.63105 72.4129
 -8.9993 71.8188
 -9.6521 71.5233
 -10.0366 71.5496
 -10.2049 71.5787
251 69 13
 -11.1348 67.7697
 -10.3027 68.2427
 -9.7997 68.2673
 -10.1026 68.4861
 -10.5664 69.077
 -10.7939 69.4918
 -10.5474 69.6045
 -10.5039 70.4793
 -10.5406 71.3174
 -10.333 71.4308
 -10.2287 71.453
 -10.2127 71.5266
 -10.2049 71.5787
251 119 10
 -11.1348 67.7697
 -11.2137 67.1098
 -11.465 66.2172
 -11.974 65.5336
 -11.4641 65.3515
 -10.7553 65.341
 -10.5414 65.5169
 -10.2299 65.3376
 -9.87765 65.1025
 -9.8261 65.0596
252 107 6
 -5.31025 72.2328
 -4.02175 71.0531
 -3.3999 70.8079
 -2.86125 70.7586
 -2.54785 70.5421
 -2.5466 70.5423
252 125 7
 -5.31025 72.2328
 -6.26115 73.3156
 -6.1996 74.2357
 -5.7966 75.152
 -5.73725 75.7061
 -5.96445 75.9985
 -5.9673 76.0486
253 53 23
 -3.37915 67.1095
 -3.31855 66.2685
 -2.60525 66.1519
 -1.76585 66.1933
 -0.8688 66.4597
 -0.00195 66.5556
 0.24335 66.5567
 0.4394 66.6893
 0.71495 66.7682
 1.1693 66.7254
 1.6313 66.5242
 1.9876 66.321
 2.39405 66.2092
 2.98005 65.8128
 3.3129 65.2693
 3.50245 64.9937
 3.73315 64.7854
 3.87475 64.5762
 4.02005 64.4845
 4.0829 64.4223
 4.03785 64.2815
 3.99215 64.1253
 4.0031 64.0872
253 107 6
 -3.37915 67.1095
 -3.28385 68.6642
 -2.77625 69.9417
 -2.4649 70.5089
 -2.5395 70.5421
 -2.5466 70.5423
254 21 21
 -19.4328 47.7878
 -18.5034 48.0545
 -18.2596 48.334
 -17.7031 48.0398
 -17.3896 47.4298
 -17.3018 47.2716
 -17.1857 47.115
 -17.1117 46.9631
 -17.073 46.9043
 -17.1603 46.8958
 -17.2511 46.8885
 -17.2139 46.6475
 -17.2805 46.2071
 -17.2337 45.661
 -17.1244 45.1996
 -17.2285 45.0717
 -17.5714 44.9985
 -17.9384 44.8248
 -18.0125 44.5255
 -17.983 44.2727
 -17.9602 44.2363
254 137 6
 -19.4328 47.7878
 -20.5822 47.5945
 -21.0289 47.7076
 -21.3223 47.8438
 -21.4776 47.7873
 -21.5699 47.7253
255 21 6
 -17.5042 42.5795
 -17.9313 43.1523
 -18.05 43.528
 -18.0235 43.8947
 -17.9799 44.2233
 -17.9602 44.2363
255 118 8
 -17.5042 42.5795
 -17.4492 42.2023
 -17.827 41.4448
 -17.8501 40.8414
 -17.8285 40.483
 -18.0084 39.9969
 -18.1176 39.8803
 -18.1293 39.8663
256 118 18
 -19.3675 32.2404
 -19.3305 33.6284
 -19.1158 33.8139
 -18.9932 34.4783
 -18.8986 35.1938
 -18.8334 35.3742
 -18.7097 35.4684
 -18.5453 35.6661
 -18.5097 35.9108
 -18.5793 36.0601
 -18.4188 36.3225
 -18.2174 36.5144
 -18.1424 36.5436
 -18.0474 37.3817
 -17.9672 38.6301
 -18.0674 39.3325
 -18.1654 39.732
 -18.1293 39.8663
256 23 18
 -19.3675 32.2404
 -19.1765 30.166
 -19.2773 29.0595
 -19.4491 28.7242
 -19.3199 28.0933
 -19.8837 27.3603
 -20.6236 27.1728
 -20.2365 26.6866
 -19.9096 24.6982
 -20.0026 23.0162
 -19.7482 22.9134
 -19.3011 22.5786
 -19.1206 22.5583
 -18.5718 22.8746
 -18.0058 22.8414
 -17.945 22.9525
 -17.8941 23.0686
 -17.8991 23.0662
257 139 22
 -20.136 21.7754
 -21.7403 21.3277
 -22.8406 21.24
 -23.0481 21.234
 -23.3895 20.0345
 -23.5932 18.6039
 -23.299 18.0447
 -23.983 18.2333
 -24.5662 18.4092
 -24.857 19.0299
 -25.1322 19.5564
 -25.5243 19.5435
 -25.9506 19.4002
 -26.1651 19.2552
 -25.9725 19.4816
 -27.201 20.8939
 -28.665 22.2921
 -28.7819 22.3468
 -29.563 21.8451
 -30.3708 21.1954
 -30.4163 20.9796
 -30.4151 20.9366
257 23 10
 -20.136 21.7754
 -19.7565 22.4621
 -19.7482 22.9134
 -19.3011 22.5786
 -19.1206 22.5583
 -18.5718 22.8746
 -18.0058 22.8414
 -17.945 22.9525
 -17.8941 23.0686
 -17.8991 23.0662
258 40 23
 -10.3853 21.0787
 -11.6741 21.3801
 -12.1342 22.1887
 -12.2417 21.426
 -12.2113 20.4361
 -12.7054 20.1474
 -13.431 19.9676
 -13.8169 20.1619
 -14.7968 19.872
 -15.555 19.1745
 -15.6715 19.1007
 -15.9643 19.1068
 -16.7465 17.7987
 -17.2597 16.4812
 -17.2097 16.2695
 -17.243 16.0216
 -17.2939 15.9482
 -17.5873 16.1582
 -17.8801 16.3722
 -18.1105 16.3645
 -18.588 16.412
 -18.944 16.5438
 -19.0233 16.5871
258 95 8
 -10.3853 21.0787
 -9.1959 21.7045
 -8.62885 22.0357
 -8.06665 21.8624
 -8.3854 22.224
 -8.32345 22.8685
 -8.42325 23.4816
 -8.5887 23.4677
259 40 23
 -12.5363 23.7444
 -12.4282 23.1582
 -12.2997 22.6222
 -12.2417 21.426
 -12.2113 20.4361
 -12.7054 20.1474
 -13.431 19.9676
 -13.8169 20.1619
 -14.7968 19.872
 -15.555 19.1745
 -15.6715 19.1007
 -15.9643 19.1068
 -16.7465 17.7987
 -17.2597 16.4812
 -17.2097 16.2695
 -17.243 16.0216
 -17.2939 15.9482
 -17.5873 16.1582
 -17.8801 16.3722
 -18.1105 16.3645
 -18.588 16.412
 -18.944 16.5438
 -19.0233 16.5871
259 87 3
 -12.5363 23.7444
 -12.713 24.6057
 -12.7854 25.025
260 36 20
 3.32125 24.8869
 3.25425 25.1818
 3.2632 25.5097
 3.59445 26.184
 3.51135 26.9961
 3.12145 27.4108
 2.9556 27.4996
 2.73495 27.6591
 2.67035 27.9049
 2.6829 28.0835
 2.78805 28.3595
 2.7286 28.8083
 2.858 29.0595
 3.12685 29.131
 3.11675 29.3353
 3.09715 29.5669
 2.9713 29.5925
 2.67175 29.6022
 2.48165 29.5993
 2.4736 29.5819
260 0 14
 3.32125 24.8869
 3.35635 24.5873
 3.64135 24.0091
 4.09065 23.2045
 4.0278 22.6905
 3.7105 22.2948
 3.40945 22.6567
 2.70445 22.6077
 2.37475 22.3064
 2.21355 22.7464
 2.0096 23.1315
 1.73335 23.1743
 1.39795 23.2291
 1.3323 23.2463
261 81 19
 14.5804 29.9832
 14.1973 29.1841
 13.5774 28.8899
 13.6049 28.7177
 14.5814 28.7232
 15.5669 28.1653
 15.7557 27.0733
 15.4987 26.5873
 15.1608 26.3876
 15.268 26.2302
 15.6287 25.7079
 15.8895 25.2175
 15.8076 24.8687
 15.9614 24.403
 16.1436 23.9709
 15.9866 23.6439
 15.8388 23.6187
 15.7306 23.674
 15.6353 23.6968
261 138 7
 14.5804 29.9832
 13.7484 31.0205
 13.1999 31.7169
 13.132 32.4
 13.1111 33.3135
 13.2257 33.7572
 13.2137 33.7966
262 26 17
 4.782 47.7615
 4.51925 46.2463
 4.61505 45.0638
 5.20895 44.5674
 5.482 44.1345
 5.15115 43.3218
 5.06615 42.6773
 5.03145 42.4446
 4.50545 42.4494
 3.78865 42.2699
 3.3768 42.1671
 3.03445 42.3244
 2.59465 42.4739
 2.24065 42.6718
 2.1665 42.7255
 2.1416 42.6623
 2.1365 42.6149
262 4 4
 4.782 47.7615
 5.2612 48.5669
 5.4712 48.5973
 5.5014 48.5646
263 53 26
 4.24975 69.5137
 4.35655 68.8849
 5.05685 68.4495
 6.04415 68.0749
 6.3169 67.9104
 6.20635 67.6822
 6.0521 67.1539
 5.8152 66.6383
 5.5684 66.3196
 5.3415 65.9548
 5.1954 65.4185
 5.1369 64.9302
 5.038 64.675
 4.9674 64.593
 4.81235 64.6044
 4.71075 64.596
 4.54125 64.604
 4.32885 64.7247
 4.20235 64.7411
 4.13565 64.6536
 4.11835 64.5624
 4.08835 64.4649
 4.0829 64.4223
 4.03785 64.2815
 3.99215 64.1253
 4.0031 64.0872
263 117 3
 4.24975 69.5137
 4.0905 70.0183
 4.0696 70.0817
264 49 13
 12.846 55.6016
 12.3797 56.1162
 12.4022 56.3517
 12.3099 56.5005
 12.198 56.6617
 12.2409 56.7924
 12.2893 56.8909
 12.2899 56.9537
 12.2413 56.9893
 12.2444 57.1226
 12.1546 57.2722
 11.9791 57.3762
 11.9479 57.4611
264 122 4
 12.846 55.6016
 13.4375 55.224
 13.5827 55.2024
 13.613 55.2296
265 104 15
 29.6834 30.2746
 29.7764 28.5204
 29.5276 27.9874
 29.5986 27.7755
 29.5485 27.4247
 29.5753 26.9673
 30.127 26.4521
 30.7118 25.8937
 30.8966 25.4559
 30.8866 25.0503
 30.819 24.7196
 30.8333 24.6019
 30.7875 24.459
 30.7112 24.3435
 30.6823 24.3154
265 94 11
 29.6834 30.2746
 28.6768 31.2851
 27.9384 30.5254
 28.2005 31.3017
 28.3532 32.5159
 28.3967 33.486
 29.0312 34.1772
 29.8664 34.9833
 28.8794 35.5403
 28.0723 36.3166
 28.0387 36.3771
266 85 15
 20.5648 46.8551
 19.8937 46.7951
 19.7509 46.8021
 19.3009 47.1198
 18.2576 47.7748
 17.3454 48.386
 17.0282 48.6719
 16.721 48.2736
 16.9751 49.1494
 16.8825 49.7366
 16.818 49.8739
 16.8312 49.9562
 16.7056 50.1952
 16.5363 50.3138
 16.4556 50.2711
266 27 7
 20.5648 46.8551
 21.9654 46.4198
 22.9181 45.9872
 23.2426 45.5188
 23.8813 44.7746
 24.3944 44.3139
 24.4363 44.07
267 90 7
 27.8046 45.7705
 28.9297 45.1466
 29.2191 44.9281
 29.306 45.0981
 29.4093 45.3194
 29.5101 45.4988
 29.4953 45.5233
267 9 13
 27.8046 45.7705
 26.9361 46.6874
 26.9981 47.3046
 26.8053 47.3568
 27.2149 48.0849
 27.5582 49.0333
 27.9533 49.4655
 28.5564 49.8123
 29.6458 49.5439
 30.7615 48.9516
 31.2441 48.3932
 31.3796 48.0374
 31.389 48.0015
268 27 6
 26.8047 45.7266
 25.9926 44.471
 25.2434 43.4022
 24.8519 43.8081
 24.4473 44.0627
 24.4363 44.07
268 9 13
 26.8047 45.7266
 26.9361 46.6874
 26.9981 47.3046
 26.8053 47.3568
 27.2149 48.0849
 27.5582 49.0333
 27.9533 49.4655
 28.5564 49.8123
 29.6458 49.5439
 30.7615 48.9516
 31.2441 48.3932
 31.3796 48.0374
 31.389 48.0015
269 94 6
 31.3494 36.2273
 30.2097 35.286
 29.8664 34.9833
 28.8794 35.5403
 28.0723 36.3166
 28.0387 36.3771
269 22 5
 31.3494 36.2273
 32.8337 36.6656
 33.4315 36.2546
 33.4436 36.0306
 33.3324 35.8589
270 25 8
 34.9256 39.9627
 34.4669 40.8605
 34.2983 41.1353
 33.7213 41.4014
 32.911 41.8552
 32.3796 41.6081
 32.1007 41.1598
 32.1013 41.1422
270 58 4
 34.9256 39.9627
 35.3209 38.7217
 35.4046 38.0834
 35.4019 38.0669
271 126 29
 44.6553 29.3302
 45.3084 28.3155
 46.129 27.7859
 46.9801 27.8052
 47.5848 28.0862
 48.1842 28.1135
 49.0996 28.1231
 50.1966 27.8544
 51.3212 27.6553
 51.9408 27.876
 51.817 27.2057
 51.4291 26.5661
 51.0715 26.1765
 50.3604 25.3693
 49.9406 24.0771
 50.2684 23.1889
 50.3801 22.8036
 50.6413 21.6445
 50.7663 20.6633
 50.7509 20.4627
 50.8289 20.0213
 51.4042 19.5173
 51.9541 19.3085
 52.2708 18.7895
 52.5428 18.2255
 52.2449 17.9049
 51.8765 17.4417
 51.726 17.1237
 51.7089 17.0154
271 111 16
 44.6553 29.3302
 44.2988 30.9906
 44.2157 32.4129
 44.1871 32.9213
 44.1336 33.0075
 43.9281 33.4699
 43.4007 34.3052
 43.0693 34.9702
 43.081 35.2129
 42.9921 35.4275
 42.6379 35.6931
 42.353 35.7626
 41.8282 36.0655
 40.3815 35.8262
 39.4398 35.2873
 39.4227 35.2887
272 126 44
 39.5591 28.6459
 40.9118 27.9914
 41.3814 26.9576
 41.6199 26.0345
 41.7625 25.1549
 42.2423 24.2957
 43.2895 23.8779
 43.7962 24.0601
 43.729 23.4347
 43.8611 24.0601
 44.1344 24.2337
 44.5023 24.4436
 44.683 24.5832
 44.9064 25.333
 45.5058 25.8942
 46.3061 26.1735
 46.5936 26.7517
 46.5685 27.1556
 46.9871 27.7143
 47.5848 28.0862
 48.1842 28.1135
 49.0996 28.1231
 50.1966 27.8544
 51.3212 27.6553
 51.9408 27.876
 51.817 27.2057
 51.4291 26.5661
 51.0715 26.1765
 50.3604 25.3693
 49.9406 24.0771
 50.2684 23.1889
 50.3801 22.8036
 50.6413 21.6445
 50.7663 20.6633
 50.7509 20.4627
 50.8289 20.0213
 51.4042 19.5173
 51.9541 19.3085
 52.2708 18.7895
 52.5428 18.2255
 52.2449 17.9049
 51.8765 17.4417
 51.726 17.1237
 51.7089 17.0154
272 96 3
 39.5591 28.6459
 38.6321 28.5097
 38.5619 28.4676
273 67 7
 58.5501 24.0203
 60.4482 21.5537
 60.8483 20.8529
 60.9085 20.389
 60.0412 19.7817
 59.1451 19.4384
 59.1311 19.4365
273 135 4
 58.5501 24.0203
 56.8552 25.9096
 56.6649 25.8074
 56.6259 25.7794
274 135 14
 54.089 19.8341
 54.7559 21.2191
 55.8044 22.0355
 56.2777 22.9972
 55.4478 23.7206
 55.2758 23.7383
 55.2695 24.3954
 55.662 25.2789
 56.2036 25.5259
 56.3893 25.459
 56.3528 25.5765
 56.4498 25.686
 56.5715 25.7719
 56.6259 25.7794
274 126 8
 54.089 19.8341
 52.961 18.6506
 52.2708 18.7895
 52.5428 18.2255
 52.2449 17.9049
 51.8765 17.4417
 51.726 17.1237
 51.7089 17.0154
275 2 45
 35.6545 17.5275
 36.2777 17.6855
 36.6147 17.5989
 36.638 16.833
 36.6498 16.0662
 36.7158 15.8872
 36.7074 15.7311
 36.8198 15.6904
 36.9295 15.7174
 37.224 15.7682
 37.6363 15.8874
 37.8567 16.1936
 38.0523 16.5598
 38.1627 16.5117
 38.4099 16.4031
 38.6387 16.2875
 38.6513 16.0417
 38.7274 15.9379
 38.8175 15.8755
 38.9019 15.8146
 38.9979 15.7904
 39.0588 15.7899
 39.1174 15.7948
 38.9954 15.6861
 38.982 15.4528
 39.1422 15.1859
 39.0359 14.9576
 38.8828 14.7379
 38.8642 14.6357
 38.6854 14.5674
 38.537 14.3174
 38.4965 14.1053
 38.6265 13.8561
 38.8159 13.6083
 38.8792 13.5154
 38.8927 13.4564
 38.9404 13.3675
 39.1046 13.2628
 39.2649 13.1935
 39.3218 13.1772
 39.3745 13.2151
 39.4169 13.2647
 39.485 13.3674
 39.5534 13.4361
 39.5637 13.4312
275 133 22
 35.6545 17.5275
 34.9366 17.6146
 34.5873 17.8167
 34.4168 17.8553
 34.2168 17.9044
 34.1205 17.8683
 34.1131 17.9392
 34.2012 18.1334
 34.2225 18.2317
 34.1573 18.2351
 33.9604 18.3216
 33.7935 18.5456
 33.8954 18.8006
 33.9224 19.0687
 33.6991 19.2973
 33.5701 19.3836
 33.7845 19.3833
 34.0547 19.646
 34.1399 20.0332
 34.1483 20.2658
 34.1497 20.4068
 34.1645 20.4244
276 126 17
 48.3049 14.2899
 49.0733 14.8071
 49.5411 15.2348
 49.6289 15.399
 49.7276 15.6383
 49.8759 15.7237
 50.0422 15.5588
 50.129 15.4932
 50.3127 15.7948
 50.7448 16.1166
 51.0115 16.4491
 51.0239 16.9209
 50.9487 17.1535
 51.0983 17.1483
 51.3513 17.077
 51.6175 17.015
 51.7089 17.0154
276 129 5
 48.3049 14.2899
 47.5071 14.382
 46.995 14.6602
 46.9006 14.7493
 46.8771 14.7747
277 144 13
 45.8761 14.0388
 46.1073 13.3266
 46.3275 13.1732
 46.3999 13.0964
 46.3494 12.8412
 46.2365 12.6496
 45.9123 12.5711
 45.5629 12.4423
 45.4606 12.2901
 45.3599 12.1567
 45.2161 12.1276
 45.1115 12.1489
 45.1049 12.1541
277 129 9
 45.8761 14.0388
 45.6317 14.7066
 45.4505 14.8566
 45.8325 14.9054
 46.2609 14.7875
 46.5085 14.754
 46.7751 14.8173
 46.869 14.7812
 46.8771 14.7747
278 144 16
 43.986 15.0222
 44.1152 14.4356
 44.3531 14.0321
 44.5271 13.7045
 44.7044 13.3972
 44.716 13.1824
 44.6664 13.0299
 44.7834 12.7924
 44.85 12.5649
 44.686 12.5044
 44.7703 12.4562
 44.8523 12.3076
 44.9874 12.175
 45.0594 12.1795
 45.0995 12.1692
 45.1049 12.1541
278 5 4
 43.986 15.0222
 43.9787 15.616
 43.8884 15.941
 43.8694 16.0402
279 33 32
 44.3041 1.3427
 43.7098 1.22325
 43.486 1.4329
 43.3895 1.5296
 43.2248 1.59695
 43.1418 1.68185
 43.0616 1.82085
 42.9646 1.9652
 42.9228 2.07095
 42.8746 2.1091
 42.8352 2.1566
 42.7757 2.27505
 42.5531 2.3835
 42.2963 2.41145
 42.22 2.53415
 42.2106 2.7119
 42.1749 2.84465
 42.1584 2.93765
 42.099 3.09365
 42.0616 3.30585
 42.0169 3.4816
 41.878 3.6281
 41.7862 3.83065
 41.6777 4.0424
 41.4735 4.3152
 41.2833 4.5117
 41.3993 4.6359
 41.4879 4.7905
 41.5246 4.89425
 41.5239 5.1157
 41.5445 5.27255
 41.551 5.2788
279 80 3
 44.3041 1.3427
 44.7568 1.8147
 44.8371 1.9777
280 33 13
 44.1219 5.5041
 43.6529 5.34705
 43.1226 5.06505
 42.6505 4.9172
 42.4488 5.08935
 42.3159 5.1956
 42.2104 5.15715
 42.0154 5.17405
 41.9057 5.3023
 41.8274 5.31345
 41.666 5.28535
 41.5669 5.2976
 41.551 5.2788
280 128 4
 44.1219 5.5041
 44.7144 5.28335
 44.9865 4.9344
 44.9881 4.8976
281 2 12
 40.5282 12.2487
 40.1928 12.1484
 39.9703 12.3198
 39.7188 12.5963
 39.6736 12.8032
 39.5899 13.0273
 39.482 13.242
 39.4267 13.255
 39.4169 13.2647
 39.485 13.3674
 39.5534 13.4361
 39.5637 13.4312
281 144 26
 40.5282 12.2487
 40.911 12.3955
 41.009 12.3405
 41.1378 12.2372
 41.3579 12.0946
 41.843 11.9354
 42.2348 11.9257
 42.5263 12.23
 43.0668 12.4564
 43.4402 12.4075
 43.635 12.2914
 43.8348 12.2485
 43.9609 12.2635
 44.0755 12.2369
 44.3128 12.3516
 44.4818 12.5586
 44.513 12.6126
 44.562 12.5595
 44.5613 12.4946
 44.686 12.5044
 44.7703 12.4562
 44.8523 12.3076
 44.9874 12.175
 45.0594 12.1795
 45.0995 12.1692
 45.1049 12.1541
282 33 36
 40.9378 8.9787
 41.0422 8.2918
 40.8601 7.56855
 41.1077 7.36715
 41.2308 7.34205
 41.409 7.23485
 41.5778 7.13165
 41.6155 7.1097
 41.6649 7.03085
 41.687 6.89625
 41.6133 6.7752
 41.5517 6.6809
 41.4888 6.604
 41.3796 6.52045
 41.3486 6.4648
 41.4331 6.3479
 41.5735 6.2357
 41.6571 6.21725
 41.6954 6.1959
 41.7022 6.1442
 41.6627 6.05735
 41.6223 5.9767
 41.6506 5.8917
 41.6982 5.84415
 41.6967 5.79965
 41.6877 5.754
 41.6292 5.7327
 41.5469 5.7016
 41.4861 5.70205
 41.5121 5.65115
 41.4776 5.5939
 41.5033 5.4846
 41.5508 5.37715
 41.5476 5.3229
 41.5495 5.28385
 41.551 5.2788
282 2 18
 40.9378 8.9787
 40.4406 9.3469
 40.2914 9.7186
 40.2435 9.953
 40.4817 10.4524
 40.4446 11.4057
 40.2042 12.0137
 40.1928 12.1484
 39.9703 12.3198
 39.7188 12.5963
 39.6736 12.8032
 39.5899 13.0273
 39.482 13.242
 39.4267 13.255
 39.4169 13.2647
 39.485 13.3674
 39.5534 13.4361
 39.5637 13.4312
283 84 10
 3.5732 -17.7579
 4.0451 -16.2196
 5.47145 -16.3018
 7.27785 -16.7229
 8.06685 -17.1869
 8.78375 -17.5343
 9.394 -17.7043
 9.71505 -18.1251
 9.73625 -18.5826
 9.7408 -18.6123
283 56 5
 3.5732 -17.7579
 3.11305 -19.2639
 3.61245 -20.2949
 4.11725 -21.361
 4.1365 -21.4091
284 52 22
 11.9008 -36.815
 11.1861 -35.3068
 11.2449 -34.7873
 11.4211 -34.0971
 11.5824 -33.2751
 11.8385 -32.8783
 11.9026 -32.3296
 11.7042 -31.8382
 11.5697 -31.6097
 11.1759 -31.3813
 10.6046 -31.187
 9.79335 -31.0635
 9.027 -30.9161
 8.6227 -30.9202
 8.09385 -31.447
 7.6365 -32.1126
 7.354 -32.3316
 6.9028 -32.4044
 6.6427 -32.4493
 6.7781 -33.0604
 6.948 -33.8083
 6.9818 -33.966
284 6 4
 11.9008 -36.815
 13.0701 -37.9925
 13.524 -38.184
 13.5485 -38.2032
285 71 24
 12.8559 -25.9209
 13.3428 -26.4885
 13.4692 -26.5186
 13.672 -26.1955
 14.4493 -25.6836
 15.0503 -25.313
 15.1465 -25.0077
 15.333 -24.7112
 15.3708 -24.5641
 15.422 -24.4259
 15.5986 -24.2553
 15.7498 -24.1526
 15.9663 -24.101
 16.1029 -24.0178
 16.0977 -23.956
 16.0368 -23.8384
 16.1464 -23.868
 16.213 -23.7591
 16.2169 -23.6339
 16.2309 -23.5866
 16.261 -23.5527
 16.2981 -23.5075
 16.3286 -23.4889
 16.3395 -23.4888
285 16 16
 12.8559 -25.9209
 12.2089 -25.6046
 12.0233 -25.4912
 11.9169 -25.7756
 11.4095 -26.1608
 10.5132 -27.0506
 10.089 -27.6369
 9.45295 -27.7789
 8.62325 -27.8082
 8.126 -27.5533
 7.76275 -27.3952
 7.6781 -27.3792
 7.5502 -27.3884
 7.2308 -27.7134
 7.007 -28.0438
 6.9847 -28.0604
286 52 21
 15.4367 -31.8011
 14.0181 -32.6086
 13.3892 -33.5238
 12.7188 -33.1039
 11.8385 -32.8783
 11.9026 -32.3296
 11.7042 -31.8382
 11.5697 -31.6097
 11.1759 -31.3813
 10.6046 -31.187
 9.79335 -31.0635
 9.027 -30.9161
 8.6227 -30.9202
 8.09385 -31.447
 7.6365 -32.1126
 7.354 -32.3316
 6.9028 -32.4044
 6.6427 -32.4493
 6.7781 -33.0604
 6.948 -33.8083
 6.9818 -33.966
286 62 12
 15.4367 -31.8011
 17.1634 -31.7757
 18.6461 -31.4825
 19.9128 -31.3522
 20.5845 -31.637
 20.4334 -32.8151
 20.3114 -33.9665
 19.9697 -34.3341
 19.5548 -34.5276
 19.4277 -34.5432
 19.3543 -34.5403
 19.3419 -34.5217
287 71 38
 20.7168 -18.1016
 19.8141 -19.0548
 19.054 -19.409
 19.0089 -19.889
 19.2644 -20.1922
 19.1006 -20.3442
 18.9704 -20.3673
 18.5448 -20.2664
 18.1058 -20.2061
 17.9241 -20.3458
 17.5646 -20.6621
 17.3865 -20.9611
 17.423 -21.0713
 17.3813 -21.0943
 17.2894 -21.1809
 17.1611 -21.4686
 17.0585 -21.7019
 17.1507 -21.8821
 17.2809 -22.0359
 17.2873 -22.1724
 17.1764 -22.3115
 17.1595 -22.3486
 17.3226 -22.609
 17.1871 -22.8705
 16.8706 -23.0089
 16.7448 -23.167
 16.6949 -23.2118
 16.6369 -23.2114
 16.6063 -23.2133
 16.6005 -23.229
 16.6025 -23.2899
 16.5598 -23.3484
 16.4907 -23.3963
 16.474 -23.4604
 16.4485 -23.4962
 16.3877 -23.4941
 16.3527 -23.4848
 16.3395 -23.4888
287 89 7
 20.7168 -18.1016
 21.2967 -16.8083
 21.7806 -16.3723
 22.478 -16.1313
 22.9173 -15.8464
 23.1037 -15.7086
 23.1341 -15.6649
288 93 4
 24.8965 -8.11065
 24.1172 -9.78085
 24.3708 -10.0357
 24.3303 -10.0358
288 55 3
 24.8965 -8.11065
 26.0663 -6.70295
 26.1628 -6.7106
289 14 5
 34.5388 -12.3849
 34.8122 -11.2235
 34.6983 -10.8453
 34.6023 -10.7327
 34.575 -10.7256
289 10 4
 34.5388 -12.3849
 34.2462 -13.4765
 34.3141 -13.722
 34.3564 -13.7647
290 110 5
 28.0963 -23.8329
 28.3389 -23.8824
 28.4995 -24.1874
 28.6863 -24.5256
 28.6897 -24.578
290 86 3
 28.0963 -23.8329
 27.8471 -23.8494
 27.8633 -23.8961
291 105 6
 29.3039 -22.9569
 29.9557 -22.1157
 30.118 -21.6586
 30.1875 -21.5954
 30.1385 -21.5435
 30.1083 -21.5283
291 110 6
 29.3039 -22.9569
 28.5438 -23.6153
 28.3389 -23.8824
 28.4995 -24.1874
 28.6863 -24.5256
 28.6897 -24.578
292 105 6
 31.1625 -23.9412
 29.9557 -22.1157
 30.118 -21.6586
 30.1875 -21.5954
 30.1385 -21.5435
 30.1083 -21.5283
292 61 7
 31.1625 -23.9412
 32.5784 -25.5975
 32.7018 -26.1294
 33.4278 -26.6716
 34.5687 -27.0148
 35.212 -27.2
 35.4525 -27.3136
297 125 16
 -5.1846 82.764
 -5.1815 82.7571
 -5.0443 82.6181
 -5.5337 81.6475
 -6.0007 80.6467
 -5.79235 80.2925
 -5.7974 79.9425
 -5.77165 79.7082
 -5.72415 79.5242
 -5.7706 79.4055
 -5.78915 78.7558
 -5.702 78.0455
 -5.7211 77.2458
 -5.88325 76.3012
 -5.9496 76.0667
 -5.9673 76.0486
298 35 4
 -82.9624 19.4192
 -82.6225 19.4298
 -82.2571 19.4609
 -82.2317 19.4815
