   12.188279141437818     
   23.623015703441528     
   1.6457065157562696     
  0.58737926729880952     
   2.7881845978640882     
   1.7616097586485979     
   1.9089787916782384     
   2.5436530547010174     
   2.4271006093696497     
   1.0503531646394753     
   2.7861814406643832     
   2.0386620044003796     
   2.2425329950648836     
   1.1291968058045752     
   4.7423094613902697     
   2.0287511848476156     
   5.2440659884093659     
   7.5193306544742962     
   1.5670998107657683     
   1.2713408483625603     
   3.2627055468447868     
   2.0313768046007881     
   7.1518453144977423     
   1.7254560712586204     
  0.72976966680382716     
   1.4617808713093492     
   3.2387259339841519     
   1.6789594164444208     
   1.9255175718715545     
   2.6907690238800850     
   1.4203518773100325     
   2.1007860848738416     
   2.9977731586082648     
   1.5156053327100976     
   2.3396721317610507     
   1.5696490282522819     
   7.3149895064770023     
   2.0545296023908937     
   5.2098572509912868     
   2.1810037447400226     
   3.8207023259124191     
   1.9925652723476761     
   2.2945163735195613     
   1.1449267193875279     
  0.88277250365973003     
   1.4213823566063479     
   4.0914594520087455     
   1.0933157902788331     
   3.6358363031931109     
   2.2469057425035701     
   3.3761941080089093     
   7.3786574044773161     
   8.2231828634912265     
   3.2139687742405814     
   1.9278158938914933     
   1.4108363511933315     
   5.2017462972686808     
   2.9756368256315020     
   5.1890172004784416     
   3.1029918517066841     
   1.7692093486666014     
   1.4424421667908265     
   1.8957531126505183     
   1.6192676740977687     
   1.0582083536512823     
  0.71152762748014553     
   3.2236335666358493     
  0.93542614810117408     
   4.6553394115870281     
   1.8330842613591731     
   1.9705059426423421     
   2.2796245133316551     
   2.7081599104257528     
   1.6592553103030057     
   2.9958389565119208     
   1.6776442245467238     
   3.9287297878269762     
   9.5500961204341728     
   4.1210709560259042     
   1.8161997985622862     
   1.6968504499830550     
   2.5114566995845102     
   2.9270944384809363     
  0.75685766686501132     
   7.5487405154233462     
   2.3108126051131190     
   7.1812174019024271     
   1.0723082222942759     
   6.8679345136675600     
   2.9464012307590286     
   10.358909215412613     
   3.6797968817575799     
   2.8884475442414388     
   1.7775731345876118     
   1.8838672257649320     
   1.2294747766281748     
   1.4178503285460808     
   2.3431423846178969     
   3.6713974665677247     
   4.9324273461583203     
   2.1129191567509999     
   1.4707741225341804     
   5.8624114710291133     
   1.4333610641994947     
   6.5160966296820906     
   1.8595299428884080     
   2.6393848014040588     
   5.7803581609129964     
   2.9836291414411389     
   1.7381135595429400     
   4.7871598492949081     
   4.4919138794669857     
   5.6285619359000458     
   2.5454818713773246     
   1.0968046439874852     
  0.69985975119634491     
   7.5599794823359652     
   4.0636777952141143     
   3.2118768890950946     
  0.95237667815162097     
   3.2088427083556832     
   1.8646186140285641     
   1.2568562236024206     
   2.7903408035212367     
   5.8651803445979622     
   3.1528467939876301     
   1.3830239529419890     
   1.9104324525984124     
   4.0370917284660228     
   2.7253853163619848     
   3.4793199484491555     
   1.0854948873477026     
   2.3423349218165681     
   2.4340846703149666     
   8.7718843198441014     
   4.8317592069328805     
   7.4351099944057264     
   3.0766432424071564     
   1.7619536558215589     
   1.1123716508831440     
   4.5223098327215148     
   2.4824369766233394     
   1.5847540158831590     
   1.8854365724312148     
   2.6525470472333668     
   2.1443575279666680     
   1.9710525155475953     
   1.7164646528796315     
   4.8963740951204509     
   2.4749467725907408     
   7.7935878987808769     
   2.0508384013833845     
  0.92784370044911357     
  0.65968053864613263     
   1.9506563039095657     
   1.1973307968857645     
   4.7360380316116446     
   1.3073493388509612     
   3.2135247661039386     
   2.5387816326550769     
   2.2734248651578821     
   1.9385620046961940     
   1.6382946453406455     
  0.81671727045249420     
   1.4794004064003516     
   1.1016145780671405     
   2.6199863119515387     
   1.5459349831564175     
   3.6265707101339948     
   5.4228012237386807     
   13.542243295858679     
   7.9460246304253470     
   3.7565671151999842     
   1.2127607836904073     
   8.6219135816710697     
   3.0224646501325978     
   2.9721547525078904     
   2.2003704962038353     
   2.4230306531779018     
   1.0665749322395550     
   1.8981280754902341     
  0.64370694702376863     
   3.5182889250555762     
   2.3655536924353644     
   4.3589390337189862     
   1.5554112441430332     
   3.2564631583920098     
   2.3025608833003641     
   1.2144850609565985     
   2.0832808503706746     
   2.4115041267182806     
   1.8205707311655925     
   2.9417876760722645     
   3.1924220473079981     
   5.0113205194406136     
   1.6892581540883529     
   1.6878106304421541     
   2.0877695266867820     
   3.1122925906049943     
   1.5556599660374901     
   2.1382927875009345     
   1.2537563718017268     
   6.2962824348237847     
   2.2902364535172950     
   7.1188698982338598     
   2.4753259357065365     
   7.6811214925388747     
   4.0106074332309785     
  0.85781541827974750     
  0.86436293532587039     
   2.4938437015609942     
   2.2502926270796286     
   3.0443261069223331     
   2.7193116413426051     
   2.2904089563905448     
   2.8625461884680821     
   5.2443576372965310     
   2.2188590306818980     
   3.6943625360427790     
   1.7113932106157665     
   1.1293645870040758     
   1.5398428149989303     
   4.7870791397533470     
   7.0204485144772475     
   8.4880028723189511     
   2.1143131893820124     
   7.1465759163586933     
   2.9118262111880031     
   6.8464527906418455     
   1.3047433368752550     
   3.3755907464444150     
   3.3209810996459566     
   4.5613473431473022     
   2.5156564638997772     
   5.0614402120184900     
   1.0262018375759032     
   4.3297702269106315     
  0.59588903973203167     
   1.4976948710107010     
  0.78318604824715432     
   3.9499308601008503     
   5.5665403473265433     
   3.8014798234548075     
   2.9735586437381247     
   1.7118326700007256     
   4.8480075646929519     
   2.0856813479748215     
   4.5548188922493900     
   2.7498915251007920     
   1.9765509405764690     
   2.2648574052657104     
   1.3358762646001114     
   10.877049476776355     
   5.4826654251288822     
   16.270811933413377     
   1.0188084844444700     
   4.5539058160398396     
   2.6341580417062933     
   4.2022243327041355     
   3.0722331815634889     
   5.0158241982472811     
   2.6389614416063836     
   2.9175220074439134     
  0.96751034789174695     
   1.7313964292360531     
   1.4570638681480848     
   1.9002097704671594     
  0.79585120684974553     
   3.1066637854827830     
  0.83571009816421093     
   1.5587551415048955     
  0.70595650242656482     
   1.1659141098009946     
   2.9441268685236710     
   2.4603844663648498     
   2.7629768261861698     
   4.8499068648240184     
   2.8061117354207519     
   7.2767773632047010     
   1.7217023198477404     
   3.0654450026245730     
   4.0947113609780921     
   6.9208684594953596     
   4.8626689037344892     
   4.5738554713403552     
   2.4402663081272973     
   1.9240619740401015     
   1.9271172944834836     
   1.3693229951334669     
   1.2503445730891745     
  0.68646793780610782     
  0.29917570220085477     
   1.2257290472868090     
   1.4553248938526768     
   2.3498941552648627     
   4.0205437592431963     
   3.5933530324625842     
  0.40547227700102506     
