306
148 66 37
 -59.7396 -38.259
 -58.5581 -36.8516
 -57.4982 -36.4134
 -56.7555 -36.7718
 -56.2556 -37.1555
 -56.0214 -37.7073
 -55.9126 -38.2943
 -55.5057 -38.6109
 -55 -39.0004
 -54.967 -39.2843
 -54.7923 -39.4912
 -54.6068 -39.5935
 -54.4988 -39.6245
 -54.1592 -39.8563
 -53.7192 -40.3112
 -53.3523 -40.5023
 -53.3793 -40.9515
 -53.01 -41.437
 -52.8234 -41.7519
 -52.7589 -42.0311
 -52.4987 -42.1641
 -52.211 -42.2336
 -52.078 -42.1392
 -52.0457 -42.247
 -51.9254 -42.3725
 -51.7276 -42.5667
 -51.5353 -42.6831
 -51.4365 -42.7497
 -51.3159 -42.7891
 -51.1634 -42.7791
 -51.0417 -42.7821
 -50.9603 -42.7675
 -50.9231 -42.7425
 -50.9011 -42.7631
 -50.8636 -42.8173
 -50.8346 -42.8691
 -50.8335 -42.8772
148 79 15
 -59.7396 -38.259
 -60.2326 -39.2514
 -60.8686 -39.7931
 -61.5108 -40.329
 -61.8998 -40.6636
 -62.4943 -40.7561
 -63.3302 -40.4905
 -64.548 -40.5862
 -65.2432 -40.7387
 -65.2551 -39.5199
 -65.021 -37.8848
 -64.9918 -37.2672
 -65.6158 -36.8976
 -66.1642 -36.4599
 -66.2891 -36.221
149 130 16
 -47.348 41.6829
 -45.7437 42.7319
 -43.5078 43.9848
 -41.2817 45.8324
 -40.8463 47.3609
 -40.6521 46.4418
 -38.2617 46.1557
 -36.4287 45.9356
 -35.7714 45.8969
 -35.1243 45.6011
 -35.1527 45.2322
 -35.1696 44.9123
 -35.0235 44.5476
 -34.7151 44.3812
 -34.6277 44.2999
 -34.7091 44.1923
149 5 9
 -47.348 41.6829
 -49.8125 41.0059
 -50.912 41.2029
 -51.1875 40.9798
 -51.4035 40.8282
 -51.8877 40.9272
 -52.3803 41.0772
 -52.4979 41.0513
 -52.5041 41.0334
150 15 11
 11.9443 12.8103
 12.1775 13.4482
 12.1411 13.5225
 12.1311 13.5711
 11.9226 14.1032
 11.8948 15.1822
 12.0284 16.3461
 12.1217 17.113
 12.923 17.2432
 13.656 17.2515
 13.7246 17.3132
150 9 8
 11.9443 12.8103
 11.5872 11.8373
 11.5443 11.2808
 11.5809 11.077
 11.6346 10.5784
 11.7877 9.9675
 11.9021 9.83645
 11.9313 9.8591
151 84 16
 20.3587 -9.1769
 20.972 -8.78305
 21.4431 -8.5348
 20.9344 -8.48045
 20.5755 -7.98405
 20.5718 -7.70595
 20.9521 -7.5695
 21.0139 -7.2336
 21.0783 -7.04695
 21.3507 -6.95445
 21.4729 -6.8002
 21.5918 -6.756
 21.8178 -6.69255
 21.9317 -6.62105
 21.943 -6.59065
 21.9436 -6.5813
151 139 4
 20.3587 -9.1769
 19.7927 -9.5466
 19.7755 -9.66155
 19.7922 -9.7341
152 66 59
 -40.4717 -50.7278
 -41.2233 -50.1548
 -41.4219 -49.7337
 -41.4778 -50.0666
 -41.7544 -50.2132
 -42.0086 -50.1534
 -41.9449 -49.9457
 -41.9896 -49.4787
 -42.5576 -49.1791
 -43.094 -48.6738
 -43.4211 -48.1484
 -43.7341 -48.2094
 -43.9016 -48.2078
 -44.0311 -48.09
 -44.236 -47.6877
 -44.5798 -47.3851
 -45.0119 -47.503
 -45.4406 -47.6188
 -46.3347 -47.301
 -47.0514 -47.0886
 -46.8583 -46.4948
 -47.1177 -46.0615
 -47.8036 -46.0432
 -47.9477 -45.5638
 -47.8596 -45.1312
 -48.2542 -45.0788
 -48.6549 -45.0611
 -48.6923 -45.2171
 -48.7186 -44.8316
 -48.5508 -44.3154
 -48.5215 -43.7819
 -48.6774 -43.4905
 -48.6772 -43.4358
 -48.7797 -43.2938
 -49.0437 -43.1723
 -49.2232 -43.2127
 -49.3451 -43.2367
 -49.5822 -43.2746
 -49.7225 -43.4353
 -49.7888 -43.5598
 -49.8736 -43.5688
 -49.9458 -43.6429
 -50.0373 -43.6783
 -50.2148 -43.7105
 -50.3571 -43.6262
 -50.3642 -43.3884
 -50.3903 -43.2408
 -50.43 -43.1209
 -50.4516 -43.0456
 -50.4988 -42.9924
 -50.545 -42.9573
 -50.5845 -42.9997
 -50.6086 -43.0016
 -50.6856 -42.9344
 -50.7561 -42.9256
 -50.7749 -42.924
 -50.8056 -42.8969
 -50.8284 -42.8804
 -50.8335 -42.8772
152 82 9
 -40.4717 -50.7278
 -39.7914 -51.0271
 -39.7036 -51.1724
 -39.6724 -51.5317
 -39.4905 -51.7344
 -39.5231 -51.8237
 -39.6051 -51.934
 -39.5103 -52.0333
 -39.4811 -52.0377
153 79 3
 -66.8351 -36.7439
 -66.1642 -36.4599
 -66.2891 -36.221
153 55 4
 -66.8351 -36.7439
 -67.8183 -36.8907
 -68.062 -36.9772
 -68.1186 -36.9619
154 27 16
 -29.0321 13.9455
 -28.9097 13.3883
 -29.0653 13.1877
 -29.0171 12.6583
 -28.8249 12.0942
 -28.7588 12.0244
 -28.6999 11.8785
 -28.7166 11.7608
 -28.6936 11.8777
 -28.5815 12.0522
 -28.4758 12.2113
 -28.4625 12.2996
 -28.4445 12.3187
 -28.3397 12.3611
 -28.236 12.3747
 -28.2239 12.3606
154 3 11
 -29.0321 13.9455
 -29.5255 14.6765
 -29.9529 15.042
 -30.1065 14.7531
 -30.4446 14.3373
 -30.8769 13.9832
 -31.2019 13.6618
 -31.6086 13.2367
 -31.57 12.7601
 -31.2813 12.5287
 -31.2948 12.4623
155 130 26
 -31.4657 58.419
 -32.0858 54.63
 -33.1531 53.4276
 -33.7203 52.9123
 -34.339 52.4192
 -34.4916 52.1091
 -34.7612 51.8457
 -35.1917 51.0234
 -35.3243 50.2625
 -35.5769 50.0398
 -36.589 49.8832
 -37.4093 50.0575
 -38.4728 49.6998
 -39.9504 48.6595
 -40.8463 47.3609
 -40.6521 46.4418
 -38.2617 46.1557
 -36.4287 45.9356
 -35.7714 45.8969
 -35.1243 45.6011
 -35.1527 45.2322
 -35.1696 44.9123
 -35.0235 44.5476
 -34.7151 44.3812
 -34.6277 44.2999
 -34.7091 44.1923
155 42 4
 -31.4657 58.419
 -32.1418 61.6212
 -32.3767 62.0539
 -32.3056 62.1666
156 127 6
 -19.8383 17.0373
 -20.0581 17.5791
 -20.046 17.6358
 -20.0392 17.9622
 -20.0625 18.2947
 -20.089 18.3159
156 53 7
 -19.8383 17.0373
 -19.2342 16.3704
 -18.7136 16.2449
 -18.5163 16.1821
 -18.3166 15.9603
 -18.2334 15.7996
 -18.2976 15.7569
157 84 26
 24.155 -5.40675
 23.0638 -5.2796
 22.5303 -5.4905
 22.1173 -5.6416
 21.8186 -5.63345
 21.6121 -5.55175
 21.2719 -5.56885
 21.1745 -5.4784
 21.2656 -5.3044
 21.2202 -5.24245
 21.2241 -5.2744
 21.0754 -5.3949
 20.8316 -5.5217
 20.7076 -5.5603
 20.5609 -5.636
 20.4643 -5.75855
 20.7276 -6.3098
 21.0136 -6.82305
 21.1431 -6.96305
 21.3507 -6.95445
 21.4729 -6.8002
 21.5918 -6.756
 21.8178 -6.69255
 21.9317 -6.62105
 21.943 -6.59065
 21.9436 -6.5813
157 41 10
 24.155 -5.40675
 25.4344 -5.6882
 27.1762 -5.6183
 28.479 -5.34385
 28.5793 -5.2757
 28.9208 -5.49105
 30.229 -5.8191
 31.3188 -5.9955
 31.4454 -5.95985
 31.4725 -5.9551
158 34 26
 4.04665 -42.5073
 3.50205 -42.8097
 2.9309 -43.2531
 2.66225 -43.7127
 2.462 -43.8985
 1.95745 -43.9202
 1.47845 -44.3294
 0.8727 -44.7351
 0.2467 -44.9339
 -0.02285 -45.0216
 -0.23945 -45.193
 -0.4849 -45.3307
 -0.5631 -45.4213
 -0.61535 -45.5547
 -0.5516 -45.718
 -0.48455 -45.926
 -0.4817 -46.0138
 -0.3906 -46.0686
 -0.30745 -46.1329
 -0.27095 -46.175
 -0.21105 -46.2628
 -0.2214 -46.382
 -0.26645 -46.4496
 -0.22445 -46.4818
 -0.15415 -46.5379
 -0.1264 -46.5795
158 144 8
 4.04665 -42.5073
 4.64375 -42.3793
 5.0522 -42.3713
 5.1853 -42.415
 5.24005 -42.3739
 5.2767 -42.4568
 5.38445 -42.528
 5.489 -42.5319
159 47 11
 6.92905 -45.3362
 7.5027 -44.9024
 7.8024 -44.8841
 7.92445 -44.8925
 7.90885 -45.0863
 8.04675 -45.4569
 8.61655 -45.7455
 9.02315 -45.7826
 9.46955 -45.6679
 9.89865 -45.4184
 9.9259 -45.2499
159 26 14
 6.92905 -45.3362
 6.4357 -45.8422
 6.29825 -45.9736
 6.4388 -46.1529
 6.55345 -47.1731
 6.4651 -48.2837
 6.5256 -48.6475
 6.89765 -48.6109
 6.7158 -49.1972
 6.25085 -49.6163
 5.59325 -49.7009
 4.9782 -49.9212
 4.48985 -50.0997
 4.477 -50.1048
160 9 9
 12.7431 8.1611
 12.0551 8.7134
 11.854 9.1299
 11.8766 9.5273
 11.8258 9.67465
 11.8496 9.6959
 11.8619 9.76225
 11.9021 9.83645
 11.9313 9.8591
160 23 8
 12.7431 8.1611
 13.3141 7.3279
 13.5846 6.33825
 13.5151 5.70575
 13.3298 5.5409
 13.2488 5.4341
 13.1838 5.378
 13.1742 5.3476
161 101 9
 -20.2762 -37.0413
 -18.7381 -35.652
 -17.9088 -35.0337
 -18.0774 -34.6239
 -18.1626 -34.4893
 -17.6561 -34.1335
 -16.9911 -33.7597
 -16.8096 -33.6518
 -16.7664 -33.6003
161 58 3
 -20.2762 -37.0413
 -20.9065 -38.154
 -20.9314 -38.1821
162 49 7
 -25.3665 -51.1356
 -23.722 -50.3901
 -23.242 -48.8802
 -22.7566 -47.6401
 -22.5334 -47.6251
 -22.3909 -47.5487
 -22.314 -47.4631
162 128 8
 -25.3665 -51.1356
 -26.5812 -50.7954
 -26.9641 -50.7599
 -28.2649 -51.1005
 -28.9675 -50.6917
 -29.0903 -50.5639
 -29.2224 -50.4067
 -29.2935 -50.3845
163 66 52
 -42.7398 -40.6812
 -43.2301 -41.8501
 -43.0706 -42.9875
 -43.4103 -43.5573
 -43.6586 -44.3703
 -44.0493 -45.6152
 -44.4064 -46.4583
 -44.6288 -46.9732
 -44.5798 -47.3851
 -45.0119 -47.503
 -45.4406 -47.6188
 -46.3347 -47.301
 -47.0514 -47.0886
 -46.8583 -46.4948
 -47.1177 -46.0615
 -47.8036 -46.0432
 -47.9477 -45.5638
 -47.8596 -45.1312
 -48.2542 -45.0788
 -48.6549 -45.0611
 -48.6923 -45.2171
 -48.7186 -44.8316
 -48.5508 -44.3154
 -48.5215 -43.7819
 -48.6774 -43.4905
 -48.6772 -43.4358
 -48.7797 -43.2938
 -49.0437 -43.1723
 -49.2232 -43.2127
 -49.3451 -43.2367
 -49.5822 -43.2746
 -49.7225 -43.4353
 -49.7888 -43.5598
 -49.8736 -43.5688
 -49.9458 -43.6429
 -50.0373 -43.6783
 -50.2148 -43.7105
 -50.3571 -43.6262
 -50.3642 -43.3884
 -50.3903 -43.2408
 -50.43 -43.1209
 -50.4516 -43.0456
 -50.4988 -42.9924
 -50.545 -42.9573
 -50.5845 -42.9997
 -50.6086 -43.0016
 -50.6856 -42.9344
 -50.7561 -42.9256
 -50.7749 -42.924
 -50.8056 -42.8969
 -50.8284 -42.8804
 -50.8335 -42.8772
163 100 6
 -42.7398 -40.6812
 -41.3716 -39.9571
 -40.8573 -39.4636
 -41.0041 -39.051
 -40.6676 -38.5068
 -40.193 -38.3113
164 93 23
 -18.4118 34.8402
 -18.4904 36.4577
 -18.2576 37.3799
 -18.6107 37.3257
 -19.7009 37.7662
 -20.6117 38.2628
 -20.8164 38.4526
 -21.1302 38.5081
 -21.2659 38.4127
 -21.4795 38.3492
 -22.2516 38.1591
 -22.8163 37.9999
 -23.2036 38.3911
 -24.2451 38.7856
 -25.2477 38.8646
 -26.3251 38.8988
 -27.285 38.9277
 -27.3233 38.978
 -27.0189 39.5399
 -27.6992 40.4821
 -28.8304 40.7703
 -29.301 40.702
 -29.4384 40.7363
164 45 4
 -18.4118 34.8402
 -18.0241 34.0615
 -18.1164 33.8533
 -18.1259 33.7668
165 44 15
 -21.0863 18.6479
 -21.3463 19.4565
 -21.1488 19.7873
 -21.3135 19.9906
 -22.0287 20.7141
 -22.8256 21.2966
 -23.2327 21.1611
 -23.4253 21.0611
 -23.4769 21.0037
 -23.5294 20.9194
 -23.534 20.8109
 -23.6026 20.7146
 -23.6944 20.6962
 -23.7262 20.6903
 -23.7463 20.6832
165 127 6
 -21.0863 18.6479
 -20.3307 17.8442
 -20.046 17.6358
 -20.0392 17.9622
 -20.0625 18.2947
 -20.089 18.3159
166 30 17
 4.0804 28.2828
 3.15845 28.5375
 2.1592 28.9184
 1.51165 28.9799
 1.00965 29.0779
 0.17115 30.0065
 -0.68155 30.3932
 -1.1916 30.2174
 -1.4472 30.059
 -1.50985 29.8482
 -1.8059 30.0601
 -2.10075 30.2122
 -2.06985 30.4187
 -2.0906 30.6707
 -2.202 30.7106
 -2.2628 30.7113
 -2.2779 30.7229
166 133 8
 4.0804 28.2828
 4.81585 27.2163
 5.2726 26.1779
 5.5281 25.804
 5.73715 25.5869
 5.8478 25.5477
 5.89255 25.5333
 5.8879 25.5272
167 139 19
 24.6662 -14.7903
 24.7052 -14.2275
 24.691 -13.6992
 24.7478 -13.4522
 24.8744 -13.2706
 25.0182 -12.9868
 24.9174 -12.4958
 24.7761 -11.7608
 24.3832 -10.8794
 23.827 -10.2736
 23.5261 -10.2472
 22.9301 -10.5315
 21.689 -11.1146
 20.5966 -11.2277
 20.2602 -10.617
 20 -10.1852
 19.8244 -9.8783
 19.792 -9.76675
 19.7922 -9.7341
167 70 19
 24.6662 -14.7903
 24.5318 -15.1659
 24.2509 -15.6052
 23.9144 -15.9704
 23.6399 -16.3376
 23.5587 -16.522
 23.2339 -16.7127
 22.8522 -17.0919
 22.6637 -17.3479
 22.4595 -17.4091
 22.4383 -17.6218
 22.3637 -17.392
 22.1509 -17.1236
 21.7756 -16.9241
 21.4613 -17.0565
 21.3464 -17.1636
 21.1805 -17.4233
 20.9973 -17.5983
 20.9941 -17.5319
168 129 28
 2.73125 -69.6079
 3.72525 -67.8025
 4.79495 -67.1801
 5.07925 -67.0918
 5.02415 -66.5788
 4.71815 -65.4813
 4.4285 -64.7979
 4.40875 -64.3438
 4.5808 -63.3748
 4.8352 -62.6077
 4.62115 -62.0205
 4.7532 -61.6012
 5.2352 -61.5211
 5.616 -61.3754
 6.7009 -60.7935
 7.51495 -60.2201
 7.49175 -59.9669
 7.53905 -59.6257
 7.6849 -59.2125
 7.9456 -58.7033
 8.163 -58.3906
 8.2387 -58.3192
 8.9424 -57.9593
 9.5996 -57.6469
 10.2766 -57.1349
 11.2011 -56.4672
 11.4533 -56.4241
 11.4453 -56.5416
168 141 7
 2.73125 -69.6079
 2.4284 -70.9531
 2.4426 -71.6121
 2.44515 -72.263
 2.31415 -72.4054
 2.1187 -72.4295
 2.0082 -72.4438
169 36 6
 -29.3418 -59.1329
 -29.2057 -59.2954
 -29.0871 -59.3229
 -29.0084 -59.4115
 -28.9011 -59.5244
 -28.8407 -59.5601
169 51 6
 -29.3418 -59.1329
 -29.5319 -58.8906
 -29.7118 -58.6089
 -30.4827 -58.1712
 -31.2215 -57.9026
 -31.2285 -57.8857
170 62 15
 -23.3584 -64.6271
 -23.2529 -64.1844
 -23.2728 -63.8026
 -23.1847 -63.3654
 -23.2388 -63.1864
 -23.2626 -63.0965
 -23.2121 -62.975
 -23.1327 -62.8672
 -23.0992 -62.819
 -23.0175 -62.7394
 -22.9462 -62.6579
 -22.9149 -62.5994
 -22.8667 -62.5662
 -22.8318 -62.5618
 -22.8187 -62.5601
170 136 11
 -23.3584 -64.6271
 -23.667 -65.35
 -23.6993 -65.7433
 -23.5679 -65.7544
 -23.2219 -65.7915
 -22.7641 -65.8133
 -22.4545 -65.7574
 -22.3647 -65.7868
 -22.3237 -65.8372
 -22.268 -65.8358
 -22.2519 -65.8216
171 1 14
 -14.4683 -57.6155
 -14.1813 -57.7541
 -14.0704 -57.6662
 -13.8074 -57.6411
 -13.6173 -57.7151
 -13.6007 -57.814
 -13.6038 -58.0147
 -13.708 -58.1483
 -13.8223 -58.1988
 -13.7919 -58.2459
 -13.7582 -58.2917
 -13.6898 -58.3456
 -13.6138 -58.3937
 -13.5977 -58.406
171 89 8
 -14.4683 -57.6155
 -14.9703 -57.5659
 -15.3218 -57.6594
 -15.4995 -57.6889
 -15.6424 -57.7371
 -15.7139 -57.859
 -15.6581 -57.9609
 -15.6298 -57.9745
172 62 26
 -20.2738 -59.2249
 -21.2428 -59.9538
 -21.6116 -60.4478
 -21.8503 -60.7732
 -22.1137 -60.9004
 -22.3389 -60.9819
 -22.3465 -61.2575
 -22.3797 -61.4962
 -22.3603 -61.5643
 -22.1999 -61.7086
 -22.0975 -61.8244
 -22.08 -61.9118
 -22.1211 -62.0129
 -22.2131 -62.0764
 -22.3425 -62.0637
 -22.4468 -62.12
 -22.4724 -62.2348
 -22.4981 -62.2866
 -22.5167 -62.3232
 -22.5535 -62.3718
 -22.608 -62.4344
 -22.6527 -62.4525
 -22.7038 -62.446
 -22.7481 -62.455
 -22.7945 -62.5115
 -22.8187 -62.5601
172 73 7
 -20.2738 -59.2249
 -19.2585 -58.6742
 -18.7381 -58.5325
 -18.1302 -58.2173
 -17.8328 -57.794
 -17.8655 -57.6051
 -17.8686 -57.5843
173 100 11
 -44.4821 -33.1713
 -43.7168 -34.3233
 -42.9129 -34.5672
 -42.6417 -35.4194
 -42.3134 -36.5051
 -41.9993 -37.5258
 -41.8549 -38.3498
 -42.2537 -38.6918
 -41.5602 -38.5798
 -40.6676 -38.5068
 -40.193 -38.3113
173 56 12
 -44.4821 -33.1713
 -44.8799 -32.0834
 -45.3731 -31.9971
 -45.8175 -32.4776
 -46.2966 -33.3738
 -46.5528 -34.1628
 -47.0451 -34.9117
 -47.3861 -35.3201
 -47.4879 -35.354
 -47.6055 -35.5742
 -47.6731 -35.8149
 -47.7018 -35.8596
174 49 6
 -22.6442 -45.3652
 -22.895 -46.4027
 -22.5924 -47.0265
 -22.4577 -47.2759
 -22.3165 -47.4258
 -22.314 -47.4631
174 110 12
 -22.6442 -45.3652
 -22.062 -44.6654
 -23.0434 -43.8549
 -23.5507 -42.7086
 -23.7164 -41.8663
 -22.499 -42.0346
 -21.75 -42.1386
 -19.8878 -41.3588
 -18.1677 -40.3317
 -17.5965 -40.6281
 -17.0581 -40.8528
 -17.0368 -40.8271
175 101 14
 -23.7671 -33.9681
 -22.8011 -34.9956
 -22.4792 -35.9312
 -22.4524 -36.5953
 -21.1441 -36.2174
 -19.7677 -35.8941
 -18.7381 -35.652
 -17.9088 -35.0337
 -18.0774 -34.6239
 -18.1626 -34.4893
 -17.6561 -34.1335
 -16.9911 -33.7597
 -16.8096 -33.6518
 -16.7664 -33.6003
175 90 12
 -23.7671 -33.9681
 -24.3722 -32.9998
 -23.8235 -32.2178
 -23.3209 -31.5919
 -23.3854 -30.7206
 -24.3839 -29.5988
 -25.2799 -29.1138
 -25.64 -28.8145
 -26.2838 -28.6279
 -26.5347 -28.5643
 -26.742 -28.5581
 -26.935 -28.5579
176 21 4
 -40.1011 -12.4063
 -39.7379 -11.74
 -39.4942 -11.5065
 -39.4899 -11.4883
176 86 4
 -40.1011 -12.4063
 -40.4916 -13.1382
 -40.7512 -13.448
 -40.7441 -13.4771
177 140 7
 -67.1301 1.2454
 -66.3747 2.49395
 -65.8064 2.7074
 -65.6953 2.68685
 -65.6502 2.8051
 -65.6217 2.87655
 -65.5988 2.8886
177 50 12
 -67.1301 1.2454
 -67.4458 0.0784
 -67.4931 -0.3716
 -67.4323 -0.99865
 -67.297 -1.4637
 -67.2724 -1.95205
 -67.1642 -2.37835
 -67.0206 -3.01865
 -67.4816 -3.5162
 -68.3022 -3.5706
 -68.705 -3.78805
 -68.7233 -3.823
178 76 22
 -57.8316 11.5931
 -58.4758 12.576
 -58.5873 12.6221
 -58.5213 13.0475
 -58.0312 13.9114
 -57.5657 14.8184
 -57.4671 14.9778
 -57.505 15.0782
 -57.381 15.0096
 -57.2741 14.8927
 -57.176 14.8728
 -56.8987 15.1721
 -56.3731 15.6793
 -56.0112 16.1642
 -55.7208 16.4525
 -55.3471 16.8753
 -55.0725 17.4901
 -55.0504 17.904
 -55.1331 18.2918
 -55.1495 18.6733
 -55.2263 18.7858
 -55.2437 18.8007
178 111 3
 -57.8316 11.5931
 -57.3097 10.9157
 -57.2699 10.844
179 39 10
 -65.831 25.0133
 -64.0947 26.3186
 -62.7122 27.1739
 -62.6439 27.0639
 -62.598 27.1218
 -62.2121 27.3425
 -61.7354 27.5548
 -61.5379 27.639
 -61.4055 27.7004
 -61.3415 27.7205
179 6 3
 -65.831 25.0133
 -66.2709 24.775
 -66.2963 24.8703
180 20 9
 -49.2841 27.4077
 -49.7909 26.45
 -50.0742 25.632
 -49.9788 25.2015
 -49.1362 24.9118
 -48.7332 24.3373
 -49.3097 23.3111
 -49.6356 22.3631
 -49.6636 22.3353
180 7 5
 -49.2841 27.4077
 -48.0275 28.4882
 -46.9769 28.7071
 -46.8777 28.5854
 -46.8617 28.5758
181 7 11
 -46.3563 25.3085
 -47.0016 25.6774
 -47.2577 25.9938
 -47.3247 26.1769
 -47.3251 26.2936
 -47.1062 26.8893
 -46.9154 27.586
 -46.8628 27.9149
 -46.7918 28.1899
 -46.8421 28.4498
 -46.8617 28.5758
181 107 10
 -46.3563 25.3085
 -45.5814 24.6266
 -45.1946 24.0215
 -45.1542 23.6611
 -43.971 23.9455
 -42.7182 24.2365
 -42.8274 23.5501
 -41.8202 22.6889
 -40.8308 22.2633
 -40.8401 22.2505
182 76 35
 -51.3609 21.8335
 -52.1231 21.8578
 -52.5923 21.6277
 -52.8234 21.3326
 -52.9291 21.1471
 -53.0379 21.0261
 -53.3551 20.7311
 -53.6629 20.3323
 -53.8314 20.3087
 -54.3957 20.4167
 -54.94 20.2593
 -55.0449 20.0429
 -54.9766 19.7938
 -54.8707 19.5654
 -55.0968 19.616
 -55.3569 19.6973
 -55.4531 19.695
 -55.5294 19.6584
 -55.5867 19.5708
 -55.642 19.4733
 -55.6841 19.3761
 -55.7127 19.2896
 -55.7521 19.2808
 -55.687 19.2481
 -55.6213 19.1803
 -55.5877 19.1598
 -55.5486 19.178
 -55.5486 19.1574
 -55.5593 19.0501
 -55.5204 18.9554
 -55.4872 18.8801
 -55.4263 18.8016
 -55.3501 18.785
 -55.285 18.7902
 -55.2437 18.8007
182 20 7
 -51.3609 21.8335
 -50.5281 21.8503
 -50.1156 21.9682
 -50.0427 22.0867
 -49.8047 22.226
 -49.6544 22.33
 -49.6636 22.3353
183 53 5
 -18.4058 13.8115
 -18.4492 14.9734
 -18.189 15.7439
 -18.2334 15.7996
 -18.2976 15.7569
183 37 7
 -18.4058 13.8115
 -17.9317 13.1954
 -17.5897 12.805
 -17.3881 12.3375
 -17.2807 12.2596
 -17.1974 12.3959
 -17.1718 12.4064
184 69 23
 -17.0378 9.4368
 -18.5057 7.97375
 -18.6126 7.85095
 -18.689 7.73525
 -19.066 7.03365
 -19.2141 6.12365
 -18.9016 5.4397
 -18.7729 4.9044
 -18.8959 4.81245
 -19.1976 4.61175
 -19.4802 4.0048
 -19.7299 3.54895
 -19.8524 3.1397
 -19.4685 1.80065
 -19.1702 0.68895
 -19.5041 0.4182
 -19.6876 0.236
 -19.6413 0.1219
 -19.7033 -0.1936
 -19.6148 -0.6635
 -19.5774 -1.22435
 -19.6685 -1.5728
 -19.6894 -1.605
184 37 9
 -17.0378 9.4368
 -15.6199 10.8263
 -15.5598 10.9387
 -15.5548 11.0798
 -16.2104 11.7358
 -16.9822 12.4267
 -17.1363 12.4403
 -17.1587 12.4056
 -17.1718 12.4064
185 27 13
 -29.2632 11.0926
 -29.0907 11.5152
 -28.8552 11.7423
 -28.7785 11.7652
 -28.7166 11.7608
 -28.6936 11.8777
 -28.5815 12.0522
 -28.4758 12.2113
 -28.4625 12.2996
 -28.4445 12.3187
 -28.3397 12.3611
 -28.236 12.3747
 -28.2239 12.3606
185 143 8
 -29.2632 11.0926
 -29.4042 10.564
 -29.463 10.2407
 -29.3799 10.101
 -29.3746 9.8923
 -29.3191 9.68125
 -29.2868 9.5338
 -29.2652 9.4935
186 145 13
 -27.0305 -4.8772
 -26.8475 -3.93755
 -26.896 -3.0929
 -27.2364 -2.34965
 -27.1061 -1.5616
 -26.797 -1.0785
 -26.913 -0.9616
 -27.152 -0.6975
 -27.2678 -0.46315
 -27.3211 -0.3696
 -27.4238 -0.3078
 -27.5166 -0.29695
 -27.551 -0.3125
186 74 5
 -27.0305 -4.8772
 -27.6349 -5.72865
 -28.4359 -5.963
 -28.7456 -5.8807
 -28.8052 -5.9112
187 69 9
 -20.1781 0.2299
 -19.884 0.14605
 -19.6474 0.1616
 -19.6413 0.1219
 -19.7033 -0.1936
 -19.6148 -0.6635
 -19.5774 -1.22435
 -19.6685 -1.5728
 -19.6894 -1.605
187 77 4
 -20.1781 0.2299
 -21.2078 -0.11565
 -22.1245 -0.5681
 -22.1176 -0.6261
188 97 14
 -15.761 -7.1959
 -15.019 -7.7167
 -14.6255 -8.0074
 -14.2568 -8.2898
 -14.2158 -8.79745
 -14.501 -9.624
 -14.8809 -9.81275
 -15.1756 -9.38855
 -15.5708 -9.3769
 -15.8107 -9.53825
 -15.9484 -9.57765
 -16.6779 -10.3602
 -17.2984 -11.1827
 -17.3096 -11.2356
188 69 15
 -15.761 -7.1959
 -16.6059 -6.522
 -16.9724 -6.1747
 -17.1611 -6.13135
 -17.5946 -5.63095
 -17.8961 -4.7634
 -17.7519 -4.34815
 -18.0273 -4.0987
 -18.7339 -3.80755
 -19.4191 -3.8293
 -19.8121 -3.9149
 -19.8082 -3.0342
 -19.6917 -1.89315
 -19.6885 -1.6084
 -19.6894 -1.605
189 88 14
 4.0228 6.1522
 5.1377 6.2812
 6.2924 5.7403
 6.40755 5.3713
 6.9218 5.25105
 7.44705 5.14465
 7.7156 5.12865
 8.4831 5.2728
 9.02845 5.45225
 9.19665 5.47935
 9.47405 5.51045
 9.7167 5.54545
 9.82605 5.5774
 9.8347 5.5832
189 106 10
 4.0228 6.1522
 3.9895 5.5856
 4.2862 4.99765
 4.55335 4.65735
 4.27135 4.54945
 3.95115 4.34335
 3.4199 4.1522
 2.21605 4.0287
 1.4993 3.96715
 1.4835 3.9548
190 63 16
 -5.0481 26.0114
 -5.52285 26.6439
 -6.0509 27.2205
 -6.21575 27.65
 -6.11305 27.9123
 -6.18665 28.0457
 -6.3202 28.2415
 -6.31545 28.4177
 -6.348 28.4645
 -6.34065 28.49
 -6.24195 28.5044
 -6.11975 28.52
 -6.0212 28.5411
 -5.9355 28.493
 -5.88665 28.4464
 -5.86 28.448
190 64 15
 -5.0481 26.0114
 -4.71015 24.9265
 -4.4698 24.1332
 -4.30555 24.0548
 -4.17285 23.9031
 -4.13525 23.7722
 -4.05135 23.7156
 -3.99675 23.7342
 -3.8266 23.6854
 -3.6819 23.5471
 -3.6763 23.3549
 -3.3034 23.0209
 -2.8861 22.7955
 -2.77515 22.7675
 -2.7234 22.7548
191 8 12
 21.0735 9.414
 21.026 9.78965
 21.337 9.98265
 21.6512 10.1333
 21.6632 10.5712
 21.7119 10.6113
 22.1025 10.4169
 22.4317 10.5152
 22.5394 10.6133
 22.5774 10.6648
 22.6392 10.7168
 22.6721 10.7467
191 32 4
 21.0735 9.414
 21.4681 9.1382
 21.7104 9.00225
 21.7257 8.9826
192 4 10
 23.1767 13.806
 22.6171 14.0124
 21.2611 14.1559
 20.4381 13.8573
 20.7107 14.6404
 20.7339 15.0662
 20.6445 15.8576
 20.5914 16.539
 20.6441 16.7432
 20.634 16.8194
192 8 8
 23.1767 13.806
 22.9735 12.7759
 22.9385 11.7955
 22.8673 11.4612
 22.8019 11.1434
 22.6976 10.8272
 22.6703 10.7754
 22.6721 10.7467
193 83 13
 35.9052 0.53065
 36.1485 -0.04465
 36.296 -0.18905
 36.7803 -0.4983
 37.2233 -0.79885
 37.3417 -0.7551
 37.5908 -0.70885
 37.9461 -0.6162
 38.6573 -0.7335
 39.1945 -1.05325
 39.2266 -1.2461
 39.2358 -1.41125
 39.2255 -1.4922
193 109 3
 35.9052 0.53065
 35.5907 0.99075
 35.4514 1.0076
194 31 3
 27.2694 1.39285
 26.8836 1.5183
 26.8063 1.5178
194 122 4
 27.2694 1.39285
 27.5488 1.2157
 27.5103 1.15465
 27.501 1.1448
195 84 35
 19.0073 -1.8243
 20.1838 -1.94405
 20.5254 -2.2067
 20.7061 -2.43385
 20.7495 -2.7116
 20.57 -2.9993
 20.5234 -3.22895
 20.4578 -3.2662
 20.6416 -3.60095
 20.8672 -4.00565
 20.8902 -4.26355
 20.9596 -4.51555
 21.0578 -4.6242
 21.0552 -4.7397
 20.9767 -4.94765
 21.0401 -5.07155
 21.1215 -5.10175
 21.1709 -5.17025
 21.2202 -5.24245
 21.2241 -5.2744
 21.0754 -5.3949
 20.8316 -5.5217
 20.7076 -5.5603
 20.5609 -5.636
 20.4643 -5.75855
 20.7276 -6.3098
 21.0136 -6.82305
 21.1431 -6.96305
 21.3507 -6.95445
 21.4729 -6.8002
 21.5918 -6.756
 21.8178 -6.69255
 21.9317 -6.62105
 21.943 -6.59065
 21.9436 -6.5813
195 134 11
 19.0073 -1.8243
 17.9958 -1.85045
 17.9968 -1.8251
 18.3537 -1.17865
 19.2038 -0.7705
 19.5996 -0.54065
 19.6133 0.45055
 19.8905 1.10845
 19.8357 1.3403
 19.7887 1.3954
 19.7797 1.4309
196 112 15
 26.2851 -12.779
 27.4953 -12.7733
 27.7855 -12.7856
 28.0607 -12.7223
 28.2813 -12.4502
 28.3492 -12.2952
 28.3891 -12.2584
 28.4058 -12.1959
 28.4736 -12.2125
 28.5562 -12.1834
 28.7094 -12.2048
 28.9244 -12.2201
 29.0264 -12.2044
 29.0839 -12.1885
 29.1206 -12.1798
196 139 16
 26.2851 -12.779
 25.205 -12.7164
 25.0182 -12.9868
 24.9174 -12.4958
 24.7761 -11.7608
 24.3832 -10.8794
 23.827 -10.2736
 23.5261 -10.2472
 22.9301 -10.5315
 21.689 -11.1146
 20.5966 -11.2277
 20.2602 -10.617
 20 -10.1852
 19.8244 -9.8783
 19.792 -9.76675
 19.7922 -9.7341
197 92 17
 21.0281 -41.6038
 20.1402 -40.8809
 19.9274 -40.7295
 19.7544 -40.6627
 19.5921 -40.6096
 19.464 -40.5368
 18.985 -40.8876
 18.1608 -40.9584
 17.3401 -40.7223
 16.8393 -40.7637
 16.5584 -40.4782
 16.1834 -39.4151
 16.0149 -38.4668
 15.9153 -38.4312
 15.6504 -38.8537
 15.3818 -39.1573
 15.3216 -39.173
197 35 3
 21.0281 -41.6038
 21.9292 -42.2848
 22.0223 -42.3057
198 14 9
 18.1371 -25.8633
 18.7489 -25.9866
 18.8407 -26.3012
 18.8091 -26.4181
 18.6538 -26.8413
 18.3538 -27.2717
 18.1378 -27.6354
 18.0579 -27.9932
 18.0303 -28.0643
198 72 11
 18.1371 -25.8633
 17.5127 -25.873
 17.1954 -25.4809
 17.0326 -25.1857
 16.6346 -25.0019
 16.3448 -24.5186
 16.4234 -24.2367
 16.3396 -24.2264
 16.2686 -24.0727
 16.3227 -23.9241
 16.3563 -23.9387
199 95 17
 -10.2081 -22.3699
 -11.312 -21.9566
 -11.3671 -21.3676
 -11.413 -20.6787
 -11.2508 -20.4927
 -11.6498 -20.6101
 -12.2043 -20.8322
 -13.1851 -20.9737
 -13.9685 -20.7044
 -14.198 -20.4356
 -14.5893 -20.7151
 -15.2488 -20.9824
 -15.5982 -20.9505
 -15.702 -21.2919
 -16.0777 -21.5858
 -16.3132 -21.5537
 -16.3168 -21.5505
199 120 14
 -10.2081 -22.3699
 -8.9671 -22.8146
 -8.3004 -23.0191
 -8.13915 -23.5728
 -7.7522 -23.1356
 -7.35445 -22.8077
 -6.8436 -22.2338
 -6.4426 -21.9165
 -6.0505 -21.7329
 -5.75735 -21.6444
 -5.74885 -22.3605
 -5.76785 -23.1469
 -5.7206 -23.3649
 -5.7392 -23.4799
200 12 20
 -12.5296 -67.3418
 -13.2821 -66.9029
 -13.6306 -66.6105
 -13.8167 -66.5385
 -13.9823 -66.4283
 -14.058 -66.312
 -14.0365 -66.0719
 -13.9083 -65.8451
 -13.8972 -65.5843
 -13.9634 -65.3347
 -14.0051 -65.2299
 -13.8457 -65.0375
 -13.6076 -64.7804
 -13.5443 -64.6339
 -13.5673 -64.5318
 -13.6541 -64.3949
 -13.7568 -64.2768
 -13.7806 -64.1815
 -13.7539 -64.1256
 -13.7294 -64.131
200 98 19
 -12.5296 -67.3418
 -11.7626 -67.6145
 -11.2805 -67.7055
 -11.084 -67.6852
 -10.9722 -67.9701
 -11.1891 -68.3781
 -11.5602 -68.5127
 -11.8565 -68.4895
 -12.4436 -68.758
 -13.0184 -68.8028
 -13.3726 -68.7326
 -13.639 -68.9693
 -14.0566 -69.0255
 -13.6698 -69.4333
 -13.4651 -69.9713
 -13.2316 -70.2823
 -13.0455 -70.5219
 -12.9485 -70.5676
 -12.9358 -70.529
201 147 29
 -6.1801 -59.555
 -6.28835 -58.9437
 -6.67905 -58.5467
 -7.5072 -58.3209
 -7.9466 -58.1127
 -7.9119 -57.8281
 -8.0435 -57.6029
 -8.30775 -57.2318
 -8.45895 -56.9845
 -8.53115 -56.8824
 -8.6137 -56.8182
 -8.75085 -56.8158
 -8.91845 -56.8479
 -9.5266 -56.903
 -10.0138 -57.1288
 -9.9938 -57.3186
 -9.96835 -57.4229
 -10.1702 -57.3486
 -10.3867 -57.3531
 -10.4441 -57.3819
 -10.5898 -57.4398
 -10.757 -57.4058
 -10.8021 -57.34
 -10.8048 -57.3905
 -10.8687 -57.4304
 -10.9361 -57.4589
 -10.9613 -57.479
 -11.0184 -57.4712
 -11.0703 -57.4597
201 131 5
 -6.1801 -59.555
 -6.7236 -60.176
 -7.5977 -60.941
 -7.80645 -61.5608
 -7.7906 -61.5623
202 34 15
 -2.8858 -46.7542
 -2.15525 -46.7521
 -1.57465 -46.8692
 -1.3002 -46.8358
 -0.9782 -46.7994
 -0.7197 -46.7393
 -0.5651 -46.6269
 -0.52885 -46.5551
 -0.5146 -46.5189
 -0.5086 -46.4258
 -0.4291 -46.4977
 -0.30875 -46.479
 -0.22445 -46.4818
 -0.15415 -46.5379
 -0.1264 -46.5795
202 28 18
 -2.8858 -46.7542
 -3.2889 -47.0374
 -3.7746 -47.3126
 -4.2335 -47.4929
 -4.40205 -47.3784
 -4.62175 -47.156
 -5.0793 -47.1253
 -5.4954 -47.459
 -5.9203 -47.945
 -6.49845 -48.0639
 -7.0186 -48.2032
 -7.26615 -48.3932
 -7.4654 -48.3225
 -7.91925 -48.3815
 -8.21845 -48.6855
 -8.3617 -48.3963
 -8.5314 -48.2481
 -8.5447 -48.2291
203 129 17
 12.2474 -62.0154
 10.0382 -61.2586
 8.7985 -61.1141
 7.60555 -60.6996
 7.51495 -60.2201
 7.49175 -59.9669
 7.53905 -59.6257
 7.6849 -59.2125
 7.9456 -58.7033
 8.163 -58.3906
 8.2387 -58.3192
 8.9424 -57.9593
 9.5996 -57.6469
 10.2766 -57.1349
 11.2011 -56.4672
 11.4533 -56.4241
 11.4453 -56.5416
203 125 7
 12.2474 -62.0154
 14.7399 -62.9169
 15.6128 -64.3206
 16.5367 -65.8409
 17.1472 -66.3304
 17.2774 -66.3598
 17.2844 -66.2609
204 40 8
 2.94555 32.771
 4.5643 32.3117
 4.81285 32.4622
 4.936 32.5173
 5.02445 32.4811
 5.15135 32.2866
 5.2772 32.1441
 5.3061 32.1753
204 80 15
 2.94555 32.771
 1.4982 33.3216
 1.46025 33.2995
 0.7928 33.4466
 -0.1034 33.6233
 -0.574 33.4872
 -1.0126 33.3505
 -1.8766 33.6912
 -2.77465 34.1679
 -3.1292 34.8358
 -3.23885 33.7083
 -3.43735 32.786
 -3.65285 32.4757
 -3.9064 32.4757
 -3.935 32.4548
205 8 10
 27.2793 9.0936
 26.5035 9.6568
 26.0401 9.782
 25.9207 9.76915
 24.9186 9.79635
 23.4874 10.2317
 22.8391 10.6242
 22.6823 10.6611
 22.6763 10.7332
 22.6721 10.7467
205 31 15
 27.2793 9.0936
 27.9832 9.1075
 28.4921 9.3889
 28.4238 8.83615
 28.1797 7.85675
 28.1621 7.2721
 28.1667 7.25405
 28.0138 6.5625
 27.5703 5.6518
 27.3956 4.8845
 26.7635 3.88485
 26.2868 3.08205
 26.667 2.22695
 26.8005 1.61465
 26.8063 1.5178
206 126 8
 18.8862 -28.1005
 19.7821 -28.3877
 20.023 -28.4683
 20.3703 -28.5779
 20.7803 -29.1249
 20.9468 -29.6066
 20.9847 -29.6553
 20.9774 -29.6886
206 14 4
 18.8862 -28.1005
 18.1291 -27.9132
 18.0577 -28.0129
 18.0303 -28.0643
207 66 24
 -55.0715 -46.4341
 -52.7055 -46.8036
 -51.8382 -46.6789
 -51.6023 -46.5499
 -51.4782 -46.2938
 -51.1569 -46.2714
 -50.8964 -46.3721
 -50.5124 -45.9088
 -50.2304 -45.2449
 -50.4055 -44.8358
 -50.6963 -44.3406
 -50.9455 -44.0244
 -50.9586 -43.7534
 -50.8466 -43.4792
 -50.7326 -43.4111
 -50.6448 -43.3241
 -50.7001 -43.2383
 -50.7757 -43.16
 -50.7778 -43.0461
 -50.7593 -42.9535
 -50.7749 -42.924
 -50.8056 -42.8969
 -50.8284 -42.8804
 -50.8335 -42.8772
207 68 8
 -55.0715 -46.4341
 -55.943 -47.0567
 -55.2509 -48.1869
 -56.6405 -48.3334
 -58.1655 -48.1836
 -58.5242 -47.8461
 -58.6051 -47.7202
 -58.6407 -47.6525
208 145 16
 -24.5401 -3.58335
 -25.1094 -3.8062
 -25.6588 -4.0392
 -26.4137 -4.2756
 -26.8475 -3.93755
 -26.896 -3.0929
 -27.2364 -2.34965
 -27.1061 -1.5616
 -26.797 -1.0785
 -26.913 -0.9616
 -27.152 -0.6975
 -27.2678 -0.46315
 -27.3211 -0.3696
 -27.4238 -0.3078
 -27.5166 -0.29695
 -27.551 -0.3125
208 69 13
 -24.5401 -3.58335
 -23.6343 -3.46375
 -22.7792 -3.5563
 -22.2528 -3.48605
 -21.8398 -3.29095
 -21.1914 -3.64945
 -20.5641 -4.06305
 -20.2291 -3.9852
 -19.8121 -3.9149
 -19.8082 -3.0342
 -19.6917 -1.89315
 -19.6885 -1.6084
 -19.6894 -1.605
209 29 13
 -54.0841 11.6613
 -53.7092 12.459
 -53.4107 13.5177
 -52.9909 14.1253
 -52.5295 14.179
 -52.476 14.2102
 -52.4528 14.2264
 -52.3874 14.2132
 -52.27 14.1623
 -51.8468 13.9386
 -51.381 14.0281
 -51.2728 14.3081
 -51.264 14.3013
209 117 4
 -54.0841 11.6613
 -54.3918 10.8731
 -54.6208 10.3689
 -54.6124 10.3335
210 22 11
 -47.7049 15.7541
 -48.2902 16.4749
 -48.3399 16.9141
 -48.8854 17.0418
 -49.5413 17.0206
 -49.7204 16.9317
 -50.4674 16.6113
 -51.3406 16.1035
 -51.4538 15.6069
 -51.3693 15.3573
 -51.3481 15.355
210 10 5
 -47.7049 15.7541
 -46.9122 15.2457
 -46.5048 15.048
 -46.3408 14.9377
 -46.3458 14.9199
211 69 6
 -18.2706 -1.46365
 -19.0602 -1.47945
 -19.3006 -1.2607
 -19.5627 -1.2523
 -19.6685 -1.5728
 -19.6894 -1.605
211 116 3
 -18.2706 -1.46365
 -17.4332 -1.66655
 -17.322 -1.8073
212 144 16
 10.6637 -39.1866
 9.1475 -38.7107
 8.47175 -39.0728
 7.832 -39.7655
 7.20845 -39.8442
 6.6136 -40.0988
 6.08785 -40.4709
 5.7117 -40.8248
 5.3937 -41.4008
 5.36065 -41.8569
 5.3039 -42.22
 5.233 -42.3411
 5.24005 -42.3739
 5.2767 -42.4568
 5.38445 -42.528
 5.489 -42.5319
212 92 15
 10.6637 -39.1866
 12.0142 -38.7887
 12.3929 -38.0019
 12.4867 -37.9889
 12.6931 -37.9744
 12.8502 -37.9487
 13.1955 -37.4151
 13.6206 -36.8687
 13.8207 -36.8857
 14.9616 -37.5574
 15.9827 -38.2467
 15.9153 -38.4312
 15.6504 -38.8537
 15.3818 -39.1573
 15.3216 -39.173
213 12 19
 -8.66165 -64.3097
 -9.1323 -64.1185
 -9.98555 -63.9137
 -10.6837 -63.8488
 -10.8246 -63.538
 -10.7642 -64.0442
 -11.2313 -64.8017
 -11.8237 -65.2543
 -12.3665 -65.1889
 -12.8495 -65.1124
 -13.202 -64.8972
 -13.4655 -64.6006
 -13.5059 -64.5248
 -13.5673 -64.5318
 -13.6541 -64.3949
 -13.7568 -64.2768
 -13.7806 -64.1815
 -13.7539 -64.1256
 -13.7294 -64.131
213 0 5
 -8.66165 -64.3097
 -8.1862 -64.4488
 -7.8433 -64.6233
 -7.71905 -64.6333
 -7.7097 -64.623
214 18 11
 1.8117 -53.736
 0.494 -53.1264
 -0.3005 -53.1297
 -2.18885 -52.7095
 -4.07935 -52.3873
 -4.2416 -52.2104
 -4.2568 -52.0033
 -4.16525 -51.8038
 -4.3983 -51.3497
 -4.6544 -50.9539
 -4.6623 -50.9328
214 54 3
 1.8117 -53.736
 2.38635 -54.5976
 2.3693 -54.6587
215 13 4
 -37.8344 -58.339
 -38.9006 -58.5396
 -39.1223 -58.6578
 -39.157 -58.6949
215 17 3
 -37.8344 -58.339
 -36.8606 -58.3025
 -36.7661 -58.3856
216 146 16
 -23.4417 -13.6789
 -23.3254 -15.3446
 -22.5425 -16.1283
 -21.8445 -16.2899
 -21.4159 -16.7156
 -21.2505 -17.0975
 -21.2657 -17.5312
 -21.3054 -18.1891
 -21.2492 -18.7053
 -21.3461 -18.9774
 -21.587 -19.4381
 -21.7354 -19.856
 -21.4632 -20.2793
 -21.2734 -20.6309
 -21.3785 -20.7954
 -21.4214 -20.819
216 97 12
 -23.4417 -13.6789
 -22.7752 -12.6066
 -22.4688 -12.2427
 -22.2234 -11.691
 -21.4804 -10.7528
 -20.1639 -9.35505
 -19.6637 -8.14955
 -18.6171 -9.0712
 -17.9438 -9.8979
 -17.6477 -10.5711
 -17.3148 -11.1821
 -17.3096 -11.2356
217 38 21
 -50.0085 -22.097
 -49.2949 -21.4674
 -48.7609 -20.8962
 -48.3421 -19.3421
 -48.6593 -18.4399
 -48.6779 -18.0285
 -47.6248 -16.9277
 -47.0379 -16.1924
 -46.8702 -15.8734
 -47.1761 -14.5686
 -47.362 -13.2677
 -47.252 -12.4218
 -47.9016 -11.4077
 -48.5811 -11.0416
 -48.5258 -10.4019
 -48.2586 -9.49635
 -48.0629 -9.1927
 -47.9231 -9.0689
 -47.5527 -8.92015
 -47.2149 -8.9608
 -47.1803 -9.0706
217 81 19
 -50.0085 -22.097
 -50.952 -23.9382
 -51.8951 -24.8568
 -52.3734 -23.77
 -52.8519 -22.9583
 -53.1536 -22.129
 -53.586 -20.6315
 -54.0134 -19.8235
 -54.5258 -19.7046
 -55.2958 -19.9231
 -55.5529 -20.1238
 -55.6392 -20.4314
 -55.7719 -20.7918
 -56.072 -21.2449
 -56.3662 -21.6646
 -56.4827 -21.6534
 -56.9783 -21.4912
 -57.6753 -21.445
 -57.9379 -21.5292
218 66 21
 -50.3412 -40.165
 -50.0986 -41.1066
 -50.4108 -41.4862
 -50.7233 -41.7663
 -50.7646 -41.9792
 -50.8355 -42.1521
 -50.877 -42.2714
 -50.8958 -42.3854
 -50.9139 -42.4571
 -50.8119 -42.5481
 -50.7071 -42.6075
 -50.6936 -42.6311
 -50.7227 -42.6828
 -50.6984 -42.7445
 -50.6959 -42.7811
 -50.745 -42.8013
 -50.7824 -42.8581
 -50.7749 -42.924
 -50.8056 -42.8969
 -50.8284 -42.8804
 -50.8335 -42.8772
218 99 5
 -50.3412 -40.165
 -50.6067 -39.3417
 -50.2155 -38.9242
 -49.8489 -38.5121
 -49.8409 -38.4635
219 76 25
 -60.0397 11.0845
 -59.9902 11.5263
 -60.0112 11.767
 -59.6879 11.9103
 -58.9452 12.1657
 -58.5873 12.6221
 -58.5213 13.0475
 -58.0312 13.9114
 -57.5657 14.8184
 -57.4671 14.9778
 -57.505 15.0782
 -57.381 15.0096
 -57.2741 14.8927
 -57.176 14.8728
 -56.8987 15.1721
 -56.3731 15.6793
 -56.0112 16.1642
 -55.7208 16.4525
 -55.3471 16.8753
 -55.0725 17.4901
 -55.0504 17.904
 -55.1331 18.2918
 -55.1495 18.6733
 -55.2263 18.7858
 -55.2437 18.8007
219 71 18
 -60.0397 11.0845
 -60.235 10.466
 -60.9368 9.6033
 -62.0236 9.041
 -62.6541 8.8779
 -62.7889 8.7137
 -62.9275 8.6982
 -63.0828 8.787
 -63.2451 8.7199
 -63.3479 8.5634
 -63.4128 8.4708
 -63.5299 8.43695
 -63.6183 8.3882
 -63.8279 8.2636
 -64.0977 8.08955
 -64.4012 7.90195
 -64.6247 7.7471
 -64.659 7.7128
220 76 26
 -63.3504 23.9853
 -61.9529 22.8705
 -61.2162 22.4595
 -60.6524 22.1071
 -60.2845 21.0917
 -59.3938 20.1817
 -57.9379 20.0536
 -57.1797 19.6876
 -57.0013 19.2297
 -56.8781 19.1525
 -56.6351 19.1159
 -56.1924 19.0487
 -55.9187 18.9557
 -55.7791 18.9067
 -55.661 19.0161
 -55.6266 19.1164
 -55.5877 19.1598
 -55.5486 19.178
 -55.5486 19.1574
 -55.5593 19.0501
 -55.5204 18.9554
 -55.4872 18.8801
 -55.4263 18.8016
 -55.3501 18.785
 -55.285 18.7902
 -55.2437 18.8007
220 39 11
 -63.3504 23.9853
 -64.8594 25.0807
 -64.0947 26.3186
 -62.7122 27.1739
 -62.6439 27.0639
 -62.598 27.1218
 -62.2121 27.3425
 -61.7354 27.5548
 -61.5379 27.639
 -61.4055 27.7004
 -61.3415 27.7205
221 7 18
 -52.1722 34.8514
 -52.1236 34.2113
 -51.9803 33.6198
 -52.0126 32.406
 -51.9883 31.609
 -51.4859 32.1459
 -51.0413 32.6756
 -50.6363 32.821
 -49.1908 32.4671
 -47.8902 31.8674
 -47.5903 31.807
 -47.3426 31.4562
 -46.8831 31.0262
 -46.738 30.4076
 -46.7825 29.3733
 -46.7436 28.7748
 -46.8484 28.6003
 -46.8617 28.5758
221 5 9
 -52.1722 34.8514
 -52.2404 35.9995
 -52.27 37.6268
 -51.9174 39.3791
 -51.5676 40.4847
 -51.8877 40.9272
 -52.3803 41.0772
 -52.4979 41.0513
 -52.5041 41.0334
222 3 14
 -35.6404 12.5104
 -34.7738 12.5754
 -33.8398 13.0753
 -32.9691 13.2743
 -32.6106 13.1467
 -32.6374 12.9298
 -32.7159 12.6874
 -32.6388 12.5949
 -32.4156 12.5551
 -32.2309 12.6213
 -32.014 12.8069
 -31.57 12.7601
 -31.2813 12.5287
 -31.2948 12.4623
222 16 20
 -35.6404 12.5104
 -36.2555 12.6082
 -36.8531 12.7253
 -37.3249 13.0064
 -37.6328 13.3141
 -38.4325 13.5793
 -39.3109 13.934
 -39.7982 14.3766
 -40.4042 14.785
 -41.0704 14.8568
 -41.3792 14.8659
 -41.6041 15.1334
 -42.0199 15.4317
 -42.486 15.7689
 -43.4893 16.3045
 -44.2336 17.2776
 -43.9165 18.1957
 -43.5642 18.5097
 -43.3567 18.5377
 -43.2862 18.6004
223 23 18
 17.3277 1.9611
 17.8479 2.49785
 17.8538 2.726
 17.7443 2.81065
 17.419 2.92725
 16.5452 3.4851
 15.899 4.0098
 15.7782 4.3839
 15.6957 5.0243
 15.2826 5.64005
 14.874 5.9989
 14.8575 6.0778
 14.6231 5.9558
 13.901 5.6739
 13.3445 5.50305
 13.2488 5.4341
 13.1838 5.378
 13.1742 5.3476
223 134 16
 17.3277 1.9611
 16.4668 1.37095
 16.0137 1.14895
 16.1381 0.8576
 16.2696 0.75705
 16.9603 0.94245
 17.927 0.32735
 18.4012 -0.37915
 18.3537 -1.17865
 19.2038 -0.7705
 19.5996 -0.54065
 19.6133 0.45055
 19.8905 1.10845
 19.8357 1.3403
 19.7887 1.3954
 19.7797 1.4309
224 114 9
 31.923 4.64255
 31.3946 3.93315
 30.9683 3.8275
 30.9104 3.8529
 31.0155 3.66625
 31.2362 3.10465
 31.4566 2.1738
 31.4245 1.61145
 31.3257 1.5713
224 33 4
 31.923 4.64255
 32.0628 5.7009
 32.0118 6.2095
 31.9431 6.2718
225 83 13
 35.6179 -0.76565
 36.1856 -0.25365
 36.296 -0.18905
 36.7803 -0.4983
 37.2233 -0.79885
 37.3417 -0.7551
 37.5908 -0.70885
 37.9461 -0.6162
 38.6573 -0.7335
 39.1945 -1.05325
 39.2266 -1.2461
 39.2358 -1.41125
 39.2255 -1.4922
225 60 11
 35.6179 -0.76565
 34.7326 -1.4089
 33.8862 -1.3619
 33.0899 -0.93225
 32.6346 -0.96285
 32.5 -1.294
 32.2943 -1.6235
 31.9655 -1.79475
 31.8302 -1.75815
 31.7662 -1.76345
 31.7364 -1.7732
226 48 32
 42.0237 -15.1754
 41.0987 -13.7107
 41.3603 -13.2221
 41.3297 -13.0549
 41.2369 -12.2297
 40.418 -11.3105
 39.7956 -11.5843
 39.5052 -12.5826
 38.4071 -13.2194
 37.6328 -13.3764
 36.7449 -13.2373
 35.863 -13.3375
 35.722 -13.611
 35.4651 -13.5539
 35.1393 -13.3922
 35.0249 -13.0048
 34.4431 -12.4228
 33.4253 -12.149
 32.7048 -12.4311
 32.3811 -12.7353
 32.2655 -12.7825
 32.1729 -12.8705
 32.1154 -12.9713
 32.0789 -13.0359
 31.6764 -12.8307
 31.1655 -12.6068
 31.0148 -12.6707
 30.815 -12.6611
 30.5226 -12.5222
 30.3953 -12.4035
 30.3662 -12.36
 30.3431 -12.36
226 121 12
 42.0237 -15.1754
 43.3937 -16.5048
 43.5966 -16.9298
 43.8586 -17.2461
 44.5418 -17.9547
 45.4044 -18.6024
 45.5398 -19.4727
 45.2544 -20.2059
 45.4242 -21.6985
 45.547 -23.2006
 45.4913 -23.2416
 45.4632 -23.2534
227 124 10
 19.6815 -21.2428
 19.4958 -21.7496
 19.3354 -21.9767
 19.2455 -22.0323
 19.1341 -22.4373
 19.0351 -22.8544
 19.0173 -23.0911
 19.1482 -23.3291
 19.2953 -23.3588
 19.3256 -23.3519
227 87 4
 19.6815 -21.2428
 19.8638 -21.0079
 19.9986 -21.1018
 20.0217 -21.1187
228 14 13
 14.0777 -28.0385
 14.6106 -28.4957
 15.2605 -28.4963
 15.438 -28.6079
 15.6024 -28.3997
 15.8073 -28.237
 16.1578 -28.0669
 16.3507 -27.9651
 16.507 -27.9876
 16.8707 -28.1778
 17.5702 -28.2084
 18.0196 -28.0748
 18.0303 -28.0643
228 43 3
 14.0777 -28.0385
 14.165 -27.2931
 14.1423 -27.2437
229 135 18
 -7.56455 -29.3513
 -7.5891 -30.4489
 -7.83005 -30.4482
 -7.85235 -30.4195
 -8.2101 -30.5021
 -8.4999 -30.5875
 -8.84135 -31.1662
 -8.99345 -32.1772
 -8.7922 -32.7479
 -8.6828 -33.0726
 -8.60895 -33.327
 -8.1076 -34.1988
 -8.4106 -35.3236
 -9.217 -35.6227
 -9.22905 -35.7026
 -9.28115 -35.8572
 -9.3629 -36.0259
 -9.4016 -36.0951
229 120 14
 -7.56455 -29.3513
 -7.91765 -28.1684
 -7.925 -27.9192
 -7.70215 -27.1016
 -7.2208 -26.1549
 -6.7831 -25.6483
 -6.13915 -25.2404
 -5.50525 -24.9328
 -5.28875 -24.8139
 -5.36295 -24.6567
 -5.4043 -24.2566
 -5.6003 -23.7283
 -5.73095 -23.4948
 -5.7392 -23.4799
230 1 20
 -14.1712 -61.5107
 -14.4137 -60.9146
 -14.3099 -60.5368
 -14.2867 -60.3014
 -14.2235 -60.0148
 -14.3183 -60.0832
 -14.6268 -59.8752
 -15.0291 -59.5272
 -14.9011 -59.3305
 -14.476 -58.9696
 -14.1989 -58.6402
 -13.979 -58.5067
 -13.9065 -58.3822
 -13.9146 -58.3078
 -13.8528 -58.239
 -13.7919 -58.2459
 -13.7582 -58.2917
 -13.6898 -58.3456
 -13.6138 -58.3937
 -13.5977 -58.406
230 12 17
 -14.1712 -61.5107
 -13.7378 -62.0078
 -13.5124 -62.343
 -13.4088 -62.5195
 -13.4223 -62.6406
 -13.4431 -62.6835
 -13.4578 -62.7924
 -13.3772 -63.0812
 -13.4062 -63.3806
 -13.5353 -63.5055
 -13.6066 -63.6316
 -13.6849 -63.7415
 -13.7545 -63.8015
 -13.783 -63.8931
 -13.7579 -63.997
 -13.7327 -64.0884
 -13.7294 -64.131
231 51 14
 -35.5545 -58.3739
 -34.6445 -58.2884
 -34.4671 -58.1024
 -34.4485 -58.1071
 -34.3181 -58.099
 -34.1451 -58.0202
 -34.0445 -57.8887
 -33.6095 -57.9214
 -32.7249 -57.9084
 -32.1134 -57.8113
 -31.8461 -57.7997
 -31.4969 -57.7982
 -31.2676 -57.8496
 -31.2285 -57.8857
231 17 4
 -35.5545 -58.3739
 -36.5091 -58.304
 -36.7416 -58.3645
 -36.7661 -58.3856
232 51 27
 -38.0248 -54.4466
 -37.1508 -53.7388
 -36.3419 -53.7151
 -36.2702 -53.8709
 -36.0816 -54.2113
 -35.7738 -54.6118
 -35.5938 -54.9842
 -35.4772 -55.1563
 -35.3483 -55.2346
 -35.2136 -55.2397
 -34.4941 -55.3602
 -33.7328 -55.479
 -33.6429 -55.3467
 -33.6004 -55.5286
 -34.0213 -56.2273
 -34.4568 -56.8479
 -34.2014 -57.0721
 -34.0734 -57.5973
 -34.1383 -57.9213
 -34.0445 -57.8887
 -33.6095 -57.9214
 -32.7249 -57.9084
 -32.1134 -57.8113
 -31.8461 -57.7997
 -31.4969 -57.7982
 -31.2676 -57.8496
 -31.2285 -57.8857
232 94 8
 -38.0248 -54.4466
 -37.9055 -55.546
 -38.4058 -55.8624
 -39.4693 -56.1542
 -40.2796 -56.2515
 -40.9425 -56.0139
 -41.1346 -56.0743
 -41.1297 -56.1091
233 82 10
 -37.6449 -52.0811
 -38.3629 -51.7235
 -38.4645 -51.5732
 -38.6783 -51.6921
 -39.0867 -51.7115
 -39.3614 -51.7973
 -39.5231 -51.8237
 -39.6051 -51.934
 -39.5103 -52.0333
 -39.4811 -52.0377
233 51 30
 -37.6449 -52.0811
 -36.9627 -52.7127
 -36.7294 -52.8941
 -36.6848 -52.9847
 -36.3987 -53.2443
 -36.2831 -53.5836
 -36.2702 -53.8709
 -36.0816 -54.2113
 -35.7738 -54.6118
 -35.5938 -54.9842
 -35.4772 -55.1563
 -35.3483 -55.2346
 -35.2136 -55.2397
 -34.4941 -55.3602
 -33.7328 -55.479
 -33.6429 -55.3467
 -33.6004 -55.5286
 -34.0213 -56.2273
 -34.4568 -56.8479
 -34.2014 -57.0721
 -34.0734 -57.5973
 -34.1383 -57.9213
 -34.0445 -57.8887
 -33.6095 -57.9214
 -32.7249 -57.9084
 -32.1134 -57.8113
 -31.8461 -57.7997
 -31.4969 -57.7982
 -31.2676 -57.8496
 -31.2285 -57.8857
234 51 35
 -32.2185 -51.156
 -33.1697 -51.5857
 -33.9767 -51.981
 -34.7625 -52.2292
 -35.4107 -52.3338
 -35.5188 -52.3522
 -36.0967 -52.6124
 -36.7294 -52.8941
 -36.6848 -52.9847
 -36.3987 -53.2443
 -36.2831 -53.5836
 -36.2702 -53.8709
 -36.0816 -54.2113
 -35.7738 -54.6118
 -35.5938 -54.9842
 -35.4772 -55.1563
 -35.3483 -55.2346
 -35.2136 -55.2397
 -34.4941 -55.3602
 -33.7328 -55.479
 -33.6429 -55.3467
 -33.6004 -55.5286
 -34.0213 -56.2273
 -34.4568 -56.8479
 -34.2014 -57.0721
 -34.0734 -57.5973
 -34.1383 -57.9213
 -34.0445 -57.8887
 -33.6095 -57.9214
 -32.7249 -57.9084
 -32.1134 -57.8113
 -31.8461 -57.7997
 -31.4969 -57.7982
 -31.2676 -57.8496
 -31.2285 -57.8857
234 128 7
 -32.2185 -51.156
 -31.5802 -50.9304
 -31.2449 -50.854
 -30.6624 -50.283
 -29.8201 -49.8348
 -29.407 -50.1708
 -29.2935 -50.3845
235 62 47
 -26.6369 -58.7757
 -27.2255 -60.2872
 -27.3438 -60.9143
 -27.1168 -61.547
 -26.847 -62.4466
 -26.8624 -62.7791
 -26.8762 -62.9355
 -26.7784 -63.1253
 -26.7801 -63.2995
 -26.7806 -63.4446
 -26.6526 -63.6085
 -26.45 -63.7971
 -26.2849 -63.8322
 -26.1495 -63.7885
 -26.0324 -63.7934
 -25.9394 -63.7869
 -25.8362 -63.75
 -25.7432 -63.688
 -25.6168 -63.6488
 -25.5015 -63.4119
 -25.3885 -63.1955
 -25.2795 -63.2801
 -25.3576 -63.1408
 -25.4285 -62.9874
 -25.423 -62.8305
 -25.3629 -62.7781
 -25.1066 -62.8056
 -24.8163 -62.6118
 -24.6907 -62.4498
 -24.5611 -62.2631
 -24.3348 -62.032
 -23.9832 -62.1974
 -23.7687 -62.3973
 -23.6494 -62.5009
 -23.4779 -62.5501
 -23.4032 -62.4531
 -23.3879 -62.381
 -23.3478 -62.4562
 -23.2772 -62.5182
 -23.1931 -62.5087
 -23.1512 -62.4969
 -23.0868 -62.5405
 -22.9903 -62.6138
 -22.9149 -62.5994
 -22.8667 -62.5662
 -22.8318 -62.5618
 -22.8187 -62.5601
235 19 3
 -26.6369 -58.7757
 -26.1674 -57.8629
 -26.1655 -57.8451
236 62 45
 -27.6661 -60.8592
 -27.1168 -61.547
 -26.847 -62.4466
 -26.8624 -62.7791
 -26.8762 -62.9355
 -26.7784 -63.1253
 -26.7801 -63.2995
 -26.7806 -63.4446
 -26.6526 -63.6085
 -26.45 -63.7971
 -26.2849 -63.8322
 -26.1495 -63.7885
 -26.0324 -63.7934
 -25.9394 -63.7869
 -25.8362 -63.75
 -25.7432 -63.688
 -25.6168 -63.6488
 -25.5015 -63.4119
 -25.3885 -63.1955
 -25.2795 -63.2801
 -25.3576 -63.1408
 -25.4285 -62.9874
 -25.423 -62.8305
 -25.3629 -62.7781
 -25.1066 -62.8056
 -24.8163 -62.6118
 -24.6907 -62.4498
 -24.5611 -62.2631
 -24.3348 -62.032
 -23.9832 -62.1974
 -23.7687 -62.3973
 -23.6494 -62.5009
 -23.4779 -62.5501
 -23.4032 -62.4531
 -23.3879 -62.381
 -23.3478 -62.4562
 -23.2772 -62.5182
 -23.1931 -62.5087
 -23.1512 -62.4969
 -23.0868 -62.5405
 -22.9903 -62.6138
 -22.9149 -62.5994
 -22.8667 -62.5662
 -22.8318 -62.5618
 -22.8187 -62.5601
236 36 5
 -27.6661 -60.8592
 -28.353 -60.7245
 -28.768 -60.175
 -28.8309 -59.6274
 -28.8407 -59.5601
237 89 14
 -17.0763 -57.9114
 -16.7498 -58.1596
 -16.7527 -58.4652
 -16.6916 -58.3956
 -16.3973 -58.2592
 -16.1241 -58.1436
 -16.0874 -58.0663
 -16.0602 -57.9846
 -15.9827 -57.9631
 -15.8965 -57.9622
 -15.8041 -57.9927
 -15.709 -58.0374
 -15.6507 -58.0159
 -15.6298 -57.9745
237 73 8
 -17.0763 -57.9114
 -17.4048 -57.8684
 -17.4112 -57.6355
 -17.5545 -57.441
 -17.7176 -57.4151
 -17.7971 -57.5006
 -17.8614 -57.5864
 -17.8686 -57.5843
238 66 48
 -42.2103 -46.2158
 -43.5433 -46.4624
 -44.4064 -46.4583
 -44.6288 -46.9732
 -44.5798 -47.3851
 -45.0119 -47.503
 -45.4406 -47.6188
 -46.3347 -47.301
 -47.0514 -47.0886
 -46.8583 -46.4948
 -47.1177 -46.0615
 -47.8036 -46.0432
 -47.9477 -45.5638
 -47.8596 -45.1312
 -48.2542 -45.0788
 -48.6549 -45.0611
 -48.6923 -45.2171
 -48.7186 -44.8316
 -48.5508 -44.3154
 -48.5215 -43.7819
 -48.6774 -43.4905
 -48.6772 -43.4358
 -48.7797 -43.2938
 -49.0437 -43.1723
 -49.2232 -43.2127
 -49.3451 -43.2367
 -49.5822 -43.2746
 -49.7225 -43.4353
 -49.7888 -43.5598
 -49.8736 -43.5688
 -49.9458 -43.6429
 -50.0373 -43.6783
 -50.2148 -43.7105
 -50.3571 -43.6262
 -50.3642 -43.3884
 -50.3903 -43.2408
 -50.43 -43.1209
 -50.4516 -43.0456
 -50.4988 -42.9924
 -50.545 -42.9573
 -50.5845 -42.9997
 -50.6086 -43.0016
 -50.6856 -42.9344
 -50.7561 -42.9256
 -50.7749 -42.924
 -50.8056 -42.8969
 -50.8284 -42.8804
 -50.8335 -42.8772
238 115 4
 -42.2103 -46.2158
 -41.1458 -45.4208
 -40.2174 -44.7721
 -39.8133 -44.5633
239 28 34
 -15.8708 -40.6599
 -14.691 -40.7826
 -14.4046 -40.5638
 -14.0749 -40.2667
 -13.8536 -40.2471
 -13.2934 -40.8461
 -12.8539 -41.4329
 -12.6329 -41.4984
 -11.4648 -42.5143
 -10.3627 -43.5709
 -9.8108 -43.8993
 -9.51135 -44.6466
 -9.3071 -45.3808
 -8.65335 -45.6798
 -7.87805 -45.463
 -7.4088 -45.1894
 -7.1747 -45.1826
 -6.50495 -45.1046
 -5.752 -45.6012
 -5.2947 -46.4242
 -4.9751 -46.8961
 -4.62175 -47.156
 -5.0793 -47.1253
 -5.4954 -47.459
 -5.9203 -47.945
 -6.49845 -48.0639
 -7.0186 -48.2032
 -7.26615 -48.3932
 -7.4654 -48.3225
 -7.91925 -48.3815
 -8.21845 -48.6855
 -8.3617 -48.3963
 -8.5314 -48.2481
 -8.5447 -48.2291
239 110 4
 -15.8708 -40.6599
 -17.0186 -40.6238
 -17.0266 -40.7668
 -17.0368 -40.8271
240 135 18
 -16.1555 -34.0306
 -15.4284 -34.509
 -14.702 -34.553
 -13.8126 -34.6334
 -13.4034 -34.7303
 -13.2139 -34.3252
 -12.8297 -33.9593
 -12.507 -33.8734
 -11.988 -33.743
 -11.2316 -33.487
 -10.7895 -33.3186
 -10.2943 -33.7001
 -9.5721 -34.8299
 -9.217 -35.6227
 -9.22905 -35.7026
 -9.28115 -35.8572
 -9.3629 -36.0259
 -9.4016 -36.0951
240 101 3
 -16.1555 -34.0306
 -16.7285 -33.6378
 -16.7664 -33.6003
241 97 10
 -13.8021 -11.5198
 -14.6845 -10.4607
 -14.8809 -9.81275
 -15.1756 -9.38855
 -15.5708 -9.3769
 -15.8107 -9.53825
 -15.9484 -9.57765
 -16.6779 -10.3602
 -17.2984 -11.1827
 -17.3096 -11.2356
241 137 9
 -13.8021 -11.5198
 -12.6084 -12.3526
 -11.9415 -12.8741
 -11.0221 -12.8195
 -9.94505 -12.6224
 -9.03095 -12.5621
 -8.5787 -12.233
 -8.6064 -12.0854
 -8.6109 -11.9714
242 59 7
 -34.7346 -21.6152
 -33.7831 -19.8745
 -33.7466 -18.6016
 -33.8782 -17.2647
 -33.7892 -16.1804
 -34.1036 -16.0006
 -34.1121 -16.0001
242 104 4
 -34.7346 -21.6152
 -35.2002 -23.3129
 -35.2842 -24.1978
 -35.2913 -24.2847
243 146 24
 -23.7372 -28.2352
 -23.349 -27.8854
 -23.1746 -27.7678
 -23.0289 -27.4906
 -22.9002 -27.1653
 -22.4168 -26.9794
 -21.9227 -26.6007
 -21.6919 -26.2875
 -21.691 -25.7457
 -21.7078 -25.2038
 -21.5867 -25.1301
 -21.132 -24.5954
 -20.7245 -24.0322
 -20.7857 -23.9241
 -20.9493 -23.3778
 -21.3056 -22.584
 -21.9286 -22.1971
 -22.2714 -22.0816
 -22.2466 -21.8407
 -21.9681 -21.5271
 -21.642 -21.2731
 -21.5351 -20.9874
 -21.4438 -20.8294
 -21.4214 -20.819
243 90 7
 -23.7372 -28.2352
 -24.6608 -28.7108
 -25.64 -28.8145
 -26.2838 -28.6279
 -26.5347 -28.5643
 -26.742 -28.5581
 -26.935 -28.5579
244 100 17
 -34.432 -26.7435
 -32.8732 -28.395
 -31.7029 -29.3627
 -31.2653 -30.6329
 -31.024 -32.233
 -31.4102 -32.4293
 -33.4133 -32.5223
 -36.3033 -33.314
 -37.5602 -34.1398
 -37.9524 -35.1688
 -38.3741 -36.3578
 -38.7495 -36.7997
 -38.9457 -36.94
 -39.1595 -37.3364
 -39.5717 -37.5221
 -39.9938 -37.8725
 -40.193 -38.3113
244 104 4
 -34.432 -26.7435
 -34.9945 -25.2971
 -35.2271 -24.411
 -35.2913 -24.2847
245 66 40
 -60.2261 -27.9581
 -60.5602 -29.8914
 -60.953 -31.3349
 -59.7565 -32.4912
 -58.1963 -34.1398
 -57.5258 -35.5539
 -56.7555 -36.7718
 -56.2556 -37.1555
 -56.0214 -37.7073
 -55.9126 -38.2943
 -55.5057 -38.6109
 -55 -39.0004
 -54.967 -39.2843
 -54.7923 -39.4912
 -54.6068 -39.5935
 -54.4988 -39.6245
 -54.1592 -39.8563
 -53.7192 -40.3112
 -53.3523 -40.5023
 -53.3793 -40.9515
 -53.01 -41.437
 -52.8234 -41.7519
 -52.7589 -42.0311
 -52.4987 -42.1641
 -52.211 -42.2336
 -52.078 -42.1392
 -52.0457 -42.247
 -51.9254 -42.3725
 -51.7276 -42.5667
 -51.5353 -42.6831
 -51.4365 -42.7497
 -51.3159 -42.7891
 -51.1634 -42.7791
 -51.0417 -42.7821
 -50.9603 -42.7675
 -50.9231 -42.7425
 -50.9011 -42.7631
 -50.8636 -42.8173
 -50.8346 -42.8691
 -50.8335 -42.8772
245 81 13
 -60.2261 -27.9581
 -60.7447 -26.0613
 -61.4854 -24.552
 -62.007 -24.4164
 -62.2719 -24.2552
 -62.1481 -24.0283
 -61.3849 -23.1183
 -60.2201 -21.6717
 -60.4929 -20.7495
 -59.6377 -21.0681
 -58.8077 -21.2965
 -57.9777 -21.5191
 -57.9379 -21.5292
246 50 22
 -76.8998 -14.8237
 -75.1682 -14.4057
 -73.4607 -14.4883
 -72.4809 -15.0194
 -71.7816 -15.0721
 -71.4277 -13.7287
 -71.0482 -12.2665
 -70.8911 -10.9257
 -69.8574 -10.4121
 -68.8461 -10.9412
 -67.2424 -12.5865
 -66.5052 -11.7811
 -67.4258 -8.593
 -68.6606 -7.3716
 -69.5939 -6.1498
 -69.4829 -5.33175
 -69.1024 -4.96595
 -68.6736 -4.51165
 -68.8009 -4.1687
 -68.8102 -3.9145
 -68.7446 -3.8277
 -68.7233 -3.823
246 118 8
 -76.8998 -14.8237
 -77.679 -14.9547
 -77.866 -14.5915
 -78.1562 -12.7563
 -78.4322 -10.8237
 -77.8736 -10.0492
 -77.4398 -9.63005
 -77.3581 -9.5933
247 118 8
 -78.4395 -16.5093
 -77.679 -14.9547
 -77.866 -14.5915
 -78.1562 -12.7563
 -78.4322 -10.8237
 -77.8736 -10.0492
 -77.4398 -9.63005
 -77.3581 -9.5933
247 52 6
 -78.4395 -16.5093
 -80.8571 -17.6469
 -82.1945 -17.4232
 -81.9549 -18.3904
 -81.745 -19.8116
 -81.8339 -20.3908
248 140 8
 -65.8504 5.62395
 -65.0544 4.74025
 -65.1136 4.21265
 -65.3052 3.8098
 -65.425 3.3769
 -65.5592 3.0129
 -65.5999 2.8905
 -65.5988 2.8886
248 71 8
 -65.8504 5.62395
 -66.5744 6.372
 -66.5097 7.09665
 -66.1888 7.67955
 -65.5116 7.6392
 -64.9469 7.61855
 -64.7475 7.6939
 -64.659 7.7128
249 38 15
 -40.3899 -10.5331
 -41.2897 -9.6671
 -41.5229 -9.2706
 -41.8622 -8.81125
 -42.3228 -8.58
 -42.8944 -8.03905
 -43.2779 -7.68085
 -43.6209 -7.8325
 -44.0934 -7.7018
 -45.0474 -7.4239
 -46.1967 -7.63175
 -46.8148 -8.08945
 -47.1007 -8.58095
 -47.2149 -8.9608
 -47.1803 -9.0706
249 21 3
 -40.3899 -10.5331
 -39.4951 -11.4345
 -39.4899 -11.4883
250 117 6
 -53.3828 5.70085
 -53.8988 6.9477
 -53.8796 7.26325
 -54.2102 8.65915
 -54.5357 10.1684
 -54.6124 10.3335
250 2 4
 -53.3828 5.70085
 -51.7264 4.9512
 -50.6863 5.27685
 -50.6855 5.3691
251 140 18
 -55.1389 0.7572
 -55.2657 2.50315
 -56.482 3.59175
 -57.9044 4.27325
 -58.7461 4.7916
 -59.1692 4.58755
 -59.7757 4.4779
 -60.6433 3.854
 -62.4408 2.62095
 -63.8431 2.6999
 -64.0809 3.45395
 -64.7322 3.7078
 -65.2576 3.98615
 -65.3052 3.8098
 -65.425 3.3769
 -65.5592 3.0129
 -65.5999 2.8905
 -65.5988 2.8886
251 38 17
 -55.1389 0.7572
 -55.2545 -0.65875
 -54.9224 -1.52135
 -54.6841 -1.97775
 -53.9005 -2.5368
 -52.6741 -2.88185
 -51.3263 -3.01505
 -50.4261 -3.0904
 -50.3326 -3.18585
 -50.1887 -4.36665
 -48.9853 -5.80165
 -47.7082 -6.595
 -47.0824 -7.49795
 -46.8148 -8.08945
 -47.1007 -8.58095
 -47.2149 -8.9608
 -47.1803 -9.0706
252 22 5
 -51.406 14.6307
 -51.4362 15.0784
 -51.3453 15.2701
 -51.3484 15.3424
 -51.3481 15.355
252 29 3
 -51.406 14.6307
 -51.2728 14.3081
 -51.264 14.3013
253 76 12
 -56.3295 15.4104
 -56.8987 15.1721
 -56.3731 15.6793
 -56.0112 16.1642
 -55.7208 16.4525
 -55.3471 16.8753
 -55.0725 17.4901
 -55.0504 17.904
 -55.1331 18.2918
 -55.1495 18.6733
 -55.2263 18.7858
 -55.2437 18.8007
253 96 3
 -56.3295 15.4104
 -55.9583 15.4347
 -55.9498 15.413
254 76 41
 -54.1191 25.7109
 -54.2711 24.4991
 -54.6139 23.2551
 -54.5365 22.6237
 -54.5205 22.416
 -54.3145 22.2397
 -54.0777 21.8867
 -54.0366 21.7031
 -53.9066 21.5444
 -53.5027 21.2323
 -53.1862 21.0513
 -53.0379 21.0261
 -53.3551 20.7311
 -53.6629 20.3323
 -53.8314 20.3087
 -54.3957 20.4167
 -54.94 20.2593
 -55.0449 20.0429
 -54.9766 19.7938
 -54.8707 19.5654
 -55.0968 19.616
 -55.3569 19.6973
 -55.4531 19.695
 -55.5294 19.6584
 -55.5867 19.5708
 -55.642 19.4733
 -55.6841 19.3761
 -55.7127 19.2896
 -55.7521 19.2808
 -55.687 19.2481
 -55.6213 19.1803
 -55.5877 19.1598
 -55.5486 19.178
 -55.5486 19.1574
 -55.5593 19.0501
 -55.5204 18.9554
 -55.4872 18.8801
 -55.4263 18.8016
 -55.3501 18.785
 -55.285 18.7902
 -55.2437 18.8007
254 119 5
 -54.1191 25.7109
 -54.748 26.4659
 -55.1195 27.0522
 -55.1685 27.277
 -55.2194 27.2753
255 76 22
 -51.8165 17.0085
 -51.9765 17.3541
 -52.0424 17.673
 -52.0042 17.8923
 -52.0804 17.9439
 -52.4529 17.9464
 -52.7823 18.0252
 -53.0568 18.294
 -53.2483 18.636
 -53.5143 18.5798
 -54.1569 18.3653
 -54.5621 18.4506
 -54.5877 18.645
 -54.6886 18.6717
 -54.9373 18.8087
 -55.0513 19.0013
 -55.0844 19.0356
 -55.1258 19.0108
 -55.1308 18.9623
 -55.1954 18.8735
 -55.2492 18.8162
 -55.2437 18.8007
255 22 7
 -51.8165 17.0085
 -51.5722 16.688
 -51.2875 16.4195
 -51.3406 16.1035
 -51.4538 15.6069
 -51.3693 15.3573
 -51.3481 15.355
256 107 12
 -44.4541 20.2468
 -44.8806 22.0122
 -44.936 22.3419
 -45.281 22.659
 -45.3225 23.194
 -45.1542 23.6611
 -43.971 23.9455
 -42.7182 24.2365
 -42.8274 23.5501
 -41.8202 22.6889
 -40.8308 22.2633
 -40.8401 22.2505
256 16 5
 -44.4541 20.2468
 -43.8004 18.6687
 -43.5642 18.5097
 -43.3567 18.5377
 -43.2862 18.6004
257 3 16
 -27.6031 16.0028
 -28.4502 16.3222
 -28.7021 16.2675
 -29.0968 16.1095
 -29.525 15.8548
 -29.6937 15.4502
 -29.8366 15.0979
 -29.9529 15.042
 -30.1065 14.7531
 -30.4446 14.3373
 -30.8769 13.9832
 -31.2019 13.6618
 -31.6086 13.2367
 -31.57 12.7601
 -31.2813 12.5287
 -31.2948 12.4623
257 46 8
 -27.6031 16.0028
 -26.8371 15.7826
 -26.6251 16.0045
 -26.2923 16.1152
 -25.9725 16.1978
 -25.8549 16.2636
 -25.7979 16.3323
 -25.7878 16.3676
258 93 10
 -31.7759 36.9576
 -31.6173 37.532
 -31.9362 38.7034
 -32.409 39.8861
 -32.3764 40.0151
 -31.8832 40.7319
 -30.8531 41.065
 -29.8432 40.7356
 -29.4862 40.7229
 -29.4384 40.7363
258 123 7
 -31.7759 36.9576
 -31.7036 35.0817
 -31.5002 33.6449
 -32.6098 32.8856
 -33.7675 32.028
 -33.8718 31.7846
 -33.923 31.7375
259 93 9
 -34.3896 41.8719
 -33.8175 41.1074
 -32.9 40.3945
 -32.3764 40.0151
 -31.8832 40.7319
 -30.8531 41.065
 -29.8432 40.7356
 -29.4862 40.7229
 -29.4384 40.7363
259 130 5
 -34.3896 41.8719
 -34.4303 42.5101
 -34.5806 43.35
 -34.7069 44.1278
 -34.7091 44.1923
260 45 7
 -15.0513 31.8993
 -16.4205 32.5191
 -17.4772 32.486
 -17.7687 33.0814
 -18.0664 33.6755
 -18.1112 33.7375
 -18.1259 33.7668
260 85 3
 -15.0513 31.8993
 -14.6843 31.2201
 -14.6536 31.2279
261 44 28
 -15.0617 29.9962
 -14.7504 28.486
 -14.5437 27.586
 -15.231 27.0939
 -15.9613 26.6883
 -16.2256 26.6758
 -16.6211 26.0189
 -17.1386 25.1806
 -17.3348 24.9833
 -17.821 24.4069
 -18.4516 23.8727
 -18.8188 23.709
 -19.6845 23.576
 -20.585 23.7402
 -20.8363 23.85
 -21.3031 23.4138
 -22.2775 22.7497
 -22.9473 22.6447
 -23.3605 22.0819
 -23.7851 21.3605
 -23.9758 21.2558
 -23.9748 21.1473
 -23.9796 21.0076
 -24.0486 20.9249
 -23.9328 20.8624
 -23.8149 20.7751
 -23.7676 20.7194
 -23.7463 20.6832
261 85 5
 -15.0617 29.9962
 -14.8182 30.8556
 -14.6386 31.0477
 -14.6427 31.1487
 -14.6536 31.2279
262 44 17
 -24.3805 16.6217
 -23.8868 16.7467
 -23.6698 16.9133
 -23.6017 17.573
 -23.9599 18.0422
 -24.0285 18.1276
 -23.8951 18.5629
 -23.8565 18.9841
 -23.8405 19.3645
 -23.9434 19.7309
 -23.9328 20.0185
 -23.8693 20.2583
 -23.8187 20.3803
 -23.7323 20.4853
 -23.6665 20.56
 -23.7052 20.6272
 -23.7463 20.6832
262 46 5
 -24.3805 16.6217
 -25.2367 16.3934
 -25.7048 16.3104
 -25.7751 16.3728
 -25.7878 16.3676
263 53 13
 -14.5872 20.2833
 -15.097 19.0725
 -15.2987 17.8916
 -15.3387 16.4398
 -15.0795 16.1749
 -15.5855 16.4776
 -16.2605 16.5974
 -16.703 16.4298
 -17.2369 16.4065
 -17.9787 16.2593
 -18.2448 16.0112
 -18.2334 15.7996
 -18.2976 15.7569
263 108 3
 -14.5872 20.2833
 -14.1372 21.5186
 -14.1545 21.5663
264 57 9
 -9.95405 1.98635
 -11.1672 2.35645
 -11.7633 3.0581
 -12.1376 3.52305
 -12.6861 3.08065
 -13.1719 2.54685
 -12.905 1.5776
 -12.5091 0.65095
 -12.3713 0.6237
264 25 12
 -9.95405 1.98635
 -8.7927 2.32625
 -7.95975 3.0573
 -7.33125 3.32655
 -6.38455 3.65465
 -5.3395 4.4219
 -5.51785 4.8165
 -6.4077 5.29445
 -7.3144 5.7788
 -7.0085 6.60715
 -6.99005 7.4362
 -6.9646 7.465
265 25 10
 -4.1567 0.77995
 -5.05085 2.81715
 -5.17535 3.67775
 -5.2073 4.312
 -5.51785 4.8165
 -6.4077 5.29445
 -7.3144 5.7788
 -7.0085 6.60715
 -6.99005 7.4362
 -6.9646 7.465
265 61 6
 -4.1567 0.77995
 -4.1617 -1.7472
 -5.02415 -3.0832
 -5.07755 -3.6768
 -4.96885 -4.32905
 -4.8771 -4.4684
266 106 17
 -2.94525 4.46665
 -1.70515 3.9273
 -1.14345 3.84015
 -1.0451 3.79795
 -0.8822 3.1613
 -0.56565 2.6691
 -0.24545 2.66025
 -0.1116 3.2948
 -0.06695 4.03115
 0.0172 4.1303
 0.17585 4.09415
 0.3259 4.035
 0.5621 4.09925
 0.8716 4.28105
 1.22545 4.17715
 1.48785 3.98235
 1.4835 3.9548
266 25 9
 -2.94525 4.46665
 -4.4496 4.2761
 -5.2073 4.312
 -5.51785 4.8165
 -6.4077 5.29445
 -7.3144 5.7788
 -7.0085 6.60715
 -6.99005 7.4362
 -6.9646 7.465
267 105 11
 7.8421 -6.9826
 6.9434 -6.22095
 6.58505 -5.83095
 6.5914 -5.7749
 6.7127 -5.3458
 6.9253 -4.51655
 6.9732 -3.8786
 6.69795 -3.33365
 6.1399 -2.4119
 5.78065 -1.72895
 5.7645 -1.5965
267 132 4
 7.8421 -6.9826
 8.96135 -7.6097
 9.75505 -7.82565
 9.9804 -7.7781
268 134 19
 12.0927 -0.30675
 13.4114 0.9044
 14.2515 1.22315
 15.1243 1.4862
 15.5597 1.30885
 16.0137 1.14895
 16.1381 0.8576
 16.2696 0.75705
 16.9603 0.94245
 17.927 0.32735
 18.4012 -0.37915
 18.3537 -1.17865
 19.2038 -0.7705
 19.5996 -0.54065
 19.6133 0.45055
 19.8905 1.10845
 19.8357 1.3403
 19.7887 1.3954
 19.7797 1.4309
268 105 13
 12.0927 -0.30675
 10.9708 -2.01275
 10.3209 -3.2314
 9.47895 -3.96855
 8.95195 -4.19265
 7.89905 -4.3357
 7.199 -4.1687
 6.9253 -4.51655
 6.9732 -3.8786
 6.69795 -3.33365
 6.1399 -2.4119
 5.78065 -1.72895
 5.7645 -1.5965
269 23 10
 11.3864 5.47035
 11.7989 5.4112
 11.8971 5.6059
 12.0727 5.4839
 12.4436 5.3932
 12.6251 5.21845
 12.7652 5.18825
 13.0162 5.28175
 13.1446 5.3286
 13.1742 5.3476
269 88 7
 11.3864 5.47035
 10.8589 5.61025
 10.4992 5.6574
 10.205 5.7244
 9.96275 5.64125
 9.85075 5.5626
 9.8347 5.5832
270 64 16
 1.9948 19.169
 1.38355 19.4379
 0.86995 19.2612
 0.7671 19.542
 0.15285 20.1105
 -0.899 21.0322
 -1.8738 21.6175
 -2.14995 21.8027
 -2.34865 21.9538
 -2.38695 22.2481
 -2.40255 22.3429
 -2.44255 22.4495
 -2.49245 22.5979
 -2.609 22.7178
 -2.706 22.7659
 -2.7234 22.7548
270 15 19
 1.9948 19.169
 3.03515 19.1184
 3.9807 18.9824
 4.31375 18.752
 5.37015 18.5252
 6.51225 18.3265
 7.32155 18.3255
 8.60595 18.6059
 9.21155 18.9055
 9.2922 19.159
 9.5131 19.9064
 9.9351 20.3545
 10.84 20.2768
 11.6926 19.9215
 12.0639 19.1711
 12.3963 18.2519
 13.0763 17.4796
 13.656 17.2515
 13.7246 17.3132
271 106 29
 -4.8899 9.9317
 -4.04785 9.54665
 -3.6659 10.2174
 -3.26025 10.6362
 -2.30315 11.0577
 -1.3656 11.4797
 -1.63605 10.6283
 -1.8726 9.3978
 -1.77225 8.4493
 -1.72205 7.5039
 -1.6218 7.0653
 -1.3674 6.834
 -0.99445 6.4493
 -0.78845 6.23185
 -0.7598 5.9968
 -0.7277 5.045
 -0.65455 4.26205
 -0.4895 4.2285
 -0.25765 4.2618
 -0.0955 4.27145
 -0.0325 4.19515
 0.0172 4.1303
 0.17585 4.09415
 0.3259 4.035
 0.5621 4.09925
 0.8716 4.28105
 1.22545 4.17715
 1.48785 3.98235
 1.4835 3.9548
271 37 21
 -4.8899 9.9317
 -5.9062 10.5545
 -6.2196 10.4844
 -7.3241 10.8659
 -8.6777 10.9097
 -9.1593 10.3134
 -10.4074 9.7693
 -11.5554 9.46385
 -11.5795 9.6131
 -12.2239 9.7409
 -12.9397 9.9332
 -13.1199 10.0879
 -14.3159 10.3596
 -15.496 10.7078
 -15.5598 10.9387
 -15.5548 11.0798
 -16.2104 11.7358
 -16.9822 12.4267
 -17.1363 12.4403
 -17.1587 12.4056
 -17.1718 12.4064
272 30 14
 -3.5201 32.0677
 -3.54375 31.6458
 -3.4998 31.4595
 -3.3978 31.1941
 -3.08995 31.0488
 -2.7905 31.1063
 -2.69265 31.264
 -2.634 31.1229
 -2.52675 30.9862
 -2.42895 30.9281
 -2.3973 30.903
 -2.36165 30.7972
 -2.30335 30.7228
 -2.2779 30.7229
272 80 4
 -3.5201 32.0677
 -3.65285 32.4757
 -3.9064 32.4757
 -3.935 32.4548
273 30 17
 -5.07445 29.4879
 -4.7209 30.0662
 -4.4663 30.4236
 -4.16815 30.7008
 -3.87825 30.9923
 -3.69855 31.1605
 -3.3978 31.1941
 -3.08995 31.0488
 -2.7905 31.1063
 -2.69265 31.264
 -2.634 31.1229
 -2.52675 30.9862
 -2.42895 30.9281
 -2.3973 30.903
 -2.36165 30.7972
 -2.30335 30.7228
 -2.2779 30.7229
273 63 9
 -5.07445 29.4879
 -5.1965 29.0243
 -5.3152 28.7423
 -5.49565 28.6293
 -5.59025 28.538
 -5.67555 28.5176
 -5.75265 28.5
 -5.814 28.4635
 -5.86 28.448
274 11 9
 0.0891 39.9727
 -0.4625 40.82
 -0.7069 41.4819
 -1.0167 42.0627
 -1.25875 42.6313
 -1.31695 43.0276
 -1.3991 43.2217
 -1.41425 43.3114
 -1.4238 43.3194
274 113 4
 0.0891 39.9727
 0.82655 37.9312
 1.206 36.3604
 1.2046 36.3496
275 80 15
 0.69425 35.0293
 0.8402 33.5288
 1.46025 33.2995
 0.7928 33.4466
 -0.1034 33.6233
 -0.574 33.4872
 -1.0126 33.3505
 -1.8766 33.6912
 -2.77465 34.1679
 -3.1292 34.8358
 -3.23885 33.7083
 -3.43735 32.786
 -3.65285 32.4757
 -3.9064 32.4757
 -3.935 32.4548
275 113 3
 0.69425 35.0293
 1.1992 36.3418
 1.2046 36.3496
276 133 18
 13.1411 24.6631
 11.665 24.4628
 10.9198 24.8269
 10.7538 24.9651
 10.3907 25.0752
 10.0647 25.2132
 9.831 25.9938
 8.84025 26.1653
 7.9728 25.3253
 7.8872 25.0214
 7.91365 24.7711
 7.61145 24.7258
 6.9608 25.2066
 6.44765 25.5646
 6.19055 25.6
 6.00745 25.5679
 5.89255 25.5333
 5.8879 25.5272
276 78 4
 13.1411 24.6631
 13.7845 25.7952
 13.5382 26.5181
 13.4907 26.5368
277 133 16
 10.5155 23.4569
 10.7003 24.7801
 10.3907 25.0752
 10.0647 25.2132
 9.831 25.9938
 8.84025 26.1653
 7.9728 25.3253
 7.8872 25.0214
 7.91365 24.7711
 7.61145 24.7258
 6.9608 25.2066
 6.44765 25.5646
 6.19055 25.6
 6.00745 25.5679
 5.89255 25.5333
 5.8879 25.5272
277 15 12
 10.5155 23.4569
 10.268 22.1171
 9.92875 21.3716
 9.66305 20.61
 9.9351 20.3545
 10.84 20.2768
 11.6926 19.9215
 12.0639 19.1711
 12.3963 18.2519
 13.0763 17.4796
 13.656 17.2515
 13.7246 17.3132
278 91 9
 21.879 17.6434
 22.9072 18.497
 23.5993 18.8005
 24.9349 18.8417
 25.755 18.6091
 25.9889 18.2845
 26.6213 17.6733
 27.1781 17.3592
 27.2379 17.3709
278 4 3
 21.879 17.6434
 20.7816 16.8392
 20.634 16.8194
279 31 14
 29.5145 9.79855
 28.903 9.3748
 28.4238 8.83615
 28.1797 7.85675
 28.1621 7.2721
 28.1667 7.25405
 28.0138 6.5625
 27.5703 5.6518
 27.3956 4.8845
 26.7635 3.88485
 26.2868 3.08205
 26.667 2.22695
 26.8005 1.61465
 26.8063 1.5178
279 102 4
 29.5145 9.79855
 29.9117 10.1364
 29.9007 10.2568
 29.8655 10.3256
280 102 11
 33.5483 8.6365
 33.2674 9.40915
 33.1119 9.5849
 32.7141 9.59225
 31.9483 9.56215
 31.3523 9.6643
 31.2281 9.62785
 31.0406 9.6436
 30.418 9.94635
 29.9007 10.2568
 29.8655 10.3256
280 33 9
 33.5483 8.6365
 33.1235 7.61325
 32.209 6.96205
 31.8815 6.556
 31.7529 6.505
 31.7331 6.4694
 31.8188 6.35815
 31.9264 6.27685
 31.9431 6.2718
281 122 14
 30.2877 -1.24775
 29.2807 -0.6715
 28.5685 -0.6764
 28.3427 -0.73125
 28.166 -0.71505
 28.0845 -0.64665
 28.0182 -0.68575
 27.9215 -0.72555
 27.8403 -0.6623
 27.7982 -0.2853
 27.6811 0.2686
 27.5285 0.80975
 27.4985 1.12375
 27.501 1.1448
281 60 4
 30.2877 -1.24775
 31.1793 -1.78275
 31.6938 -1.75255
 31.7364 -1.7732
282 60 19
 30.4921 -4.6572
 31.2836 -4.03535
 32.5808 -4.05015
 33.4134 -4.1492
 33.3757 -3.59825
 33.62 -2.99505
 33.7256 -3.1142
 34.3759 -3.6793
 34.9279 -2.79335
 34.6353 -1.5398
 33.8862 -1.3619
 33.0899 -0.93225
 32.6346 -0.96285
 32.5 -1.294
 32.2943 -1.6235
 31.9655 -1.79475
 31.8302 -1.75815
 31.7662 -1.76345
 31.7364 -1.7732
282 41 4
 30.4921 -4.6572
 30.923 -5.5415
 31.4599 -5.94725
 31.4725 -5.9551
283 75 4
 19.478 -13.3004
 18.0564 -13.2751
 16.9882 -12.8935
 16.9758 -12.8977
283 139 8
 19.478 -13.3004
 20.0961 -12.4074
 20.3629 -11.3477
 20.2602 -10.617
 20 -10.1852
 19.8244 -9.8783
 19.792 -9.76675
 19.7922 -9.7341
284 48 13
 29.5374 -12.2763
 29.6798 -12.3375
 29.8241 -12.257
 29.9424 -12.2122
 30.0002 -12.2256
 30.1099 -12.2263
 30.1913 -12.2052
 30.2214 -12.2424
 30.2397 -12.3319
 30.2328 -12.4052
 30.2799 -12.4045
 30.335 -12.372
 30.3431 -12.36
284 112 4
 29.5374 -12.2763
 29.2896 -12.1854
 29.1273 -12.1903
 29.1206 -12.1798
285 70 9
 20.104 -20.263
 20.7583 -19.372
 20.9507 -19.0634
 20.7309 -18.5474
 20.7033 -18.0821
 20.7582 -17.9356
 20.8457 -17.6933
 20.9775 -17.5474
 20.9941 -17.5319
285 87 4
 20.104 -20.263
 19.8638 -21.0079
 19.9986 -21.1018
 20.0217 -21.1187
286 92 22
 15.6226 -30.7613
 15.7179 -31.4011
 15.3132 -31.7972
 14.9451 -31.9921
 15.2618 -32.122
 15.0554 -32.4077
 14.833 -32.8877
 15.1536 -33.6802
 15.3542 -34.3573
 14.8867 -34.9562
 14.5273 -35.2901
 14.2985 -35.7363
 13.9734 -36.2505
 13.7849 -36.6203
 13.6206 -36.8687
 13.8207 -36.8857
 14.9616 -37.5574
 15.9827 -38.2467
 15.9153 -38.4312
 15.6504 -38.8537
 15.3818 -39.1573
 15.3216 -39.173
286 14 15
 15.6226 -30.7613
 14.5882 -29.8894
 13.9805 -29.0326
 14.6106 -28.4957
 15.2605 -28.4963
 15.438 -28.6079
 15.6024 -28.3997
 15.8073 -28.237
 16.1578 -28.0669
 16.3507 -27.9651
 16.507 -27.9876
 16.8707 -28.1778
 17.5702 -28.2084
 18.0196 -28.0748
 18.0303 -28.0643
287 72 8
 17.4422 -22.6935
 17.0042 -22.9534
 16.9237 -23.358
 16.7633 -23.4076
 16.6279 -23.5409
 16.475 -23.7194
 16.3635 -23.8771
 16.3563 -23.9387
287 124 12
 17.4422 -22.6935
 18.1424 -22.7248
 18.5682 -22.2463
 18.8958 -21.943
 19.1783 -22.0062
 19.2455 -22.0323
 19.1341 -22.4373
 19.0351 -22.8544
 19.0173 -23.0911
 19.1482 -23.3291
 19.2953 -23.3588
 19.3256 -23.3519
288 138 5
 10.7278 -16.7832
 11.2115 -17.6132
 11.6962 -17.8469
 11.8824 -17.8578
 11.9059 -17.8666
288 103 3
 10.7278 -16.7832
 10.4995 -15.7523
 10.4326 -15.3199
289 24 13
 9.16235 -17.3454
 8.0519 -17.6856
 7.76225 -17.8584
 7.34495 -17.9938
 6.6461 -17.6542
 6.29395 -17.2666
 5.8577 -17.5103
 5.0795 -17.447
 4.7596 -17.5525
 4.59945 -17.9553
 4.4464 -18.0446
 4.43065 -18.6224
 4.3722 -19.0621
289 138 7
 9.16235 -17.3454
 10.4202 -17.2369
 10.8448 -17.4021
 11.2115 -17.6132
 11.6962 -17.8469
 11.8824 -17.8578
 11.9059 -17.8666
290 72 12
 13.5157 -22.4478
 14.8892 -22.5961
 15.3885 -22.5618
 15.7857 -22.4424
 16.2173 -22.5079
 16.5082 -22.8301
 16.7466 -23.2173
 16.7633 -23.4076
 16.6279 -23.5409
 16.475 -23.7194
 16.3635 -23.8771
 16.3563 -23.9387
290 138 12
 13.5157 -22.4478
 12.2849 -21.9944
 11.9307 -21.6089
 12.1655 -21.3688
 12.9767 -20.9673
 13.7872 -20.4359
 13.9484 -19.9042
 13.4517 -19.0444
 12.5038 -18.1054
 12.0473 -17.8519
 11.9508 -17.8508
 11.9059 -17.8666
291 142 9
 -1.84615 -25.3491
 -1.19545 -25.3689
 -1.51775 -26.1535
 -1.70945 -26.6958
 -1.83745 -27.07
 -1.5643 -27.7476
 -1.37215 -28.4238
 -1.3973 -28.6755
 -1.3676 -28.7127
291 120 11
 -1.84615 -25.3491
 -3.19395 -24.7664
 -4.25065 -24.5204
 -4.7539 -24.6587
 -5.091 -25.019
 -5.28875 -24.8139
 -5.36295 -24.6567
 -5.4043 -24.2566
 -5.6003 -23.7283
 -5.73095 -23.4948
 -5.7392 -23.4799
292 135 29
 -4.6388 -35.6638
 -4.6839 -34.489
 -4.4411 -34.2699
 -4.6023 -33.9917
 -4.59525 -33.2159
 -4.5553 -32.2409
 -4.60895 -31.6849
 -4.79935 -31.5093
 -5.72105 -31.8087
 -6.77665 -32.1564
 -7.01385 -31.6836
 -7.54545 -30.9383
 -7.94255 -30.639
 -7.83005 -30.4482
 -7.85235 -30.4195
 -8.2101 -30.5021
 -8.4999 -30.5875
 -8.84135 -31.1662
 -8.99345 -32.1772
 -8.7922 -32.7479
 -8.6828 -33.0726
 -8.60895 -33.327
 -8.1076 -34.1988
 -8.4106 -35.3236
 -9.217 -35.6227
 -9.22905 -35.7026
 -9.28115 -35.8572
 -9.3629 -36.0259
 -9.4016 -36.0951
292 65 4
 -4.6388 -35.6638
 -4.64195 -36.631
 -4.63115 -36.8411
 -4.5833 -36.9001
293 28 21
 -7.74175 -43.7729
 -7.9683 -44.5734
 -7.44705 -45.1078
 -7.1747 -45.1826
 -6.50495 -45.1046
 -5.752 -45.6012
 -5.2947 -46.4242
 -4.9751 -46.8961
 -4.62175 -47.156
 -5.0793 -47.1253
 -5.4954 -47.459
 -5.9203 -47.945
 -6.49845 -48.0639
 -7.0186 -48.2032
 -7.26615 -48.3932
 -7.4654 -48.3225
 -7.91925 -48.3815
 -8.21845 -48.6855
 -8.3617 -48.3963
 -8.5314 -48.2481
 -8.5447 -48.2291
293 65 15
 -7.74175 -43.7729
 -6.72355 -42.7861
 -6.2955 -42.1737
 -6.0951 -42.15
 -5.96035 -42.0182
 -5.96585 -41.8807
 -5.6081 -40.9286
 -5.83065 -39.5857
 -6.52305 -38.8262
 -6.0541 -38.2262
 -5.21565 -37.6863
 -4.9016 -37.4749
 -4.8004 -37.1841
 -4.6333 -36.9126
 -4.5833 -36.9001
294 28 10
 -5.58055 -49.8783
 -6.25355 -48.7781
 -6.78755 -48.5201
 -7.26615 -48.3932
 -7.4654 -48.3225
 -7.91925 -48.3815
 -8.21845 -48.6855
 -8.3617 -48.3963
 -8.5314 -48.2481
 -8.5447 -48.2291
294 18 4
 -5.58055 -49.8783
 -4.83815 -50.8889
 -4.6721 -50.9246
 -4.6623 -50.9328
295 147 41
 -8.5255 -50.6952
 -8.40655 -50.9548
 -8.30275 -51.1001
 -8.4267 -51.1158
 -8.97235 -51.3579
 -9.4339 -51.6983
 -9.62935 -52.0019
 -9.8186 -52.1765
 -10.019 -52.1127
 -10.2806 -52.0789
 -10.3661 -52.1629
 -10.4457 -52.2119
 -10.611 -52.2105
 -10.8405 -52.3883
 -11.2223 -52.6863
 -11.2547 -53.1348
 -10.9895 -53.6439
 -11.4613 -54.2071
 -12.0277 -54.6023
 -12.4081 -55.0583
 -12.8953 -55.4172
 -13.1194 -55.356
 -13.2638 -55.3792
 -13.2612 -55.494
 -12.8976 -55.8283
 -12.5891 -56.2327
 -12.4682 -56.5372
 -12.3621 -56.7842
 -12.3288 -56.9959
 -12.1783 -57.2646
 -11.9436 -57.3449
 -11.7499 -57.3515
 -11.6084 -57.3816
 -11.3781 -57.2743
 -11.1965 -57.2314
 -11.1225 -57.2794
 -11.0744 -57.3317
 -11.0151 -57.4101
 -10.9613 -57.479
 -11.0184 -57.4712
 -11.0703 -57.4597
295 28 7
 -8.5255 -50.6952
 -8.44095 -49.7738
 -8.2889 -48.9094
 -8.21845 -48.6855
 -8.3617 -48.3963
 -8.5314 -48.2481
 -8.5447 -48.2291
296 147 13
 -12.825 -57.8606
 -12.2894 -57.4893
 -11.9436 -57.3449
 -11.7499 -57.3515
 -11.6084 -57.3816
 -11.3781 -57.2743
 -11.1965 -57.2314
 -11.1225 -57.2794
 -11.0744 -57.3317
 -11.0151 -57.4101
 -10.9613 -57.479
 -11.0184 -57.4712
 -11.0703 -57.4597
296 1 7
 -12.825 -57.8606
 -13.1666 -58.1637
 -13.2865 -58.2066
 -13.3873 -58.2909
 -13.4921 -58.3621
 -13.5945 -58.4005
 -13.5977 -58.406
297 34 23
 4.1119 -49.1003
 3.6348 -48.2095
 3.29535 -48.3568
 3.04335 -48.4238
 2.98655 -48.3939
 2.573 -48.5994
 1.8471 -48.7749
 1.4633 -48.6935
 1.04495 -47.7472
 0.65795 -46.9422
 0.36825 -46.9269
 -0.03965 -46.8856
 -0.25235 -46.8549
 -0.39245 -46.7521
 -0.5126 -46.6267
 -0.52885 -46.5551
 -0.5146 -46.5189
 -0.5086 -46.4258
 -0.4291 -46.4977
 -0.30875 -46.479
 -0.22445 -46.4818
 -0.15415 -46.5379
 -0.1264 -46.5795
297 26 3
 4.1119 -49.1003
 4.45545 -50.0396
 4.477 -50.1048
298 47 15
 15.2255 -48.3229
 14.6368 -47.3298
 14.1221 -47.8818
 13.5062 -48.1828
 12.7667 -48.4467
 13.3666 -47.8907
 12.3834 -47.0804
 10.8563 -46.4422
 10.0961 -46.1748
 9.56645 -46.0709
 9.18085 -46.0047
 9.02315 -45.7826
 9.46955 -45.6679
 9.89865 -45.4184
 9.9259 -45.2499
298 67 4
 15.2255 -48.3229
 16.1677 -50.0209
 16.4668 -50.858
 16.4913 -50.8853
299 26 14
 9.95535 -53.8984
 9.286 -53.2103
 8.5589 -52.7076
 8.1697 -52.0229
 7.4902 -50.9839
 7.05825 -50.3358
 6.95465 -50.0294
 6.8564 -49.7672
 6.7158 -49.1972
 6.25085 -49.6163
 5.59325 -49.7009
 4.9782 -49.9212
 4.48985 -50.0997
 4.477 -50.1048
299 129 9
 9.95535 -53.8984
 10.5 -53.9767
 11.4958 -54.2624
 12.3421 -55.1283
 12.7477 -55.5427
 12.6292 -55.5537
 12.1624 -55.9378
 11.6305 -56.4275
 11.4453 -56.5416
305 141 14
 2.2909 -85.8821
 2.58535 -84.2766
 1.8942 -82.1556
 1.52425 -80.9038
 1.83635 -79.4988
 0.3511 -78.2079
 1.6527 -78.639
 1.94565 -77.6497
 2.15445 -75.9691
 1.95 -73.8782
 1.81995 -72.6118
 1.93895 -72.5208
 1.978 -72.4657
 2.0082 -72.4438
306 6 3
 -66.3313 24.9013
 -66.3138 24.8858
 -66.2963 24.8703
