   7.1343578972096902     
   6.5761295023316997     
   9.2474411559366576     
   3.5438791684725381     
   3.4060325376598177     
   1.9472225203511533     
   2.4278770580013767     
  0.82493745745742120     
   9.0033970063154491     
   1.3657609789691891     
  0.99811441053385708     
   1.1113617804612925     
   1.7639983642055923     
   2.7940032006840454     
   13.299637837181693     
   3.5393034010498399     
  0.97903127781438704     
   1.3649465011906623     
   3.5228689116750820     
   4.2041263919971410     
   3.7506753367837558     
   1.0506414311447529     
   2.3123113068153183     
   3.7294017732553466     
   1.4335512408569122     
   1.8441892134876960     
   3.4131345249891054     
   1.3163644324146466     
   3.4140603411191086     
   2.9322991910087155     
   9.7333350185751062     
   3.0125109849550213     
   8.1764041353582613     
   1.0439166417452603     
   2.5863301859728156     
   1.4974600062690593     
   4.2819776579435898     
   1.8810838254912781     
   5.1181370117744711     
   2.9917532904996333     
   9.7279654933020581     
   2.3381261929329700     
  0.47079481016616698     
   1.2310496038117960     
   1.3567667494494899     
   1.5478762058239697     
   1.0362883085880861     
  0.88869474240510571     
   2.9525976799427514     
   2.0525315560056541     
   5.2795151474535684     
   3.5303241894580371     
   1.4256015356972913     
   6.1219951940504407     
   5.5798085705407869     
   4.5594290614073651     
  0.79626308144201285     
  0.88946609622541739     
   1.6750685595933446     
   3.8854165538638981     
   5.3104025950787932     
  0.93713745570094609     
   3.0951173797562834     
  0.59892563262181853     
   3.2681385866111148     
   1.8329310562077952     
   2.2982399880531785     
   4.0378494914993119     
   3.8734765877608184     
   1.1654884175121965     
   1.3110446036946433     
   1.4739239960743828     
   7.3885096270675685     
   3.2167138992052804     
  0.99606173752089500     
   1.0193024707714138     
   2.9433584086430074     
   1.4315577749652240     
   1.2226969209244043     
   1.2029518982182577     
   4.2289412486634799     
   4.4189189390530581     
   3.2620851630471757     
   2.6312846277246758     
   1.8809218359043396     
   2.3806804567865996     
   1.2866544310961825     
  0.53123808523428195     
   2.7355754303009925     
   1.7822193091184886     
   2.5648201798476178     
  0.69763242294350003     
  0.48298541326034572     
  0.35792032473239105     
   4.6982684108165751     
   3.0309236654347926     
   2.1270069741761151     
   5.3375772291664241     
   4.5081492062348776     
   1.2249046717839847     
   1.7127156667924810     
   1.8043252831449579     
   4.9404096879885868     
   4.2476444055169003     
   2.4481509213679766     
   3.8025926761702094     
   3.9696517276065628     
   1.4951778417216521     
   1.7078884554845206     
   3.5607816911220209     
   6.6842629224810093     
   4.6621634339352349     
   2.1348567536176053     
   5.6392064674509133     
   2.7640743241977748     
   4.9984670373310873     
   1.8828370473055553     
  0.89641828300325244     
   5.1110265204365470     
   3.1138437513097692     
   3.6686518215948745     
   3.6985572092107488     
   2.5385611700315485     
  0.91889743478299180     
   2.9836648991043235     
   1.1578541035477967     
   1.1287689332118005     
   1.0410072354344524     
   4.5930789692329483     
   4.3420184117810354     
   3.6555707736631189     
  0.63394281163625377     
   4.3399146567468696     
   1.0990873386747297     
   1.1865040603321098     
   1.1003244204219500     
   4.6912831349166551     
   6.0240070539988961     
   8.4651020254592915     
   7.8074949906013877     
   2.0781970930181171     
   1.4658681876511408     
   5.1692732454436889     
   3.2703813163167990     
   5.8114409552297062     
   4.2990996958135446     
   6.1743272130806615     
   3.6230500347986285     
   2.8793357502798109     
   6.1534003104293262     
   4.0946591572611020     
   5.1723720340940567     
   2.2211125360919541     
   1.2530262677229775     
   2.7046667473832398     
   2.8228889886874415     
   9.1960209940287054     
   5.7532519332568421     
   1.4079167696707109     
  0.35458441633653204     
   2.2858323006958310     
  0.80486069348782319     
   4.9888282660196470     
   4.2273700947940194     
   2.6075323389076344     
   1.7597136598904246     
   2.6343188234061610     
   1.0218229187861578     
   5.9397581659114502     
   2.9831404352492910     
   1.5310492392268618     
   6.2291787462465589     
   7.9875586230093161     
   2.2671460570474888     
   5.8780640341182560     
   1.0443679165518120     
   4.4640406203377596     
   1.3191930835417822     
   1.1695410657141951     
  0.70464086953916316     
   7.8532426109200131     
   2.2383153354627239     
   10.591427936453467     
   1.2706807632747958     
   5.1586316828314507     
  0.74802577810450555     
   3.3621387471566528     
   3.5568704467687557     
   3.6978390826023695     
   1.9347679052741413     
   5.1166354507625336     
   2.1095508165642896     
   10.206047197472534     
   1.8352883383084557     
   10.118086392326491     
   6.4341020386684340     
   11.353292085561765     
   3.7822342502496915     
   4.7227467317462040     
   4.8402776658534803     
   2.0277792149700300     
   2.4524981908113785     
   5.2564666649096390     
   1.3241644913552653     
   3.1480117189110159     
   2.0026477688553812     
   7.5446955853787703     
   7.9668711519129536     
  0.53368742739051334     
  0.36013834257321575     
   2.6285690878301073     
  0.39529989371905733     
   5.5509119104955236     
   1.2636257719717030     
   2.5652440075977103     
   1.0082624670093077     
   5.4242561677406069     
   2.0118630574154364     
   3.5045326082354360     
   1.3559400479100241     
   3.9012302657311642     
   3.5561929088673172     
   3.0909545877720515     
   1.4920216202952938     
   2.2751514431139492     
  0.80368680955075977     
   8.3093373042193903     
   1.0742601632018227     
   2.6166183483787235     
  0.99383727853091830     
   4.8741789417178101     
   1.3654517286712422     
   3.7351513209203135     
   5.1602505014045894     
   4.8298227062439087     
   3.4568374175583139     
   3.6980248583926163     
   4.0044380977767373     
   3.6061391766845121     
   1.7435795946312629     
   6.5763087192633805     
   6.1817008431363973     
   1.2206880362486425     
   1.0104405210947245     
   3.3169996776907955     
   7.4183657040098385     
   7.6200676733641615     
   7.6712397660323060     
   1.4409139069675265     
  0.49989856548827860     
   2.1911767315539232     
  0.89994139369718218     
   2.1732671352752511     
   2.1923923333585980     
   5.5982458407985476     
   1.4157694334915145     
   4.5133396460014117     
   1.4042542458350464     
   4.1437558932455554     
   5.1280843664701985     
   3.7728957042692111     
   1.5094457029884345     
   5.0975018145100019     
  0.67601398904056287     
   2.6934338908622695     
   1.8226309848985267     
   2.5875508073171076     
   1.1344781803904833     
   6.3731742749946285     
   1.0133883395199175     
   1.4480090768701237     
   2.2428153743938255     
  0.59112027289046343     
  0.28885734308544730     
   2.0420768512677792     
  0.83991386081879404     
   6.0029020000012210     
   3.7643498209068289     
   1.0362712155402374     
   1.9818962397175706     
   1.1722713778625891     
   1.4934214509880746     
   4.3596153193901630     
   1.8972550809844497     
   2.7804360833989419     
   4.2269740450648525     
   2.2573254806014003     
   2.9620095191393880     
   8.4019563307223191     
   1.1191343564285750     
   5.1153515461967753     
   4.6289798706722634     
   2.6116423432129747     
   1.2795379189575813     
   5.8450028584036469     
   1.4084883265319017     
   1.3968902060095545     
  0.70381475933106619     
   4.0308082052769727     
   1.0688246138047235     
   5.7922109255309477     
   2.0152552833675861     
   4.1133185899342823     
   2.8205695069918080     
   8.2624898837324086     
   4.6754678910240495E-002
