262
126 14 13
 -26.3867 64.5721
 -25.8777 64.7917
 -24.9698 64.8855
 -23.9866 64.3892
 -23.7017 63.8655
 -23.4981 63.8623
 -23.2252 63.9613
 -22.6084 64.3979
 -22.0252 64.7999
 -21.7758 64.9011
 -21.5508 64.8701
 -21.5106 64.7747
 -21.5083 64.7503
126 20 10
 -26.3867 64.5721
 -27.6132 64.543
 -28.591 64.8059
 -29.1259 64.6385
 -29.8944 64.134
 -30.4188 63.9095
 -31.0753 63.8073
 -31.8258 63.8065
 -32.1095 63.9361
 -32.0853 63.9959
127 83 19
 -70.0463 0.3318
 -69.2607 1.0029
 -69.0706 1.64915
 -68.946 2.08835
 -68.9708 2.1655
 -68.9169 2.6697
 -68.8672 3.1875
 -69.0527 3.4265
 -69.1035 3.736
 -69.0274 4.06165
 -68.7018 4.28005
 -68.2339 4.32555
 -68.0719 4.1126
 -67.8218 3.6629
 -67.2617 3.0261
 -66.7547 2.57975
 -66.5516 2.5755
 -66.3648 2.6246
 -66.27 2.6898
127 39 9
 -70.0463 0.3318
 -70.8348 -0.1769
 -70.6592 -0.4675
 -70.4461 -0.89595
 -70.2818 -1.3006
 -70.8357 -1.5914
 -71.399 -2.0829
 -71.567 -2.11695
 -71.5668 -2.1058
128 40 15
 -32.3013 -15.5628
 -31.7534 -15.7029
 -31.3172 -15.7812
 -30.6381 -15.6811
 -30.4432 -15.7687
 -30.2191 -15.5365
 -30.0089 -15.2983
 -29.8535 -15.2134
 -29.7606 -15.2006
 -29.4846 -15.3942
 -29.1648 -15.4564
 -28.9706 -15.4244
 -28.8124 -15.4778
 -28.7395 -15.4629
 -28.7039 -15.4314
128 10 8
 -32.3013 -15.5628
 -33.3307 -15.467
 -33.712 -15.2408
 -33.8332 -15.4471
 -34.2134 -16.056
 -34.5761 -15.8669
 -34.7367 -15.2955
 -34.8472 -15.3145
129 111 19
 -31.7874 12.291
 -30.5279 10.6801
 -30.5896 8.3538
 -30.8272 6.4917
 -30.5409 5.78255
 -30.4297 5.0276
 -30.6234 4.75625
 -30.8918 4.41025
 -31.408 4.0226
 -32.4648 3.79315
 -34.4772 2.89365
 -35.9638 2.12175
 -36.6246 1.92245
 -37.0917 1.3212
 -37.3724 0.94535
 -38.1724 0.79785
 -39.0121 0.79005
 -39.3818 0.84005
 -39.4033 0.8507
129 31 8
 -31.7874 12.291
 -33.0058 13.5083
 -33.6632 13.5489
 -34.1283 13.4464
 -34.797 12.8216
 -35.392 12.1382
 -35.1392 11.971
 -34.9189 11.896
130 18 31
 -66.8781 14.1926
 -67.909 13.6564
 -68.5957 12.756
 -68.8705 12.1813
 -68.7064 11.5427
 -68.7114 11.1071
 -68.8051 11.0382
 -68.7826 10.9832
 -68.6888 10.7304
 -68.715 10.3778
 -68.8546 10.2179
 -69.0128 10.1002
 -68.9878 9.83645
 -68.8733 9.58595
 -69.039 9.53665
 -69.2465 9.5356
 -69.1704 9.2471
 -69.0231 8.94995
 -69.0437 8.8118
 -69.1006 8.6868
 -69.157 8.6402
 -69.2274 8.58135
 -69.2497 8.47705
 -69.2952 8.4478
 -69.3604 8.486
 -69.4022 8.4757
 -69.4672 8.4217
 -69.5166 8.3844
 -69.5455 8.41215
 -69.5726 8.4362
 -69.5833 8.436
130 84 9
 -66.8781 14.1926
 -65.2329 14.1751
 -63.9834 14.6064
 -63.5669 14.9643
 -62.7812 14.2945
 -61.9846 13.4251
 -61.8166 13.5409
 -61.0935 14.0434
 -60.4293 14.1822
131 84 9
 -60.0949 12.1365
 -59.5516 11.745
 -58.4991 12.2804
 -57.5298 13.4847
 -58.0333 14.1089
 -58.7938 14.5471
 -59.6303 14.4389
 -60.4317 14.2149
 -60.4293 14.1822
131 71 7
 -60.0949 12.1365
 -60.6766 10.9366
 -60.9236 9.6762
 -60.771 8.8895
 -60.9768 7.9231
 -61.2584 7.6534
 -61.2802 7.6321
132 86 17
 -41.4147 47.3313
 -40.6719 47.2983
 -40.1411 47.8395
 -40.3765 47.3446
 -40.0343 46.7901
 -39.843 46.2973
 -39.7702 46.2026
 -39.6147 45.7383
 -39.195 45.6096
 -38.3717 45.8834
 -37.4364 45.9835
 -36.8963 46.0839
 -36.694 45.9975
 -36.523 45.8339
 -36.0145 45.3458
 -35.5338 44.8989
 -35.5303 44.8764
132 16 3
 -41.4147 47.3313
 -42.0112 47.5118
 -42.038 47.5315
133 6 25
 -8.3671 46.3442
 -9.14945 46.6343
 -10.9197 46.9853
 -11.9527 47.1915
 -12.7345 47.5188
 -13.7422 48.0014
 -14.0072 48.2313
 -14.4476 48.8898
 -15.0679 49.564
 -16.0848 50.0756
 -17.0388 50.5751
 -17.3391 50.9009
 -17.6149 51.5608
 -18.129 52.317
 -18.6513 52.5762
 -18.7567 52.518
 -18.635 52.6607
 -18.4772 52.7994
 -18.5748 53.2058
 -18.7035 53.6208
 -18.619 53.7603
 -18.5805 54.0112
 -18.6509 54.1742
 -18.6476 54.2698
 -18.6099 54.3347
133 73 10
 -8.3671 46.3442
 -7.91995 46.1952
 -7.47955 46.181
 -7.4852 46.3545
 -6.8518 47.1311
 -6.1702 47.7297
 -5.1664 47.4263
 -4.1269 46.8002
 -3.94735 46.3877
 -3.8546 46.3227
134 109 16
 11.3426 65.9059
 10.9655 66.6482
 11.1296 66.9881
 11.1863 67.188
 10.4595 67.7984
 9.72375 68.5222
 9.4613 68.9522
 9.78455 68.8922
 10.2353 69.4365
 10.5907 70.0367
 10.6182 70.1705
 10.6252 70.5611
 10.833 71.111
 11.0622 71.3276
 11.0916 71.3727
 11.1172 71.3586
134 93 4
 11.3426 65.9059
 11.5869 65.3334
 11.3358 65.1595
 11.2964 65.1327
135 125 12
 22.4684 27.1218
 21.9987 26.0654
 21.5792 25.726
 21.2157 25.5646
 20.9576 25.387
 20.964 25.168
 21.226 24.9875
 21.4142 24.766
 21.4028 24.5687
 21.3754 24.4436
 21.3605 24.4146
 21.3401 24.4473
135 65 7
 22.4684 27.1218
 22.2319 28.2885
 21.0438 29.5348
 20.5093 30.8377
 20.5919 31.4489
 20.4811 31.6526
 20.4609 31.6415
136 51 5
 -16.9829 15.0227
 -17.1503 15.2853
 -17.4847 15.2737
 -17.8309 15.2761
 -17.8724 15.2614
136 29 5
 -16.9829 15.0227
 -16.5974 14.6641
 -16.2732 14.6633
 -16.1903 14.7408
 -16.1837 14.7516
137 122 13
 -15.3221 -10.7235
 -16.2354 -11.3146
 -16.3335 -11.3821
 -16.7289 -11.0143
 -17.1088 -10.6642
 -17.1638 -10.7236
 -17.2301 -10.7081
 -17.3787 -10.5565
 -17.826 -10.2316
 -18.2066 -9.97695
 -18.3195 -9.93405
 -18.4079 -9.91845
 -18.4202 -9.9166
137 117 11
 -15.3221 -10.7235
 -14.3822 -10.2122
 -13.9648 -10.3909
 -14.4354 -9.95705
 -14.5927 -8.6529
 -14.3094 -7.45875
 -13.9179 -7.238
 -14.4568 -6.8872
 -14.8845 -6.30375
 -14.8808 -6.1247
 -14.9094 -6.1199
138 116 22
 -2.7961 69.5347
 -2.90545 68.2559
 -2.4374 68.0735
 -2.53605 67.677
 -2.5571 67.0128
 -2.3079 66.5996
 -1.93625 66.2416
 -1.6369 65.8134
 -1.43185 65.4167
 -1.3158 65.2365
 -1.26065 65.2064
 -1.35485 65.0755
 -1.4689 64.9437
 -1.34175 64.8833
 -1.2269 64.8458
 -1.25145 64.8033
 -1.2826 64.7467
 -1.30255 64.5666
 -1.39305 64.4136
 -1.42105 64.3914
 -1.39145 64.3643
 -1.4079 64.3586
138 101 9
 -2.7961 69.5347
 -1.90945 70.5342
 -1.16415 70.6476
 -0.7136 70.8733
 -0.6935 71.0938
 -0.5096 71.3389
 -0.0063 71.7384
 0.3832 72.1408
 0.4381 72.1789
139 66 5
 12.5133 62.7868
 13.2948 62.0596
 13.2813 61.8525
 13.1437 61.8997
 13.109 61.8672
139 93 8
 12.5133 62.7868
 11.8491 63.5873
 12.0158 64.1899
 12.2352 64.6403
 11.8024 64.6766
 11.4125 65.0535
 11.3358 65.1595
 11.2964 65.1327
140 33 14
 -30.3693 37.931
 -30.42 38.4015
 -30.5429 38.6536
 -30.7711 39.093
 -30.9042 39.6159
 -30.9279 39.9678
 -30.9669 40.0661
 -31.1712 40.1138
 -31.3717 40.1244
 -31.3956 40.0951
 -31.4041 40.0211
 -31.5006 39.8692
 -31.6297 39.7504
 -31.6583 39.7288
140 27 19
 -30.3693 37.931
 -30.0886 37.3482
 -29.6202 37.232
 -29.0699 36.5461
 -28.5128 35.9443
 -28.5087 35.9399
 -28.6346 35.4639
 -28.3181 35.0147
 -28.0536 34.8857
 -27.5925 34.7588
 -27.1918 34.588
 -27.1878 34.4538
 -26.7719 34.1822
 -26.1646 33.8885
 -25.9885 33.5706
 -25.8972 32.7753
 -25.6767 31.9222
 -25.5715 31.6374
 -25.5511 31.6325
141 1 16
 -67.9249 25.3157
 -68.3866 26.4367
 -68.1637 26.9127
 -68.2952 27.3414
 -68.4082 27.6615
 -68.7367 28.1928
 -69.078 28.6145
 -69.2361 28.5578
 -69.5051 28.5253
 -69.897 27.8472
 -70.119 26.8708
 -70.4747 26.4169
 -70.8244 26.2159
 -70.8215 26.0511
 -70.7186 25.8583
 -70.641 25.7558
141 79 3
 -67.9249 25.3157
 -67.12 24.4841
 -67.0928 24.4624
142 9 13
 -69.3256 59.4223
 -68.7444 57.4848
 -68.3074 56.3127
 -68.289 55.9534
 -68.3586 55.6199
 -68.3708 55.5695
 -68.3035 55.4926
 -68.2001 55.3562
 -68.1255 55.1456
 -68.1174 54.9332
 -68.0634 54.7761
 -68.0193 54.7183
 -68.01 54.7048
142 82 17
 -69.3256 59.4223
 -69.2219 60.4919
 -68.8562 60.9171
 -69.0178 61.3706
 -69.081 61.8097
 -68.9388 61.9859
 -69.1573 61.8745
 -69.5589 61.6359
 -69.8897 61.5744
 -70.0244 61.7377
 -70.2191 62.1394
 -70.3265 62.6929
 -70.4351 63.6209
 -71.0399 64.794
 -71.5177 65.4293
 -71.5059 65.542
 -71.4603 65.5586
143 121 7
 -31.9406 52.8592
 -30.7005 51.9947
 -30.3787 51.4894
 -30.4449 51.1533
 -30.4462 51.0413
 -30.389 50.9827
 -30.3619 50.9332
143 23 4
 -31.9406 52.8592
 -33.0029 53.6566
 -33.1959 53.8677
 -33.2103 53.8739
144 69 9
 24.4734 32.6893
 25.3421 32.4438
 25.8729 32.5686
 26.0562 32.2938
 26.4265 32.018
 26.6271 31.6954
 26.6849 31.5242
 26.7043 31.4509
 26.7336 31.4284
144 19 4
 24.4734 32.6893
 24.2014 33.2932
 24.2227 33.3821
 24.2323 33.4383
145 51 6
 -17.2491 16.2922
 -17.2445 15.4799
 -17.1503 15.2853
 -17.4847 15.2737
 -17.8309 15.2761
 -17.8724 15.2614
145 89 3
 -17.2491 16.2922
 -17.1386 16.9552
 -17.1476 16.9718
146 117 12
 -12.3677 -10.5265
 -13.2666 -10.3871
 -13.6785 -10.5695
 -13.9648 -10.3909
 -14.4354 -9.95705
 -14.5927 -8.6529
 -14.3094 -7.45875
 -13.9179 -7.238
 -14.4568 -6.8872
 -14.8845 -6.30375
 -14.8808 -6.1247
 -14.9094 -6.1199
146 13 4
 -12.3677 -10.5265
 -11.8344 -11.2493
 -11.7944 -11.7446
 -11.7444 -11.822
147 64 23
 -16.1147 -16.8605
 -16.6249 -17.6283
 -16.872 -18.3367
 -16.8343 -18.4988
 -16.7605 -18.8673
 -17.0804 -19.4083
 -17.2641 -19.8069
 -17.1595 -20.0017
 -17.21 -20.2317
 -17.2169 -20.5315
 -17.1728 -20.7446
 -17.1723 -20.7864
 -17.2491 -20.8317
 -17.3246 -20.856
 -17.3502 -20.9206
 -17.3635 -20.9794
 -17.2633 -21.0239
 -17.2117 -21.1394
 -17.2096 -21.2161
 -17.1805 -21.1987
 -17.0975 -21.1801
 -17.0027 -21.1722
 -16.9868 -21.177
147 122 28
 -16.1147 -16.8605
 -15.5403 -16.7443
 -15.1828 -16.5515
 -15.1124 -16.2686
 -15.0234 -16.1297
 -14.4388 -15.7804
 -14.1674 -15.4265
 -14.5964 -15.1002
 -15.139 -14.7498
 -15.5378 -14.6421
 -15.64 -14.5985
 -15.5667 -14.4864
 -15.5114 -13.5891
 -15.5944 -12.7974
 -15.9362 -12.6829
 -16.0695 -12.3922
 -16.111 -11.7992
 -16.3335 -11.3821
 -16.7289 -11.0143
 -17.1088 -10.6642
 -17.1638 -10.7236
 -17.2301 -10.7081
 -17.3787 -10.5565
 -17.826 -10.2316
 -18.2066 -9.97695
 -18.3195 -9.93405
 -18.4079 -9.91845
 -18.4202 -9.9166
148 39 17
 -76.519 0.242
 -74.7079 -1.0221
 -74.4918 -1.5544
 -73.7982 -1.17335
 -73.2185 -0.7062
 -73.1279 -0.3119
 -72.9849 0.1099
 -72.6093 0.14515
 -71.6957 -0.0262
 -70.9381 -0.2135
 -70.6592 -0.4675
 -70.4461 -0.89595
 -70.2818 -1.3006
 -70.8357 -1.5914
 -71.399 -2.0829
 -71.567 -2.11695
 -71.5668 -2.1058
148 50 3
 -76.519 0.242
 -78.3548 1.0056
 -78.3855 1.0178
149 34 7
 -46.8327 -19.8964
 -45.5778 -19.6814
 -44.9933 -19.5815
 -44.5165 -19.3223
 -43.7124 -19.1054
 -43.2782 -19.0432
 -43.2783 -19.0619
149 32 5
 -46.8327 -19.8964
 -47.7044 -19.7721
 -48.3891 -19.7366
 -48.9796 -20.0889
 -48.9796 -20.1141
150 64 48
 -26.6628 -17.1427
 -24.8211 -17.4464
 -24.2624 -17.5313
 -24.3289 -18.3068
 -24.9032 -19.293
 -25.4858 -19.8079
 -25.4269 -19.9047
 -25.0421 -20.2589
 -24.4304 -20.6952
 -24.0103 -20.8139
 -23.1001 -21.1543
 -22.2894 -21.4038
 -22.0545 -21.1301
 -21.8384 -21.0057
 -21.764 -21.0577
 -21.7629 -20.9304
 -21.6868 -20.8126
 -21.65 -20.7023
 -21.5921 -20.5065
 -21.0832 -20.0847
 -20.3917 -19.8842
 -20.031 -20.178
 -19.7971 -20.5699
 -19.5113 -20.7915
 -19.1185 -20.7509
 -18.7292 -20.7379
 -18.4359 -20.8135
 -18.2098 -20.9026
 -18.0356 -21.0065
 -17.8857 -21.1162
 -17.7882 -21.1898
 -17.7462 -21.2735
 -17.7034 -21.1638
 -17.583 -21.0522
 -17.5325 -20.9371
 -17.5052 -20.9063
 -17.4487 -20.8609
 -17.3744 -20.8232
 -17.3246 -20.856
 -17.3502 -20.9206
 -17.3635 -20.9794
 -17.2633 -21.0239
 -17.2117 -21.1394
 -17.2096 -21.2161
 -17.1805 -21.1987
 -17.0975 -21.1801
 -17.0027 -21.1722
 -16.9868 -21.177
150 40 8
 -26.6628 -17.1427
 -27.9511 -16.4753
 -28.0466 -16.3144
 -28.1395 -16.2782
 -28.4044 -15.9394
 -28.6161 -15.5851
 -28.6754 -15.4862
 -28.7039 -15.4314
151 63 11
 -58.8041 28.3688
 -60.4695 26.7657
 -61.4725 26.2977
 -61.0461 25.6116
 -60.7194 25.1178
 -60.4699 25.018
 -60.1618 24.9559
 -60.048 24.3811
 -59.8895 23.473
 -59.8334 22.4165
 -59.9663 21.7371
151 54 15
 -58.8041 28.3688
 -58.5812 30.1857
 -59.0347 31.1971
 -59.8465 31.6067
 -60.4005 31.2306
 -61.0768 31.7663
 -62.0179 32.4388
 -62.4238 32.9709
 -62.547 33.2247
 -63.034 33.3527
 -63.7911 33.1114
 -64.4586 32.9969
 -64.4847 33.7413
 -64.1721 34.2989
 -64.1903 34.3263
152 54 4
 -65.1846 32.9732
 -64.4847 33.7413
 -64.1721 34.2989
 -64.1903 34.3263
152 88 3
 -65.1846 32.9732
 -65.558 32.744
 -65.5621 32.7528
153 1 10
 -69.979 28.9207
 -69.5276 28.6101
 -69.5051 28.5253
 -69.897 27.8472
 -70.119 26.8708
 -70.4747 26.4169
 -70.8244 26.2159
 -70.8215 26.0511
 -70.7186 25.8583
 -70.641 25.7558
153 70 8
 -69.979 28.9207
 -70.6002 29.2844
 -70.9664 29.436
 -70.8794 29.9215
 -70.6678 29.5182
 -69.722 29.8242
 -69.0029 30.0382
 -68.9551 29.9851
154 18 26
 -69.9479 10.8281
 -69.6689 10.5828
 -69.4451 10.3844
 -69.4229 10.3749
 -69.3848 10.2734
 -69.4631 10.0904
 -69.5275 9.9104
 -69.401 9.79835
 -69.2552 9.6728
 -69.039 9.53665
 -69.2465 9.5356
 -69.1704 9.2471
 -69.0231 8.94995
 -69.0437 8.8118
 -69.1006 8.6868
 -69.157 8.6402
 -69.2274 8.58135
 -69.2497 8.47705
 -69.2952 8.4478
 -69.3604 8.486
 -69.4022 8.4757
 -69.4672 8.4217
 -69.5166 8.3844
 -69.5455 8.41215
 -69.5726 8.4362
 -69.5833 8.436
154 80 8
 -69.9479 10.8281
 -70.3338 10.9931
 -70.6452 11.2397
 -70.4261 11.6137
 -70.211 11.9408
 -70.4288 12.3621
 -70.7185 12.6821
 -70.784 12.6653
155 120 5
 -74.1285 31.7929
 -73.4335 32.7209
 -73.4803 32.8271
 -73.5733 32.8991
 -73.6259 32.9248
155 17 4
 -74.1285 31.7929
 -74.8501 30.877
 -74.9949 30.6989
 -75.1195 30.5687
156 24 87
 -69.3116 36.8575
 -69.3927 37.6513
 -69.6375 37.9297
 -70.3497 38.2525
 -70.9715 38.3755
 -71.0842 38.5496
 -71.0465 38.9531
 -70.6776 39.4297
 -70.0033 40.5253
 -69.6102 41.3873
 -69.5938 41.4309
 -69.1202 41.8601
 -69.2309 41.9443
 -70.3396 41.5994
 -70.9876 41.6129
 -71.108 41.8328
 -71.1196 42.0426
 -71.1915 42.1543
 -71.3612 42.4997
 -71.558 43.4044
 -71.7357 44.2445
 -71.748 44.854
 -71.6117 45.4315
 -71.6194 45.5501
 -72.2347 45.57
 -72.9097 45.7948
 -73.0993 45.9797
 -73.1634 46.0415
 -73.3204 46.2432
 -73.4879 46.4389
 -73.5353 46.4988
 -73.4835 46.6559
 -73.3304 46.9397
 -73.2089 47.1946
 -73.2053 47.2957
 -73.0986 47.3445
 -72.9772 47.4799
 -72.8792 47.7445
 -72.8647 47.9985
 -72.8138 47.9924
 -72.6362 47.8346
 -72.4599 47.8188
 -72.3389 47.8928
 -72.2203 47.8609
 -72.075 47.8214
 -71.8307 47.8718
 -71.3788 47.9287
 -71.2309 48.0229
 -71.2939 48.2342
 -71.1781 48.369
 -71.1701 48.4342
 -71.1669 48.6054
 -71.0564 48.7643
 -70.9364 48.8144
 -70.8526 48.7817
 -70.7712 48.7255
 -70.733 48.7454
 -70.6281 48.7842
 -70.5152 48.7815
 -70.493 48.772
 -70.4613 48.8207
 -70.4462 48.903
 -70.4537 48.9567
 -70.5271 49.0466
 -70.6012 49.1272
 -70.5822 49.1655
 -70.5473 49.203
 -70.4809 49.2072
 -70.4161 49.1996
 -70.3919 49.1961
 -70.3519 49.2322
 -70.3259 49.2643
 -70.2926 49.3124
 -70.2194 49.3499
 -70.1571 49.3484
 -70.1416 49.3234
 -70.1476 49.2698
 -70.0402 49.2146
 -69.9052 49.3041
 -69.8685 49.5148
 -69.8769 49.6119
 -69.8328 49.6778
 -69.7268 49.7901
 -69.5969 49.839
 -69.5105 49.8722
 -69.5163 49.9177
 -69.5199 49.9215
156 70 23
 -69.3116 36.8575
 -69.2872 36.0693
 -69.1866 35.9529
 -69.0031 35.8815
 -69.0609 35.3547
 -69.743 34.5895
 -70.3368 34.2592
 -69.5983 34.346
 -68.8328 34.0355
 -68.8227 33.5016
 -69.5 32.9109
 -70.2142 32.3149
 -70.6971 32.0039
 -71.0558 31.8745
 -70.9195 31.6325
 -70.7531 31.2543
 -70.6214 30.8138
 -70.665 30.4522
 -70.8794 29.9215
 -70.6678 29.5182
 -69.722 29.8242
 -69.0029 30.0382
 -68.9551 29.9851
157 24 44
 -72.3608 50.4655
 -72.1791 50.3643
 -72.1264 49.936
 -72.0652 49.6146
 -71.9725 49.3883
 -71.7464 49.2905
 -71.509 49.229
 -71.403 49.0827
 -71.223 48.9474
 -71.0571 48.858
 -70.9364 48.8144
 -70.8526 48.7817
 -70.7712 48.7255
 -70.733 48.7454
 -70.6281 48.7842
 -70.5152 48.7815
 -70.493 48.772
 -70.4613 48.8207
 -70.4462 48.903
 -70.4537 48.9567
 -70.5271 49.0466
 -70.6012 49.1272
 -70.5822 49.1655
 -70.5473 49.203
 -70.4809 49.2072
 -70.4161 49.1996
 -70.3919 49.1961
 -70.3519 49.2322
 -70.3259 49.2643
 -70.2926 49.3124
 -70.2194 49.3499
 -70.1571 49.3484
 -70.1416 49.3234
 -70.1476 49.2698
 -70.0402 49.2146
 -69.9052 49.3041
 -69.8685 49.5148
 -69.8769 49.6119
 -69.8328 49.6778
 -69.7268 49.7901
 -69.5969 49.839
 -69.5105 49.8722
 -69.5163 49.9177
 -69.5199 49.9215
157 112 4
 -72.3608 50.4655
 -72.8969 50.2275
 -73.3431 50.1629
 -73.3539 50.1795
158 119 6
 -69.099 71.5654
 -67.4299 71.9965
 -67.4238 71.7964
 -67.358 71.7707
 -67.2914 71.7735
 -67.26 71.776
158 82 10
 -69.099 71.5654
 -70.8505 70.8611
 -71.7617 69.7011
 -72.5609 68.558
 -72.6736 68.3549
 -72.9163 68.2102
 -72.5479 67.3381
 -71.8686 66.0275
 -71.547 65.5619
 -71.4603 65.5586
159 26 17
 -41.7304 65.8347
 -43.3167 66.1317
 -44.4098 66.5665
 -44.5789 66.409
 -44.4951 66.4139
 -44.0786 65.3556
 -43.4409 63.941
 -42.5328 63.1165
 -41.8589 62.3768
 -41.6094 60.9758
 -40.5767 61.8679
 -39.3234 61.7038
 -39.2169 61.766
 -39.284 61.7574
 -39.2288 61.9042
 -39.1595 62.0595
 -39.1531 62.0692
159 46 5
 -41.7304 65.8347
 -40.7923 65.832
 -40.1737 65.8903
 -39.7753 66.2079
 -39.7252 66.1952
160 100 11
 -29.6576 49.6954
 -29.5289 48.7586
 -29.7182 48.3497
 -29.5643 48.1769
 -29.2624 47.705
 -29.0995 47.0604
 -28.8084 46.6663
 -28.3028 46.3131
 -27.8272 46.3904
 -27.5866 46.7283
 -27.5757 46.7236
160 121 5
 -29.6576 49.6954
 -30.1316 50.4657
 -30.3165 50.7553
 -30.3455 50.8875
 -30.3619 50.9332
161 86 32
 -44.513 48.1105
 -45.0875 47.3363
 -45.4907 46.0464
 -44.9948 45.7755
 -44.2586 45.8089
 -43.5862 45.1969
 -42.7398 44.6229
 -42.0045 44.3234
 -41.6505 44.4846
 -41.541 44.8033
 -41.5322 44.9399
 -41.478 44.8756
 -41.4736 45.0713
 -41.3675 45.5026
 -41.3481 46.0434
 -41.1342 46.7125
 -40.6719 47.2983
 -40.1411 47.8395
 -40.3765 47.3446
 -40.0343 46.7901
 -39.843 46.2973
 -39.7702 46.2026
 -39.6147 45.7383
 -39.195 45.6096
 -38.3717 45.8834
 -37.4364 45.9835
 -36.8963 46.0839
 -36.694 45.9975
 -36.523 45.8339
 -36.0145 45.3458
 -35.5338 44.8989
 -35.5303 44.8764
161 77 5
 -44.513 48.1105
 -44.7984 48.8326
 -45.2092 49.7878
 -45.2365 50.1232
 -45.1949 50.1498
162 124 33
 -15.2316 58.7332
 -13.9682 59.639
 -13.7556 59.9243
 -13.5741 60.1742
 -13.4084 60.3585
 -13.3498 60.4903
 -13.274 60.6875
 -13.2652 61.1788
 -13.5994 61.7088
 -13.9855 62.0011
 -14.2694 62.6612
 -14.8477 63.1656
 -15.4089 63.1067
 -15.6956 63.1038
 -15.6973 63.7266
 -15.747 65.0459
 -15.8957 65.8479
 -15.827 66.002
 -16.0553 66.0735
 -16.101 66.5728
 -15.5564 67.1817
 -14.9465 67.8761
 -14.9475 68.489
 -15.254 68.6789
 -15.3824 68.7617
 -15.3754 68.8965
 -15.687 69.1115
 -15.9335 69.4144
 -15.8085 69.5137
 -15.6817 69.5689
 -15.6673 69.6975
 -15.7148 69.8279
 -15.7209 69.8829
162 6 7
 -15.2316 58.7332
 -16.3817 57.7775
 -16.9518 56.738
 -17.4968 55.8468
 -18.0749 55.0431
 -18.602 54.3454
 -18.6099 54.3347
163 124 30
 -20.5501 64.3499
 -19.7719 64.1089
 -19.7024 63.8699
 -19.344 63.5263
 -18.8644 63.3857
 -18.7913 63.2453
 -18.2254 63.0121
 -17.3169 62.8638
 -16.82 62.7482
 -16.2141 62.9287
 -15.6956 63.1038
 -15.6973 63.7266
 -15.747 65.0459
 -15.8957 65.8479
 -15.827 66.002
 -16.0553 66.0735
 -16.101 66.5728
 -15.5564 67.1817
 -14.9465 67.8761
 -14.9475 68.489
 -15.254 68.6789
 -15.3824 68.7617
 -15.3754 68.8965
 -15.687 69.1115
 -15.9335 69.4144
 -15.8085 69.5137
 -15.6817 69.5689
 -15.6673 69.6975
 -15.7148 69.8279
 -15.7209 69.8829
163 14 5
 -20.5501 64.3499
 -21.2466 64.6115
 -21.391 64.7243
 -21.5106 64.7747
 -21.5083 64.7503
164 116 22
 -5.34915 65.325
 -4.72555 66.0103
 -4.0839 66.5607
 -3.68775 66.8134
 -2.96355 66.7798
 -2.3079 66.5996
 -1.93625 66.2416
 -1.6369 65.8134
 -1.43185 65.4167
 -1.3158 65.2365
 -1.26065 65.2064
 -1.35485 65.0755
 -1.4689 64.9437
 -1.34175 64.8833
 -1.2269 64.8458
 -1.25145 64.8033
 -1.2826 64.7467
 -1.30255 64.5666
 -1.39305 64.4136
 -1.42105 64.3914
 -1.39145 64.3643
 -1.4079 64.3586
164 74 6
 -5.34915 65.325
 -6.1751 64.1801
 -6.8249 63.2105
 -7.4176 63.7163
 -7.78615 64.0988
 -7.6098 64.1819
165 74 8
 -6.48855 59.0649
 -6.49695 61.1497
 -6.98465 62.0844
 -6.96445 62.751
 -6.8249 63.2105
 -7.4176 63.7163
 -7.78615 64.0988
 -7.6098 64.1819
165 78 4
 -6.48855 59.0649
 -7.28895 57.592
 -7.85715 57.7528
 -7.9371 57.8229
166 5 17
 10.1524 47.2353
 11.1021 46.4583
 11.5206 46.228
 12.0368 46.0477
 13.6371 45.4123
 14.8324 44.8014
 15.5843 44.2546
 16.9142 43.9114
 17.5906 43.7265
 17.5827 43.4608
 17.5509 43.4287
 17.3069 43.3869
 17.5223 42.3456
 18.1302 40.9864
 18.4722 40.2837
 18.4946 39.8377
 18.4074 39.7433
166 114 4
 10.1524 47.2353
 9.0391 48.4539
 8.3585 49.1516
 8.3072 49.1868
167 102 8
 7.7737 58.0481
 8.68365 58.3103
 8.92115 58.0285
 8.79255 57.261
 8.8983 56.7435
 9.1048 56.6749
 9.17515 56.6743
 9.1699 56.7052
167 47 4
 7.7737 58.0481
 6.6212 58.1069
 6.0213 58.3499
 6.0049 58.277
168 92 5
 1.2261 72.481
 1.96905 72.6864
 2.4479 72.5759
 2.97385 72.4975
 3.0347 72.501
168 101 3
 1.2261 72.481
 0.4675 72.2129
 0.4381 72.1789
169 19 11
 21.8929 38.5564
 22.6426 37.605
 22.8365 37.5059
 23.3839 36.8419
 23.9085 36.2104
 23.0965 35.7258
 22.216 34.9646
 22.6245 34.341
 23.5429 33.6384
 24.1063 33.3613
 24.2323 33.4383
169 5 9
 21.8929 38.5564
 21.2852 39.6851
 20.9764 39.9502
 20.4132 39.6932
 19.7582 39.6214
 18.9736 39.6454
 18.5103 39.5527
 18.4318 39.6936
 18.4074 39.7433
170 118 9
 12.5454 19.9277
 12.7809 20.6439
 12.6579 20.9939
 12.5911 21.0199
 12.604 21.0895
 12.6182 21.1941
 12.5935 21.3406
 12.568 21.4362
 12.5671 21.4433
170 35 7
 12.5454 19.9277
 12.0872 19.6665
 12.532 19.4753
 12.7482 19.2255
 12.6532 18.945
 12.6291 18.7521
 12.6366 18.6732
171 42 13
 19.6187 22.7458
 18.4432 22.3877
 18.254 22.3922
 18.0753 22.0486
 17.7203 21.7671
 17.6254 21.6575
 17.5268 21.5806
 17.4836 21.5664
 17.4816 21.5214
 17.4534 21.4294
 17.371 21.3397
 17.3024 21.2807
 17.2657 21.2498
171 125 11
 19.6187 22.7458
 20.8941 23.1602
 21.0515 23.4818
 21.0747 23.7228
 21.1057 23.878
 21.313 24.0056
 21.4668 24.1485
 21.4434 24.2891
 21.409 24.3534
 21.3605 24.4146
 21.3401 24.4473
172 28 7
 13.6255 10.5505
 13.6809 8.87395
 14.4489 7.99845
 14.8255 7.35675
 15.1863 6.698
 15.22 6.64185
 15.2374 6.6131
172 68 5
 13.6255 10.5505
 14.5501 11.4629
 14.8137 11.5469
 14.9013 11.504
 14.9695 11.4782
173 59 16
 -2.16565 11.6476
 -2.648 11.5594
 -3.2593 11.7681
 -3.5716 11.9552
 -3.76845 12.0137
 -3.8895 12.0569
 -4.37255 12.219
 -4.85225 12.3491
 -4.9238 12.1382
 -5.46195 11.657
 -5.63355 10.9843
 -5.186 10.537
 -4.93925 10.4026
 -4.71185 10.3018
 -4.54205 10.2698
 -4.5034 10.2797
173 22 4
 -2.16565 11.6476
 -1.03885 11.8477
 0.03135 11.931
 0.0769 11.9402
174 53 13
 -10.556 5.32275
 -10.7984 6.0355
 -11.1318 6.368
 -11.1551 7.0063
 -11.2622 7.3376
 -11.3747 7.49315
 -11.2535 7.3597
 -10.8293 7.25145
 -10.3294 7.00525
 -9.9028 6.8325
 -9.6104 6.8204
 -9.5475 6.8254
 -9.527 6.8662
174 113 6
 -10.556 5.32275
 -10.5244 4.2884
 -10.4463 3.83775
 -10.496 3.61055
 -10.5141 3.5002
 -10.5185 3.4329
175 53 27
 -6.53345 6.06555
 -7.22835 6.64895
 -7.71605 7.05855
 -7.68405 7.1383
 -7.7815 7.0891
 -7.98825 7.07995
 -8.15725 7.1652
 -8.20825 7.1821
 -8.36385 7.19105
 -8.5177 7.1842
 -8.56585 7.2012
 -8.6298 7.23165
 -8.6727 7.2604
 -8.69145 7.19335
 -8.7262 7.0891
 -8.7549 7.0106
 -8.8044 6.9942
 -8.8758 6.9655
 -8.9304 6.9323
 -9.02185 6.9027
 -9.09855 6.88215
 -9.1223 6.9112
 -9.2117 6.97185
 -9.3151 6.8713
 -9.44345 6.76675
 -9.53375 6.8278
 -9.527 6.8662
175 2 10
 -6.53345 6.06555
 -6.4456 5.7858
 -6.4932 5.59575
 -6.0906 5.3327
 -5.4054 5.11395
 -5.0182 5.0364
 -4.8376 4.96445
 -4.71115 4.89835
 -4.6223 4.87665
 -4.5829 4.8321
176 15 8
 -10.1057 -19.5136
 -11.2586 -19.1078
 -11.8635 -18.6845
 -11.9322 -18.2011
 -11.8935 -18.0965
 -11.6647 -18.0005
 -11.5016 -17.9376
 -11.4916 -17.9216
176 108 6
 -10.1057 -19.5136
 -9.252 -19.449
 -8.43765 -19.282
 -7.8205 -19.7221
 -7.65475 -19.999
 -7.5658 -20.1435
177 104 6
 6.3784 -12.5332
 5.77805 -14.2517
 4.377 -14.6771
 2.83805 -14.3323
 2.4574 -14.4134
 2.4304 -14.435
177 96 4
 6.3784 -12.5332
 6.429 -11.3954
 6.09295 -11.1457
 6.0909 -11.1449
178 85 14
 10.3566 -23.479
 10.6955 -23.8021
 11.8682 -24.2304
 12.8449 -24.7167
 12.9338 -24.7048
 13.1436 -24.8158
 13.3444 -24.9268
 13.2658 -25.04
 13.3914 -25.1803
 13.5513 -25.1931
 13.6883 -25.2577
 13.854 -25.4419
 13.9256 -25.5111
 13.9589 -25.5175
178 21 5
 10.3566 -23.479
 9.64215 -22.5349
 8.96535 -21.9475
 8.87835 -21.9577
 8.8712 -21.9614
179 33 21
 -37.3164 42.5188
 -36.532 42.4363
 -36.1679 42.1521
 -35.8902 41.383
 -35.6714 40.7328
 -35.6315 40.5172
 -34.9244 40.3381
 -34.2631 40.2683
 -34.6508 39.7826
 -34.2029 40.1549
 -33.7834 39.8713
 -33.1167 39.833
 -32.4175 40.1178
 -31.9501 40.2519
 -31.6573 40.3144
 -31.3978 40.2339
 -31.3956 40.0951
 -31.4041 40.0211
 -31.5006 39.8692
 -31.6297 39.7504
 -31.6583 39.7288
179 36 9
 -37.3164 42.5188
 -37.9975 42.2166
 -38.3807 41.897
 -38.5854 41.7063
 -38.7373 40.702
 -39.301 39.9828
 -39.9624 40.0864
 -40.182 40.0629
 -40.2095 40.0663
180 59 10
 -4.60035 6.443
 -4.10585 7.6142
 -4.14195 8.2762
 -4.4461 8.7743
 -4.1794 9.2954
 -4.18395 9.7892
 -4.5449 10.0422
 -4.55115 10.1251
 -4.5302 10.2428
 -4.5034 10.2797
180 2 7
 -4.60035 6.443
 -4.9554 5.48405
 -4.95465 5.15375
 -4.8376 4.96445
 -4.71115 4.89835
 -4.6223 4.87665
 -4.5829 4.8321
181 33 17
 -36.0695 36.785
 -35.5868 37.7951
 -35.1665 39.0536
 -35.0991 39.3199
 -34.6508 39.7826
 -34.2029 40.1549
 -33.7834 39.8713
 -33.1167 39.833
 -32.4175 40.1178
 -31.9501 40.2519
 -31.6573 40.3144
 -31.3978 40.2339
 -31.3956 40.0951
 -31.4041 40.0211
 -31.5006 39.8692
 -31.6297 39.7504
 -31.6583 39.7288
181 99 4
 -36.0695 36.785
 -36.4559 35.8945
 -37.0791 34.9604
 -37.4128 34.9184
182 125 10
 23.5646 24.8987
 22.6849 24.5096
 22.3279 24.4862
 21.9785 24.4426
 21.815 24.4647
 21.6639 24.508
 21.4549 24.5075
 21.3754 24.4436
 21.3605 24.4146
 21.3401 24.4473
182 37 4
 23.5646 24.8987
 24.8937 25.9114
 25.5215 26.5084
 25.556 26.4822
183 18 21
 -68.9132 5.3224
 -69.6413 6.00845
 -69.7767 6.3664
 -69.7319 6.7073
 -69.6919 7.02485
 -69.6604 7.05925
 -69.5252 7.0661
 -69.3747 7.0716
 -69.255 7.12415
 -69.2377 7.3099
 -69.3551 7.67575
 -69.4305 7.9853
 -69.472 8.0906
 -69.495 8.1711
 -69.4868 8.2359
 -69.4727 8.28415
 -69.4796 8.3508
 -69.5166 8.3844
 -69.5455 8.41215
 -69.5726 8.4362
 -69.5833 8.436
183 83 10
 -68.9132 5.3224
 -68.2381 4.6613
 -68.2339 4.32555
 -68.0719 4.1126
 -67.8218 3.6629
 -67.2617 3.0261
 -66.7547 2.57975
 -66.5516 2.5755
 -66.3648 2.6246
 -66.27 2.6898
184 46 12
 -40.4083 70.7733
 -39.5268 69.8513
 -39.4964 69.1438
 -39.7426 68.735
 -40.207 68.3855
 -40.6517 67.7387
 -40.8337 67.4056
 -40.8804 67.3825
 -40.3708 66.8607
 -39.8289 66.3874
 -39.7231 66.3046
 -39.7252 66.1952
184 44 9
 -40.4083 70.7733
 -41.6212 71.4554
 -42.1582 71.5592
 -42.4651 71.462
 -43.3867 71.0641
 -44.5438 70.5299
 -45.0734 70.1606
 -45.0388 70.0056
 -45.009 69.9762
185 124 26
 -11.2034 64.7179
 -11.9804 64.335
 -12.8507 64.2263
 -14.009 63.9396
 -14.7602 63.435
 -15.4089 63.1067
 -15.6956 63.1038
 -15.6973 63.7266
 -15.747 65.0459
 -15.8957 65.8479
 -15.827 66.002
 -16.0553 66.0735
 -16.101 66.5728
 -15.5564 67.1817
 -14.9465 67.8761
 -14.9475 68.489
 -15.254 68.6789
 -15.3824 68.7617
 -15.3754 68.8965
 -15.687 69.1115
 -15.9335 69.4144
 -15.8085 69.5137
 -15.6817 69.5689
 -15.6673 69.6975
 -15.7148 69.8279
 -15.7209 69.8829
185 74 10
 -11.2034 64.7179
 -9.9332 64.5335
 -9.3312 64.0319
 -9.0972 63.8505
 -8.84395 63.6214
 -8.65845 63.5944
 -8.38605 63.8634
 -8.0593 64.1242
 -7.7681 64.1691
 -7.6098 64.1819
186 109 15
 9.0096 73.405
 14.1866 73.3695
 14.1831 73.2048
 14.2087 72.9585
 14.1453 72.876
 14.0627 72.7664
 13.9685 72.6411
 13.5326 72.5188
 13.0121 72.2908
 12.7259 72.2404
 11.9494 72.1093
 11.3508 71.8071
 11.2496 71.5473
 11.1181 71.3801
 11.1172 71.3586
186 92 6
 9.0096 73.405
 4.30375 73.2959
 4.49225 73.099
 3.61735 72.7336
 3.0552 72.4682
 3.0347 72.501
187 125 18
 26.0208 20.2554
 24.8783 19.6907
 23.9618 19.1935
 23.5094 19.2628
 22.6145 20.1007
 21.7029 20.7712
 21.5826 21.7809
 21.3097 22.7362
 21.1497 23.0818
 21.1105 23.504
 21.0747 23.7228
 21.1057 23.878
 21.313 24.0056
 21.4668 24.1485
 21.4434 24.2891
 21.409 24.3534
 21.3605 24.4146
 21.3401 24.4473
187 57 12
 26.0208 20.2554
 26.8688 20.5825
 27.0406 20.6145
 27.5141 20.9165
 28.0266 21.1442
 28.913 20.5368
 30.0595 19.8236
 30.9975 19.3181
 31.7243 19.1256
 32.0364 19.1208
 32.3641 18.9392
 32.488 18.8964
188 42 23
 14.8295 14.3046
 15.3543 14.5129
 16.0124 14.6187
 15.951 14.9107
 15.6943 15.9282
 15.7231 17.1161
 15.4631 17.7675
 15.2954 18.5539
 15.3512 19.1176
 15.5083 19.2952
 15.788 19.4527
 16.0178 19.7961
 16.1798 20.3177
 16.3703 20.5995
 16.5326 20.7341
 16.731 20.8738
 16.9589 20.8676
 17.0147 20.7558
 17.1329 20.9173
 17.2197 21.0953
 17.2139 21.1796
 17.2449 21.2245
 17.2657 21.2498
188 68 5
 14.8295 14.3046
 14.8757 12.845
 15.0237 11.546
 14.976 11.4884
 14.9695 11.4782
189 35 19
 3.501 13.911
 4.79095 13.9857
 5.99945 13.6679
 6.75 14.641
 6.8247 15.8653
 6.7525 15.9993
 6.9043 15.9469
 7.99535 16.2064
 9.18095 16.7785
 9.539 17.7398
 9.4318 18.4177
 10.4232 18.9435
 11.5387 19.5902
 12.0872 19.6665
 12.532 19.4753
 12.7482 19.2255
 12.6532 18.945
 12.6291 18.7521
 12.6366 18.6732
189 22 8
 3.501 13.911
 2.22585 13.6733
 1.47805 13.6449
 0.9688 13.0908
 0.63105 12.1757
 0.39335 11.8491
 0.08925 11.9249
 0.0769 11.9402
190 123 17
 -18.1738 14.5372
 -19.2907 14.4564
 -20.349 14.272
 -20.4268 14.2513
 -20.7832 14.091
 -21.0966 13.7431
 -21.4181 13.1145
 -21.9881 12.3806
 -22.1358 11.948
 -21.4256 11.7928
 -20.7753 11.0297
 -20.7457 10.2584
 -20.7067 10.166
 -20.5356 9.9652
 -20.3854 9.69115
 -20.3654 9.53355
 -20.3911 9.5009
190 51 4
 -18.1738 14.5372
 -17.9432 14.864
 -17.8309 15.2761
 -17.8724 15.2614
191 122 14
 -24.4473 -6.28975
 -23.4458 -7.3023
 -22.3727 -7.0787
 -22.183 -7.1208
 -21.6167 -7.4517
 -21.1507 -8.1459
 -20.7764 -8.80945
 -20.1705 -8.8877
 -19.8512 -8.8192
 -19.4602 -9.4457
 -18.937 -9.91825
 -18.5671 -9.9141
 -18.432 -9.9232
 -18.4202 -9.9166
191 105 3
 -24.4473 -6.28975
 -24.4948 -4.9338
 -24.4973 -4.8367
192 7 6
 -72.9655 -4.8921
 -73.655 -7.19125
 -74.2701 -8.1181
 -75.1479 -7.77395
 -75.8732 -6.72935
 -75.82 -6.5806
192 39 6
 -72.9655 -4.8921
 -72.7946 -2.88065
 -72.1748 -2.52515
 -71.5598 -2.1926
 -71.567 -2.11695
 -71.5668 -2.1058
193 60 21
 -56.3796 6.29295
 -55.0647 5.58225
 -55.3086 5.50725
 -55.6397 4.76075
 -56.0093 3.59565
 -56.2467 2.70945
 -56.2904 2.20215
 -56.1142 1.8607
 -55.9919 1.2492
 -56.2963 1.02795
 -57.1004 0.4849
 -57.5931 -0.1787
 -56.8402 -0.11885
 -55.1497 -0.3003
 -54.5925 -1.19155
 -55.0351 -1.8781
 -54.7505 -2.48705
 -54.35 -3.0781
 -54.0757 -3.86795
 -53.6036 -4.36265
 -53.2933 -4.081
193 71 9
 -56.3796 6.29295
 -57.528 7.0297
 -58.0952 7.20215
 -59.0419 7.53855
 -59.835 7.7889
 -60.4618 8.03445
 -60.9768 7.9231
 -61.2584 7.6534
 -61.2802 7.6321
194 62 16
 -66.3506 -6.1306
 -65.9973 -8.1453
 -66.1597 -9.0644
 -66.0617 -9.80585
 -66.6539 -9.7601
 -67.061 -9.9436
 -66.8869 -10.7626
 -66.8849 -11.4825
 -66.9762 -11.7569
 -66.9892 -12.0806
 -67.1324 -12.2359
 -67.2135 -12.2665
 -67.1668 -12.462
 -67.0891 -12.5849
 -67.043 -12.6523
 -67.033 -12.6861
194 39 12
 -66.3506 -6.1306
 -67.2897 -4.389
 -67.9975 -4.2387
 -67.9321 -3.2094
 -67.6589 -2.4765
 -68.5331 -1.94545
 -69.7522 -1.43555
 -70.2818 -1.3006
 -70.8357 -1.5914
 -71.399 -2.0829
 -71.567 -2.11695
 -71.5668 -2.1058
195 97 5
 -49.9902 -19.0226
 -50.2337 -18.4603
 -50.8656 -18.2441
 -51.3041 -18.0467
 -51.3564 -18.0455
195 32 4
 -49.9902 -19.0226
 -49.5026 -19.8778
 -48.9962 -20.1524
 -48.9796 -20.1141
196 64 45
 -26.692 -21.3223
 -25.8205 -20.2484
 -25.4874 -19.8095
 -25.4269 -19.9047
 -25.0421 -20.2589
 -24.4304 -20.6952
 -24.0103 -20.8139
 -23.1001 -21.1543
 -22.2894 -21.4038
 -22.0545 -21.1301
 -21.8384 -21.0057
 -21.764 -21.0577
 -21.7629 -20.9304
 -21.6868 -20.8126
 -21.65 -20.7023
 -21.5921 -20.5065
 -21.0832 -20.0847
 -20.3917 -19.8842
 -20.031 -20.178
 -19.7971 -20.5699
 -19.5113 -20.7915
 -19.1185 -20.7509
 -18.7292 -20.7379
 -18.4359 -20.8135
 -18.2098 -20.9026
 -18.0356 -21.0065
 -17.8857 -21.1162
 -17.7882 -21.1898
 -17.7462 -21.2735
 -17.7034 -21.1638
 -17.583 -21.0522
 -17.5325 -20.9371
 -17.5052 -20.9063
 -17.4487 -20.8609
 -17.3744 -20.8232
 -17.3246 -20.856
 -17.3502 -20.9206
 -17.3635 -20.9794
 -17.2633 -21.0239
 -17.2117 -21.1394
 -17.2096 -21.2161
 -17.1805 -21.1987
 -17.0975 -21.1801
 -17.0027 -21.1722
 -16.9868 -21.177
196 103 5
 -26.692 -21.3223
 -28.5727 -22.7093
 -30.0299 -23.5981
 -30.2473 -23.6613
 -30.3421 -23.5948
197 34 16
 -37.7421 -15.0659
 -38.5446 -15.4439
 -39.1267 -15.6315
 -39.7524 -15.2939
 -40.1985 -14.6816
 -40.399 -15.3708
 -40.5879 -16.1222
 -40.4683 -16.8786
 -40.4406 -17.3035
 -40.6449 -17.576
 -41.4923 -18.1212
 -42.1986 -18.469
 -42.6205 -18.826
 -43.1184 -19.1384
 -43.245 -19.0899
 -43.2783 -19.0619
197 10 9
 -37.7421 -15.0659
 -36.9099 -15.0464
 -36.252 -15.3403
 -35.9698 -15.4776
 -35.5513 -15.3959
 -35.0812 -15.3294
 -34.9352 -15.3128
 -34.855 -15.3134
 -34.8472 -15.3145
198 30 11
 -43.5622 3.9365
 -44.9601 3.99065
 -45.9534 3.77075
 -46.5222 3.86635
 -46.9222 3.89715
 -47.6642 4.4237
 -48.6929 5.0047
 -49.3284 6.63365
 -49.9484 8.44955
 -50.4473 8.72015
 -50.4183 8.7547
198 111 8
 -43.5622 3.9365
 -42.0805 2.40185
 -40.63 0.74025
 -39.6711 0.30935
 -39.4529 0.4249
 -39.3775 0.67015
 -39.3818 0.84005
 -39.4033 0.8507
199 111 9
 -42.061 -4.0942
 -41.7493 -3.2218
 -41.1754 -2.3832
 -40.5965 -1.44295
 -39.8755 -0.1891
 -39.4529 0.4249
 -39.3775 0.67015
 -39.3818 0.84005
 -39.4033 0.8507
199 11 6
 -42.061 -4.0942
 -41.6739 -5.04
 -41.6938 -6.36865
 -40.8451 -7.0603
 -39.5701 -7.16675
 -39.511 -7.2126
200 34 19
 -42.0958 -8.6563
 -43.5182 -9.3339
 -44.3073 -9.98135
 -43.5404 -10.9578
 -42.7412 -12.0894
 -42.0013 -12.9565
 -40.7764 -14.0346
 -40.1985 -14.6816
 -40.399 -15.3708
 -40.5879 -16.1222
 -40.4683 -16.8786
 -40.4406 -17.3035
 -40.6449 -17.576
 -41.4923 -18.1212
 -42.1986 -18.469
 -42.6205 -18.826
 -43.1184 -19.1384
 -43.245 -19.0899
 -43.2783 -19.0619
200 11 5
 -42.0958 -8.6563
 -40.6123 -8.5194
 -39.729 -8.39375
 -39.5901 -7.77405
 -39.511 -7.2126
201 84 10
 -53.4901 12.311
 -56.0463 12.4017
 -56.2833 12.9622
 -56.6272 13.7395
 -57.5298 13.4847
 -58.0333 14.1089
 -58.7938 14.5471
 -59.6303 14.4389
 -60.4317 14.2149
 -60.4293 14.1822
201 30 6
 -53.4901 12.311
 -51.4011 12.0305
 -51.4526 11.5252
 -51.1833 9.956
 -50.5884 8.82965
 -50.4183 8.7547
202 31 5
 -38.2735 12.3876
 -36.8351 12.4475
 -36.1824 12.1118
 -35.1392 11.971
 -34.9189 11.896
202 45 6
 -38.2735 12.3876
 -39.7297 12.7087
 -40.7727 12.4574
 -41.7846 12.0266
 -42.2191 11.9651
 -42.4963 11.9718
203 123 22
 -30.885 15.8557
 -29.3469 15.6052
 -28.4646 14.9373
 -27.6951 15.3102
 -26.1996 14.9412
 -24.4158 15.0214
 -23.6896 15.5821
 -22.7329 14.8675
 -21.4739 14.0787
 -20.7832 14.091
 -21.0966 13.7431
 -21.4181 13.1145
 -21.9881 12.3806
 -22.1358 11.948
 -21.4256 11.7928
 -20.7753 11.0297
 -20.7457 10.2584
 -20.7067 10.166
 -20.5356 9.9652
 -20.3854 9.69115
 -20.3654 9.53355
 -20.3911 9.5009
203 31 9
 -30.885 15.8557
 -32.4484 14.7717
 -33.0861 13.9638
 -33.6632 13.5489
 -34.1283 13.4464
 -34.797 12.8216
 -35.392 12.1382
 -35.1392 11.971
 -34.9189 11.896
204 41 24
 -39.9775 35.1935
 -41.0386 34.915
 -41.8737 34.2371
 -43.0806 34.4529
 -43.6897 35.6567
 -44.5229 36.0079
 -45.1994 36.3692
 -45.2783 36.6678
 -45.6605 36.7178
 -46.278 37.0406
 -46.6287 37.2612
 -46.903 37.1515
 -46.5142 37.3963
 -46.5531 38.1733
 -46.8458 38.8094
 -46.9096 38.8643
 -46.4777 39.1827
 -46.0224 39.4824
 -46.6049 40.1173
 -47.2256 40.8576
 -47.4023 41.1571
 -47.5816 41.3576
 -47.7336 41.5975
 -47.8274 41.8316
204 99 4
 -39.9775 35.1935
 -38.2183 35.2964
 -37.4485 35.0142
 -37.4128 34.9184
205 70 7
 -66.3647 31.6856
 -67.2022 31.1238
 -67.8565 30.8304
 -68.0491 30.7634
 -68.5464 30.3902
 -68.9492 30.0479
 -68.9551 29.9851
205 88 4
 -66.3647 31.6856
 -65.8445 32.3143
 -65.5809 32.7271
 -65.5621 32.7528
206 1 12
 -70.4743 21.2113
 -70.4891 22.2015
 -70.4747 22.6828
 -70.504 22.9517
 -70.8469 23.1272
 -70.6772 23.4034
 -70.1448 24.4171
 -70.1407 25.3027
 -70.3872 25.4621
 -70.5989 25.6574
 -70.6575 25.7492
 -70.641 25.7558
206 76 4
 -70.4743 21.2113
 -70.2458 20.1189
 -69.9861 19.6574
 -69.991 19.5873
207 80 15
 -77.9293 16.3972
 -78.8693 15.0511
 -78.1354 13.6269
 -76.2908 11.825
 -75.0563 11.1553
 -74.6515 10.8278
 -74.3802 10.5987
 -74.0535 11.1651
 -73.3671 12.5019
 -72.5374 13.4974
 -72.0454 13.6997
 -71.781 13.2834
 -71.1472 12.8426
 -70.7718 12.7334
 -70.784 12.6653
207 72 17
 -77.9293 16.3972
 -76.9935 17.7588
 -77.1625 18.6986
 -76.8237 20.1922
 -76.1979 21.1701
 -76.1134 21.9159
 -75.969 22.451
 -75.8022 23.1761
 -75.8288 23.9925
 -76.0571 24.7204
 -75.7722 25.838
 -76.2728 26.4452
 -77.3379 26.7607
 -77.284 27.1966
 -77.0041 27.6513
 -76.8054 27.8915
 -76.7563 27.9133
208 17 6
 -76.2877 29.3577
 -75.9214 30.7395
 -75.5674 30.6883
 -75.336 30.5278
 -75.1732 30.5752
 -75.1195 30.5687
208 72 4
 -76.2877 29.3577
 -76.5717 28.0194
 -76.7386 27.9064
 -76.7563 27.9133
209 70 20
 -71.7404 34.5058
 -71.0286 34.4608
 -70.4978 34.244
 -70.3368 34.2592
 -69.5983 34.346
 -68.8328 34.0355
 -68.8227 33.5016
 -69.5 32.9109
 -70.2142 32.3149
 -70.6971 32.0039
 -71.0558 31.8745
 -70.9195 31.6325
 -70.7531 31.2543
 -70.6214 30.8138
 -70.665 30.4522
 -70.8794 29.9215
 -70.6678 29.5182
 -69.722 29.8242
 -69.0029 30.0382
 -68.9551 29.9851
209 120 5
 -71.7404 34.5058
 -72.6561 33.7337
 -73.4137 32.9756
 -73.5733 32.8991
 -73.6259 32.9248
210 24 12
 -67.549 51.1349
 -67.7218 50.8963
 -68.2446 50.2901
 -68.4131 49.7998
 -68.539 49.6918
 -68.7495 49.7299
 -68.9117 49.8009
 -69.0596 49.7723
 -69.2361 49.7799
 -69.448 49.8689
 -69.5081 49.9253
 -69.5199 49.9215
210 9 15
 -67.549 51.1349
 -67.9888 51.6073
 -68.305 52.1001
 -68.3472 52.4912
 -68.2246 53.1506
 -68.1366 53.558
 -68.0598 53.6486
 -67.8419 53.8307
 -67.7287 54.0955
 -67.7271 54.2428
 -67.7942 54.3133
 -67.842 54.4539
 -67.9348 54.6042
 -68.005 54.6758
 -68.01 54.7048
211 25 44
 -62.6056 54.6778
 -62.1244 54.5678
 -61.8029 54.5254
 -61.4141 54.2971
 -61.0829 54.0517
 -61.0485 53.8963
 -60.9443 53.722
 -60.8603 53.6253
 -60.8294 53.5645
 -60.769 53.4796
 -60.7549 53.3737
 -60.7763 53.303
 -60.7663 53.2533
 -60.8197 53.1795
 -60.8877 53.133
 -60.9342 53.1841
 -60.9746 53.2285
 -60.992 53.197
 -61.1609 53.0742
 -61.3615 53.0697
 -61.4401 53.0373
 -61.5636 52.7904
 -61.6794 52.6463
 -61.8611 52.5221
 -62.1158 52.4185
 -62.206 52.3155
 -62.2771 52.1388
 -62.4925 52.0221
 -62.7096 51.9386
 -62.8885 51.9287
 -62.9941 51.9407
 -63.0299 51.8974
 -63.0266 51.8111
 -62.9902 51.7197
 -63.0123 51.6395
 -63.054 51.5198
 -63.0426 51.3992
 -63.1101 51.2925
 -63.2759 51.2311
 -63.354 51.2506
 -63.3643 51.1976
 -63.4174 51.1777
 -63.4587 51.1875
 -63.4609 51.1844
211 110 4
 -62.6056 54.6778
 -63.1756 54.9676
 -63.5311 55.18
 -63.5359 55.1897
212 25 20
 -65.6415 52.5512
 -65.2812 52.423
 -65.1476 52.137
 -64.9301 52.0507
 -64.7513 52.0214
 -64.6455 51.8971
 -64.6263 51.6982
 -64.6068 51.5281
 -64.4563 51.2785
 -64.3016 51.0177
 -64.3163 50.8247
 -64.0861 50.9281
 -63.829 51.0034
 -63.7334 51.1184
 -63.7006 51.1672
 -63.648 51.186
 -63.5955 51.1738
 -63.5438 51.1503
 -63.4856 51.1682
 -63.4609 51.1844
212 9 22
 -65.6415 52.5512
 -66.0378 52.6627
 -66.2677 52.9267
 -66.227 53.1502
 -66.2232 53.4624
 -66.3932 53.7353
 -66.4778 53.8627
 -66.6602 53.8928
 -66.691 53.9963
 -66.6228 54.1072
 -66.6445 54.3302
 -66.7402 54.6143
 -66.8597 54.6507
 -67.1215 54.6042
 -67.3201 54.5625
 -67.3719 54.6716
 -67.5316 54.7598
 -67.5975 54.7318
 -67.7227 54.6189
 -67.9348 54.6042
 -68.005 54.6758
 -68.01 54.7048
213 38 5
 -47.4391 70.1924
 -47.9865 70.8031
 -48.9352 70.6867
 -49.9251 70.6129
 -49.9815 70.6498
213 44 5
 -47.4391 70.1924
 -46.1161 69.8524
 -45.1969 70.0818
 -45.0388 70.0056
 -45.009 69.9762
214 46 19
 -34.1992 70.6011
 -35.4075 71.3101
 -36.8253 72.6499
 -37.8493 72.8335
 -38.1433 72.4492
 -38.6247 72.0399
 -39.0501 71.7527
 -39.4968 70.8864
 -39.5268 69.8513
 -39.4964 69.1438
 -39.7426 68.735
 -40.207 68.3855
 -40.6517 67.7387
 -40.8337 67.4056
 -40.8804 67.3825
 -40.3708 66.8607
 -39.8289 66.3874
 -39.7231 66.3046
 -39.7252 66.1952
214 58 14
 -34.1992 70.6011
 -32.9585 70.7819
 -32.2586 70.5332
 -31.7915 70.6185
 -32.0182 70.3631
 -31.6012 70.0343
 -31.1721 69.4491
 -30.8329 68.9566
 -30.2594 68.9207
 -29.4375 68.7063
 -28.6036 67.8828
 -28.3081 67.2461
 -28.2734 67.0992
 -28.2906 67.09
215 20 9
 -28.5485 66.0163
 -28.709 65.042
 -29.1259 64.6385
 -29.8944 64.134
 -30.4188 63.9095
 -31.0753 63.8073
 -31.8258 63.8065
 -32.1095 63.9361
 -32.0853 63.9959
215 58 3
 -28.5485 66.0163
 -28.319 66.9944
 -28.2906 67.09
216 86 31
 -32.327 49.4791
 -33.4629 49.3982
 -34.0905 49.3159
 -34.336 49.0126
 -34.4601 48.7991
 -34.5501 48.7513
 -34.7757 48.6064
 -34.9754 48.4935
 -35.5174 48.6573
 -36.1449 48.622
 -36.8042 48.6021
 -38.1926 48.3818
 -39.2769 48.3583
 -39.6399 48.7893
 -39.8448 48.8973
 -39.7858 48.5456
 -40.1411 47.8395
 -40.3765 47.3446
 -40.0343 46.7901
 -39.843 46.2973
 -39.7702 46.2026
 -39.6147 45.7383
 -39.195 45.6096
 -38.3717 45.8834
 -37.4364 45.9835
 -36.8963 46.0839
 -36.694 45.9975
 -36.523 45.8339
 -36.0145 45.3458
 -35.5338 44.8989
 -35.5303 44.8764
216 121 9
 -32.327 49.4791
 -31.7741 49.8763
 -31.6793 50.5521
 -31.2505 50.9461
 -30.7753 51.0119
 -30.5124 51.0556
 -30.4462 51.0413
 -30.389 50.9827
 -30.3619 50.9332
217 43 36
 -46.3284 49.658
 -47.2767 49.1311
 -47.3487 48.9468
 -48.0539 48.8879
 -49.1411 48.8454
 -49.7153 48.2599
 -50.0085 48.0054
 -50.6549 48.2896
 -51.4336 48.4811
 -52.1902 48.3593
 -52.6646 48.4628
 -52.7491 49.2593
 -53.2498 50.0041
 -53.7595 50.699
 -53.9408 51.3125
 -54.1418 51.7479
 -54.2029 51.9396
 -54.3564 52.0499
 -54.8645 52.1698
 -55.2319 52.2203
 -55.3794 52.1772
 -55.6207 52.0526
 -55.7708 52.0402
 -55.6672 51.897
 -55.6483 51.6236
 -55.7509 51.0224
 -55.8537 50.5668
 -55.651 50.4363
 -55.4719 50.1182
 -55.3865 49.8314
 -55.3603 49.56
 -55.4598 49.3264
 -55.5658 49.2074
 -55.7117 49.2212
 -55.8146 49.2891
 -55.8216 49.3073
217 77 4
 -46.3284 49.658
 -45.3139 50.0957
 -45.2365 50.1232
 -45.1949 50.1498
218 25 54
 -56.4872 50.4226
 -56.7959 50.3213
 -56.8624 50.4112
 -57.5655 50.5985
 -58.2153 50.7452
 -58.4118 50.7028
 -58.7011 50.7482
 -58.845 50.8329
 -58.9619 50.6413
 -59.3365 50.7701
 -60.0331 50.9891
 -60.5261 51.198
 -60.7721 51.4401
 -61.0643 51.5938
 -61.2913 51.7729
 -61.4018 51.8943
 -61.3579 52.107
 -61.1592 52.2547
 -61.0946 52.4682
 -61.1932 52.764
 -61.1 53.0089
 -60.9235 53.1202
 -60.8836 53.1241
 -60.8197 53.1795
 -60.8877 53.133
 -60.9342 53.1841
 -60.9746 53.2285
 -60.992 53.197
 -61.1609 53.0742
 -61.3615 53.0697
 -61.4401 53.0373
 -61.5636 52.7904
 -61.6794 52.6463
 -61.8611 52.5221
 -62.1158 52.4185
 -62.206 52.3155
 -62.2771 52.1388
 -62.4925 52.0221
 -62.7096 51.9386
 -62.8885 51.9287
 -62.9941 51.9407
 -63.0299 51.8974
 -63.0266 51.8111
 -62.9902 51.7197
 -63.0123 51.6395
 -63.054 51.5198
 -63.0426 51.3992
 -63.1101 51.2925
 -63.2759 51.2311
 -63.354 51.2506
 -63.3643 51.1976
 -63.4174 51.1777
 -63.4587 51.1875
 -63.4609 51.1844
218 43 12
 -56.4872 50.4226
 -56.0458 50.5381
 -55.8537 50.5668
 -55.651 50.4363
 -55.4719 50.1182
 -55.3865 49.8314
 -55.3603 49.56
 -55.4598 49.3264
 -55.5658 49.2074
 -55.7117 49.2212
 -55.8146 49.2891
 -55.8216 49.3073
219 43 32
 -48.9705 46.9306
 -49.7855 47.5477
 -50.0085 48.0054
 -50.6549 48.2896
 -51.4336 48.4811
 -52.1902 48.3593
 -52.6646 48.4628
 -52.7491 49.2593
 -53.2498 50.0041
 -53.7595 50.699
 -53.9408 51.3125
 -54.1418 51.7479
 -54.2029 51.9396
 -54.3564 52.0499
 -54.8645 52.1698
 -55.2319 52.2203
 -55.3794 52.1772
 -55.6207 52.0526
 -55.7708 52.0402
 -55.6672 51.897
 -55.6483 51.6236
 -55.7509 51.0224
 -55.8537 50.5668
 -55.651 50.4363
 -55.4719 50.1182
 -55.3865 49.8314
 -55.3603 49.56
 -55.4598 49.3264
 -55.5658 49.2074
 -55.7117 49.2212
 -55.8146 49.2891
 -55.8216 49.3073
219 94 3
 -48.9705 46.9306
 -48.1455 46.5084
 -48.116 46.4988
220 33 21
 -35.9976 43.1
 -36.1482 42.4931
 -36.1679 42.1521
 -35.8902 41.383
 -35.6714 40.7328
 -35.6315 40.5172
 -34.9244 40.3381
 -34.2631 40.2683
 -34.6508 39.7826
 -34.2029 40.1549
 -33.7834 39.8713
 -33.1167 39.833
 -32.4175 40.1178
 -31.9501 40.2519
 -31.6573 40.3144
 -31.3978 40.2339
 -31.3956 40.0951
 -31.4041 40.0211
 -31.5006 39.8692
 -31.6297 39.7504
 -31.6583 39.7288
220 86 5
 -35.9976 43.1
 -35.9788 43.7305
 -35.8628 44.3494
 -35.5951 44.8315
 -35.5303 44.8764
221 89 14
 -23.6208 20.6289
 -22.5879 20.8055
 -21.7769 20.9067
 -21.2668 20.8452
 -21.6058 20.7658
 -21.5074 19.8228
 -21.017 18.8761
 -20.8318 18.7007
 -20.4298 18.405
 -19.9868 18.2187
 -19.4883 17.9607
 -18.163 17.5348
 -17.1747 17.1801
 -17.1476 16.9718
221 49 3
 -23.6208 20.6289
 -24.8715 20.153
 -25.4288 19.6955
222 27 13
 -19.3274 25.7804
 -19.9465 26.9681
 -20.3794 27.4674
 -21.1265 28.3918
 -21.2635 29.0956
 -21.379 29.3752
 -22.3944 29.6032
 -23.2024 30.006
 -23.2342 30.2321
 -23.8024 30.4425
 -24.8907 31.1464
 -25.5236 31.6183
 -25.5511 31.6325
222 61 17
 -19.3274 25.7804
 -18.4733 24.2495
 -17.3539 23.666
 -16.0189 23.6642
 -15.5978 23.8036
 -15.4375 23.6599
 -15.3186 23.3764
 -14.8705 22.7122
 -14.4716 22.2393
 -13.9841 22.3483
 -13.3461 22.4878
 -13.1775 22.3162
 -12.75 21.3653
 -12.3475 20.1977
 -12.3653 19.7177
 -12.4004 19.6063
 -12.4428 19.5173
223 61 9
 -11.2085 22.8121
 -12.7652 22.6633
 -13.3461 22.4878
 -13.1775 22.3162
 -12.75 21.3653
 -12.3475 20.1977
 -12.3653 19.7177
 -12.4004 19.6063
 -12.4428 19.5173
223 81 4
 -11.2085 22.8121
 -9.412 22.7714
 -8.7492 22.7285
 -8.7382 22.7686
224 81 5
 -5.5082 21.6213
 -7.3518 22.5383
 -8.0765 22.8611
 -8.72925 22.8254
 -8.7382 22.7686
224 107 4
 -5.5082 21.6213
 -3.6374 21.0469
 -3.5255 21.1297
 -3.5217 21.1715
225 33 34
 -14.0199 36.8203
 -12.4923 37.8345
 -14.7427 38.1984
 -16.541 38.8663
 -16.6627 38.6351
 -17.2383 38.3742
 -19.0251 37.4816
 -20.2625 36.7415
 -22.1006 36.7704
 -24.2622 37.0804
 -24.6146 37.2628
 -24.9629 37.2828
 -25.5831 37.5879
 -25.3614 38.5175
 -24.6516 39.2299
 -25.7806 38.7251
 -27.0818 38.4316
 -27.7956 38.8669
 -28.3316 39.1087
 -28.9646 39.2111
 -29.5125 39.4049
 -29.6569 39.4612
 -30.0791 39.3892
 -30.6906 39.3163
 -30.9042 39.6159
 -30.9279 39.9678
 -30.9669 40.0661
 -31.1712 40.1138
 -31.3717 40.1244
 -31.3956 40.0951
 -31.4041 40.0211
 -31.5006 39.8692
 -31.6297 39.7504
 -31.6583 39.7288
225 90 4
 -14.0199 36.8203
 -15.4389 34.106
 -15.9532 31.8319
 -16.0051 31.7881
226 73 8
 -2.9102 43.0423
 -2.9218 43.557
 -2.9213 44.119
 -2.5801 44.8366
 -2.4977 45.4747
 -3.2974 46.109
 -3.84255 46.3018
 -3.8546 46.3227
226 115 5
 -2.9102 43.0423
 -2.852 42.3846
 -2.9319 42.0586
 -3.05205 41.8558
 -3.054 41.816
227 6 25
 -20.1608 45.4987
 -19.2363 45.7879
 -18.0237 46.1249
 -17.389 45.9468
 -17.4763 46.6479
 -17.5164 47.2304
 -17.6438 47.4369
 -17.7085 47.5107
 -17.8181 48.0574
 -17.9224 48.6941
 -17.568 49.7474
 -17.3391 50.9009
 -17.6149 51.5608
 -18.129 52.317
 -18.6513 52.5762
 -18.7567 52.518
 -18.635 52.6607
 -18.4772 52.7994
 -18.5748 53.2058
 -18.7035 53.6208
 -18.619 53.7603
 -18.5805 54.0112
 -18.6509 54.1742
 -18.6476 54.2698
 -18.6099 54.3347
227 100 23
 -20.1608 45.4987
 -21.159 44.4503
 -21.9604 42.8515
 -21.6908 41.292
 -22.5496 42.3644
 -23.4464 42.718
 -24.1026 43.0156
 -25.3629 43.1506
 -26.4943 43.1976
 -26.9372 43.0399
 -27.2296 43.1614
 -27.5168 43.573
 -28.0247 44.1499
 -28.2956 44.6297
 -28.1475 44.8665
 -28.0067 45.0788
 -27.8325 44.956
 -27.9658 45.1518
 -28.0434 45.5292
 -28.0965 45.9497
 -27.8272 46.3904
 -27.5866 46.7283
 -27.5757 46.7236
228 124 25
 -16.8963 61.7854
 -16.8279 62.7049
 -17.3169 62.8638
 -16.82 62.7482
 -16.2141 62.9287
 -15.6956 63.1038
 -15.6973 63.7266
 -15.747 65.0459
 -15.8957 65.8479
 -15.827 66.002
 -16.0553 66.0735
 -16.101 66.5728
 -15.5564 67.1817
 -14.9465 67.8761
 -14.9475 68.489
 -15.254 68.6789
 -15.3824 68.7617
 -15.3754 68.8965
 -15.687 69.1115
 -15.9335 69.4144
 -15.8085 69.5137
 -15.6817 69.5689
 -15.6673 69.6975
 -15.7148 69.8279
 -15.7209 69.8829
228 4 4
 -16.8963 61.7854
 -17.1123 60.8201
 -17.0821 60.6093
 -17.064 60.5664
229 124 14
 -17.952 73.2485
 -16.9548 73.6327
 -16.0147 73.4265
 -15.427 73.3456
 -15.5616 72.8904
 -15.6595 72.2429
 -16.1028 71.826
 -16.1882 71.1309
 -15.9872 70.4218
 -15.9678 70.218
 -15.9473 70.1461
 -15.8342 70.0036
 -15.73 69.8803
 -15.7209 69.8829
229 106 5
 -17.952 73.2485
 -18.5612 72.8253
 -19.0532 72.3175
 -19.3414 71.7963
 -19.3125 71.7793
230 3 6
 0.0814 39.7446
 1.10855 39.7949
 1.40755 39.6905
 1.7509 39.6299
 1.919 39.7136
 1.9762 39.757
230 115 7
 0.0814 39.7446
 -1.24475 40.5062
 -1.56375 41.5843
 -1.9268 41.9487
 -2.69325 41.9729
 -3.05205 41.8558
 -3.054 41.816
231 73 6
 -1.61715 48.5296
 -2.95855 47.623
 -3.66025 46.66
 -3.7007 46.4699
 -3.8155 46.3526
 -3.8546 46.3227
231 52 9
 -1.61715 48.5296
 -0.6003 49.0837
 -0.201 49.6324
 -0.63125 49.8059
 -1.1892 49.9248
 -1.9496 50.169
 -2.6303 50.5026
 -2.6983 50.6549
 -2.7052 50.7319
232 75 9
 3.7655 39.1622
 4.8826 37.9075
 4.26985 36.8521
 4.38745 35.8016
 5.2903 35.0885
 6.19455 34.6956
 7.1407 34.3485
 7.52975 34.3592
 7.8577 34.3991
232 3 4
 3.7655 39.1622
 2.33175 39.7222
 1.919 39.7136
 1.9762 39.757
233 67 6
 8.4776 55.7661
 8.14505 55.6211
 7.9062 55.6116
 7.47015 55.7279
 7.25515 55.88
 7.2671 55.9176
233 102 4
 8.4776 55.7661
 8.9804 56.2716
 9.17515 56.6743
 9.1699 56.7052
234 102 8
 9.86275 58.8368
 9.03995 58.3365
 8.92115 58.0285
 8.79255 57.261
 8.8983 56.7435
 9.1048 56.6749
 9.17515 56.6743
 9.1699 56.7052
234 66 8
 9.86275 58.8368
 10.1674 59.667
 9.88875 60.1817
 10.9403 60.7521
 11.9054 61.2111
 12.5256 61.5965
 13.0586 61.8983
 13.109 61.8672
235 109 16
 1.61035 73.7188
 14.5986 73.3479
 14.4165 73.2025
 14.3552 73.0463
 14.2451 72.8992
 14.1453 72.876
 14.0627 72.7664
 13.9685 72.6411
 13.5326 72.5188
 13.0121 72.2908
 12.7259 72.2404
 11.9494 72.1093
 11.3508 71.8071
 11.2496 71.5473
 11.1181 71.3801
 11.1172 71.3586
235 124 15
 1.61035 73.7188
 -13.8589 74.007
 -16.2795 73.8103
 -16.0147 73.4265
 -15.427 73.3456
 -15.5616 72.8904
 -15.6595 72.2429
 -16.1028 71.826
 -16.1882 71.1309
 -15.9872 70.4218
 -15.9678 70.218
 -15.9473 70.1461
 -15.8342 70.0036
 -15.73 69.8803
 -15.7209 69.8829
236 65 9
 21.9788 34.4426
 21.3149 34.2888
 20.7614 33.9011
 20.835 33.0677
 20.8562 32.3421
 20.7321 31.959
 20.603 31.8158
 20.476 31.6621
 20.4609 31.6415
236 19 5
 21.9788 34.4426
 22.6245 34.341
 23.5429 33.6384
 24.1063 33.3613
 24.2323 33.4383
237 118 25
 11.8647 32.6084
 13.1164 31.2171
 13.3601 30.7783
 13.3884 29.7733
 13.5429 29.5227
 13.1026 29.4724
 12.8608 28.5931
 12.9156 27.7738
 13.5674 27.5606
 12.9109 27.7387
 12.2262 27.2869
 11.7586 26.5439
 11.5249 26.1003
 10.7762 25.8451
 11.5962 25.7325
 11.7304 25.216
 11.4865 24.5006
 11.5056 23.6637
 11.6259 22.7664
 11.8018 22.077
 12.0998 21.8139
 12.3374 21.6952
 12.4429 21.5739
 12.5151 21.4899
 12.5671 21.4433
237 75 10
 11.8647 32.6084
 11.3345 34.2674
 11.2959 34.2929
 10.7382 34.358
 9.82975 34.7169
 9.2119 34.9604
 8.6493 35.0167
 8.09025 34.8503
 7.8604 34.4806
 7.8577 34.3991
238 87 9
 3.5651 30.9075
 1.12855 30.3048
 -0.28655 30.7411
 -0.56575 30.8864
 -0.8942 30.8338
 -1.49055 30.4752
 -2.22355 29.4566
 -2.69245 28.7354
 -2.7118 28.7254
238 75 11
 3.5651 30.9075
 5.20165 31.1586
 5.6427 30.8746
 5.7507 31.9361
 5.57905 32.7947
 5.34925 33.9812
 5.2903 35.0885
 6.19455 34.6956
 7.1407 34.3485
 7.52975 34.3592
 7.8577 34.3991
239 42 19
 13.8263 17.9601
 14.8382 18.0146
 15.4631 17.7675
 15.2954 18.5539
 15.3512 19.1176
 15.5083 19.2952
 15.788 19.4527
 16.0178 19.7961
 16.1798 20.3177
 16.3703 20.5995
 16.5326 20.7341
 16.731 20.8738
 16.9589 20.8676
 17.0147 20.7558
 17.1329 20.9173
 17.2197 21.0953
 17.2139 21.1796
 17.2449 21.2245
 17.2657 21.2498
239 35 10
 13.8263 17.9601
 13.137 17.9912
 12.9465 18.1205
 12.7867 18.2793
 12.6438 18.3433
 12.5716 18.3472
 12.6491 18.4725
 12.6975 18.6171
 12.6559 18.6586
 12.6366 18.6732
240 48 11
 -2.62295 3.71895
 -2.3298 3.1693
 -1.9464 2.83375
 -1.57505 2.9768
 -1.34915 3.1091
 -1.23105 2.9388
 -0.9598 2.67715
 -0.74255 2.51915
 -0.61295 2.49535
 -0.4871 2.47955
 -0.4117 2.4523
240 2 11
 -2.62295 3.71895
 -2.6524 4.15725
 -2.6698 4.4426
 -2.6908 4.5573
 -2.74395 4.7986
 -2.85195 4.9946
 -3.2803 4.74005
 -4.00395 4.5776
 -4.48445 4.7003
 -4.6024 4.7877
 -4.5829 4.8321
241 53 17
 -12.318 8.7984
 -12.1372 8.15755
 -12.0798 7.975
 -11.9786 7.9533
 -11.8342 7.8699
 -11.7509 7.74575
 -11.6872 7.6669
 -11.5725 7.58225
 -11.45 7.5472
 -11.3747 7.49315
 -11.2535 7.3597
 -10.8293 7.25145
 -10.3294 7.00525
 -9.9028 6.8325
 -9.6104 6.8204
 -9.5475 6.8254
 -9.527 6.8662
241 91 4
 -12.318 8.7984
 -12.6149 9.58795
 -12.7524 9.93525
 -12.7396 9.9636
242 59 21
 -15.3923 14.1455
 -13.7814 13.8274
 -13.1488 13.1975
 -12.8264 13.073
 -12.0201 13.0568
 -10.9759 12.7824
 -10.2001 12.5835
 -9.67215 12.2645
 -9.13245 11.8951
 -8.9274 11.7816
 -8.5968 11.4583
 -7.26415 11.3703
 -5.58795 11.7492
 -4.9238 12.1382
 -5.46195 11.657
 -5.63355 10.9843
 -5.186 10.537
 -4.93925 10.4026
 -4.71185 10.3018
 -4.54205 10.2698
 -4.5034 10.2797
242 29 4
 -15.3923 14.1455
 -16.2328 14.3728
 -16.1903 14.7408
 -16.1837 14.7516
243 59 25
 -11.9851 17.0858
 -11.6304 15.4461
 -10.9455 14.9424
 -10.682 14.8305
 -11.1026 14.4828
 -11.7309 14.209
 -12.1184 13.6559
 -12.8264 13.073
 -12.0201 13.0568
 -10.9759 12.7824
 -10.2001 12.5835
 -9.67215 12.2645
 -9.13245 11.8951
 -8.9274 11.7816
 -8.5968 11.4583
 -7.26415 11.3703
 -5.58795 11.7492
 -4.9238 12.1382
 -5.46195 11.657
 -5.63355 10.9843
 -5.186 10.537
 -4.93925 10.4026
 -4.71185 10.3018
 -4.54205 10.2698
 -4.5034 10.2797
243 61 5
 -11.9851 17.0858
 -11.8221 18.3841
 -11.8449 18.6963
 -12.1514 19.187
 -12.4428 19.5173
244 123 16
 -24.9362 9.2768
 -24.1597 9.47325
 -23.3918 10.2577
 -22.7576 10.9033
 -22.7437 11.1581
 -22.5375 11.723
 -21.9881 12.3806
 -22.1358 11.948
 -21.4256 11.7928
 -20.7753 11.0297
 -20.7457 10.2584
 -20.7067 10.166
 -20.5356 9.9652
 -20.3854 9.69115
 -20.3654 9.53355
 -20.3911 9.5009
244 55 5
 -24.9362 9.2768
 -25.9023 9.06395
 -26.3789 8.8511
 -26.4352 8.81715
 -26.4306 8.8033
245 117 7
 -13.9438 -3.964
 -14.6695 -5.0059
 -14.7508 -5.69825
 -14.9974 -5.8802
 -15.0205 -5.9819
 -14.9436 -6.0774
 -14.9094 -6.1199
245 113 19
 -13.9438 -3.964
 -12.92 -3.7358
 -13.0898 -2.96765
 -12.8751 -1.97705
 -12.7758 -1.36945
 -12.9911 -0.63
 -12.5132 -0.0084
 -11.5639 0.3054
 -11.2376 0.9046
 -11.1849 1.25025
 -11.1177 1.34405
 -11.1495 1.4803
 -11.3174 1.97365
 -11.7043 2.4358
 -11.8292 2.7836
 -11.2158 3.20685
 -10.6181 3.4543
 -10.5141 3.5002
 -10.5185 3.4329
246 64 21
 -14.7385 -19.6288
 -15.4773 -19.8085
 -16.0445 -20.1455
 -16.6416 -20.458
 -16.9995 -20.2929
 -17.1548 -20.1653
 -17.21 -20.2317
 -17.2169 -20.5315
 -17.1728 -20.7446
 -17.1723 -20.7864
 -17.2491 -20.8317
 -17.3246 -20.856
 -17.3502 -20.9206
 -17.3635 -20.9794
 -17.2633 -21.0239
 -17.2117 -21.1394
 -17.2096 -21.2161
 -17.1805 -21.1987
 -17.0975 -21.1801
 -17.0027 -21.1722
 -16.9868 -21.177
246 15 11
 -14.7385 -19.6288
 -14.1408 -19.2234
 -14.0091 -18.8102
 -13.8123 -18.5529
 -13.1335 -18.5999
 -12.3384 -18.3656
 -12.0373 -18.1187
 -11.8935 -18.0965
 -11.6647 -18.0005
 -11.5016 -17.9376
 -11.4916 -17.9216
247 64 21
 -16.9089 -23.9028
 -16.7101 -23.2465
 -16.6736 -23.1387
 -16.23 -23.117
 -15.7291 -22.9429
 -15.5245 -22.4769
 -15.5287 -21.9944
 -15.9466 -21.6881
 -16.4256 -21.5209
 -16.6654 -21.5584
 -16.7023 -21.5311
 -16.6542 -21.3964
 -16.6814 -21.3623
 -16.7751 -21.3695
 -16.8503 -21.4138
 -16.9005 -21.4044
 -16.9242 -21.3343
 -16.938 -21.2903
 -16.9704 -21.2177
 -16.9838 -21.1814
 -16.9868 -21.177
247 95 7
 -16.9089 -23.9028
 -16.8534 -24.6109
 -16.5904 -24.9537
 -16.3272 -25.3106
 -16.0373 -25.6847
 -16.0119 -25.904
 -16.01 -25.9375
248 64 21
 -13.0244 -23.7248
 -13.409 -23.31
 -13.9795 -22.9509
 -14.2241 -22.6935
 -14.5804 -22.5023
 -15.1711 -22.2505
 -15.5287 -21.9944
 -15.9466 -21.6881
 -16.4256 -21.5209
 -16.6654 -21.5584
 -16.7023 -21.5311
 -16.6542 -21.3964
 -16.6814 -21.3623
 -16.7751 -21.3695
 -16.8503 -21.4138
 -16.9005 -21.4044
 -16.9242 -21.3343
 -16.938 -21.2903
 -16.9704 -21.2177
 -16.9838 -21.1814
 -16.9868 -21.177
248 98 7
 -13.0244 -23.7248
 -12.2723 -24.484
 -11.535 -24.9673
 -11.3913 -24.9256
 -10.6657 -24.8792
 -10.0284 -24.8531
 -9.9967 -24.8354
249 8 16
 0.59285 -25.6938
 -1.33845 -25.2682
 -1.474 -25.1915
 -1.8525 -25.3104
 -2.16095 -25.1765
 -2.2049 -25.0316
 -2.68835 -24.9077
 -3.6026 -24.4077
 -4.32215 -23.1558
 -4.76625 -22.1074
 -5.1495 -21.9377
 -5.29095 -21.9216
 -5.3046 -21.7595
 -5.34745 -21.6358
 -5.3845 -21.6366
 -5.3877 -21.6313
249 56 8
 0.59285 -25.6938
 2.4251 -25.7366
 2.431 -25.5071
 2.3582 -25.3499
 2.1837 -25.1526
 2.06835 -24.8924
 2.07825 -24.6877
 2.0941 -24.6583
250 8 7
 -6.7625 -20.8499
 -6.3722 -21.6217
 -6.37635 -21.7141
 -6.00565 -21.5784
 -5.72165 -21.5352
 -5.4925 -21.5779
 -5.3877 -21.6313
250 108 4
 -6.7625 -20.8499
 -7.4286 -20.1978
 -7.5275 -20.1328
 -7.5658 -20.1435
251 56 18
 2.61865 -18.1395
 2.9731 -18.9599
 3.36525 -19.1308
 3.11565 -19.781
 3.05715 -20.6031
 3.3104 -20.9594
 3.5288 -21.2642
 3.48275 -21.8944
 3.0301 -22.2638
 2.64075 -22.8419
 2.46325 -23.6395
 2.3062 -23.8402
 2.2243 -24.1036
 2.2408 -24.3015
 2.1999 -24.354
 2.17415 -24.4771
 2.128 -24.6111
 2.0941 -24.6583
251 104 12
 2.61865 -18.1395
 2.744 -17.3956
 2.7953 -17.2631
 2.7222 -17.1201
 2.565 -17.0977
 2.25895 -16.6306
 2.06495 -15.8013
 1.9444 -15.4191
 1.9117 -15.2462
 2.2103 -14.8533
 2.43355 -14.5028
 2.4304 -14.435
252 0 19
 10.0206 -21.5386
 10.7402 -20.6224
 10.5374 -20.013
 10.7928 -19.0154
 11.3946 -17.8774
 11.9943 -17.5351
 12.2543 -17.2772
 12.5325 -17.0954
 12.9509 -16.6722
 13.1427 -16.274
 13.2734 -16.1246
 13.5847 -15.7608
 13.7901 -15.5037
 14.1797 -15.6196
 14.3118 -14.5994
 14.2212 -13.0154
 14.4215 -12.4163
 14.4205 -12.1715
 14.3962 -12.0909
252 21 4
 10.0206 -21.5386
 8.98705 -21.9353
 8.87835 -21.9577
 8.8712 -21.9614
253 56 20
 7.56875 -23.0177
 6.169 -22.5833
 5.3683 -22.2455
 5.4361 -22.5871
 5.2459 -22.8233
 5.14755 -22.8191
 5.08055 -22.4929
 4.38405 -21.7996
 3.5288 -21.2642
 3.48275 -21.8944
 3.0301 -22.2638
 2.64075 -22.8419
 2.46325 -23.6395
 2.3062 -23.8402
 2.2243 -24.1036
 2.2408 -24.3015
 2.1999 -24.354
 2.17415 -24.4771
 2.128 -24.6111
 2.0941 -24.6583
253 21 5
 7.56875 -23.0177
 8.45005 -23.2521
 8.71075 -22.6289
 8.89115 -21.9693
 8.8712 -21.9614
254 56 9
 14.9417 -26.1656
 2.56845 -26.0785
 2.4251 -25.7366
 2.431 -25.5071
 2.3582 -25.3499
 2.1837 -25.1526
 2.06835 -24.8924
 2.07825 -24.6877
 2.0941 -24.6583
254 12 5
 14.9417 -26.1656
 29.7322 -24.4431
 32.0443 -22.6175
 31.8167 -22.4202
 31.8512 -22.3963
259 124 14
 -16.1672 74.0231
 -16.2795 73.8103
 -16.0147 73.4265
 -15.427 73.3456
 -15.5616 72.8904
 -15.6595 72.2429
 -16.1028 71.826
 -16.1882 71.1309
 -15.9872 70.4218
 -15.9678 70.218
 -15.9473 70.1461
 -15.8342 70.0036
 -15.73 69.8803
 -15.7209 69.8829
260 12 4
 32.3064 -22.7909
 32.0443 -22.6175
 31.8167 -22.4202
 31.8512 -22.3963
261 7 23
 -76.2454 -25.5745
 -74.6231 -25.4209
 -72.7834 -24.3239
 -72.1284 -23.6399
 -71.5997 -23.622
 -71.6302 -22.863
 -71.7751 -21.9944
 -71.958 -21.1513
 -72.2809 -20.6863
 -72.7605 -20.2002
 -73.3902 -19.4167
 -75.1217 -19.0889
 -75.8624 -18.3603
 -75.0564 -17.602
 -75.5028 -16.2701
 -75.8356 -14.4503
 -76.1272 -13.2909
 -76.3562 -12.5461
 -75.3703 -10.6672
 -74.4006 -8.73995
 -75.1479 -7.77395
 -75.8732 -6.72935
 -75.82 -6.5806
262 119 5
 -74.2469 72.5524
 -70.772 72.3873
 -67.2901 72.0468
 -67.2715 71.8237
 -67.26 71.776
