   3.0122057331745919     
   3.2372849628115148     
   4.6021495956944127     
   2.2250367166340732     
   2.4076411916090170     
   1.9063948001717215     
   9.8514129945361972     
   3.5701183077207790     
   4.0944972629854508     
   4.9327105160022073     
   3.9582031046153476     
   2.5552279930976862     
   4.6426010551185035     
  0.65647298019594247     
   7.4826527598114048     
   2.9920613850513798     
   3.8632438191037854     
  0.71774739916741037     
   2.2687340984172080     
   2.8536372027541153     
  0.70165346245260185     
  0.65264305913112575     
   2.4812864565975388     
   3.7884448608136454     
   3.5142535975662601     
   2.7732923590043916     
   1.2605160403750160     
   2.1787585225057584     
   1.8202918830161117     
   4.4939669887196976     
   4.2352040522062895     
   1.1921297973236806     
   2.9072338401902216     
   4.5067837207997261     
   1.9925697849971415     
   1.3596361299216198     
   1.7256968317305554     
  0.77635669361194104     
   1.2349673260805685     
  0.69102805600102923     
   3.7915571849903720     
   1.0825382283857905     
   2.6913209326245013     
   5.5163676678943716     
   5.8489230989378287     
   2.0213125787112722     
   2.2732169948149865     
   1.5933262432519437     
   8.7856939968888987     
   2.0868790024113375     
   5.7243456216882400     
   6.1247358434876746     
   1.1049398933042052     
  0.44784087224108216     
   2.3297559419796734     
   2.3500318309968393     
   1.8585874753090115     
   1.4626558956004263     
   1.3355567701531403     
   1.5264386551104494     
   11.660894834454863     
   6.6542391645733039     
   2.4803931284981746     
  0.62616345673857732     
   1.8575137134851794     
   5.2148481320355904     
   7.1451888196992499     
   1.4992905374409931     
   2.8852902326717755     
   1.0883515752145059     
   8.6791034552439488     
   1.1623410218392325     
   8.1704174352072112     
   3.4277177859248109     
   7.0607897245184805     
  0.89830109612612341     
   3.4160767699084009     
   2.5808133478048605     
   3.9208034910921623     
   1.8889871732178831     
   7.0670629343311102     
   1.7750129611121999     
   2.0054544102147798     
   1.3034429016516467     
   1.3635320166316620     
  0.84953002664849009     
   4.5384524551182164     
   2.9025899538477811     
   1.0372651097143393     
   1.1314432726111736     
   2.0412597884265664     
   2.0857349995837606     
   2.5206045435603266     
   1.4694413488000582     
   3.1631647748404284     
   1.2373688285929800     
   2.5903387126012007     
   1.4022923659469055     
   2.1347871331854162     
   1.4306578399078338     
   1.9963495292419959     
   1.9535056286430401     
   3.4666035999255191     
   1.1433257166874748     
   2.4104656091460828     
   1.2796074957742269     
   4.7846126792307739     
   2.1872474724511588     
   2.5230998708997210     
   1.3960679156913538     
   3.6881588044284519     
   1.6433843286021192     
   1.6502820063148018     
   1.7575898241774572     
   2.2775300706017738     
   2.4937844500656667     
   3.5281598944524677     
   3.1886029977808827     
   6.8251187560337723     
   2.5027504623313854     
   7.2101164923657413     
   5.7326119502286623     
   4.7994879543891615     
   4.1848961931112703     
   4.4987535567541030     
   1.5472127268624609     
   7.1005543883406341     
   2.4929526543627643     
   4.5608766229139794     
  0.48802141449778669     
   4.2009857939129676     
   1.4539139041659159     
   3.6591202751725858     
   2.7401533733305512     
   9.1497121202441871     
   3.4626834350532096     
   4.5863296361658197     
   5.3492992071100751     
   1.1459562946095589     
   1.0679246608707338     
   6.9219602346255762     
   2.6790343629468469     
   4.8842796853017063     
   1.7091162642682287     
   5.2467652569405274     
   3.4890431920059939     
   2.9699079716842438     
   2.2663895319611234     
   7.7645186516193965     
   2.6918737497944241     
   5.1187899780202271     
   4.0716490765345634     
   2.7250223986402040     
   3.1455303378182315     
   8.7456670411384145     
   4.0641802561228859     
   7.6749983129562453     
   1.9666781875230155     
   1.8040735375829489     
  0.87969417343786849     
   2.7941472127488218     
   1.2565842117194599     
   7.6442593164665009     
   7.0328154393635636     
   1.8193243205579344     
   1.4060966661596950     
   5.6209358099837416     
   1.4332963828926153     
   1.4322325024482849     
   2.1650861937386385     
   3.4162278431636262     
  0.66108573443044227     
   1.8277282493964191     
   2.3049623975738598     
   1.8801684878391087     
   1.5833569222098012     
   6.6899317627186177     
   4.4480183457281415     
   2.9475501818100271     
   1.1043932867307089     
   8.7137365249079402     
   1.6679401255481336     
   8.8252108089116845     
   1.2036490024013342     
   5.6143437186777483     
   1.4360401832997112     
   7.2349067930990341     
  0.95777935753074050     
   4.6211924052450710     
   1.2610536594383950     
   5.0576224272285781     
   2.0592157485547498     
   5.1596000121458081     
   6.2950563194779434     
   3.2547739328987149     
   1.8801237054593674     
   2.7702916342712163     
   2.0409393783681375     
   13.650782242722315     
   3.1986635999616437     
   2.3783805124722792     
  0.93583766613370523     
   6.2350401437671561     
   8.1268939060502934     
   6.1125160895980688     
   1.0822954192333814     
   3.4226576774330417     
   1.3708735840268209     
   1.5206399240349791     
   2.4609423632444596     
   1.9118361750913677     
   2.6646850580645003     
   4.4424833582061654     
   1.6828354993776313     
  0.89298663354418073     
  0.77566396794324255     
   2.0214455583379567     
   2.9292625966256089     
   15.098151902330367     
   18.004141528570891     
   2.1457467762356428     
   1.4291662464033583     
   9.0187478035916069     
   3.7136303674182800     
   4.4026064353800738     
   5.6367157249473570     
   3.4608582466002598     
   1.1884773778018722     
   1.7037712907844733     
   1.7166361588529959     
   2.1609202466330326     
  0.90573893369166547     
   7.2116154618326194     
  0.89600659115460746     
   8.7903533426040426     
   2.3275176745670603     
   4.2629425680074933     
   1.0696076596520145     
   1.7533466022420237     
   5.8511528010885359     
   2.3886966054622460     
   2.2142326308503839     
   2.7778742915931289     
   1.4080460212697681     
   2.7019343977333614     
   1.8924313851140375     
   4.9920744880926184     
   2.3574112525145314     
   1.6103471928752136     
   1.0116938642321758     
   4.0515787899047773     
   2.5034192309348704     
   6.4604742070941796     
   1.1231678582957370     
   4.9193375461669664     
   1.6172211678877229     
   13.104868149043149     
   15.233645657067493     
   2.5946195668668635     
  0.39820685635762815     
   13.967015531662343     
   3.7517606117860507     
