285
135 56 10
 -37.5705 -34.3227
 -38.1922 -34.4781
 -38.3488 -34.4454
 -38.9232 -34.7132
 -39.5826 -35.0535
 -40.0377 -35.456
 -40.1927 -36.1852
 -40.0744 -36.7658
 -40.0572 -36.7762
 -40.0412 -36.7848
135 107 16
 -37.5705 -34.3227
 -36.7402 -33.6561
 -36.3957 -33.2626
 -36.5316 -32.623
 -36.0689 -32.1224
 -35.1581 -32.0647
 -34.4359 -31.6581
 -33.857 -31.1538
 -33.672 -30.9053
 -33.5011 -31.1821
 -33.1924 -30.8721
 -33.1097 -30.443
 -33.4596 -29.6184
 -33.5771 -29.1856
 -33.6671 -29.1642
 -33.6866 -29.1957
136 110 8
 1.3154 -43.7388
 0.41635 -42.5314
 0.37875 -42.4547
 0.11465 -42.8672
 -0.69705 -43.6688
 -1.5594 -44.071
 -1.8787 -44.0886
 -1.9189 -44.104
136 5 10
 1.3154 -43.7388
 2.2141 -44.8882
 2.24535 -45.5028
 2.25515 -46.4338
 1.9193 -47.1853
 2.0479 -47.4579
 3.3268 -47.61
 4.44625 -48.2103
 4.79605 -48.5388
 4.8607 -48.5521
137 109 9
 -2.8561 -33.6701
 -2.216 -33.4002
 -1.8454 -33.2859
 -1.42455 -33.2595
 -0.949 -33.0341
 -0.7529 -32.791
 -0.6958 -32.4604
 -0.72155 -32.1164
 -0.7339 -32.0584
137 124 5
 -2.8561 -33.6701
 -3.57155 -33.6748
 -4.00255 -33.5998
 -4.0646 -33.6749
 -4.0707 -33.6746
138 0 13
 10.2871 -23.2493
 10.7528 -23.2009
 11.0661 -22.994
 11.1341 -22.9091
 11.3366 -22.8556
 11.4634 -22.7464
 11.4825 -22.5819
 11.5497 -22.5214
 11.5838 -22.5068
 11.5175 -22.5106
 11.3435 -22.4529
 11.1875 -22.3871
 11.1477 -22.3807
138 59 13
 10.2871 -23.2493
 9.9599 -23.3482
 9.6392 -23.5122
 9.3834 -23.475
 8.86395 -23.5593
 8.43285 -23.5934
 8.26895 -23.6011
 8.11165 -23.6861
 8.00125 -24.0254
 7.7565 -24.437
 7.64625 -24.615
 7.68505 -24.6807
 7.6997 -24.7001
139 74 25
 -5.5396 -1.70775
 -3.09955 -0.8807
 -2.5972 -0.0796
 -2.5776 -0.08125
 -2.30975 -0.7037
 -2.24165 -2.12555
 -2.4554 -2.97865
 -1.06145 -2.60735
 0.54085 -1.872
 2.0761 -0.28255
 4.243 0.7924
 5.408 0.18535
 5.91885 -0.0881
 6.5794 0.44655
 6.91105 1.2748
 7.3892 0.4852
 7.93645 0.3327
 8.142 0.43475
 7.95075 0.27745
 7.76255 0.076
 7.83695 -0.11085
 8.16925 -0.34715
 8.7394 -0.61375
 9.07015 -0.76665
 9.0998 -0.7964
139 65 7
 -5.5396 -1.70775
 -8.13605 -2.71685
 -8.88755 -3.7378
 -8.44655 -2.29675
 -8.3627 -0.4432
 -8.60945 0.0765
 -8.6107 0.1023
140 85 18
 37.1754 -5.22035
 36.4863 -4.33335
 36.1542 -3.72805
 35.8815 -3.52275
 35.6433 -3.30735
 35.5648 -3.10275
 35.5591 -3.04905
 35.49 -3.1594
 35.3945 -3.26835
 35.2737 -3.26135
 35.0969 -3.1444
 34.8503 -3.11965
 34.551 -3.2136
 34.3069 -3.39655
 34.0341 -3.7
 33.6475 -4.33315
 33.4248 -4.87155
 33.4193 -4.912
140 115 4
 37.1754 -5.22035
 38.1629 -5.715
 38.7307 -5.831
 38.7692 -5.8822
141 88 13
 50.6636 1.348
 50.7249 2.2991
 51.122 2.77735
 51.1148 3.2258
 50.6573 3.7204
 49.8293 3.6625
 49.5896 3.88565
 49.6691 4.3334
 49.6496 4.37305
 49.5573 4.4239
 49.4883 4.64175
 49.5086 4.84475
 49.5179 4.8623
141 11 10
 50.6636 1.348
 51.324 0.23975
 51.7565 -0.52595
 52.0767 -0.61745
 52.5189 -0.48335
 52.9398 -0.39015
 53.0339 -0.21885
 53.0266 -0.14475
 53.1077 -0.13195
 53.1501 -0.1192
142 10 13
 45.6391 -25.5551
 45.9866 -25.0426
 45.8725 -24.7595
 46.1627 -24.1822
 46.4687 -23.7806
 46.1836 -22.935
 45.886 -22.0128
 45.6028 -21.4427
 45.638 -20.6129
 46.0593 -20.1819
 46.2628 -20.1646
 46.2955 -20.1122
 46.2955 -20.08
142 54 12
 45.6391 -25.5551
 45.2038 -26.2404
 44.7588 -27.1691
 44.27 -28.1671
 43.8227 -28.8664
 43.2071 -29.9382
 42.942 -30.6396
 42.9193 -31.6351
 42.9729 -32.6177
 43.0246 -32.7685
 42.9283 -32.8643
 42.8484 -32.8731
143 75 8
 20.6294 -13.5587
 19.1332 -13.5361
 18.3719 -13.6707
 18.2912 -13.8568
 18.0093 -14.3463
 17.6808 -14.6509
 17.5099 -14.7203
 17.4436 -14.7716
143 99 4
 20.6294 -13.5587
 21.5562 -13.7337
 21.793 -13.6611
 21.8608 -13.5879
144 68 14
 35.0233 -39.4658
 34.5512 -38.9514
 34.0969 -38.8528
 33.668 -38.3877
 33.0798 -37.9497
 32.7682 -37.7804
 32.7058 -37.5997
 32.662 -37.4633
 32.6176 -37.3972
 32.5482 -37.3521
 32.4957 -37.3801
 32.3915 -37.4153
 32.3036 -37.4123
 32.2929 -37.3993
144 41 6
 35.0233 -39.4658
 34.5281 -40.593
 33.8485 -41.2063
 33.9092 -41.8386
 33.9426 -42.5211
 33.8814 -42.6068
145 129 12
 -36.1582 -27.4566
 -35.951 -27.8723
 -35.8511 -28.0788
 -35.8204 -28.3736
 -35.8396 -28.4296
 -35.8811 -28.6935
 -35.8474 -29.035
 -35.7118 -29.1489
 -35.6537 -29.1934
 -35.6716 -29.2809
 -35.6627 -29.3732
 -35.6505 -29.4033
145 42 4
 -36.1582 -27.4566
 -36.5703 -26.9495
 -36.8183 -26.8662
 -36.7987 -26.8252
146 22 26
 -13.444 16.4392
 -12.6154 15.9351
 -12.2504 15.6287
 -12.0869 15.3165
 -12.1931 14.8106
 -12.3351 14.3822
 -12.049 13.7739
 -11.4839 13.373
 -11.2281 13.3481
 -11.0236 13.3272
 -10.472 13.5944
 -10.017 13.8836
 -9.8002 13.8099
 -9.41315 13.6171
 -8.5964 13.3247
 -7.9529 13.1872
 -7.9134 13.3849
 -7.84395 13.5203
 -7.6806 13.3832
 -7.58925 13.1845
 -7.50615 13.0798
 -7.40845 13.0199
 -7.40085 12.9749
 -7.5412 12.9177
 -7.5966 12.8292
 -7.574 12.7916
146 94 11
 -13.444 16.4392
 -14.1488 16.7899
 -14.3708 16.6502
 -14.9455 16.5337
 -15.6026 16.5971
 -15.6389 16.44
 -15.71 16.1231
 -15.9797 15.75
 -16.1916 15.5942
 -16.4473 15.5474
 -16.5044 15.5501
147 51 37
 -18.858 15.8386
 -19.7533 16.6131
 -20.1697 16.4223
 -20.231 15.997
 -20.2388 15.8413
 -20.3761 15.7569
 -20.5319 15.7043
 -20.6716 15.7025
 -20.7737 15.8344
 -20.8435 15.6703
 -20.9919 15.6754
 -21.2281 15.714
 -21.6258 15.7139
 -21.8955 15.6083
 -21.9717 15.4828
 -22.0044 15.5746
 -22.0986 15.8181
 -22.1046 16.0347
 -22.119 16.2112
 -22.2745 16.5579
 -22.6855 16.8235
 -22.8483 16.5465
 -22.9171 16.2587
 -23.298 16.1008
 -23.5046 15.885
 -23.6884 15.7139
 -23.994 15.569
 -24.1576 15.5907
 -24.2943 15.7406
 -24.3944 15.9197
 -24.3821 16.0017
 -24.4176 16.0667
 -24.4667 16.111
 -24.5518 16.1016
 -24.6445 16.0515
 -24.6728 16.042
 -24.6829 16.0516
147 18 5
 -18.858 15.8386
 -18.2504 15.1215
 -18.0993 15.0875
 -17.9931 15.111
 -17.9865 15.1158
148 8 4
 -38.6696 -5.16045
 -38.0677 -4.1432
 -37.8251 -3.95865
 -37.7914 -3.9289
148 6 4
 -38.6696 -5.16045
 -39.106 -6.23125
 -39.1609 -6.44105
 -39.1726 -6.4425
149 36 11
 9.32145 43.7738
 10.4601 42.791
 10.9294 41.5852
 11.0443 40.9091
 11.3892 40.2794
 11.5288 39.8709
 11.5401 39.6703
 11.5769 39.5527
 11.636 39.4656
 11.7003 39.3895
 11.7321 39.3798
149 120 6
 9.32145 43.7738
 7.10005 44.0949
 5.3033 44.2644
 4.78 43.805
 4.30995 43.3943
 4.2101 43.4197
150 133 11
 1.31005 21.4364
 0.6706 21.9881
 -1.33455 23.3921
 -2.75315 24.316
 -3.7396 25.3554
 -4.773 26.3222
 -4.94185 26.3475
 -4.96085 26.4539
 -4.9369 26.6087
 -4.93805 26.7407
 -4.9343 26.7517
150 131 13
 1.31005 21.4364
 0.37105 20.6644
 -0.67145 20.0396
 -0.8495 19.9532
 -0.56005 19.6674
 -0.11575 19.281
 -0.19535 18.7127
 0.3557 18.9829
 0.8755 18.6799
 1.10995 18.1409
 1.2672 17.8405
 1.3316 17.7708
 1.3234 17.755
151 22 27
 -0.818 10.5819
 -1.4559 11.5164
 -2.1443 11.8916
 -2.9125 12.6019
 -3.45065 12.8255
 -3.52975 12.9223
 -3.82855 13.4699
 -4.3704 13.7675
 -4.752 13.6583
 -5.10905 13.6938
 -5.32075 13.7955
 -5.49485 13.7182
 -5.77095 13.7495
 -6.0646 13.5648
 -6.36265 13.017
 -6.59055 12.6312
 -6.8411 12.5637
 -7.0974 12.5835
 -7.19065 12.5504
 -7.2786 12.5371
 -7.37015 12.6033
 -7.4104 12.5963
 -7.5267 12.528
 -7.6611 12.5133
 -7.59445 12.6283
 -7.57815 12.7681
 -7.574 12.7916
151 97 3
 -0.818 10.5819
 -0.504 9.66305
 -0.4897 9.6347
152 86 20
 40.1934 -13.5369
 40.5583 -12.2427
 40.3503 -11.8059
 40.888 -11.7724
 41.9665 -11.293
 42.8201 -11.0371
 42.948 -11.2299
 42.979 -11.4062
 43.0313 -11.1484
 43.0781 -10.8667
 43.084 -10.678
 43.0025 -10.5322
 42.8149 -10.2766
 42.514 -9.646
 42.4471 -9.0246
 42.4464 -8.7391
 42.3688 -8.55935
 42.4349 -8.4107
 42.4587 -8.33595
 42.4434 -8.3144
152 35 8
 40.1934 -13.5369
 39.8433 -15.0507
 39.3832 -15.8616
 38.2238 -16.1104
 37.3406 -15.704
 36.7788 -15.457
 36.3093 -15.5835
 36.2461 -15.5654
153 50 27
 45.0426 -49.74
 44.5527 -49.6733
 44.164 -49.6464
 42.9266 -49.1744
 41.7562 -48.5384
 41.7366 -48.8478
 41.6053 -49.2131
 41.2357 -49.5806
 40.9253 -49.624
 40.4984 -49.4748
 39.9799 -49.4548
 39.8123 -49.5262
 39.7306 -49.5764
 39.6688 -49.6161
 39.6388 -49.6559
 39.6325 -49.729
 39.5828 -49.881
 39.5695 -49.996
 39.6918 -50.0287
 39.7916 -50.0067
 39.8857 -50.1098
 39.9571 -50.3028
 40.0034 -50.4851
 39.9676 -50.8118
 39.792 -51.0892
 39.6768 -51.1899
 39.6487 -51.22
153 33 6
 45.0426 -49.74
 45.6748 -49.5805
 46.1335 -49.4243
 46.1196 -49.352
 46.1495 -49.2745
 46.1806 -49.221
154 114 8
 -40.8758 -35.7599
 -41.5064 -35.9632
 -41.8207 -35.6819
 -42.0304 -34.9395
 -41.9554 -34.5152
 -41.9025 -34.4546
 -41.8878 -34.3826
 -41.8909 -34.3581
154 56 5
 -40.8758 -35.7599
 -40.1927 -36.1852
 -40.0744 -36.7658
 -40.0572 -36.7762
 -40.0412 -36.7848
155 12 20
 -28.7016 -30.4024
 -29.5893 -30.2056
 -29.855 -29.885
 -30.2638 -28.8906
 -30.5275 -28.2016
 -31.3204 -27.9021
 -32.3036 -27.8085
 -32.6962 -27.9668
 -32.9686 -27.9444
 -33.1134 -27.9544
 -33.1811 -27.9581
 -33.2784 -27.9584
 -33.3574 -27.9296
 -33.3523 -27.882
 -33.4083 -27.9408
 -33.4296 -27.996
 -33.4319 -28.0367
 -33.4057 -28.1209
 -33.4067 -28.1768
 -33.4246 -28.1707
155 67 3
 -28.7016 -30.4024
 -27.8031 -30.5665
 -27.7381 -30.5336
156 83 5
 -26.8375 -29.3538
 -26.4295 -28.7553
 -26.0462 -28.3139
 -25.7687 -28.1105
 -25.7211 -28.0125
156 67 5
 -26.8375 -29.3538
 -27.2727 -30.1176
 -27.4858 -30.6299
 -27.6283 -30.5872
 -27.7381 -30.5336
157 66 14
 -26.7882 -30.9739
 -25.964 -31.464
 -25.7034 -31.6107
 -25.3848 -31.5712
 -24.6921 -31.3746
 -24.6097 -32.5547
 -24.1707 -33.8009
 -24.5108 -34.0043
 -25.4441 -34.5242
 -26.695 -35.0577
 -27.3099 -35.0457
 -27.3838 -35.0121
 -27.6157 -34.9972
 -27.7958 -35.0221
157 67 5
 -26.7882 -30.9739
 -27.4259 -30.6306
 -27.4858 -30.6299
 -27.6283 -30.5872
 -27.7381 -30.5336
158 127 13
 -4.5713 -32.5696
 -4.71605 -31.7106
 -5.7119 -31.2327
 -6.2406 -30.2459
 -6.28955 -30.0091
 -6.41185 -29.8911
 -6.43305 -29.5994
 -6.3601 -29.0394
 -6.1609 -28.8419
 -5.448 -28.9525
 -4.90135 -28.9192
 -4.7867 -28.9752
 -4.7172 -29.0228
158 124 5
 -4.5713 -32.5696
 -3.9365 -33.3222
 -4.00255 -33.5998
 -4.0646 -33.6749
 -4.0707 -33.6746
159 66 5
 -25.9466 -36.1938
 -26.7383 -35.4328
 -27.3838 -35.0121
 -27.6157 -34.9972
 -27.7958 -35.0221
159 69 7
 -25.9466 -36.1938
 -25.5668 -36.4058
 -24.9416 -36.9149
 -23.9937 -37.631
 -23.0056 -37.4759
 -22.5016 -37.2634
 -22.4813 -37.2444
160 87 28
 -30.7607 -1.41625
 -31.4115 -0.90585
 -32.0919 -0.441
 -32.109 -0.15655
 -32.3662 -0.38005
 -33.4285 -0.2892
 -34.4533 -0.08695
 -34.7149 0.04425
 -34.8033 0.6003
 -34.81 1.3094
 -35.1724 1.7567
 -35.8885 2.1639
 -36.4204 2.4489
 -36.5424 2.4818
 -36.7396 2.67755
 -37.062 2.81285
 -37.2678 2.75395
 -37.514 3.2814
 -37.7123 3.81825
 -37.8878 3.97125
 -38.3148 4.499
 -38.2469 4.89635
 -37.8295 5.4609
 -37.6675 6.04045
 -37.6004 6.1043
 -37.7002 6.36165
 -37.8199 6.63465
 -37.8424 6.6782
160 58 5
 -30.7607 -1.41625
 -30.6746 -1.6393
 -30.0602 -1.63435
 -29.4337 -1.6075
 -29.3971 -1.5977
161 58 5
 -30.6908 -2.3724
 -30.6746 -1.6393
 -30.0602 -1.63435
 -29.4337 -1.6075
 -29.3971 -1.5977
161 34 3
 -30.6908 -2.3724
 -30.7276 -3.15905
 -30.7236 -3.2247
162 12 56
 -34.8421 -14.9069
 -34.9202 -15.9138
 -35.1372 -16.292
 -35.2482 -16.3563
 -35.0031 -17.0232
 -34.923 -18.1778
 -35.4683 -19.1317
 -36.3502 -20.0993
 -37.0327 -20.8631
 -37.1194 -21.3032
 -37.1137 -21.8117
 -37.096 -22.274
 -36.9987 -22.4651
 -36.9853 -22.4909
 -36.8629 -22.6773
 -36.6549 -22.8521
 -36.1027 -22.9683
 -35.4227 -23.2628
 -35.2396 -23.3888
 -35.1404 -23.2387
 -34.5662 -23.181
 -33.982 -23.3321
 -33.7868 -23.6986
 -33.4988 -24.2785
 -33.228 -24.7843
 -33.0651 -25.0626
 -32.9543 -25.145
 -33.0763 -25.1946
 -33.2676 -25.2911
 -33.5041 -25.5048
 -33.7093 -25.6749
 -33.7831 -25.6894
 -33.6443 -25.8534
 -33.2822 -25.9966
 -33.0171 -26.2442
 -32.9593 -26.6741
 -33.0271 -26.9508
 -33.1614 -27.1292
 -33.2112 -27.2541
 -33.2635 -27.3449
 -33.3514 -27.4366
 -33.4003 -27.515
 -33.3972 -27.5613
 -33.3651 -27.6111
 -33.3659 -27.6498
 -33.369 -27.7055
 -33.3475 -27.7551
 -33.3172 -27.8012
 -33.3 -27.8488
 -33.3523 -27.882
 -33.4083 -27.9408
 -33.4296 -27.996
 -33.4319 -28.0367
 -33.4057 -28.1209
 -33.4067 -28.1768
 -33.4246 -28.1707
162 102 11
 -34.8421 -14.9069
 -35.3327 -13.9789
 -35.6084 -13.5115
 -35.1889 -13.3752
 -35.1005 -13.2276
 -35.3999 -12.6658
 -35.5115 -11.6452
 -35.4231 -10.8089
 -35.4957 -10.5439
 -35.7075 -10.383
 -35.7283 -10.3148
163 8 15
 -36.0024 -8.127
 -36.5844 -7.88005
 -36.7473 -7.5278
 -36.5911 -6.92425
 -36.4216 -6.2253
 -36.187 -6.2795
 -36.2938 -5.8131
 -36.1347 -5.4586
 -36.1645 -5.25785
 -36.5156 -4.8982
 -36.9888 -4.43535
 -37.2484 -4.27545
 -37.4902 -4.0668
 -37.7215 -3.9088
 -37.7914 -3.9289
163 102 6
 -36.0024 -8.127
 -35.298 -8.6308
 -35.2298 -9.24015
 -35.5625 -9.83885
 -35.7119 -10.3076
 -35.7283 -10.3148
164 8 12
 -36.8375 -0.4633
 -36.4294 -1.3646
 -36.4081 -1.45425
 -36.6385 -2.06705
 -37.02 -2.69795
 -37.2483 -2.68645
 -37.2914 -2.73595
 -37.268 -3.077
 -37.4209 -3.51415
 -37.6105 -3.8074
 -37.7215 -3.9088
 -37.7914 -3.9289
164 87 20
 -36.8375 -0.4633
 -37.5106 0.16625
 -37.8401 0.2221
 -37.826 0.858
 -37.681 1.47215
 -37.5048 1.9036
 -37.3862 2.4093
 -37.3356 2.74135
 -37.2678 2.75395
 -37.514 3.2814
 -37.7123 3.81825
 -37.8878 3.97125
 -38.3148 4.499
 -38.2469 4.89635
 -37.8295 5.4609
 -37.6675 6.04045
 -37.6004 6.1043
 -37.7002 6.36165
 -37.8199 6.63465
 -37.8424 6.6782
165 87 6
 -38.4911 8.5237
 -38.5349 7.9641
 -38.5766 7.4115
 -38.2784 7.2595
 -37.927 6.9279
 -37.8424 6.6782
165 89 6
 -38.4911 8.5237
 -38.4719 9.146
 -38.7785 9.75585
 -39.3362 10.0035
 -39.556 10.195
 -39.5733 10.2035
166 32 51
 -33.3566 15.3153
 -34.2 15.3175
 -33.7409 15.0098
 -34.282 14.8291
 -34.8769 14.5257
 -35.0724 14.1063
 -35.1758 13.9869
 -35.2264 13.9483
 -35.4223 14.0572
 -35.6421 14.0778
 -35.6835 13.9995
 -35.7378 13.932
 -35.8991 13.8456
 -36.0697 13.801
 -36.113 13.7612
 -36.1342 13.6443
 -36.2375 13.5704
 -36.35 13.5105
 -36.3881 13.4196
 -36.4608 13.4487
 -36.5663 13.496
 -36.6555 13.4774
 -36.7623 13.4355
 -36.824 13.4159
 -36.8463 13.386
 -36.902 13.373
 -36.9839 13.3676
 -37.0075 13.3165
 -36.9826 13.3026
 -36.92 13.2664
 -36.8624 13.1909
 -36.8614 13.144
 -36.8593 13.1037
 -36.8844 13.0665
 -36.9278 13.0247
 -36.9453 12.9075
 -36.9463 12.8154
 -37.041 12.8957
 -37.1689 12.9519
 -37.2383 12.9249
 -37.3176 12.951
 -37.4682 13.0552
 -37.5842 13.1733
 -37.6434 13.3459
 -37.6537 13.4966
 -37.6076 13.5665
 -37.5212 13.7104
 -37.4493 13.9855
 -37.4726 14.1618
 -37.5287 14.1364
 -37.5655 14.1119
166 47 14
 -33.3566 15.3153
 -32.8488 15.5543
 -32.5423 15.9622
 -32.4451 16.3982
 -32.4666 16.756
 -32.6067 16.8572
 -32.2822 16.9337
 -32.0267 16.9866
 -31.9488 17.0755
 -31.8327 17.1383
 -31.7119 17.1628
 -31.6724 17.1926
 -31.6613 17.203
 -31.6583 17.2065
167 133 7
 -6.84965 24.7413
 -5.8081 25.646
 -5.02505 26.3639
 -4.96085 26.4539
 -4.9369 26.6087
 -4.93805 26.7407
 -4.9343 26.7517
167 94 27
 -6.84965 24.7413
 -7.1772 24.4694
 -7.8905 23.778
 -8.58685 23.1625
 -9.1666 23.178
 -9.7756 23.0662
 -10.7636 22.6522
 -12.2987 22.1842
 -13.0887 21.8705
 -13.4947 21.445
 -14.059 20.7218
 -14.7332 20.2988
 -15.6355 20.0403
 -15.4904 19.5354
 -14.7713 18.9431
 -14.7875 18.501
 -14.4871 17.9195
 -14.2055 17.1587
 -14.3708 16.6502
 -14.9455 16.5337
 -15.6026 16.5971
 -15.6389 16.44
 -15.71 16.1231
 -15.9797 15.75
 -16.1916 15.5942
 -16.4473 15.5474
 -16.5044 15.5501
168 70 5
 -6.6816 41.4192
 -5.96095 43.1351
 -6.96515 42.6754
 -8.02755 42.337
 -8.0894 42.4643
168 14 3
 -6.6816 41.4192
 -7.4303 39.7242
 -7.4547 39.739
169 79 19
 5.3141 32.2996
 6.36255 31.6053
 6.61195 31.5824
 7.0494 31.7782
 7.41665 31.9408
 7.6137 31.8801
 7.6917 31.4853
 7.69265 30.9469
 7.75 30.7746
 7.8049 30.8175
 8.06225 30.9965
 8.76575 30.851
 9.4623 30.5269
 9.8272 30.2166
 10.2953 30.4317
 10.6459 31.0019
 10.8617 31.0144
 11.0457 31.0377
 11.0359 31.1189
169 82 3
 5.3141 32.2996
 4.27695 33.2099
 4.2017 33.4667
170 133 14
 2.4881 27.2269
 1.4911 25.955
 0.8727 25.1699
 0.54805 24.0769
 0.3348 22.8918
 -1.33455 23.3921
 -2.75315 24.316
 -3.7396 25.3554
 -4.773 26.3222
 -4.94185 26.3475
 -4.96085 26.4539
 -4.9369 26.6087
 -4.93805 26.7407
 -4.9343 26.7517
170 79 28
 2.4881 27.2269
 3.34315 28.0245
 3.5707 28.0167
 3.85975 27.9714
 4.2307 28.0511
 4.60445 28.3149
 4.86405 28.4035
 5.133 28.743
 5.50375 29.0472
 5.8018 29.0219
 6.0691 29.3174
 6.3336 29.5597
 6.39645 29.5515
 6.84355 29.6235
 7.44965 30.1789
 7.67655 30.6961
 7.69265 30.9469
 7.75 30.7746
 7.8049 30.8175
 8.06225 30.9965
 8.76575 30.851
 9.4623 30.5269
 9.8272 30.2166
 10.2953 30.4317
 10.6459 31.0019
 10.8617 31.0144
 11.0457 31.0377
 11.0359 31.1189
171 22 44
 0.13115 17.2313
 -0.35085 17.0004
 -0.5819 16.7141
 -0.84875 16.3266
 -1.14155 15.9054
 -1.35145 15.8906
 -1.97055 15.8272
 -2.54205 15.9109
 -2.67245 16.0987
 -3.04765 16.7736
 -3.7604 17.3379
 -4.30565 17.1747
 -4.61255 16.9061
 -4.84245 16.6815
 -4.9455 16.6392
 -5.1007 16.4627
 -5.32745 16.4021
 -5.1792 16.2136
 -4.99635 16.0137
 -4.8618 15.7541
 -4.7312 15.5332
 -4.447 15.1701
 -4.2604 14.7213
 -4.2498 14.3285
 -4.40525 13.9314
 -4.752 13.6583
 -5.10905 13.6938
 -5.32075 13.7955
 -5.49485 13.7182
 -5.77095 13.7495
 -6.0646 13.5648
 -6.36265 13.017
 -6.59055 12.6312
 -6.8411 12.5637
 -7.0974 12.5835
 -7.19065 12.5504
 -7.2786 12.5371
 -7.37015 12.6033
 -7.4104 12.5963
 -7.5267 12.528
 -7.6611 12.5133
 -7.59445 12.6283
 -7.57815 12.7681
 -7.574 12.7916
171 131 5
 0.13115 17.2313
 0.6862 17.372
 1.14295 17.6071
 1.32345 17.7033
 1.3234 17.755
172 94 8
 -15.9941 17.348
 -15.6682 16.7627
 -15.6389 16.44
 -15.71 16.1231
 -15.9797 15.75
 -16.1916 15.5942
 -16.4473 15.5474
 -16.5044 15.5501
172 16 3
 -15.9941 17.348
 -16.4814 17.6659
 -16.4868 17.6713
173 75 16
 15.2431 -8.09465
 15.3521 -9.27005
 15.6672 -9.65845
 15.9029 -10.1597
 16.1488 -10.812
 16.687 -10.9105
 17.269 -10.8534
 17.5219 -11.3825
 18.0279 -12.2934
 18.3896 -12.9578
 18.3836 -13.4403
 18.2912 -13.8568
 18.0093 -14.3463
 17.6808 -14.6509
 17.5099 -14.7203
 17.4436 -14.7716
173 108 4
 15.2431 -8.09465
 14.6164 -7.0641
 13.8148 -6.8959
 13.8194 -6.953
174 85 8
 33.0084 -5.54165
 32.7906 -5.32735
 32.7367 -5.15595
 32.7218 -5.11365
 32.8425 -5.1486
 33.1721 -5.0714
 33.4088 -4.92975
 33.4193 -4.912
174 24 6
 33.0084 -5.54165
 33.4143 -5.64245
 33.6674 -5.68615
 33.7938 -5.6601
 33.9138 -5.54205
 33.9503 -5.4664
175 38 9
 22.597 16.3983
 22.8673 16.8647
 22.9636 17.0654
 22.7662 16.9883
 22.5948 16.8864
 22.5336 16.92
 22.4331 17.0374
 22.3466 17.1374
 22.3071 17.1516
175 52 4
 22.597 16.3983
 22.5434 15.6891
 22.8409 15.2629
 23.0516 15.2536
176 52 34
 13.8053 16.3166
 15.5041 16.4909
 16.4216 17.145
 16.6102 17.0548
 16.9845 16.6336
 17.8071 15.8544
 18.6187 15.1892
 19.3429 15.1029
 18.6929 14.594
 18.1665 13.5754
 17.7575 12.9777
 17.7331 12.8849
 17.674 11.8584
 18.1348 10.6345
 19.3136 10.3352
 20.1199 10.8304
 20.3428 11.7648
 20.3441 12.2745
 20.6034 13.0393
 20.8556 13.8967
 20.9249 13.9869
 21.2551 13.9359
 21.5751 13.9484
 21.6628 13.9343
 22.0428 13.9123
 22.4307 13.9404
 22.6452 14.293
 22.8647 14.6313
 22.9352 14.5759
 22.875 14.6925
 22.8247 14.8505
 22.9203 15.0885
 23.0503 15.2474
 23.0516 15.2536
176 15 14
 13.8053 16.3166
 12.8835 16.9058
 13.2509 17.4198
 13.7885 18.0831
 13.8344 18.5154
 13.1756 19.1399
 12.5971 19.8337
 12.9072 20.5462
 12.9074 20.6396
 12.5082 20.2188
 12.2446 20.0256
 11.6956 20.2331
 11.3393 20.625
 11.3453 20.6694
177 15 11
 13.0045 23.5189
 14.1292 23.07
 13.2077 22.2424
 13.0771 21.3542
 13.2245 21.018
 12.9074 20.6396
 12.5082 20.2188
 12.2446 20.0256
 11.6956 20.2331
 11.3393 20.625
 11.3453 20.6694
177 126 15
 13.0045 23.5189
 13.2843 24.6999
 14.165 25.339
 14.4235 25.6871
 14.9095 26.261
 15.3379 26.6016
 15.4988 26.2915
 15.8715 26.5895
 15.9104 27.1214
 15.1688 27.9335
 15.048 28.4245
 15.3031 28.6445
 15.3962 28.9005
 15.4415 29.2001
 15.4465 29.2976
178 126 7
 12.9252 29.2107
 13.7948 28.6399
 14.7317 28.6889
 15.2887 28.7018
 15.3962 28.9005
 15.4415 29.2001
 15.4465 29.2976
178 79 5
 12.9252 29.2107
 11.8837 30.3597
 11.2171 30.945
 11.1028 31.0518
 11.0359 31.1189
179 78 8
 42.3283 23.006
 42.4146 22.4901
 42.5171 22.2799
 42.5347 22.0709
 42.6329 21.95
 42.5797 21.8997
 42.5472 21.8563
 42.5306 21.8417
179 117 4
 42.3283 23.006
 42.5837 23.5251
 42.75 23.7167
 42.7203 23.7613
180 4 9
 38.0167 24.6305
 36.7863 25.5851
 36.0892 25.805
 35.6486 25.437
 35.2952 25.222
 35.0944 25.2225
 34.7459 25.1159
 34.4904 25.0242
 34.482 25.0228
180 117 11
 38.0167 24.6305
 38.9574 23.927
 39.2754 23.9094
 39.3831 24.1034
 39.4391 24.0597
 39.6301 23.9216
 40.9359 23.9385
 42.2417 23.908
 42.5344 23.8271
 42.7011 23.7714
 42.7203 23.7613
181 71 6
 39.5392 40.0658
 38.8882 41.2226
 38.392 41.6629
 38.1477 42.0471
 38.0457 42.0547
 38.0032 42.0222
181 98 3
 39.5392 40.0658
 39.8587 38.9297
 39.8385 38.8542
182 31 12
 51.0152 27.2761
 48.9211 27.4401
 48.0728 27.1661
 47.9663 27.0858
 47.1682 26.8115
 46.4453 26.5254
 45.8761 26.6686
 45.1685 26.7855
 44.6701 27.0317
 44.096 27.5208
 43.8247 27.7482
 43.7689 27.7673
182 25 22
 51.0152 27.2761
 52.3965 26.9252
 53.5553 26.9502
 54.3123 27.4169
 54.4946 26.2955
 54.7854 25.166
 55.2365 24.6177
 55.4746 24.2015
 55.7307 23.5661
 56.3383 23.1695
 56.5651 22.8743
 55.7381 22.0208
 55.3023 21.2827
 55.539 20.8685
 55.6782 20.2711
 54.7168 19.784
 53.1444 19.2519
 52.3022 18.9437
 51.9146 18.8877
 51.5872 18.9197
 51.4314 18.9954
 51.424 18.9657
183 88 13
 47.5438 1.9397
 48.1621 2.24635
 48.4016 2.34905
 48.6258 2.6233
 48.7751 2.84655
 49.1402 3.16895
 49.5896 3.88565
 49.6691 4.3334
 49.6496 4.37305
 49.5573 4.4239
 49.4883 4.64175
 49.5086 4.84475
 49.5179 4.8623
183 26 17
 47.5438 1.9397
 47.029 1.51845
 46.4846 1.52255
 45.7739 1.59385
 45.5485 1.5358
 45.5293 1.5377
 45.2976 1.3848
 44.9387 1.16735
 44.6077 0.95715
 44.4157 0.8015
 44.2663 0.65835
 43.7253 0.6806
 43.2674 0.842
 43.1263 0.85525
 43.0984 0.8899
 43.1284 0.981
 43.1047 1.0378
184 26 18
 40.7959 -1.4505
 41.2733 -1.113
 41.555 -1.0931
 41.2437 -0.70095
 40.8238 -0.19775
 40.7484 0.17455
 40.8622 0.6538
 41.0154 1.065
 41.1271 1.255
 41.1581 1.3157
 41.1617 1.36335
 41.2793 1.46325
 41.5989 1.5915
 42.04 1.6954
 42.5556 1.4543
 42.9596 1.11915
 43.1061 1.05645
 43.1047 1.0378
184 85 37
 40.7959 -1.4505
 40.7229 -2.1129
 40.8878 -2.48895
 41.0401 -2.6479
 41.0937 -2.82685
 40.9417 -3.02645
 40.8102 -3.12935
 40.6796 -3.0928
 40.0786 -2.88385
 39.5767 -2.59395
 39.344 -2.5743
 39.0366 -2.7317
 38.7119 -2.8169
 38.5115 -2.88585
 38.387 -2.9524
 38.0121 -2.973
 37.7077 -2.9474
 37.466 -2.9601
 37.2218 -3.06145
 37.0568 -3.1331
 36.5441 -3.26455
 36.0852 -3.48315
 35.8815 -3.52275
 35.6433 -3.30735
 35.5648 -3.10275
 35.5591 -3.04905
 35.49 -3.1594
 35.3945 -3.26835
 35.2737 -3.26135
 35.0969 -3.1444
 34.8503 -3.11965
 34.551 -3.2136
 34.3069 -3.39655
 34.0341 -3.7
 33.6475 -4.33315
 33.4248 -4.87155
 33.4193 -4.912
185 85 35
 41.7906 -2.70705
 41.3263 -2.75325
 41.0937 -2.82685
 40.9417 -3.02645
 40.8102 -3.12935
 40.6796 -3.0928
 40.0786 -2.88385
 39.5767 -2.59395
 39.344 -2.5743
 39.0366 -2.7317
 38.7119 -2.8169
 38.5115 -2.88585
 38.387 -2.9524
 38.0121 -2.973
 37.7077 -2.9474
 37.466 -2.9601
 37.2218 -3.06145
 37.0568 -3.1331
 36.5441 -3.26455
 36.0852 -3.48315
 35.8815 -3.52275
 35.6433 -3.30735
 35.5648 -3.10275
 35.5591 -3.04905
 35.49 -3.1594
 35.3945 -3.26835
 35.2737 -3.26135
 35.0969 -3.1444
 34.8503 -3.11965
 34.551 -3.2136
 34.3069 -3.39655
 34.0341 -3.7
 33.6475 -4.33315
 33.4248 -4.87155
 33.4193 -4.912
185 86 20
 41.7906 -2.70705
 42.2816 -2.9538
 42.4157 -3.60835
 42.2638 -3.9867
 42.2701 -4.15765
 42.4887 -4.37625
 42.6204 -4.6435
 42.4567 -5.19885
 42.0553 -5.63895
 41.8601 -5.90275
 41.7367 -6.4538
 41.3489 -7.12
 41.3046 -7.5752
 41.5052 -7.75225
 41.5769 -7.83195
 41.7332 -7.8736
 41.8852 -7.8734
 42.1273 -8.04615
 42.3988 -8.26405
 42.4434 -8.3144
186 23 9
 32.8492 -19.0879
 33.5714 -19.9641
 33.7803 -20.3263
 34.6276 -20.1262
 35.9419 -20.0668
 36.5984 -20.2001
 36.8031 -20.2545
 36.9337 -20.3299
 36.992 -20.3261
186 77 3
 32.8492 -19.0879
 32.2853 -18.522
 32.2915 -18.4874
187 100 12
 40.9609 -18.0067
 41.5815 -17.109
 42.2281 -16.9795
 42.6861 -16.9879
 42.8921 -16.99
 43.2132 -17.0491
 43.9227 -17.4036
 44.3456 -17.775
 44.4578 -18.4395
 45.2226 -18.6754
 45.8833 -18.2738
 45.9042 -18.2643
187 64 3
 40.9609 -18.0067
 40.7307 -18.7847
 40.7735 -18.8404
188 40 24
 22.5537 -19.9562
 21.5601 -19.611
 21.1565 -19.3882
 20.6562 -19.2602
 20.21 -19.1208
 19.9299 -19.279
 19.6054 -19.4917
 19.4492 -20.0694
 18.9497 -20.6313
 18.2496 -20.7611
 17.7174 -20.6362
 16.684 -20.46
 15.9566 -20.4907
 15.9384 -20.2896
 15.766 -19.372
 15.6685 -18.1926
 15.709 -17.7311
 15.7393 -17.7085
 16.0099 -17.6173
 16.2565 -17.5877
 16.5479 -17.7696
 16.862 -17.9019
 16.9669 -17.9335
 17.0355 -17.9599
188 81 4
 22.5537 -19.9562
 23.4541 -20.1043
 23.7074 -20.1394
 23.7999 -20.1108
189 0 29
 15.9986 -29.2845
 15.5237 -28.7494
 15.3229 -28.712
 14.7158 -28.9132
 14.1813 -28.869
 13.9704 -28.7523
 13.1159 -28.3547
 11.811 -27.5371
 11.5942 -26.7993
 11.8412 -26.4653
 11.6288 -25.8704
 11.7942 -25.2929
 12.5449 -25.1177
 12.8532 -24.7209
 12.7511 -24.3183
 12.6901 -23.7442
 12.7002 -23.294
 12.7467 -23.2128
 12.6156 -23.093
 12.3332 -23.0073
 12.1311 -23.0942
 11.889 -22.9397
 11.688 -22.6348
 11.6281 -22.537
 11.5838 -22.5068
 11.5175 -22.5106
 11.3435 -22.4529
 11.1875 -22.3871
 11.1477 -22.3807
189 1 3
 15.9986 -29.2845
 16.6329 -29.7052
 16.7217 -29.766
190 106 5
 36.1386 -43.3764
 36.7076 -43.607
 37.2757 -43.6567
 37.7668 -43.6807
 37.7709 -43.678
190 41 6
 36.1386 -43.3764
 34.9996 -42.933
 34.2564 -42.6294
 34.0999 -42.6017
 33.9584 -42.6244
 33.8814 -42.6068
191 2 25
 37.0714 -38.0176
 37.4061 -37.0295
 37.5212 -35.9678
 37.0457 -35.44
 36.8004 -34.8789
 36.8369 -34.3726
 36.2716 -33.4154
 35.4859 -32.7608
 35.2957 -32.6773
 35.3587 -32.524
 35.4075 -32.3417
 35.4834 -32.1315
 35.5647 -31.7213
 35.621 -31.4545
 35.8078 -31.4657
 35.4924 -31.2589
 35.3144 -31.0136
 35.2584 -30.816
 35.1536 -30.5516
 35.2216 -30.0527
 35.3194 -29.6405
 35.3384 -29.5697
 35.4347 -29.4371
 35.4849 -29.3129
 35.4843 -29.2933
191 44 20
 37.0714 -38.0176
 37.9142 -38.3946
 39.0167 -38.34
 39.4041 -37.8154
 39.729 -37.6564
 40.0089 -37.3518
 40.1711 -36.9026
 40.3786 -36.4094
 40.5905 -36.086
 40.8298 -35.8517
 41.0014 -35.6018
 40.8407 -35.8532
 41.1151 -36.4951
 41.6023 -37.1404
 41.7373 -37.4919
 41.8061 -37.6189
 41.8204 -37.8087
 41.7323 -38.3526
 41.5806 -38.7828
 41.5478 -38.847
192 134 25
 34.9422 -58.1667
 35.5271 -58.3699
 35.7591 -58.3701
 35.8792 -58.3813
 35.8969 -58.4767
 35.9818 -58.5561
 36.2453 -58.6335
 36.4583 -58.7318
 36.9938 -58.4392
 37.6448 -58.1366
 37.7944 -57.9985
 37.6698 -57.7033
 37.4419 -57.4852
 37.3293 -57.3519
 37.3194 -57.2591
 37.341 -57.0889
 37.3766 -56.9233
 37.4865 -56.8751
 37.8469 -56.9056
 38.1403 -57.0892
 38.1502 -57.0864
 38.3143 -56.7982
 38.6468 -56.6881
 38.8364 -56.707
 38.8534 -56.7013
192 30 3
 34.9422 -58.1667
 34.4211 -58.0089
 34.3794 -58.0303
193 19 37
 29.4435 21.2065
 30.68 21.2178
 31.4074 21.376
 32.2035 22.1647
 32.6231 22.1496
 32.3094 21.3381
 31.759 20.0885
 31.623 18.4735
 32.322 17.9597
 33.3931 18.2228
 33.9353 17.893
 34.0731 17.2973
 34.2845 16.9769
 34.4356 17.0438
 34.5911 16.8745
 34.7285 16.7238
 34.6791 16.636
 34.7039 16.3898
 34.8498 16.2289
 35.1664 16.1057
 35.3598 15.8699
 35.3328 15.7547
 35.3345 15.7066
 35.4102 15.6656
 35.501 15.6005
 35.525 15.6067
 35.6077 15.7355
 35.6725 15.8825
 35.7382 15.9787
 35.6189 15.976
 35.5764 16.0633
 35.5485 16.1735
 35.5541 16.2048
 35.7242 16.2051
 35.9049 16.2527
 35.958 16.2637
 35.9757 16.2429
193 52 33
 29.4435 21.2065
 28.4777 20.6212
 28.0187 20.2932
 27.7065 19.9482
 27.5262 19.1317
 27.1898 18.4636
 27.0369 18.3898
 26.8274 18.4725
 26.0114 18.08
 25.2541 17.6339
 24.9039 17.6088
 24.7318 16.7988
 24.9431 16.0125
 25.1023 15.9088
 25.0408 15.8002
 24.8464 15.1105
 24.5941 14.17
 24.8251 13.6753
 25.0764 13.2099
 25.0488 13.368
 24.4165 13.1889
 23.6625 13.1988
 23.2224 13.6518
 23.0357 14.1066
 23.0859 14.2575
 23.0984 14.4104
 23.0246 14.523
 22.9352 14.5759
 22.875 14.6925
 22.8247 14.8505
 22.9203 15.0885
 23.0503 15.2474
 23.0516 15.2536
194 128 20
 38.6931 31.5137
 37.5462 32.0098
 37.2588 32.0363
 37.1517 31.8285
 36.9132 31.6897
 36.4358 31.5484
 36.0952 31.1138
 35.6666 30.8724
 35.2077 30.9625
 34.879 30.9317
 34.5895 30.5527
 34.4346 30.2064
 34.3233 30.0817
 34.2878 30.028
 34.1797 29.9028
 34.1091 29.7465
 34.1429 29.6584
 34.2313 29.597
 34.273 29.5665
 34.2858 29.5512
194 49 3
 38.6931 31.5137
 39.6044 31.0959
 39.6257 31.124
195 100 18
 53.8827 -14.0581
 53.4485 -13.0615
 52.5931 -11.9901
 51.3326 -12.2029
 50.5806 -12.6692
 50.2394 -12.6326
 50.0101 -13.4263
 50.1885 -14.3881
 50.543 -14.6397
 50.1784 -15.5734
 49.618 -16.4618
 49.449 -16.8013
 48.4053 -17.0233
 47.4937 -16.5867
 47.2842 -16.6981
 46.5454 -17.7083
 45.9433 -18.257
 45.9042 -18.2643
195 17 5
 53.8827 -14.0581
 55.2696 -14.4909
 56.5722 -14.5635
 56.6541 -14.3755
 56.6379 -14.3321
196 29 16
 -37.5756 -39.618
 -38.3171 -40.8962
 -38.4503 -41.1087
 -38.4739 -41.1624
 -38.5343 -41.5625
 -38.5547 -42.0295
 -38.3645 -42.4196
 -38.2236 -42.7466
 -38.2421 -42.8278
 -38.3101 -43.1886
 -38.2474 -43.6539
 -38.2157 -43.7883
 -38.4064 -43.9213
 -38.4252 -44.1532
 -38.3642 -44.2635
 -38.3708 -44.2702
196 56 14
 -37.5756 -39.618
 -37.1526 -38.0662
 -36.8069 -37.1581
 -36.4431 -36
 -37.3765 -34.9782
 -38.1922 -34.4781
 -38.3488 -34.4454
 -38.9232 -34.7132
 -39.5826 -35.0535
 -40.0377 -35.456
 -40.1927 -36.1852
 -40.0744 -36.7658
 -40.0572 -36.7762
 -40.0412 -36.7848
197 132 10
 -27.4128 -46.5322
 -28.5636 -47.678
 -29.0275 -48.2658
 -29.083 -48.5215
 -29.1384 -48.7058
 -29.1186 -48.9976
 -29.0527 -49.1695
 -29.0465 -49.3344
 -29.0344 -49.468
 -29.0253 -49.4831
197 53 5
 -27.4128 -46.5322
 -26.7183 -45.6734
 -26.0177 -45.0877
 -25.1042 -44.5719
 -24.9267 -44.5783
198 14 6
 -12.32 37.292
 -11.4998 37.7712
 -11.2134 37.8948
 -9.3422 38.819
 -7.46375 39.7393
 -7.4547 39.739
198 21 5
 -12.32 37.292
 -13.3616 36.5211
 -13.8829 36.1259
 -13.929 36.19
 -13.9597 36.2377
199 94 4
 -17.6108 15.4515
 -16.877 15.6129
 -16.5218 15.5655
 -16.5044 15.5501
199 18 3
 -17.6108 15.4515
 -17.9966 15.187
 -17.9865 15.1158
200 128 18
 30.6444 30.6008
 31.9007 31.2573
 33.2099 32.0069
 33.6367 31.8278
 33.9922 31.7812
 34.1045 31.546
 33.966 31.0174
 34.0312 30.7742
 34.2007 30.4046
 34.2871 30.1414
 34.3233 30.0817
 34.2878 30.028
 34.1797 29.9028
 34.1091 29.7465
 34.1429 29.6584
 34.2313 29.597
 34.273 29.5665
 34.2858 29.5512
200 27 9
 30.6444 30.6008
 29.3841 30.306
 28.2632 30.0729
 27.8314 29.7544
 27.2788 29.2319
 26.4258 29.1532
 25.4642 29.5137
 25.0509 29.8614
 24.9698 29.8596
201 101 9
 16.6973 -14.0418
 16.5509 -14.2368
 15.9946 -14.4247
 15.1131 -14.1401
 14.4013 -13.9344
 14.0541 -13.9995
 13.5934 -13.9029
 13.1458 -13.9298
 13.0734 -14.0308
201 75 4
 16.6973 -14.0418
 17.0323 -14.3489
 17.3946 -14.7218
 17.4436 -14.7716
202 76 16
 33.2938 -59.8958
 32.5614 -60.2711
 31.7738 -60.8158
 31.2842 -60.8681
 31.0292 -60.6866
 31.271 -60.8932
 31.4139 -61.2102
 31.4305 -61.3881
 31.4209 -61.4619
 31.2113 -61.651
 30.9846 -61.7011
 30.9222 -61.6957
 30.88 -61.7987
 30.9303 -61.965
 30.9813 -62.1052
 30.9812 -62.1092
202 30 8
 33.2938 -59.8958
 33.9151 -59.7338
 34.2194 -59.0588
 34.1767 -58.4937
 34.1639 -58.4383
 34.2787 -58.2357
 34.3794 -58.0383
 34.3794 -58.0303
203 3 4
 50.0153 -44.9957
 49.4405 -44.2641
 49.2692 -43.9903
 49.2686 -43.9701
203 28 4
 50.0153 -44.9957
 50.5178 -45.6059
 50.6218 -45.7397
 50.6276 -45.7414
204 12 12
 -34.8363 -29.301
 -34.2512 -29.1075
 -33.9917 -29.0252
 -33.9052 -28.9338
 -33.851 -28.7989
 -33.8422 -28.694
 -33.8102 -28.5807
 -33.7333 -28.4453
 -33.5931 -28.3476
 -33.4857 -28.2751
 -33.4476 -28.205
 -33.4246 -28.1707
204 129 6
 -34.8363 -29.301
 -35.3875 -29.4991
 -35.6055 -29.5347
 -35.6511 -29.4613
 -35.6582 -29.4102
 -35.6505 -29.4033
205 12 9
 -33.6841 -29.0096
 -33.7828 -28.8097
 -33.8422 -28.694
 -33.8102 -28.5807
 -33.7333 -28.4453
 -33.5931 -28.3476
 -33.4857 -28.2751
 -33.4476 -28.205
 -33.4246 -28.1707
205 107 3
 -33.6841 -29.0096
 -33.6671 -29.1642
 -33.6866 -29.1957
206 69 15
 -26.1971 -43.269
 -27.0946 -42.4699
 -28.0843 -41.2985
 -28.3199 -40.3894
 -27.8911 -41.2319
 -26.8896 -40.9957
 -26.362 -39.5294
 -26.5414 -39.1065
 -25.7975 -38.5012
 -24.8564 -37.7413
 -24.5289 -37.605
 -23.9937 -37.631
 -23.0056 -37.4759
 -22.5016 -37.2634
 -22.4813 -37.2444
206 53 4
 -26.1971 -43.269
 -25.5244 -44.1706
 -24.9436 -44.5593
 -24.9267 -44.5783
207 110 12
 -4.4051 -49.8274
 -2.50875 -49.6028
 -2.07895 -49.7603
 -2.1061 -48.9603
 -3.09665 -48.0561
 -3.8151 -47.005
 -4.1694 -46.0036
 -4.58595 -45.6744
 -3.91775 -45.1289
 -2.76785 -44.3755
 -1.99135 -44.1554
 -1.9189 -44.104
207 90 3
 -4.4051 -49.8274
 -6.34895 -50.4298
 -6.4212 -50.4146
208 110 15
 -1.7027 -37.9325
 -1.37535 -39.0083
 -0.6385 -39.4451
 -0.0468 -39.674
 0.1394 -40.2
 0.44935 -40.5215
 0.63865 -40.9048
 0.43415 -41.2863
 0.35575 -42.0107
 0.37875 -42.4547
 0.11465 -42.8672
 -0.69705 -43.6688
 -1.5594 -44.071
 -1.8787 -44.0886
 -1.9189 -44.104
208 109 14
 -1.7027 -37.9325
 -1.72905 -37.1411
 -1.5195 -36.2531
 -0.93485 -35.6724
 -1.58645 -35.6847
 -1.843 -34.4912
 -1.8811 -33.3424
 -1.8454 -33.2859
 -1.42455 -33.2595
 -0.949 -33.0341
 -0.7529 -32.791
 -0.6958 -32.4604
 -0.72155 -32.1164
 -0.7339 -32.0584
209 123 12
 1.34105 -32.4267
 2.80675 -32.5662
 3.6264 -31.8478
 3.6315 -30.5202
 3.5758 -29.6153
 3.4787 -29.5103
 3.86775 -29.2346
 4.43525 -28.7272
 4.9592 -27.8986
 5.33435 -27.2519
 5.24425 -27.0754
 5.2107 -27.0435
209 109 6
 1.34105 -32.4267
 0.08175 -32.2064
 -0.5651 -32.2748
 -0.6532 -32.1299
 -0.69585 -32.0899
 -0.7339 -32.0584
210 119 18
 -21.5724 -37.8085
 -20.4146 -38.3117
 -19.5208 -38.4013
 -19.0424 -38.0243
 -19.2747 -38.5276
 -18.7048 -39.1857
 -18.6376 -40.1278
 -19.3056 -40.5295
 -19.6562 -40.6861
 -20.3888 -40.8992
 -21.1347 -41.0884
 -22.205 -41.4208
 -23.097 -41.7315
 -23.0975 -41.7336
 -22.8217 -41.9771
 -22.6384 -42.5472
 -22.7022 -42.9035
 -22.6778 -42.9316
210 69 3
 -21.5724 -37.8085
 -22.2742 -37.26
 -22.4813 -37.2444
211 127 36
 -21.8218 -26.6725
 -20.9269 -26.1136
 -20.3433 -26.4996
 -19.5954 -26.6528
 -19.0493 -26.8257
 -18.883 -26.7826
 -18.7532 -26.6558
 -18.2062 -26.0096
 -17.4143 -25.7022
 -16.7428 -26.0574
 -15.9938 -26.1791
 -15.4314 -26.1946
 -14.5546 -25.6575
 -14.0091 -25.9674
 -13.7656 -26.9447
 -13.0047 -27.1863
 -12.4625 -27.5022
 -12.1607 -27.4408
 -11.5224 -27.1159
 -10.7442 -27.3096
 -10.2526 -27.7527
 -9.71955 -27.9011
 -9.26525 -27.8827
 -8.85825 -28.1628
 -8.34125 -28.7363
 -8.05495 -29.151
 -7.7918 -29.3214
 -7.0539 -29.6024
 -6.41185 -29.8911
 -6.43305 -29.5994
 -6.3601 -29.0394
 -6.1609 -28.8419
 -5.448 -28.9525
 -4.90135 -28.9192
 -4.7867 -28.9752
 -4.7172 -29.0228
211 83 7
 -21.8218 -26.6725
 -22.0434 -28.16
 -22.792 -27.5857
 -23.5528 -27.7073
 -24.8112 -28.0544
 -25.711 -28.1173
 -25.7211 -28.0125
212 127 36
 -21.3209 -25.2167
 -20.653 -26.1195
 -20.3433 -26.4996
 -19.5954 -26.6528
 -19.0493 -26.8257
 -18.883 -26.7826
 -18.7532 -26.6558
 -18.2062 -26.0096
 -17.4143 -25.7022
 -16.7428 -26.0574
 -15.9938 -26.1791
 -15.4314 -26.1946
 -14.5546 -25.6575
 -14.0091 -25.9674
 -13.7656 -26.9447
 -13.0047 -27.1863
 -12.4625 -27.5022
 -12.1607 -27.4408
 -11.5224 -27.1159
 -10.7442 -27.3096
 -10.2526 -27.7527
 -9.71955 -27.9011
 -9.26525 -27.8827
 -8.85825 -28.1628
 -8.34125 -28.7363
 -8.05495 -29.151
 -7.7918 -29.3214
 -7.0539 -29.6024
 -6.41185 -29.8911
 -6.43305 -29.5994
 -6.3601 -29.0394
 -6.1609 -28.8419
 -5.448 -28.9525
 -4.90135 -28.9192
 -4.7867 -28.9752
 -4.7172 -29.0228
212 93 9
 -21.3209 -25.2167
 -22.6371 -24.846
 -23.4369 -24.6268
 -24.0866 -23.9282
 -24.68 -23.5438
 -24.6781 -23.1814
 -24.0762 -22.6274
 -23.5286 -22.397
 -23.5285 -22.3891
213 123 4
 6.78405 -25.8633
 6.04535 -26.7994
 5.2752 -27.0905
 5.2107 -27.0435
213 59 7
 6.78405 -25.8633
 7.0862 -25.0167
 7.39685 -24.7088
 7.5217 -24.6456
 7.6377 -24.6515
 7.68505 -24.6807
 7.6997 -24.7001
214 74 15
 12.2176 -7.00635
 10.4854 -6.43665
 10.1641 -5.32325
 10.2033 -5.0438
 10.2456 -4.4451
 10.3674 -3.52335
 9.71595 -3.0875
 8.96715 -2.84435
 8.5761 -2.08355
 8.2106 -1.47925
 8.2546 -1.41685
 8.6619 -1.10695
 9.0167 -0.7975
 9.07015 -0.76665
 9.0998 -0.7964
214 108 3
 12.2176 -7.00635
 13.6842 -6.8338
 13.8194 -6.953
215 58 9
 -23.3578 -3.2776
 -24.8459 -3.3733
 -24.3539 -1.05215
 -24.7108 -0.127
 -26.3054 -1.62235
 -27.9907 -2.02335
 -29.2744 -1.74675
 -29.3722 -1.62775
 -29.3971 -1.5977
215 61 6
 -23.3578 -3.2776
 -21.3499 -3.79855
 -20.6751 -3.9296
 -19.5168 -4.1916
 -18.6969 -4.68715
 -18.6095 -4.9244
216 102 6
 -33.6827 -8.89775
 -35.0112 -9.1085
 -35.2298 -9.24015
 -35.5625 -9.83885
 -35.7119 -10.3076
 -35.7283 -10.3148
216 92 8
 -33.6827 -8.89775
 -32.2818 -8.8775
 -32.1324 -9.47125
 -31.4049 -9.7502
 -30.4427 -10.1605
 -30.0821 -10.7572
 -30 -10.8359
 -29.9858 -10.847
217 8 18
 -38.3134 -9.83645
 -37.692 -9.2934
 -37.8458 -8.73205
 -37.8295 -8.29755
 -37.2121 -7.93655
 -36.7473 -7.5278
 -36.5911 -6.92425
 -36.4216 -6.2253
 -36.187 -6.2795
 -36.2938 -5.8131
 -36.1347 -5.4586
 -36.1645 -5.25785
 -36.5156 -4.8982
 -36.9888 -4.43535
 -37.2484 -4.27545
 -37.4902 -4.0668
 -37.7215 -3.9088
 -37.7914 -3.9289
217 84 6
 -38.3134 -9.83645
 -39.4549 -9.84995
 -39.9169 -9.35895
 -40.0497 -9.2651
 -40.2266 -9.355
 -40.2474 -9.3613
218 32 39
 -39.8398 10.4054
 -40.0135 10.6985
 -40.1722 10.7894
 -40.1193 10.8591
 -40.1425 10.9839
 -40.1971 11.1257
 -40.0695 11.2158
 -39.9153 11.2629
 -39.7958 11.4132
 -39.7383 11.493
 -39.6797 11.4756
 -39.6091 11.5648
 -39.5521 11.7402
 -39.467 12.0053
 -39.3494 12.1918
 -39.1807 12.1173
 -38.9527 12.0632
 -38.8256 12.1283
 -38.7068 12.1369
 -38.5279 12.1481
 -38.319 12.1854
 -37.957 12.2386
 -37.667 12.4563
 -37.5308 12.6682
 -37.3273 12.7941
 -37.2117 12.9104
 -37.1689 12.9519
 -37.2383 12.9249
 -37.3176 12.951
 -37.4682 13.0552
 -37.5842 13.1733
 -37.6434 13.3459
 -37.6537 13.4966
 -37.6076 13.5665
 -37.5212 13.7104
 -37.4493 13.9855
 -37.4726 14.1618
 -37.5287 14.1364
 -37.5655 14.1119
218 89 3
 -39.8398 10.4054
 -39.6707 10.1982
 -39.5733 10.2035
219 47 43
 -28.0081 14.6486
 -28.3693 14.7778
 -28.5051 14.8383
 -28.5581 14.8534
 -28.6618 14.8657
 -28.7362 14.8379
 -28.8102 14.8722
 -28.8919 14.965
 -28.9473 14.9694
 -28.911 15.0257
 -28.8642 15.0985
 -28.8668 15.184
 -28.8303 15.3089
 -28.7873 15.4376
 -28.8639 15.5156
 -28.896 15.5911
 -28.9327 15.708
 -29.0513 15.8104
 -29.1334 15.8621
 -29.1825 15.854
 -29.28 15.9276
 -29.4673 16.063
 -29.6593 16.0751
 -29.771 16.0354
 -29.9104 15.9815
 -30.1162 15.9522
 -30.2687 15.9972
 -30.334 16.091
 -30.3498 16.1786
 -30.3743 16.326
 -30.4167 16.5901
 -30.6319 16.7453
 -30.9225 16.8174
 -31.0563 16.9611
 -31.0793 17.1332
 -31.142 17.3423
 -31.2342 17.46
 -31.3272 17.4606
 -31.4662 17.466
 -31.5472 17.4141
 -31.6165 17.2937
 -31.6591 17.2179
 -31.6583 17.2065
219 122 23
 -28.0081 14.6486
 -27.6641 14.494
 -27.4573 14.3717
 -27.3041 14.4023
 -27.2229 14.5203
 -27.132 14.6098
 -27.0609 14.6913
 -27.1154 14.7186
 -27.0354 14.7344
 -26.896 14.8183
 -26.7702 14.9289
 -26.7799 15.1283
 -26.9453 15.501
 -27.0455 15.7738
 -26.9261 15.9822
 -27.22 15.9625
 -27.4697 15.8919
 -27.724 16.0024
 -27.9011 16.3995
 -27.7723 16.5935
 -27.6918 16.8727
 -27.7141 17.0679
 -27.7253 17.087
220 122 18
 -26.2224 15.5107
 -26.3207 15.8181
 -26.2585 15.9977
 -26.3831 16.1833
 -26.5028 16.3741
 -26.5815 16.3742
 -26.6374 16.3382
 -26.6873 16.3386
 -26.7814 16.2304
 -26.9261 15.9822
 -27.22 15.9625
 -27.4697 15.8919
 -27.724 16.0024
 -27.9011 16.3995
 -27.7723 16.5935
 -27.6918 16.8727
 -27.7141 17.0679
 -27.7253 17.087
220 51 16
 -26.2224 15.5107
 -25.9538 15.2245
 -25.9244 15.0264
 -25.8195 15.0266
 -25.6005 15.0552
 -25.4712 15.0984
 -25.3454 15.3394
 -25.2902 15.5236
 -25.2296 15.6033
 -25.1006 15.5216
 -25.0719 15.5497
 -25.0471 15.7437
 -24.9693 15.8349
 -24.8342 15.9591
 -24.7076 16.0409
 -24.6829 16.0516
221 130 15
 -31.6579 29.0037
 -30.7056 29.0895
 -29.9136 29.5698
 -28.5568 29.4836
 -27.2107 29.6447
 -28.499 29.6165
 -28.9524 30.0016
 -28.9708 30.8792
 -28.9339 31.9249
 -28.9708 32.2518
 -29.1573 32.4599
 -29.2414 32.5563
 -29.2 32.719
 -29.2248 32.8927
 -29.2587 32.9309
221 91 18
 -31.6579 29.0037
 -32.9122 28.6828
 -33.5101 28.6898
 -33.6938 28.3831
 -34.4135 28.0738
 -35.4911 27.7773
 -35.8747 27.5203
 -36.0352 26.8603
 -36.3543 26.0443
 -36.8013 26.0011
 -37.2062 26.4142
 -37.9783 27.1049
 -38.7202 27.6243
 -39.0155 28.1502
 -39.4627 29.4244
 -39.7738 30.3248
 -39.7596 30.4338
 -39.7346 30.4641
222 91 14
 -34.8131 24.3821
 -35.4074 25.1328
 -35.7549 25.4579
 -36.266 25.6652
 -36.5748 25.8314
 -36.8013 26.0011
 -37.2062 26.4142
 -37.9783 27.1049
 -38.7202 27.6243
 -39.0155 28.1502
 -39.4627 29.4244
 -39.7738 30.3248
 -39.7596 30.4338
 -39.7346 30.4641
222 9 9
 -34.8131 24.3821
 -34.2178 23.7899
 -33.7286 23.1776
 -33.1824 23.6387
 -32.1726 23.8073
 -31.9766 23.9509
 -31.8663 23.865
 -31.8035 23.8105
 -31.7754 23.7896
223 47 12
 -32.6673 20.6108
 -32.4539 19.6248
 -32.1507 18.8131
 -32.0883 18.4257
 -31.9226 18.0342
 -31.8587 17.8823
 -31.7943 17.6609
 -31.7895 17.4557
 -31.8237 17.3106
 -31.7378 17.2306
 -31.67 17.2215
 -31.6583 17.2065
223 9 11
 -32.6673 20.6108
 -32.7649 21.1022
 -33.0722 21.5868
 -33.2713 22.258
 -33.7286 23.1776
 -33.1824 23.6387
 -32.1726 23.8073
 -31.9766 23.9509
 -31.8663 23.865
 -31.8035 23.8105
 -31.7754 23.7896
224 21 7
 -17.9408 36.174
 -17.0047 36.3158
 -16.7505 36.7624
 -15.7259 37.3213
 -14.3549 37.166
 -13.9771 36.3481
 -13.9597 36.2377
224 111 4
 -17.9408 36.174
 -18.7045 36.5129
 -18.7612 36.573
 -18.7501 36.5922
225 118 12
 -7.37755 39.585
 -7.3316 38.9948
 -7.19595 38.2532
 -7.0556 37.6175
 -7.14645 36.4955
 -6.82825 35.6133
 -6.3877 35.3557
 -6.8377 35.3787
 -7.93825 34.591
 -8.66995 33.5499
 -8.6838 33.117
 -8.6257 33.0524
225 14 3
 -7.37755 39.585
 -7.4303 39.7242
 -7.4547 39.739
226 55 5
 10.005 35.5785
 9.56985 34.8974
 9.58685 34.7632
 9.5304 34.7305
 9.4806 34.7072
226 36 16
 10.005 35.5785
 10.4721 36.2808
 10.5419 36.5304
 10.8171 36.7506
 11.1994 36.8588
 11.4135 36.7739
 11.4283 36.7971
 11.5889 37.2592
 11.984 37.8551
 12.0921 38.2669
 11.9103 38.6839
 11.7747 39.0396
 11.688 39.203
 11.699 39.2936
 11.7397 39.3588
 11.7321 39.3798
227 79 20
 8.125 28.2734
 7.1864 29.2807
 6.3568 29.4116
 6.3336 29.5597
 6.39645 29.5515
 6.84355 29.6235
 7.44965 30.1789
 7.67655 30.6961
 7.69265 30.9469
 7.75 30.7746
 7.8049 30.8175
 8.06225 30.9965
 8.76575 30.851
 9.4623 30.5269
 9.8272 30.2166
 10.2953 30.4317
 10.6459 31.0019
 10.8617 31.0144
 11.0457 31.0377
 11.0359 31.1189
227 57 3
 8.125 28.2734
 8.3346 27.1616
 8.3736 27.0548
228 133 6
 -4.3336 28.2423
 -4.8814 27.3006
 -4.9817 26.9772
 -4.9947 26.874
 -4.96655 26.7963
 -4.9343 26.7517
228 118 11
 -4.3336 28.2423
 -3.65935 29.2146
 -3.7788 29.9363
 -5.01475 30.702
 -5.93685 31.1522
 -6.027 31.1868
 -6.52685 30.9077
 -7.4382 30.9095
 -8.33215 31.9873
 -8.6868 32.9622
 -8.6257 33.0524
229 22 30
 0.71655 15.3431
 -0.05715 15.2234
 -0.32995 15.0484
 -0.65525 15.0096
 -1.2184 14.8229
 -1.61995 14.5637
 -1.78415 14.2867
 -2.53805 13.8345
 -3.3143 13.8603
 -3.8354 14.0841
 -4.40525 13.9314
 -4.752 13.6583
 -5.10905 13.6938
 -5.32075 13.7955
 -5.49485 13.7182
 -5.77095 13.7495
 -6.0646 13.5648
 -6.36265 13.017
 -6.59055 12.6312
 -6.8411 12.5637
 -7.0974 12.5835
 -7.19065 12.5504
 -7.2786 12.5371
 -7.37015 12.6033
 -7.4104 12.5963
 -7.5267 12.528
 -7.6611 12.5133
 -7.59445 12.6283
 -7.57815 12.7681
 -7.574 12.7916
229 112 5
 0.71655 15.3431
 1.5455 15.3566
 1.85615 15.1944
 1.9471 15.0493
 1.9599 15.0383
230 104 4
 -18.0054 14.3356
 -18.1745 13.8969
 -18.2522 13.8812
 -18.2978 13.8759
230 18 4
 -18.0054 14.3356
 -17.9341 14.9351
 -17.9931 15.111
 -17.9865 15.1158
231 85 17
 30.5266 3.92885
 31.435 2.76485
 31.7842 2.4827
 30.97 2.2512
 30.6916 1.63605
 31.1922 1.0262
 31.7547 -0.026
 32.8698 -1.3198
 33.617 -1.8555
 33.9708 -2.48825
 34.3115 -3.14525
 34.551 -3.2136
 34.3069 -3.39655
 34.0341 -3.7
 33.6475 -4.33315
 33.4248 -4.87155
 33.4193 -4.912
231 62 4
 30.5266 3.92885
 30.388 4.95435
 30.6799 5.15455
 30.669 5.202
232 62 11
 30.9021 9.83265
 30.8011 9.2913
 30.5388 8.70825
 30.2903 8.13245
 30.3139 8.1025
 30.4822 7.81655
 30.5969 7.1957
 30.5971 6.24245
 30.6574 5.51775
 30.6675 5.2988
 30.669 5.202
232 80 11
 30.9021 9.83265
 31.1441 10.644
 31.2071 11.487
 31.0796 12.0686
 30.833 12.2337
 31.1212 12.4822
 31.7724 12.6306
 32.2488 12.9633
 32.5585 13.6742
 32.6214 14.0774
 32.6775 14.0673
233 19 28
 33.4105 15.2993
 33.6588 16.3232
 34.0858 16.7259
 34.3439 16.895
 34.4356 17.0438
 34.5911 16.8745
 34.7285 16.7238
 34.6791 16.636
 34.7039 16.3898
 34.8498 16.2289
 35.1664 16.1057
 35.3598 15.8699
 35.3328 15.7547
 35.3345 15.7066
 35.4102 15.6656
 35.501 15.6005
 35.525 15.6067
 35.6077 15.7355
 35.6725 15.8825
 35.7382 15.9787
 35.6189 15.976
 35.5764 16.0633
 35.5485 16.1735
 35.5541 16.2048
 35.7242 16.2051
 35.9049 16.2527
 35.958 16.2637
 35.9757 16.2429
233 80 4
 33.4105 15.2993
 33.0407 14.4711
 32.694 14.18
 32.6775 14.0673
234 52 22
 19.3812 8.4762
 18.9755 9.93095
 19.3136 10.3352
 20.1199 10.8304
 20.3428 11.7648
 20.3441 12.2745
 20.6034 13.0393
 20.8556 13.8967
 20.9249 13.9869
 21.2551 13.9359
 21.5751 13.9484
 21.6628 13.9343
 22.0428 13.9123
 22.4307 13.9404
 22.6452 14.293
 22.8647 14.6313
 22.9352 14.5759
 22.875 14.6925
 22.8247 14.8505
 22.9203 15.0885
 23.0503 15.2474
 23.0516 15.2536
234 74 30
 19.3812 8.4762
 19.5917 7.22405
 18.909 6.42585
 17.8128 5.55465
 17.062 5.3583
 16.2246 5.60375
 15.257 5.9589
 14.3877 6.9895
 13.2187 7.32765
 12.4207 6.55175
 12.9832 5.704
 12.2327 4.8155
 10.8918 4.55585
 10.7736 4.8352
 10.2726 5.4795
 9.1878 4.7014
 8.61325 3.1632
 7.7674 2.4456
 6.81595 1.93655
 6.91105 1.2748
 7.3892 0.4852
 7.93645 0.3327
 8.142 0.43475
 7.95075 0.27745
 7.76255 0.076
 7.83695 -0.11085
 8.16925 -0.34715
 8.7394 -0.61375
 9.07015 -0.76665
 9.0998 -0.7964
235 36 10
 14.1117 37.0531
 12.7866 37.7114
 12.2026 38.0657
 12.0921 38.2669
 11.9103 38.6839
 11.7747 39.0396
 11.688 39.203
 11.699 39.2936
 11.7397 39.3588
 11.7321 39.3798
235 79 19
 14.1117 37.0531
 14.8822 36.7153
 14.7831 35.582
 14.6197 33.9233
 14.8058 33.3158
 14.3577 33.5932
 13.7609 34.0301
 13.3086 34.3026
 12.2871 34.0234
 11.3683 33.34
 11.3995 32.9146
 11.3447 32.754
 11.076 32.506
 10.8096 32.2668
 10.7038 31.6474
 10.657 31.0948
 10.8617 31.0144
 11.0457 31.0377
 11.0359 31.1189
236 27 11
 19.5108 31.003
 20.7887 31.1791
 21.6715 31.0708
 22.5864 30.8769
 23.6217 30.9133
 23.9602 30.8158
 24.0513 30.4541
 24.1316 30.2433
 24.5171 30.0745
 24.8664 29.9568
 24.9698 29.8596
236 79 24
 19.5108 31.003
 18.354 31.2891
 18.3433 32.4411
 18.2507 33.0874
 17.4427 33.1355
 17.2477 33.4828
 16.9407 33.7118
 16.0247 33.5096
 15.1472 33.3293
 14.8058 33.3158
 14.3577 33.5932
 13.7609 34.0301
 13.3086 34.3026
 12.2871 34.0234
 11.3683 33.34
 11.3995 32.9146
 11.3447 32.754
 11.076 32.506
 10.8096 32.2668
 10.7038 31.6474
 10.657 31.0948
 10.8617 31.0144
 11.0457 31.0377
 11.0359 31.1189
237 27 26
 30.103 39.4199
 29.3964 38.9046
 29.1921 38.8872
 28.8064 38.0854
 28.2456 37.8374
 28.2215 37.6885
 28.1522 37.4678
 27.7649 36.9925
 27.3801 36.6628
 26.7887 36.769
 26.5922 36.1549
 26.9054 35.2788
 27.1404 34.6133
 27.431 34.0788
 27.6987 33.9319
 28.3371 33.634
 29.3461 33.2218
 29.6106 32.5873
 28.7384 31.6522
 28.1894 30.66
 27.8314 29.7544
 27.2788 29.2319
 26.4258 29.1532
 25.4642 29.5137
 25.0509 29.8614
 24.9698 29.8596
237 113 3
 30.103 39.4199
 30.4795 40.5732
 30.5242 40.6186
238 128 33
 31.2761 26.6208
 32.3877 27.2235
 32.7342 27.3342
 32.8783 27.2203
 33.0155 27.274
 33.1364 27.2435
 33.3464 27.2407
 33.5154 27.4373
 33.5549 27.5373
 33.5345 27.6215
 33.5146 27.6701
 33.5016 27.7978
 33.468 27.8742
 33.4368 27.924
 33.4865 28.0821
 33.6145 28.1915
 33.7382 28.1047
 33.8778 28.0007
 33.9965 28.1711
 34.0591 28.4756
 33.943 28.6726
 33.7758 28.7482
 33.6729 28.7471
 33.5712 28.7519
 33.5416 28.847
 33.5499 28.9855
 33.7089 29.105
 33.9082 29.1763
 34.0238 29.1975
 34.1171 29.3042
 34.2063 29.4322
 34.2661 29.5087
 34.2858 29.5512
238 20 3
 31.2761 26.6208
 30.4429 26.1293
 30.4058 26.107
239 128 35
 34.7602 25.6926
 34.3263 26.4424
 34.0701 26.6813
 33.9576 26.847
 33.8178 27.0578
 33.5021 27.0636
 33.251 27.0588
 33.1364 27.2435
 33.3464 27.2407
 33.5154 27.4373
 33.5549 27.5373
 33.5345 27.6215
 33.5146 27.6701
 33.5016 27.7978
 33.468 27.8742
 33.4368 27.924
 33.4865 28.0821
 33.6145 28.1915
 33.7382 28.1047
 33.8778 28.0007
 33.9965 28.1711
 34.0591 28.4756
 33.943 28.6726
 33.7758 28.7482
 33.6729 28.7471
 33.5712 28.7519
 33.5416 28.847
 33.5499 28.9855
 33.7089 29.105
 33.9082 29.1763
 34.0238 29.1975
 34.1171 29.3042
 34.2063 29.4322
 34.2661 29.5087
 34.2858 29.5512
239 4 5
 34.7602 25.6926
 35.0944 25.2225
 34.7459 25.1159
 34.4904 25.0242
 34.482 25.0228
240 19 12
 36.5089 18.7169
 36.1378 18.2793
 36.0394 18.1993
 36.348 17.7941
 36.3866 17.5219
 36.1402 17.0919
 36.0585 16.7812
 35.8951 16.6897
 35.8573 16.5604
 35.9672 16.4333
 36.0012 16.3098
 35.9757 16.2429
240 48 4
 36.5089 18.7169
 36.7614 19.3985
 36.7758 19.4326
 36.7806 19.4281
241 4 9
 36.1981 21.1313
 36.389 22.1043
 36.8441 22.4428
 36.743 22.8286
 35.8249 23.4417
 35.1817 24.1337
 34.9231 24.8027
 34.4904 25.0242
 34.482 25.0228
241 48 6
 36.1981 21.1313
 36.5309 20.1726
 36.6807 19.7054
 36.7623 19.4905
 36.7758 19.4326
 36.7806 19.4281
242 128 20
 38.1078 33.0997
 37.536 32.0858
 37.2588 32.0363
 37.1517 31.8285
 36.9132 31.6897
 36.4358 31.5484
 36.0952 31.1138
 35.6666 30.8724
 35.2077 30.9625
 34.879 30.9317
 34.5895 30.5527
 34.4346 30.2064
 34.3233 30.0817
 34.2878 30.028
 34.1797 29.9028
 34.1091 29.7465
 34.1429 29.6584
 34.2313 29.597
 34.273 29.5665
 34.2858 29.5512
242 98 14
 38.1078 33.0997
 38.3551 34.2647
 38.162 34.6003
 37.9845 35.011
 37.9367 35.2796
 38.0254 35.6717
 38.0764 36.0955
 37.7793 36.5402
 37.469 36.9159
 37.9858 37.2842
 38.7771 38.1596
 39.301 38.6557
 39.6762 38.7388
 39.8385 38.8542
243 45 6
 39.8494 42.2155
 40.9988 42.2076
 41.2214 42.1132
 42.2701 42.2419
 43.2636 42.236
 43.2291 42.1098
243 71 6
 39.8494 42.2155
 38.6064 42.1273
 38.2076 42.1274
 38.0962 42.104
 38.0457 42.0547
 38.0032 42.0222
244 31 16
 40.9109 31.31
 41.3259 31.3524
 41.6709 30.9317
 42.0342 30.6556
 42.2178 30.4297
 42.2236 30.7772
 42.5992 31.1177
 43.0304 31.1239
 43.5781 30.8491
 44.0464 30.1601
 44.0779 29.4963
 43.9747 29.332
 43.7876 28.8395
 43.7362 28.0614
 43.7397 27.7995
 43.7689 27.7673
244 49 4
 40.9109 31.31
 40.1742 31.0777
 39.6519 31.1696
 39.6257 31.124
245 105 10
 51.5452 15.1924
 50.9135 14.2362
 50.7988 13.8116
 50.6728 13.7681
 50.3713 13.6959
 50.0785 13.5935
 49.9688 13.6166
 49.7314 14.3221
 49.368 15.0046
 49.2536 15.02
245 25 8
 51.5452 15.1924
 52.2841 16.2812
 52.4439 17.1767
 52.3195 17.6404
 52.0215 17.7587
 51.7098 18.305
 51.531 18.8829
 51.424 18.9657
246 72 13
 55.0679 11.9974
 55.8891 12.2105
 56.2908 12.4428
 56.3835 12.5754
 56.5972 12.3914
 56.8152 12.0795
 56.9465 11.9616
 57.0466 11.8008
 57.117 11.5929
 57.1411 11.479
 57.2095 11.328
 57.3083 11.2044
 57.3126 11.1858
246 116 8
 55.0679 11.9974
 54.4581 11.7845
 54.4249 11.4847
 54.5593 11.2463
 55.0145 11.3663
 55.6798 11.3197
 55.8786 11.0117
 55.8445 10.939
247 72 17
 53.2375 8.09325
 53.6126 9.0165
 54.3559 9.2403
 55.257 9.1753
 55.7329 8.99175
 55.7732 8.9855
 56.1376 8.9722
 56.4116 9.133
 56.3721 9.3422
 56.395 9.4239
 56.6489 9.8202
 57.104 10.4564
 57.2688 10.7788
 57.1751 10.8989
 57.2518 10.9712
 57.2867 11.1521
 57.3126 11.1858
247 13 6
 53.2375 8.09325
 53.1189 7.22075
 53.0455 6.98625
 52.9566 6.8588
 52.89 6.9216
 52.8774 6.9287
248 72 20
 51.993 11.2905
 51.9346 10.1909
 51.9465 10.1789
 52.684 10.0472
 53.6578 9.5135
 54.3559 9.2403
 55.257 9.1753
 55.7329 8.99175
 55.7732 8.9855
 56.1376 8.9722
 56.4116 9.133
 56.3721 9.3422
 56.395 9.4239
 56.6489 9.8202
 57.104 10.4564
 57.2688 10.7788
 57.1751 10.8989
 57.2518 10.9712
 57.2867 11.1521
 57.3126 11.1858
248 105 11
 51.993 11.2905
 51.7241 12.632
 51.1768 13.1975
 50.8791 13.6276
 50.6728 13.7681
 50.3713 13.6959
 50.0785 13.5935
 49.9688 13.6166
 49.7314 14.3221
 49.368 15.0046
 49.2536 15.02
249 13 14
 50.1078 4.84235
 50.7838 4.9682
 51.0415 5.32705
 51.2935 5.65675
 51.6242 5.8222
 52.033 6.0969
 52.4098 6.4554
 52.736 6.56365
 52.8903 6.54105
 52.9114 6.62435
 52.9698 6.7523
 52.9566 6.8588
 52.89 6.9216
 52.8774 6.9287
249 88 3
 50.1078 4.84235
 49.5393 4.8601
 49.5179 4.8623
250 86 10
 40.0776 -7.14525
 40.9871 -7.26715
 41.3046 -7.5752
 41.5052 -7.75225
 41.5769 -7.83195
 41.7332 -7.8736
 41.8852 -7.8734
 42.1273 -8.04615
 42.3988 -8.26405
 42.4434 -8.3144
250 37 4
 40.0776 -7.14525
 39.0542 -7.5697
 38.8075 -8.1043
 38.8439 -8.2562
251 63 9
 46.4785 -18.4107
 47.6019 -18.6462
 48.2373 -18.733
 48.2658 -19.0828
 48.4962 -19.7258
 48.7573 -20.0882
 48.83 -20.15
 48.8988 -20.2005
 48.946 -20.2462
251 100 3
 46.4785 -18.4107
 45.9433 -18.257
 45.9042 -18.2643
252 125 7
 46.2551 -29.1517
 47.0184 -28.619
 47.9307 -28.1665
 48.9987 -28.0305
 49.6161 -27.675
 49.9701 -27.1773
 49.9831 -27.1729
252 54 11
 46.2551 -29.1517
 45.2561 -29.4246
 44.5404 -28.8815
 43.8227 -28.8664
 43.2071 -29.9382
 42.942 -30.6396
 42.9193 -31.6351
 42.9729 -32.6177
 43.0246 -32.7685
 42.9283 -32.8643
 42.8484 -32.8731
253 10 6
 47.1741 -20.3348
 46.5937 -20.0317
 46.4874 -19.9328
 46.3932 -20.0203
 46.327 -20.0795
 46.2955 -20.08
253 63 9
 47.1741 -20.3348
 47.7854 -20.5777
 47.9098 -20.6395
 48.0409 -20.6034
 48.3937 -20.5938
 48.7432 -20.4735
 48.883 -20.2969
 48.9439 -20.2538
 48.946 -20.2462
254 46 20
 33.6189 -27.9803
 32.4552 -28.7901
 32.0736 -28.8676
 32.1542 -28.6861
 32.0636 -28.3176
 31.8207 -28.0976
 31.6903 -28.0484
 31.5477 -27.9995
 31.3468 -27.9916
 31.159 -27.8782
 30.9901 -27.6458
 30.8273 -27.6993
 30.7199 -27.8763
 30.6456 -27.9849
 30.5826 -28.1314
 30.486 -28.1435
 30.3088 -28.0783
 30.216 -28.0009
 30.1713 -27.9242
 30.1332 -27.8935
254 2 9
 33.6189 -27.9803
 34.4662 -27.2118
 34.5185 -27.274
 34.8885 -27.586
 35.1985 -28.2032
 35.3545 -28.7552
 35.5087 -29.0926
 35.4717 -29.2768
 35.4843 -29.2933
255 23 8
 36.7746 -17.0185
 36.3259 -18.0889
 36.5888 -18.8807
 36.767 -19.7992
 36.7318 -20.128
 36.8031 -20.2545
 36.9337 -20.3299
 36.992 -20.3261
255 35 4
 36.7746 -17.0185
 36.8175 -15.8911
 36.3036 -15.6223
 36.2461 -15.5654
256 86 22
 42.2832 -14.8027
 42.5797 -14.5096
 42.5624 -13.5926
 41.9801 -12.9249
 42.5694 -12.8528
 42.9561 -12.255
 43.012 -11.7291
 42.99 -11.6872
 42.9506 -11.5631
 42.979 -11.4062
 43.0313 -11.1484
 43.0781 -10.8667
 43.084 -10.678
 43.0025 -10.5322
 42.8149 -10.2766
 42.514 -9.646
 42.4471 -9.0246
 42.4464 -8.7391
 42.3688 -8.55935
 42.4349 -8.4107
 42.4587 -8.33595
 42.4434 -8.3144
256 100 11
 42.2832 -14.8027
 42.6722 -15.7386
 42.9922 -16.7638
 42.9415 -16.9578
 43.2132 -17.0491
 43.9227 -17.4036
 44.3456 -17.775
 44.4578 -18.4395
 45.2226 -18.6754
 45.8833 -18.2738
 45.9042 -18.2643
257 43 8
 27.7397 -10.5517
 27.0805 -10.5196
 27.0724 -10.5271
 27.019 -10.7379
 27.0103 -11.3137
 27.0391 -12.0729
 26.9497 -12.4022
 26.9338 -12.4531
257 121 7
 27.7397 -10.5517
 28.7309 -10.6251
 28.9664 -10.7108
 29.4555 -11.1797
 30.0743 -11.5287
 30.1761 -11.5448
 30.195 -11.5128
258 43 12
 26.6399 -14.7159
 26.0253 -14.5536
 25.8808 -14.4573
 25.8132 -14.2269
 25.7327 -13.7941
 26.0075 -13.2949
 26.5173 -12.9469
 26.701 -12.9613
 26.6964 -12.8484
 26.7891 -12.6543
 26.9049 -12.4672
 26.9338 -12.4531
258 60 21
 26.6399 -14.7159
 27.6683 -15.0909
 28.3736 -15.479
 28.5939 -15.5554
 28.7512 -15.5921
 28.7674 -15.7235
 28.4683 -16.2618
 28.4638 -16.8554
 28.5965 -17.1161
 28.4671 -17.2867
 28.2816 -17.4104
 28.1338 -17.5632
 28.2151 -18.2913
 28.367 -19.0448
 28.1864 -19.4169
 28.0255 -19.6744
 28.2924 -20.4011
 28.4367 -21.1442
 28.2827 -21.3718
 28.2378 -21.5718
 28.2194 -21.5891
259 35 20
 29.8334 -14.9312
 31.0809 -14.4775
 31.3539 -14.4183
 31.8579 -14.0144
 32.5133 -13.6171
 32.5018 -13.3953
 32.8115 -13.5368
 33.429 -13.7201
 34.183 -13.8547
 34.645 -14.0522
 34.6898 -14.1328
 34.8217 -14.1721
 35.0728 -14.5164
 35.3557 -14.917
 35.5234 -15.0087
 35.6686 -15.1041
 35.9167 -15.3819
 36.1192 -15.542
 36.219 -15.5471
 36.2461 -15.5654
259 60 20
 29.8334 -14.9312
 28.9945 -15.5654
 28.947 -15.5979
 28.7512 -15.5921
 28.7674 -15.7235
 28.4683 -16.2618
 28.4638 -16.8554
 28.5965 -17.1161
 28.4671 -17.2867
 28.2816 -17.4104
 28.1338 -17.5632
 28.2151 -18.2913
 28.367 -19.0448
 28.1864 -19.4169
 28.0255 -19.6744
 28.2924 -20.4011
 28.4367 -21.1442
 28.2827 -21.3718
 28.2378 -21.5718
 28.2194 -21.5891
260 43 13
 23.709 -14.3063
 24.9601 -14.6352
 25.4861 -14.5977
 25.8808 -14.4573
 25.8132 -14.2269
 25.7327 -13.7941
 26.0075 -13.2949
 26.5173 -12.9469
 26.701 -12.9613
 26.6964 -12.8484
 26.7891 -12.6543
 26.9049 -12.4672
 26.9338 -12.4531
260 99 5
 23.709 -14.3063
 22.4632 -14.2005
 22.0066 -14.0146
 21.793 -13.6611
 21.8608 -13.5879
261 40 8
 16.7846 -16.2534
 16.277 -17.4701
 16.0099 -17.6173
 16.2565 -17.5877
 16.5479 -17.7696
 16.862 -17.9019
 16.9669 -17.9335
 17.0355 -17.9599
261 75 5
 16.7846 -16.2534
 17.2529 -15.0231
 17.3284 -14.8905
 17.4265 -14.8029
 17.4436 -14.7716
262 0 17
 15.1065 -21.6871
 14.1369 -22.5135
 13.6159 -22.7806
 13.1054 -22.8521
 12.7464 -23.0848
 12.7467 -23.2128
 12.6156 -23.093
 12.3332 -23.0073
 12.1311 -23.0942
 11.889 -22.9397
 11.688 -22.6348
 11.6281 -22.537
 11.5838 -22.5068
 11.5175 -22.5106
 11.3435 -22.4529
 11.1875 -22.3871
 11.1477 -22.3807
262 40 15
 15.1065 -21.6871
 15.7067 -21.1246
 15.8346 -20.7821
 15.9566 -20.4907
 15.9384 -20.2896
 15.766 -19.372
 15.6685 -18.1926
 15.709 -17.7311
 15.7393 -17.7085
 16.0099 -17.6173
 16.2565 -17.5877
 16.5479 -17.7696
 16.862 -17.9019
 16.9669 -17.9335
 17.0355 -17.9599
263 46 12
 27.4679 -26.8298
 28.4625 -27.5236
 28.6795 -27.5703
 28.8263 -27.582
 29.0724 -27.5474
 29.4216 -27.5785
 29.6792 -27.6965
 29.7673 -27.7332
 29.8503 -27.6889
 29.999 -27.7133
 30.1209 -27.8256
 30.1332 -27.8935
263 95 3
 27.4679 -26.8298
 26.6637 -26.1363
 26.6729 -26.1104
264 95 7
 23.7829 -24.8099
 23.7396 -25.7533
 24.1671 -25.4509
 25.0819 -25.4048
 25.9277 -25.7568
 26.5925 -26.0974
 26.6729 -26.1104
264 103 4
 23.7829 -24.8099
 23.4255 -23.9816
 22.7838 -23.8713
 22.7686 -23.8778
265 46 21
 27.534 -23.4949
 27.9361 -24.3087
 29.163 -25.2347
 30.2534 -25.6608
 31.0962 -25.7312
 31.1462 -26.0776
 31.0865 -26.4494
 31.0996 -26.4918
 31.0975 -26.859
 31.031 -27.3316
 31.0201 -27.6122
 30.9901 -27.6458
 30.8273 -27.6993
 30.7199 -27.8763
 30.6456 -27.9849
 30.5826 -28.1314
 30.486 -28.1435
 30.3088 -28.0783
 30.216 -28.0009
 30.1713 -27.9242
 30.1332 -27.8935
265 60 7
 27.534 -23.4949
 28.3001 -23.3003
 28.3366 -22.8102
 28.0945 -22.0323
 28.1262 -21.6959
 28.1776 -21.5984
 28.2194 -21.5891
266 2 23
 33.48 -33.9263
 34.3318 -33.1518
 34.7664 -32.7472
 35.0361 -32.7309
 35.1275 -32.7305
 35.229 -32.7205
 35.2957 -32.6773
 35.3587 -32.524
 35.4075 -32.3417
 35.4834 -32.1315
 35.5647 -31.7213
 35.621 -31.4545
 35.8078 -31.4657
 35.4924 -31.2589
 35.3144 -31.0136
 35.2584 -30.816
 35.1536 -30.5516
 35.2216 -30.0527
 35.3194 -29.6405
 35.3384 -29.5697
 35.4347 -29.4371
 35.4849 -29.3129
 35.4843 -29.2933
266 68 16
 33.48 -33.9263
 32.8026 -34.2969
 32.7107 -34.3419
 32.7309 -34.5323
 32.8888 -34.6281
 33.0925 -34.9231
 33.1091 -35.7673
 32.8116 -36.5366
 32.6068 -36.9025
 32.5536 -37.1794
 32.5494 -37.3515
 32.5482 -37.3521
 32.4957 -37.3801
 32.3915 -37.4153
 32.3036 -37.4123
 32.2929 -37.3993
267 30 19
 24.5546 -50.5903
 26.3211 -52.3957
 26.9273 -52.9014
 27.5564 -53.6653
 28.555 -54.987
 29.1147 -55.5718
 29.4844 -56.1687
 30.0984 -56.542
 30.5243 -56.3208
 30.6805 -56.1928
 30.8718 -56.1075
 31.305 -56.1683
 31.6721 -56.3643
 32.4265 -56.7052
 33.5987 -57.2836
 34.084 -57.6769
 34.1935 -57.8437
 34.3152 -58.0136
 34.3794 -58.0303
267 96 7
 24.5546 -50.5903
 22.1274 -48.0658
 20.4897 -47.1858
 20.2441 -46.9313
 20.332 -46.2175
 19.6938 -45.6609
 19.1478 -45.2081
268 7 16
 25.1019 -68.7372
 21.8382 -67.3597
 21.1216 -66.362
 20.6968 -66.4342
 19.4277 -65.7605
 18.0947 -63.8576
 17.7329 -62.6031
 16.8787 -61.9014
 17.5309 -60.8979
 19.0303 -60.4823
 19.1667 -60.4054
 19.2847 -60.2463
 19.3489 -59.8895
 19.5425 -59.6105
 19.7198 -59.57
 19.7177 -59.5627
268 76 14
 25.1019 -68.7372
 27.9176 -69.0755
 28.5669 -67.8935
 29.5682 -66.2892
 29.4903 -65.248
 28.9345 -64.436
 28.8853 -64.1647
 29.2288 -63.5159
 29.8969 -62.9159
 30.5242 -62.6147
 30.8994 -62.2698
 30.9895 -62.1795
 30.9889 -62.1213
 30.9812 -62.1092
269 134 18
 38.3571 -52.1798
 38.0005 -52.806
 38.0089 -53.0346
 38.1933 -53.3419
 38.1487 -53.6068
 37.7286 -53.9338
 37.6994 -54.6336
 38.0354 -55.1007
 38.1634 -55.2132
 38.2086 -55.6262
 38.5147 -56.0342
 38.7592 -56.2094
 38.7898 -56.2593
 38.885 -56.2398
 38.8983 -56.4178
 38.9132 -56.6253
 38.8529 -56.6995
 38.8534 -56.7013
269 50 4
 38.3571 -52.1798
 39.0518 -51.3785
 39.5309 -51.1861
 39.6487 -51.22
270 50 29
 38.6535 -44.8919
 38.5235 -45.7386
 38.52 -46.09
 38.6235 -46.3909
 38.5739 -46.5912
 38.7407 -47.2225
 39.0302 -48.0908
 39.1141 -48.4104
 39.0074 -48.5802
 39.0667 -48.8928
 39.2682 -49.104
 39.4476 -49.2259
 39.5423 -49.3778
 39.613 -49.4969
 39.7306 -49.5764
 39.6688 -49.6161
 39.6388 -49.6559
 39.6325 -49.729
 39.5828 -49.881
 39.5695 -49.996
 39.6918 -50.0287
 39.7916 -50.0067
 39.8857 -50.1098
 39.9571 -50.3028
 40.0034 -50.4851
 39.9676 -50.8118
 39.792 -51.0892
 39.6768 -51.1899
 39.6487 -51.22
270 106 4
 38.6535 -44.8919
 38.2084 -43.9974
 37.7824 -43.696
 37.7709 -43.678
271 44 14
 41.9942 -34.6654
 41.5107 -35.3274
 41.4351 -35.3514
 41.1835 -35.4704
 41.0014 -35.6018
 40.8407 -35.8532
 41.1151 -36.4951
 41.6023 -37.1404
 41.7373 -37.4919
 41.8061 -37.6189
 41.8204 -37.8087
 41.7323 -38.3526
 41.5806 -38.7828
 41.5478 -38.847
271 54 9
 41.9942 -34.6654
 42.4668 -34.0074
 42.7138 -33.7553
 42.9361 -33.3657
 42.9758 -33.1153
 43.0209 -32.9811
 42.9305 -32.9412
 42.855 -32.9048
 42.8484 -32.8731
272 73 9
 55.2493 -43.6547
 55.3336 -42.407
 55.2086 -41.6073
 54.4438 -41.4064
 54.0487 -41.1929
 54.0181 -41.0438
 54.089 -40.7014
 54.1929 -40.3327
 54.2352 -40.2244
272 28 17
 55.2493 -43.6547
 55.5233 -44.5631
 55.4731 -45.0257
 55.3396 -45.0453
 54.9454 -45.1304
 54.2507 -45.0749
 54.2017 -45.6732
 53.8791 -46.4583
 53.1777 -47.1712
 52.4424 -47.7253
 52.1073 -48.0578
 52.1257 -47.6455
 51.3307 -46.889
 50.8081 -46.3986
 50.7563 -46.0945
 50.6893 -45.7754
 50.6276 -45.7414
273 33 9
 48.3661 -49.2672
 47.2563 -49.6425
 46.9025 -49.9091
 46.5948 -49.8121
 46.2274 -49.5945
 46.1335 -49.4243
 46.1196 -49.352
 46.1495 -49.2745
 46.1806 -49.221
273 28 12
 48.3661 -49.2672
 49.5658 -49.0224
 50.6289 -48.7929
 51.3644 -48.5707
 51.6144 -48.3128
 52.1073 -48.0578
 52.1257 -47.6455
 51.3307 -46.889
 50.8081 -46.3986
 50.7563 -46.0945
 50.6893 -45.7754
 50.6276 -45.7414
274 50 26
 43.6353 -50.063
 44.164 -49.6464
 42.9266 -49.1744
 41.7562 -48.5384
 41.7366 -48.8478
 41.6053 -49.2131
 41.2357 -49.5806
 40.9253 -49.624
 40.4984 -49.4748
 39.9799 -49.4548
 39.8123 -49.5262
 39.7306 -49.5764
 39.6688 -49.6161
 39.6388 -49.6559
 39.6325 -49.729
 39.5828 -49.881
 39.5695 -49.996
 39.6918 -50.0287
 39.7916 -50.0067
 39.8857 -50.1098
 39.9571 -50.3028
 40.0034 -50.4851
 39.9676 -50.8118
 39.792 -51.0892
 39.6768 -51.1899
 39.6487 -51.22
274 39 9
 43.6353 -50.063
 43.1246 -50.5205
 43.221 -51.0442
 43.3652 -51.8614
 43.3379 -52.6096
 43.2192 -53.1865
 43.0407 -53.3608
 42.9649 -53.3807
 42.9572 -53.3842
281 72 4
 57.3849 16.34
 57.3744 13.7359
 57.3382 11.1588
 57.3126 11.1858
282 76 14
 27.8515 -69.1043
 27.9176 -69.0755
 28.5669 -67.8935
 29.5682 -66.2892
 29.4903 -65.248
 28.9345 -64.436
 28.8853 -64.1647
 29.2288 -63.5159
 29.8969 -62.9159
 30.5242 -62.6147
 30.8994 -62.2698
 30.9895 -62.1795
 30.9889 -62.1213
 30.9812 -62.1092
283 36 13
 8.6781 45.133
 10.5508 43.7057
 11.8397 42.3204
 11.1384 42.1495
 10.9294 41.5852
 11.0443 40.9091
 11.3892 40.2794
 11.5288 39.8709
 11.5401 39.6703
 11.5769 39.5527
 11.636 39.4656
 11.7003 39.3895
 11.7321 39.3798
284 28 21
 56.2225 -58.7507
 56.254 -58.1638
 55.8391 -55.3903
 55.9063 -52.242
 56.0733 -49.618
 55.6739 -46.555
 55.485 -45.1183
 55.3396 -45.0453
 54.9454 -45.1304
 54.2507 -45.0749
 54.2017 -45.6732
 53.8791 -46.4583
 53.1777 -47.1712
 52.4424 -47.7253
 52.1073 -48.0578
 52.1257 -47.6455
 51.3307 -46.889
 50.8081 -46.3986
 50.7563 -46.0945
 50.6893 -45.7754
 50.6276 -45.7414
285 32 54
 -42.562 -65.2591
 -40.4157 -65.3189
 -42.6451 50.3565
 -42.7375 32.3703
 -42.5187 13.5739
 -42.4218 13.4257
 -42.4063 13.0598
 -42.2811 12.6434
 -42.1085 12.5252
 -41.8389 12.5021
 -41.764 12.1968
 -41.6867 11.8062
 -41.5703 11.5545
 -41.4462 11.424
 -41.2644 11.3971
 -41.0986 11.4285
 -40.9216 11.3901
 -40.7296 11.2488
 -40.4811 11.1175
 -40.2965 11.0634
 -40.1971 11.1257
 -40.0695 11.2158
 -39.9153 11.2629
 -39.7958 11.4132
 -39.7383 11.493
 -39.6797 11.4756
 -39.6091 11.5648
 -39.5521 11.7402
 -39.467 12.0053
 -39.3494 12.1918
 -39.1807 12.1173
 -38.9527 12.0632
 -38.8256 12.1283
 -38.7068 12.1369
 -38.5279 12.1481
 -38.319 12.1854
 -37.957 12.2386
 -37.667 12.4563
 -37.5308 12.6682
 -37.3273 12.7941
 -37.2117 12.9104
 -37.1689 12.9519
 -37.2383 12.9249
 -37.3176 12.951
 -37.4682 13.0552
 -37.5842 13.1733
 -37.6434 13.3459
 -37.6537 13.4966
 -37.6076 13.5665
 -37.5212 13.7104
 -37.4493 13.9855
 -37.4726 14.1618
 -37.5287 14.1364
 -37.5655 14.1119
