   2.5110014579094435     
   4.6839005196760537     
   3.0327892292854837     
   4.0937525605686611     
   1.8329498532453259     
  0.81899053195735849     
   1.1107751294714199     
   1.7910366889454632     
   12.077814515113246     
   4.8938004186404074     
   3.3112886544281439     
   1.2325814493884757     
   3.0156107828868755     
   2.2172173302840781     
   3.4909454243359939     
   4.4750876160950126     
   2.3148618249183581     
   1.1427274993954550     
   2.0551818074531067     
   2.0770038198602192     
   1.3593719794879873     
  0.74432269632573911     
   5.0263957999095652     
   2.3123426784912016     
   4.8742095008541426     
   1.0568288788332247     
   1.2718874448846240     
   1.1798910846991533     
   2.8777205480050734     
   3.1468886314987694     
   4.2043327462326152     
   3.3165435106400234     
   4.9518971491850783     
   1.0027731252831227     
   4.6058857996952298     
   3.4847338958499523     
   4.3778240384015783     
  0.84939934493678582     
   1.5638408050523398     
  0.84294194114111332     
   3.7307844079961576     
  0.98621447517326599     
   1.1773476844633874     
   1.1500287506647315     
   4.6639249723546436     
  0.99517918794402771     
   3.6585565688818300     
   1.0880949496051255     
   1.5123306143173290     
   2.1977202297145513     
   6.6736251111722833     
  0.90405541867337480     
   1.3982433771377982     
  0.85328203903701871     
   9.4976836123879522     
   3.3056338510158687     
   3.0453571542537654     
   1.5867749741135928     
   2.7091796696409740     
   4.5534558175224280     
   1.4233007588037159     
   1.2713597907748855     
   4.3385796994300154     
   1.6323785562895876     
   1.6337826447072890     
   8.2672258862802437     
   3.1176106048633789     
   1.8815289760556027     
   4.6850382707674898     
   1.6475714760827844     
   6.2825922889858719     
   6.1861765891255125     
   7.4416543046851036     
  0.82884076900925785     
   1.3720331818945100     
  0.58946293002847394     
   4.6666659783079023     
   1.3207151574809890     
  0.73016490416720381     
  0.71527552445503706     
  0.99499977081288371     
   1.1330328984255214     
   10.294620238681519     
   4.8891723095522339     
   3.5037041518451995     
   4.5090217128533858     
   1.9979832098367254     
   1.8019651416509281     
  0.85023639415457131     
  0.68569550734704154     
   2.6121282476690828     
   3.1358574525122922     
   1.8896968017121181     
   1.2583264952716537     
   4.6006910934908438     
   8.7161408539747960     
   2.3154760456643562     
   2.9061837748899433     
   3.1419690829488012     
   5.7928537204327695     
   5.3728990488387600     
   3.8056090203982857     
   2.8852035779062541     
  0.83404159552247681     
   3.2850090637487410     
  0.88158690894189728     
   6.4080995619664822     
   1.1061396491484432     
   6.2984881529508270     
  0.86875408170291546     
   1.1105475096653183     
   1.5391662112462465     
   5.2587429913329995     
   4.8056163495986208     
   3.4812419300174451     
  0.59133916059260527     
   8.3931459925637704     
   7.7683214049397336     
   3.5660634580408002     
   1.0377695766066590     
   7.4102190906160663     
   1.7042516452565157     
   3.1165838558289471     
   5.6492901898938168     
   2.3783468178178002     
   2.3311539351111450     
   3.0550284863618309     
   1.4315274881454365     
  0.79781275958971243     
  0.53967543721181976     
   3.0531942629726987     
   3.3087233063965025     
   2.0960710991548623     
  0.59419055088716388     
   2.3387305561928442     
   1.4576482505823207     
  0.97081214285720319     
  0.80256273504261144     
   1.2152658883020762     
  0.69280738447368562     
  0.63263744263289834     
  0.19257912879325165     
   5.9493771807053708     
   1.1757605393233630     
   6.0665643037274846     
   2.1088840585919031     
   4.5865913403986713     
   3.8838245286843791     
   4.5444299049459769     
   1.5467987500045788     
   6.0806838277234725     
   1.0984029903602610     
   10.324893159709262     
   3.2816536924099684     
   10.392807130327196     
   3.2858270359757551     
   1.3520751824812325     
   1.1187774392352741     
   5.1444600341297768     
   1.6569590245959642     
   4.4081867957092342     
   3.7676145890562527     
   2.0658657149004647     
   2.9134368026365562     
   4.4064219576898109     
   1.3476612098124243     
   3.4340987256375670     
  0.36498875976841322     
   3.0073023991999763     
   2.3981516280195749     
   1.9913291542290901     
   1.4116443257271882     
   5.1655335636806710     
   6.5684553321043406     
   4.4623131131480918     
   1.9156446985930324     
   1.9267015155096585     
   2.2770585705175721     
   3.1266042348191041     
  0.87987372509651696     
   4.0776882422230285     
  0.17739736822504937     
  0.92845889690024097     
   2.8577877390561697     
   4.7025953617150975     
   1.2450827478749098     
   1.3035342568324346     
   4.7913861425868074     
   5.3993704998892040     
   1.0171852266736456     
  0.56197614834869902     
  0.62004681792531569     
   6.8255280132847025     
   1.1321954684121689     
   2.7788719461851787     
   2.8687761859155367     
   3.0147192659675870     
   1.1348129743814184     
   5.4754154478105965     
   12.313290980207626     
   2.2257592315057479     
   6.0577327408978343     
   3.3135468909238943     
   7.1252405494248858     
   9.1434577978506404     
   1.2769117903746765     
   3.6806011106675793     
   1.0106509705350613     
   3.7074527645243620     
  0.85676065684998903     
   2.0771847422487806     
  0.74002545934141239     
   2.8297505530012459     
   1.2578507303049056     
   3.4804881245770520     
   4.3296094172076049     
   2.4676564213735124     
   1.4669610664013519     
   3.5460993502023079     
  0.87763898252822792     
   2.5647431917876706     
   2.6955045697207884     
   1.8738814747854018     
   1.7471016117706371     
   3.5045952944121743     
   1.0648413733550020     
   4.7107273574999606     
   3.2020432108239176     
   2.1609772705607657     
  0.59028981921985824     
   1.7788838888204541     
   1.4203292426329570     
   2.0964831688745313     
  0.59660838731041554     
   2.6319075241047667     
   3.7035689926232469     
  0.84635420510125314     
   1.2458876332758886     
   2.9331851373485494     
   2.4101488082257014     
   2.3583253351492592     
   1.2900041801641193     
   3.8739528762539757     
   3.4772158308081629     
   1.7438368700549154     
   1.8117027527800262     
   1.9092952123236655     
   4.5400396704644397     
   4.4673185786532370     
   4.6245561697401190     
   3.1351984484471656     
   1.7630816722511067     
   2.0545434522218549     
   1.4835988986838380     
   2.8905078667917463     
   3.3475514937682447     
   2.0946627230328851     
   1.0894081832907314     
   2.6887703680684569     
  0.93518028521085628     
   3.6881108785140464     
   1.7581731266661049     
   3.4982712864681815     
   2.5738988158491107     
   7.4107457157249739     
   5.4118822004671170     
   9.5109820428380303     
   7.2973146708798744     
   3.2119623388056073     
   1.3056755019582236     
   3.9252046481781973     
   1.0418417630600889     
   3.0446402644679837     
   1.5164637635774052     
   2.6928262608044098     
   5.0760427235631331     
   1.8335019551463811     
   4.0944975128947023     
   4.3962208462093137     
   2.1912902690687912     
   2.6785351456375825     
   4.5334661628748893     
   4.4500198912651783     
   10.980676304011377     
   25.069416326290337     
