285
137 130 37
 -7.7282 0.35985
 -7.308 -0.6044
 -7.17435 -0.88305
 -6.6721 -1.1151
 -6.3812 -1.70375
 -6.5475 -2.19745
 -6.54535 -2.4223
 -6.32335 -2.70805
 -6.13105 -2.8147
 -5.9809 -3.00135
 -5.88145 -3.21565
 -5.8441 -3.22255
 -5.5323 -2.8481
 -5.3292 -2.47325
 -5.22735 -2.43365
 -4.75785 -2.49895
 -3.91645 -2.76965
 -3.40615 -2.91255
 -3.4199 -3.0248
 -3.38035 -3.317
 -3.3414 -3.7353
 -3.30275 -4.14615
 -2.8754 -3.77435
 -1.97545 -3.5339
 -1.47695 -3.41025
 -1.4031 -3.44355
 -0.9677 -3.69855
 -0.3334 -3.9952
 -0.09475 -4.1007
 0.06595 -4.17175
 0.24405 -4.24845
 0.30565 -4.2665
 0.5735 -4.4465
 0.8583 -4.70295
 0.98055 -4.9528
 1.02245 -5.22215
 0.9733 -5.3245
137 90 3
 -7.7282 0.35985
 -7.6034 1.1272
 -7.1184 1.1037
138 39 31
 -19.5354 0.4321
 -20.1172 0.9176
 -20.4496 1.14255
 -20.5511 1.08305
 -20.737 0.9868
 -21.0294 0.93915
 -21.2793 0.995
 -21.2589 1.0197
 -21.6096 1.114
 -21.9163 1.1705
 -21.9829 1.2696
 -22.1212 1.2926
 -22.3189 1.09175
 -22.5115 0.87205
 -22.6278 0.7568
 -22.678 0.72545
 -22.753 0.7299
 -22.818 0.748
 -22.8767 0.77335
 -22.9241 0.73795
 -22.9612 0.67955
 -23.0177 0.65825
 -23.0766 0.67515
 -23.1189 0.68385
 -23.1337 0.6929
 -23.1663 0.7325
 -23.2051 0.7859
 -23.1996 0.8219
 -23.135 0.83985
 -23.0835 0.85655
 -23.0787 0.8628
138 35 13
 -19.5354 0.4321
 -19.2206 0.19065
 -19.0646 0.1028
 -18.8418 -0.05195
 -18.7465 -0.19695
 -18.7299 -0.2998
 -18.6054 -0.42425
 -18.5327 -0.7541
 -18.4139 -1.2078
 -18.2109 -1.57185
 -18.1916 -1.79905
 -18.2178 -1.8818
 -18.2268 -1.8888
139 80 12
 -21.1801 41.7953
 -22.0136 41.664
 -22.4828 41.6431
 -23.5106 41.1581
 -24.0862 40.6327
 -24.34 40.0171
 -24.2716 39.1532
 -24.0529 38.8004
 -24.3387 38.6115
 -24.6933 38.2346
 -24.8757 37.999
 -24.9007 38.0131
139 71 4
 -21.1801 41.7953
 -20.2472 41.8485
 -20.1286 41.812
 -20.1112 41.8349
140 42 9
 -38.9045 35.6936
 -37.9028 34.0166
 -37.6012 33.3978
 -37.0499 33.4055
 -36.4736 33.4615
 -36.1227 33.7809
 -35.9961 34.813
 -36.265 35.5758
 -36.3193 35.617
140 4 11
 -38.9045 35.6936
 -40.287 36.7589
 -41.0431 36.7511
 -41.7616 36.9707
 -43.1124 36.7882
 -43.8614 37.3377
 -44.0429 38.3159
 -44.3546 39.1709
 -44.9635 40.2908
 -45.4097 40.6739
 -45.4352 40.7407
141 131 8
 8.75875 74.3715
 8.4795 74.7362
 8.52735 75.1542
 8.39825 75.378
 8.2152 75.4035
 8.1081 75.3808
 8.04445 75.3252
 8.0386 75.3193
141 79 6
 8.75875 74.3715
 9.28815 73.8777
 9.5174 73.4942
 9.5712 73.363
 9.6207 73.2793
 9.6387 73.2651
142 33 11
 27.9618 75.3783
 28.5063 74.5002
 29.0129 73.9274
 29.1828 73.6109
 29.3584 73.4019
 29.4157 73.4474
 29.4231 73.5002
 29.4323 73.5899
 29.5346 73.7785
 29.6345 73.9144
 29.6419 73.9318
142 112 12
 27.9618 75.3783
 27.8181 76.7849
 27.7094 77.8339
 27.8137 78.4164
 27.9422 78.9641
 27.8215 79.7364
 27.7518 80.8996
 27.7065 81.6509
 27.4929 81.0716
 26.4698 80.6879
 25.7163 80.4183
 25.698 80.3053
143 48 8
 18.2849 2.12345
 17.7174 2.30335
 17.5242 2.54265
 17.3785 2.71855
 17.3133 2.8364
 17.2715 2.987
 17.2563 3.11285
 17.2523 3.179
143 54 10
 18.2849 2.12345
 18.9034 1.9377
 19.1017 1.8778
 19.1944 1.81265
 19.2715 2.0131
 19.4421 2.22695
 19.5693 2.3342
 19.6656 2.31805
 19.7023 2.2945
 19.7045 2.2795
144 129 15
 37.558 -1.32415
 37.4376 -0.1777
 37.2438 0.71495
 37.6944 1.0032
 38.1541 0.9927
 38.9931 1.47585
 39.5351 1.97415
 39.5325 1.70535
 39.6786 1.32455
 39.884 1.0076
 40.0022 0.73445
 40.0931 0.6109
 40.2719 0.53345
 40.4593 0.52845
 40.4651 0.5681
144 55 7
 37.558 -1.32415
 37.1038 -2.1677
 37.0125 -2.8714
 36.8425 -3.4573
 36.6726 -3.72965
 36.6413 -3.8206
 36.6408 -3.8501
145 25 15
 32.3082 -9.04845
 31.3475 -8.53815
 30.913 -7.96715
 30.5431 -7.53415
 30.1204 -7.35145
 29.7238 -6.6537
 29.6614 -5.74515
 30.0879 -5.3159
 29.9905 -4.9637
 29.5991 -4.2293
 29.384 -3.6223
 29.038 -3.01745
 29.4753 -2.13005
 30.2706 -1.50205
 30.4159 -1.3123
145 94 4
 32.3082 -9.04845
 32.9983 -9.405
 33.1119 -9.39855
 33.1287 -9.3745
146 74 34
 -21.9223 51.2861
 -22.0163 52.8223
 -20.7798 53.4107
 -19.6942 53.6069
 -19.08 54.6957
 -18.5576 56.0831
 -17.8641 56.7747
 -17.2118 57.0616
 -16.3464 57.4248
 -16.154 57.6445
 -17.3715 57.8811
 -18.8665 58.1814
 -19.398 58.6056
 -19.7792 58.9417
 -20.1683 58.976
 -20.9497 58.927
 -22.3871 59.2142
 -23.2542 59.5172
 -23.6241 59.9902
 -23.6668 60.899
 -23.2361 61.631
 -23.0396 61.9224
 -23.6922 62.0404
 -24.4037 62.0412
 -24.4011 62.3451
 -24.696 62.893
 -24.8862 63.4668
 -24.9293 63.7177
 -24.9122 63.8017
 -24.8538 63.9642
 -24.7971 64.3056
 -24.9748 64.6033
 -25.1693 64.6973
 -25.1671 64.7045
146 1 5
 -21.9223 51.2861
 -20.5103 50.7273
 -20.0557 51.0621
 -19.9645 50.9869
 -19.911 50.8022
147 134 16
 -20.0437 49.8761
 -20.1813 49.435
 -20.3361 48.836
 -20.6872 48.1171
 -20.8897 47.3602
 -20.8131 46.8456
 -20.6137 46.7109
 -20.4644 46.6036
 -20.3995 46.3383
 -20.3731 46.1399
 -19.9734 45.9946
 -19.5494 45.8498
 -19.4309 45.7148
 -19.3109 45.6609
 -19.298 45.6943
 -19.2964 45.703
147 1 4
 -20.0437 49.8761
 -19.938 50.434
 -19.9359 50.8133
 -19.911 50.8022
148 14 4
 -34.3961 12.3167
 -34.7678 12.2784
 -34.8209 12.3207
 -34.8469 12.3244
148 110 4
 -34.3961 12.3167
 -33.9086 12.1133
 -33.7636 11.8279
 -33.7617 11.8229
149 85 13
 -47.9072 78.8874
 -47.8116 77.8264
 -47.6159 76.9267
 -47.3391 76.0086
 -47.2497 75.441
 -47.3444 75.3948
 -47.8463 75.4281
 -48.4249 75.4801
 -48.6452 75.3894
 -48.8093 75.2356
 -48.9647 75.1794
 -49.0515 75.1028
 -49.06 75.0739
149 34 4
 -47.9072 78.8874
 -48.1813 79.3183
 -48.4101 79.1478
 -48.4143 79.1404
150 133 14
 -24.8348 66.5574
 -25.4653 66.6609
 -25.6876 66.5709
 -25.9247 66.5006
 -26.2611 66.4528
 -26.5745 66.265
 -26.687 66.2081
 -26.6977 66.2256
 -26.7022 66.4294
 -26.75 66.7556
 -26.7668 66.8938
 -26.7226 66.9783
 -26.6935 67.0822
 -26.6903 67.1105
150 58 3
 -24.8348 66.5574
 -24.2639 66.5232
 -24.2212 66.54
151 74 8
 -23.7769 64.9583
 -24.3153 64.8264
 -24.775 64.9221
 -24.9161 65.0195
 -25.0368 64.9352
 -25.1439 64.7946
 -25.1664 64.7169
 -25.1671 64.7045
151 117 7
 -23.7769 64.9583
 -23.3008 65.0905
 -22.9041 65.2513
 -22.8022 65.5139
 -22.6556 65.6547
 -22.4077 65.7546
 -22.31 65.8263
152 118 19
 26.6025 49.142
 26.8757 50.6026
 27.0561 51.5187
 27.1618 51.6015
 27.1602 51.6426
 27.132 51.7533
 27.0333 51.9123
 26.9295 52.242
 27.0386 52.806
 27.2826 53.1451
 27.3675 53.2098
 27.2253 53.3527
 27.0666 53.4726
 26.677 53.5941
 26.2677 53.7304
 26.1898 53.7852
 26.1562 53.8843
 26.1599 53.9666
 26.1718 53.9795
152 49 28
 26.6025 49.142
 26.5042 48.4432
 26.2642 47.4647
 25.7831 46.3442
 25.6088 45.3226
 25.3214 44.4076
 25.056 44.2915
 25.5193 44.2479
 26.5303 43.9845
 27.1723 43.7214
 27.3983 43.6133
 27.601 44.3064
 28.2129 45.3272
 28.5243 46.0589
 28.5771 46.4142
 28.8113 46.7811
 29.4954 46.6894
 30.845 46.4594
 32.1526 46.0261
 32.8362 45.241
 33.1564 44.9244
 33.3325 44.1018
 34.1762 43.5806
 34.8361 44.165
 34.9745 45.108
 35.0769 46.0053
 35.0038 46.4416
 35.0246 46.4696
153 66 25
 35.1747 32.4972
 34.6187 33.6889
 34.6934 33.911
 35.0798 34.5471
 35.0941 35.1809
 34.7837 35.4709
 34.7449 35.6981
 34.7085 35.8235
 34.5787 36.2627
 34.4527 36.7795
 35.0179 36.7889
 35.7201 36.6408
 35.8498 36.6331
 35.669 37.1269
 35.2715 37.5848
 35.1206 37.9388
 35.3135 38.2653
 35.6316 38.3861
 36.1486 38.4924
 36.4678 38.4828
 36.542 38.5113
 36.6812 38.512
 36.8038 38.5105
 37.0666 38.5187
 37.2764 38.5054
153 63 5
 35.1747 32.4972
 35.1436 31.1758
 34.2132 30.9578
 33.9232 31.0842
 33.9656 31.2597
154 23 19
 27.3994 25.8843
 27.0141 25.9514
 26.8913 26.0573
 26.5856 26.3594
 25.725 26.792
 25.2976 27.3336
 24.5995 27.138
 23.4589 27.5068
 23.1176 27.2776
 23.0616 26.6645
 22.7295 26.4137
 22.4967 25.8083
 22.0539 24.8969
 21.8293 24.4121
 21.7675 24.2535
 21.7109 24.0714
 21.7087 23.8899
 21.728 23.7899
 21.7538 23.7845
154 92 4
 27.3994 25.8843
 27.9964 25.5923
 28.3158 25.409
 28.3342 25.4613
155 14 13
 -40.7909 8.6728
 -38.6131 9.39355
 -37.7243 10.2094
 -37.2553 10.3123
 -37.3356 10.5805
 -37.7089 11.0258
 -37.4024 11.5489
 -36.6349 12.1756
 -36.1487 12.5809
 -35.7867 12.6412
 -35.3326 12.4928
 -34.8774 12.3299
 -34.8469 12.3244
155 81 11
 -40.7909 8.6728
 -42.891 9.03255
 -43.6826 8.7545
 -44.1017 7.962
 -44.0025 7.6329
 -44.0292 7.27095
 -44.0927 6.9055
 -43.9731 6.6966
 -43.8331 6.53055
 -43.7545 6.4622
 -43.7143 6.4631
156 86 6
 -26.8204 7.70885
 -24.5406 8.0739
 -23.6088 8.0446
 -23.5747 8.274
 -23.5356 8.4923
 -23.4489 8.5342
156 97 3
 -26.8204 7.70885
 -28.2551 7.23975
 -28.2602 7.218
157 26 6
 -21.5841 8.2436
 -19.8742 8.2115
 -19.2815 8.25935
 -18.9673 7.3659
 -19.2312 6.4438
 -19.2343 6.4171
157 86 3
 -21.5841 8.2436
 -23.3626 8.4279
 -23.4489 8.5342
158 130 5
 -0.2136 -6.196
 0.8394 -5.62335
 0.96125 -5.4218
 0.9381 -5.3199
 0.9733 -5.3245
158 127 4
 -0.2136 -6.196
 -1.25415 -6.57465
 -1.42595 -6.4637
 -1.43 -6.4517
159 130 10
 3.4869 -2.7792
 2.6229 -3.5577
 2.28695 -3.88155
 1.7171 -3.8925
 1.0539 -4.09245
 0.85675 -4.47995
 0.8583 -4.70295
 0.98055 -4.9528
 1.02245 -5.22215
 0.9733 -5.3245
159 93 3
 3.4869 -2.7792
 4.08825 -2.23515
 4.0874 -2.2041
160 39 28
 -19.2865 5.11715
 -18.9542 4.0039
 -18.6535 3.7714
 -18.7399 3.62975
 -18.953 3.26265
 -19.8623 3.62835
 -21.0074 3.9732
 -21.9749 3.87905
 -22.6357 3.81115
 -23.09 3.16195
 -23.6923 2.8795
 -23.2466 2.4584
 -23.2155 1.9227
 -23.4527 1.59005
 -23.4711 1.36445
 -23.4295 1.1714
 -23.3731 1.1066
 -23.3661 1.0421
 -23.3807 0.9896
 -23.3769 0.9471
 -23.3587 0.8536
 -23.3197 0.7992
 -23.257 0.8072
 -23.2051 0.7859
 -23.1996 0.8219
 -23.135 0.83985
 -23.0835 0.85655
 -23.0787 0.8628
160 26 5
 -19.2865 5.11715
 -19.2715 6.0688
 -19.2453 6.24165
 -19.2498 6.38525
 -19.2343 6.4171
161 71 7
 -18.2871 40.0629
 -19.3361 41.2139
 -20.0989 41.592
 -20.1336 41.6588
 -20.1426 41.766
 -20.1286 41.812
 -20.1112 41.8349
161 120 4
 -18.2871 40.0629
 -17.8609 39.2436
 -17.688 39.1414
 -17.6263 39.1031
162 71 6
 -19.1101 44.079
 -19.3825 43.3659
 -19.4532 42.7304
 -19.8448 42.1309
 -20.0733 41.8902
 -20.1112 41.8349
162 134 6
 -19.1101 44.079
 -18.9188 44.8713
 -19.208 45.3703
 -19.2927 45.6273
 -19.298 45.6943
 -19.2964 45.703
163 67 19
 -21.217 11.448
 -20.1029 12.6652
 -19.2815 13.5242
 -18.5655 14.215
 -18.1294 14.9215
 -18.0393 15.589
 -18.5982 17.1148
 -19.3222 18.4725
 -20.1515 18.6131
 -19.0052 19.1465
 -18.7558 19.7372
 -18.443 19.9695
 -17.5646 20.7999
 -16.7645 21.5993
 -16.4447 22.5131
 -16.1789 23.8023
 -15.9424 24.3986
 -15.9547 24.5037
 -15.9973 24.5284
163 86 9
 -21.217 11.448
 -21.5639 10.2671
 -21.8092 10.0202
 -22.7216 10.2922
 -23.7949 10.2392
 -24.4464 10.094
 -24.1211 9.30305
 -23.5542 8.55155
 -23.4489 8.5342
164 122 8
 -33.1656 29.0626
 -32.0314 29.621
 -31.1098 29.7301
 -29.9026 29.8262
 -29.125 30.3003
 -28.8237 30.5984
 -28.7726 30.6213
 -28.7614 30.6142
164 15 28
 -33.1656 29.0626
 -34.7886 28.7755
 -35.6938 28.8706
 -36.2395 29.2468
 -36.7413 29.6978
 -37.9572 29.4088
 -39.5504 28.0583
 -40.1946 27.2811
 -41.2558 27.1741
 -42.4885 28.0705
 -43.1598 29.7239
 -43.5556 30.7896
 -44.1012 31.379
 -45.4809 30.3559
 -46.7141 29.3566
 -47.7356 29.1024
 -48.5776 28.9272
 -49.6351 29.0733
 -50.7033 29.1619
 -51.741 29.5775
 -53.4642 30.3539
 -54.6108 30.688
 -54.9998 30.9873
 -55.1633 31.5863
 -54.7689 32.6475
 -53.9563 34.1201
 -53.506 34.7735
 -53.4466 34.7946
165 14 20
 -43.6848 16.701
 -43.3829 14.2396
 -42.8494 13.7566
 -42.3253 13.7752
 -41.5592 13.4879
 -40.6289 13.4491
 -39.6866 12.6097
 -38.8768 11.5246
 -38.4006 10.933
 -37.9386 10.6624
 -37.434 10.7468
 -37.3356 10.5805
 -37.7089 11.0258
 -37.4024 11.5489
 -36.6349 12.1756
 -36.1487 12.5809
 -35.7867 12.6412
 -35.3326 12.4928
 -34.8774 12.3299
 -34.8469 12.3244
165 46 4
 -43.6848 16.701
 -43.3384 18.6469
 -43.1459 18.933
 -43.1373 18.9652
166 32 22
 -32.7828 72.3873
 -31.9024 72.5623
 -30.8863 71.9608
 -29.905 72.0598
 -30.111 71.5032
 -29.9645 71.2815
 -29.0676 71.4586
 -28.2986 71.7944
 -28.0908 72.2887
 -27.5328 72.9118
 -27.3505 73.2703
 -27.7438 73.9021
 -28.0318 74.5816
 -28.3805 74.9974
 -28.666 75.2253
 -28.7305 75.5539
 -28.781 75.8418
 -28.8692 76.2056
 -28.9029 76.5585
 -28.8505 76.595
 -28.8389 76.6511
 -28.8319 76.6906
166 70 20
 -32.7828 72.3873
 -33.4518 71.9505
 -34.1234 72.8015
 -35.2677 73.7674
 -36.0226 73.9362
 -36.3088 74.0213
 -36.4585 74.784
 -36.8226 75.3907
 -37.1612 75.0513
 -37.5214 74.7163
 -37.8934 74.6974
 -38.3621 74.8951
 -38.7645 74.9972
 -38.9621 74.9964
 -39.1676 74.9881
 -39.3539 74.9882
 -39.525 75.0792
 -39.6821 75.1391
 -39.7609 75.1488
 -39.7678 75.1513
167 6 18
 -46.1982 69.4899
 -46.2481 68.983
 -46.3988 68.4539
 -46.9785 67.7229
 -47.5001 67.4059
 -47.6087 67.3822
 -47.7509 67.4009
 -47.8191 67.4208
 -47.8439 67.2977
 -47.9303 67.0732
 -48.0629 66.9265
 -48.1741 66.892
 -48.2449 66.9615
 -48.2882 67.0206
 -48.3439 67.0184
 -48.4091 67.0161
 -48.4897 67.0153
 -48.5257 67.0185
167 5 4
 -46.1982 69.4899
 -45.7476 69.8829
 -45.2717 69.9231
 -45.2762 69.98
168 84 9
 -46.2681 74.7847
 -45.7971 74.6628
 -45.6138 74.6241
 -45.335 74.7195
 -44.7921 74.8398
 -44.3396 74.7936
 -44.3255 74.6991
 -44.3689 74.6388
 -44.3825 74.6309
168 85 10
 -46.2681 74.7847
 -46.9939 75.1278
 -47.3444 75.3948
 -47.8463 75.4281
 -48.4249 75.4801
 -48.6452 75.3894
 -48.8093 75.2356
 -48.9647 75.1794
 -49.0515 75.1028
 -49.06 75.0739
169 62 13
 -39.7126 83.1749
 -40.8264 81.9743
 -41.5333 81.3739
 -40.5462 81.3865
 -39.7869 80.509
 -39.3502 79.8038
 -38.4061 79.5988
 -37.6528 79.5906
 -37.5426 79.6573
 -37.4433 80.0238
 -37.2666 80.8885
 -37.1203 81.4426
 -37.137 81.4449
169 28 11
 -39.7126 83.1749
 -38.725 84.3978
 -38.4317 84.6391
 -38.1781 84.6898
 -38.0618 84.7511
 -37.9649 84.8849
 -38.1948 85.4711
 -38.4788 85.9828
 -38.6265 86.0917
 -38.7976 86.145
 -38.8026 86.1512
170 32 21
 -24.4304 70.6956
 -25.0075 71.1893
 -25.2373 71.6609
 -25.5735 72.1441
 -25.7792 72.3695
 -25.7812 72.421
 -26.2503 72.7738
 -26.7173 73.2101
 -26.9698 73.362
 -27.3749 73.4641
 -27.7438 73.9021
 -28.0318 74.5816
 -28.3805 74.9974
 -28.666 75.2253
 -28.7305 75.5539
 -28.781 75.8418
 -28.8692 76.2056
 -28.9029 76.5585
 -28.8505 76.595
 -28.8389 76.6511
 -28.8319 76.6906
170 2 20
 -24.4304 70.6956
 -23.8139 70.2191
 -23.6672 70.0479
 -23.6175 69.8216
 -23.4992 69.5773
 -23.2435 69.5304
 -23.0297 69.5856
 -22.9711 69.6483
 -22.8116 69.7005
 -22.5685 69.7319
 -22.1933 69.6738
 -21.7898 69.6014
 -21.3466 69.5583
 -21.0416 69.531
 -20.9882 69.5919
 -20.6311 69.6212
 -20.2435 69.5703
 -20.0154 69.5891
 -19.8451 69.6271
 -19.8292 69.6254
171 121 9
 -15.9548 82.2143
 -16.9029 80.9666
 -17.3623 80.4358
 -17.3325 79.4274
 -17.2659 78.0457
 -17.4543 77.1066
 -17.5352 76.9562
 -17.6665 76.9444
 -17.7033 76.9425
171 126 4
 -15.9548 82.2143
 -15.2331 83.5773
 -15.2288 83.8102
 -15.2186 83.8224
172 77 12
 -4.77265 80.5168
 -5.89635 81.2238
 -6.1535 81.2545
 -6.3448 81.073
 -6.4946 81.1157
 -6.6296 81.2379
 -6.71 81.3848
 -6.67335 81.6717
 -6.6313 81.9585
 -6.6234 82.056
 -6.67485 82.1286
 -6.7195 82.179
172 8 5
 -4.77265 80.5168
 -3.8557 79.798
 -3.89475 79.4682
 -3.88495 79.3217
 -3.8725 79.2891
173 61 13
 -5.78475 78.8307
 -6.44065 78.1136
 -6.69525 77.5945
 -6.73825 77.4668
 -7.00095 77.1328
 -6.99375 76.6598
 -7.2121 76.7005
 -7.376 76.322
 -7.8943 76.2771
 -8.34045 76.4924
 -8.18965 76.7517
 -7.7843 77.4044
 -7.631 77.892
173 8 6
 -5.78475 78.8307
 -4.81665 79.202
 -4.134 79.3849
 -3.9573 79.3811
 -3.88495 79.3217
 -3.8725 79.2891
174 13 15
 -8.49995 70.5502
 -7.40085 70.8317
 -7.26485 70.6802
 -6.1662 70.03
 -5.04855 69.4836
 -4.9734 69.4142
 -4.9179 69.2526
 -4.788 69.0141
 -4.5046 68.7184
 -4.16395 68.4062
 -3.74135 67.9651
 -3.48705 67.6782
 -3.30665 67.6599
 -3.1453 67.6637
 -3.1372 67.6844
174 20 5
 -8.49995 70.5502
 -9.77095 70.3209
 -10.2112 70.3887
 -10.3491 70.4234
 -10.3623 70.4831
175 59 4
 -5.4463 62.7911
 -4.5716 61.8566
 -4.4346 61.3891
 -4.415 61.3501
175 119 3
 -5.4463 62.7911
 -6.23975 63.3722
 -6.2759 63.4471
176 102 3
 -10.7485 69.1229
 -10.6824 67.8735
 -10.3114 67.4679
176 20 4
 -10.7485 69.1229
 -10.4237 70.1311
 -10.383 70.3893
 -10.3623 70.4831
177 41 7
 -11.4419 50.4543
 -12.74 49.8644
 -12.9184 49.8441
 -13.1137 49.9418
 -13.3503 50.251
 -13.584 50.652
 -13.6059 50.7586
177 76 31
 -11.4419 50.4543
 -10.0044 50.9043
 -9.8588 50.7862
 -9.8132 50.7056
 -9.68135 50.7459
 -9.04355 51.0437
 -7.77095 51.4977
 -6.847 51.3471
 -6.66275 50.9816
 -7.03605 50.7025
 -7.5203 49.9902
 -7.6278 49.3493
 -7.6204 49.0005
 -7.55075 48.6194
 -7.48115 48.166
 -7.5344 47.7191
 -7.6448 47.379
 -7.87105 46.9228
 -8.0469 46.5696
 -8.22455 46.8484
 -8.51255 47.0718
 -9.04615 47.3356
 -9.49915 47.6763
 -9.70005 47.5935
 -10.2258 47.3104
 -10.6569 47.0297
 -10.8749 46.8914
 -11.2703 46.8221
 -11.6817 46.7524
 -11.8575 46.6658
 -11.8527 46.6384
178 135 10
 8.7559 67.3196
 8.281 67.4345
 8.0325 67.3953
 7.9168 67.2183
 8.027 66.8858
 8.18595 66.6831
 8.2835 66.6378
 8.25605 66.3835
 8.32505 66.1151
 8.3474 66.0987
178 91 8
 8.7559 67.3196
 9.47805 67.1567
 9.86735 67.2112
 9.96475 67.1881
 10.5058 67.4525
 11.0863 67.5261
 11.255 67.4422
 11.3031 67.509
179 91 21
 11.3394 70.4756
 10.9241 69.7018
 10.5408 69.8461
 10.1857 70.2142
 9.9198 70.4778
 9.76325 70.5932
 9.7066 70.4722
 9.4376 69.9626
 9.05865 69.4422
 9.41985 69.5015
 9.6643 68.7981
 9.6045 68.1641
 9.5251 68.0576
 9.6567 67.8232
 9.82445 67.4706
 9.86735 67.2112
 9.96475 67.1881
 10.5058 67.4525
 11.0863 67.5261
 11.255 67.4422
 11.3031 67.509
179 0 6
 11.3394 70.4756
 11.8315 71.3016
 11.8894 71.6907
 11.6368 72.2814
 11.6243 72.6635
 11.6684 72.7406
180 43 22
 19.6058 70.0997
 20.5357 69.5182
 21.159 69.6093
 21.6857 69.3849
 21.9941 69.0911
 22.1476 68.8449
 22.2774 68.6648
 22.6575 68.6017
 23.1665 68.4957
 23.5072 68.3979
 23.6364 68.0793
 23.5714 67.7191
 23.4829 67.5658
 23.4917 67.4956
 23.6201 67.4443
 23.7425 67.4165
 23.8297 67.3147
 23.8904 67.1969
 23.9955 67.149
 24.0711 67.1161
 24.1038 67.0918
 24.1377 67.0848
180 57 6
 19.6058 70.0997
 18.7925 71.382
 18.6404 72.1709
 18.7676 72.3186
 18.8463 72.4211
 18.8563 72.525
181 112 15
 26.0429 86.4126
 26.3116 85.2262
 27.2089 84.957
 27.2471 84.9124
 26.8349 84.1414
 27.0947 83.2737
 27.324 82.8546
 27.4659 82.6524
 27.5364 82.4911
 27.6035 82.1925
 27.7065 81.6509
 27.4929 81.0716
 26.4698 80.6879
 25.7163 80.4183
 25.698 80.3053
181 89 8
 26.0429 86.4126
 26.2353 87.4915
 27.0653 87.8014
 26.3457 87.8405
 25.9153 88.1974
 22.1544 88.7253
 18.8039 88.9247
 18.8281 88.8933
182 118 22
 30.3443 56.5539
 29.5072 56.8242
 28.4168 57.1661
 27.7533 57.6839
 27.6028 57.7421
 27.2187 57.6273
 26.5679 57.5577
 26.1383 57.558
 26.1738 57.436
 26.2923 57.1429
 26.4908 56.6138
 26.5849 56.334
 26.5893 56.1912
 26.5403 55.8786
 26.4908 55.6806
 26.4594 55.5978
 26.4459 55.0826
 26.4659 54.4972
 26.3818 54.2057
 26.2384 54.0153
 26.1765 53.9806
 26.1718 53.9795
182 37 10
 30.3443 56.5539
 30.9198 55.9629
 31.7992 55.701
 32.5771 56.049
 33.2177 56.413
 34.0193 56.6134
 34.4306 56.6828
 35.3644 56.2158
 36.2075 55.8843
 36.2904 55.9783
183 43 24
 27.639 64.5947
 26.6522 65.3296
 26.212 64.9491
 26.0145 64.9496
 25.4636 65.1833
 25.0406 65.4258
 24.9815 65.5246
 24.9503 65.3748
 24.6586 65.4654
 24.3448 65.7669
 24.1233 65.9996
 23.9557 66.131
 23.8731 66.3479
 23.8129 66.5771
 23.7951 66.6749
 23.7976 66.8683
 23.8321 67.0502
 23.8458 67.1705
 23.8297 67.3147
 23.8904 67.1969
 23.9955 67.149
 24.0711 67.1161
 24.1038 67.0918
 24.1377 67.0848
183 118 30
 27.639 64.5947
 28.6535 63.4125
 29.3037 62.9227
 29.5495 62.2895
 29.5947 61.586
 29.1525 61.1406
 28.6352 60.9661
 28.2915 59.9146
 27.975 58.8755
 27.8712 58.4398
 27.814 58.0375
 27.7761 57.8862
 27.6028 57.7421
 27.2187 57.6273
 26.5679 57.5577
 26.1383 57.558
 26.1738 57.436
 26.2923 57.1429
 26.4908 56.6138
 26.5849 56.334
 26.5893 56.1912
 26.5403 55.8786
 26.4908 55.6806
 26.4594 55.5978
 26.4459 55.0826
 26.4659 54.4972
 26.3818 54.2057
 26.2384 54.0153
 26.1765 53.9806
 26.1718 53.9795
184 66 28
 40.6194 39.4506
 41.2526 40.0899
 41.7326 40.5693
 41.5424 40.8259
 41.2191 41.0367
 40.7505 41.2991
 40.3492 41.4845
 40.022 41.5089
 38.9184 41.4669
 38.024 41.4592
 37.6873 41.56
 37.3374 41.6854
 36.9998 41.6395
 36.5516 41.5044
 36.1722 41.4333
 35.9293 41.4282
 35.8427 41.4229
 35.8504 41.2989
 35.8221 41.0845
 35.7969 40.4633
 35.8598 39.7598
 35.9287 39.2287
 36.2065 38.7077
 36.542 38.5113
 36.6812 38.512
 36.8038 38.5105
 37.0666 38.5187
 37.2764 38.5054
184 27 4
 40.6194 39.4506
 40.5528 38.4203
 40.673 37.6515
 40.6549 37.6226
185 36 10
 37.0663 23.2879
 36.3756 24.1488
 36.3034 24.2826
 35.7555 25.0655
 34.816 26.1498
 33.7068 26.1843
 32.7979 25.6966
 32.4594 25.5147
 32.4051 25.4939
 32.3921 25.4647
185 115 5
 37.0663 23.2879
 38.0948 22.717
 38.5291 23.1095
 38.6605 23.3769
 38.662 23.4386
186 115 19
 40.435 17.6226
 40.8698 18.4162
 40.9956 18.6949
 40.5498 18.5603
 39.6149 18.5979
 39.2643 19.0954
 39.4389 19.5507
 39.1345 19.7815
 38.5081 20.1044
 38.2116 20.3545
 37.8719 20.6618
 37.3863 21.1794
 37.1802 21.4812
 37.125 21.6336
 37.4614 22.1261
 38.0959 22.7162
 38.5291 23.1095
 38.6605 23.3769
 38.662 23.4386
186 19 4
 40.435 17.6226
 39.6803 16.6138
 39.2727 16.0887
 39.2996 16.0563
187 115 21
 34.3604 14.9103
 34.5365 16.3096
 34.5173 16.6173
 35.1558 17.1056
 35.8232 17.573
 35.9381 17.4938
 36.1898 17.3582
 37.1149 17.6777
 37.8875 18.0689
 38.3239 18.9091
 38.4809 20.0326
 38.2116 20.3545
 37.8719 20.6618
 37.3863 21.1794
 37.1802 21.4812
 37.125 21.6336
 37.4614 22.1261
 38.0959 22.7162
 38.5291 23.1095
 38.6605 23.3769
 38.662 23.4386
187 51 15
 34.3604 14.9103
 34.106 13.7284
 33.944 13.285
 34.2677 12.3308
 34.9696 11.8476
 35.3891 11.9862
 35.596 11.829
 35.7826 11.5525
 36.4542 10.5504
 37.1741 9.4066
 37.4245 9.4552
 38.4793 10.1593
 39.5196 10.8328
 39.59 11.1418
 39.5938 11.2082
188 92 8
 28.9973 21.4067
 28.9741 22.6566
 29.0038 23.288
 28.9197 23.43
 28.7871 24.0407
 28.4699 24.976
 28.3158 25.409
 28.3342 25.4613
188 98 16
 28.9973 21.4067
 29.1531 20.5181
 29.1623 20.3136
 28.986 20.0346
 28.7926 19.6339
 28.7318 19.2091
 28.477 18.7847
 28.2496 18.6263
 27.3823 18.2294
 26.8254 17.6012
 27.33 16.7772
 27.5701 15.7642
 27.7249 15.2535
 28.3428 14.7743
 29.1754 14.363
 29.5175 14.357
189 23 26
 27.6328 31.5988
 26.7941 32.1523
 25.7552 32.4686
 25.801 31.5348
 25.9216 30.3705
 25.1299 30.0996
 24.4243 30.2357
 24.2839 30.1536
 24.3278 29.5279
 24.4678 29.028
 24.6087 28.6595
 25.078 27.967
 25.2976 27.3336
 24.5995 27.138
 23.4589 27.5068
 23.1176 27.2776
 23.0616 26.6645
 22.7295 26.4137
 22.4967 25.8083
 22.0539 24.8969
 21.8293 24.4121
 21.7675 24.2535
 21.7109 24.0714
 21.7087 23.8899
 21.728 23.7899
 21.7538 23.7845
189 66 34
 27.6328 31.5988
 29.1775 31.6464
 30.6847 32.0526
 30.9883 32.5477
 31.299 32.9052
 31.3859 33.2203
 31.4496 33.4262
 31.3979 33.8753
 31.3503 34.3689
 31.4456 34.636
 31.6217 35.0741
 31.7818 35.828
 31.9366 36.3884
 32.4486 36.5793
 32.8842 36.7355
 33.0452 36.6553
 33.5685 36.6315
 34.1971 36.7772
 34.4527 36.7795
 35.0179 36.7889
 35.7201 36.6408
 35.8498 36.6331
 35.669 37.1269
 35.2715 37.5848
 35.1206 37.9388
 35.3135 38.2653
 35.6316 38.3861
 36.1486 38.4924
 36.4678 38.4828
 36.542 38.5113
 36.6812 38.512
 36.8038 38.5105
 37.0666 38.5187
 37.2764 38.5054
190 21 26
 22.1991 21.4625
 22.2678 20.6108
 22.2682 20.0373
 22.057 19.7372
 21.635 19.4026
 21.1605 19.0913
 20.8355 18.9267
 20.7076 18.4911
 21.021 17.7969
 21.4249 17.3773
 21.4319 17.188
 21.3456 17.0218
 21.3699 17.0037
 21.2935 16.8182
 21.291 16.5811
 21.4112 16.4536
 21.5852 16.374
 21.8301 16.3585
 22.0587 16.2827
 22.1078 15.7814
 21.9309 15.249
 21.636 14.8862
 21.3623 14.7046
 21.1133 14.7644
 20.9809 14.7236
 20.9801 14.7207
190 23 10
 22.1991 21.4625
 22.1506 22.0271
 22.2167 22.6095
 22.2609 23.2118
 22.1954 23.3792
 22.1196 23.5804
 21.9711 23.7442
 21.8464 23.8138
 21.7709 23.7999
 21.7538 23.7845
191 132 10
 16.4072 30.7971
 17.2369 30.4549
 17.9031 30.6901
 18.2582 30.939
 19.1417 31.1678
 20.4694 31.416
 21.1543 31.8533
 21.3254 32.3674
 21.362 32.5467
 21.3195 32.6139
191 103 4
 16.4072 30.7971
 15.7299 31.1413
 15.4017 31.1568
 15.3809 31.1725
192 109 11
 11.5142 16.3432
 12.3485 17.0341
 13.1467 17.0666
 13.272 17.6029
 13.6196 17.0344
 14.2221 16.213
 14.4851 15.4592
 15.0354 14.7311
 15.5075 13.7262
 15.4353 13.4044
 15.4395 13.3583
192 52 4
 11.5142 16.3432
 11.0752 14.6615
 10.7796 13.6458
 10.7554 13.6193
193 12 43
 11.5888 -5.3284
 12.0783 -6.26835
 11.9971 -6.8646
 12.7705 -7.24695
 13.5364 -7.66415
 13.732 -7.87845
 13.7934 -7.91605
 13.7871 -8.01325
 13.9729 -8.18005
 14.2358 -8.318
 14.3874 -8.3406
 14.5807 -8.5005
 14.687 -8.54925
 14.7925 -8.31145
 14.9619 -8.20345
 15.0295 -8.1341
 15.0809 -8.06375
 15.2022 -8.0177
 15.2743 -7.98025
 15.4897 -7.90895
 15.6727 -7.70475
 15.6861 -7.5376
 15.6992 -7.40295
 15.649 -7.27045
 15.615 -7.1547
 15.7453 -7.0671
 15.9015 -7.0479
 15.8447 -6.84565
 15.9715 -6.4303
 16.2215 -6.1569
 16.3011 -6.019
 16.4646 -5.85305
 16.6217 -5.83045
 16.6458 -5.80085
 16.6168 -5.72635
 16.5518 -5.6796
 16.5534 -5.56335
 16.6278 -5.4785
 16.6748 -5.459
 16.7117 -5.4222
 16.764 -5.38235
 16.8347 -5.38305
 16.8744 -5.3878
193 31 4
 11.5888 -5.3284
 10.5503 -5.3126
 10.173 -5.829
 10.1007 -5.8586
194 136 15
 27.7794 -2.26
 26.8589 -1.3378
 26.6456 -0.9028
 25.7364 -0.8322
 24.7836 -0.942
 24.4352 -1.08775
 24.1219 -0.9659
 23.876 -0.968
 23.5459 -0.964
 23.3368 -0.86035
 23.2328 -0.77865
 23.1958 -0.6981
 23.1699 -0.66445
 23.1287 -0.65325
 23.0995 -0.6506
194 25 7
 27.7794 -2.26
 28.8864 -3.09895
 29.384 -3.6223
 29.038 -3.01745
 29.4753 -2.13005
 30.2706 -1.50205
 30.4159 -1.3123
195 66 20
 38.3583 42.3623
 38.1188 41.7924
 37.6873 41.56
 37.3374 41.6854
 36.9998 41.6395
 36.5516 41.5044
 36.1722 41.4333
 35.9293 41.4282
 35.8427 41.4229
 35.8504 41.2989
 35.8221 41.0845
 35.7969 40.4633
 35.8598 39.7598
 35.9287 39.2287
 36.2065 38.7077
 36.542 38.5113
 36.6812 38.512
 36.8038 38.5105
 37.0666 38.5187
 37.2764 38.5054
195 78 6
 38.3583 42.3623
 38.2933 43.0309
 38.047 43.4901
 37.658 44.4178
 37.437 45.3266
 37.4644 45.3862
196 56 6
 -49.6327 80.7747
 -50.1539 81.3382
 -50.5822 81.5181
 -50.8373 81.6866
 -51.0865 81.8924
 -51.1113 81.9497
196 34 6
 -49.6327 80.7747
 -49.5432 80.147
 -48.9813 79.6068
 -48.3956 79.2229
 -48.4101 79.1478
 -48.4143 79.1404
197 106 15
 -2.4082 66.1774
 -2.1848 65.5421
 -2.38105 65.4325
 -2.40365 65.4066
 -2.047 64.9504
 -1.29005 64.2225
 -0.3353 64.0674
 0.27855 64.4482
 0.42265 64.6321
 0.50895 64.468
 0.5077 64.6039
 0.8036 64.8577
 1.30455 65.2862
 1.5215 65.4438
 1.5447 65.4102
197 13 5
 -2.4082 66.1774
 -3.034 67.1199
 -3.20225 67.5946
 -3.1453 67.6637
 -3.1372 67.6844
198 12 33
 19.7537 -1.7519
 19.2338 -2.32055
 19.1751 -2.4256
 19.2794 -2.97945
 19.1487 -3.6859
 18.6501 -4.1156
 18.4137 -4.4884
 18.3668 -4.7017
 18.2547 -4.7298
 18.0532 -4.51195
 17.9518 -4.2879
 17.9101 -4.3399
 17.8318 -4.45005
 17.7656 -4.5582
 17.7028 -4.5995
 17.6434 -4.61655
 17.5295 -4.6048
 17.5663 -4.66465
 17.4544 -4.7821
 17.3557 -4.9071
 17.2796 -5.0196
 17.2193 -5.1204
 17.2003 -5.20855
 17.2021 -5.296
 17.1746 -5.3402
 17.1453 -5.3692
 17.1325 -5.4399
 17.0866 -5.50545
 17.0458 -5.5264
 17.0296 -5.4685
 16.943 -5.4097
 16.8746 -5.39285
 16.8744 -5.3878
198 136 17
 19.7537 -1.7519
 20.4949 -1.068
 20.9764 -0.92105
 21.2917 -1.1271
 21.4594 -1.51005
 21.6392 -1.6515
 21.8028 -1.6253
 22.0237 -1.4871
 22.0931 -1.1559
 22.0781 -0.79835
 22.2841 -0.52395
 22.5468 -0.4177
 22.6949 -0.4185
 22.8844 -0.47175
 23.0698 -0.5788
 23.1087 -0.6401
 23.0995 -0.6506
199 130 34
 -4.3552 -6.434
 -4.8277 -6.1378
 -5.3668 -6.00855
 -5.69065 -5.3192
 -5.85275 -4.47505
 -5.7504 -3.8364
 -5.7312 -3.3115
 -5.88145 -3.21565
 -5.8441 -3.22255
 -5.5323 -2.8481
 -5.3292 -2.47325
 -5.22735 -2.43365
 -4.75785 -2.49895
 -3.91645 -2.76965
 -3.40615 -2.91255
 -3.4199 -3.0248
 -3.38035 -3.317
 -3.3414 -3.7353
 -3.30275 -4.14615
 -2.8754 -3.77435
 -1.97545 -3.5339
 -1.47695 -3.41025
 -1.4031 -3.44355
 -0.9677 -3.69855
 -0.3334 -3.9952
 -0.09475 -4.1007
 0.06595 -4.17175
 0.24405 -4.24845
 0.30565 -4.2665
 0.5735 -4.4465
 0.8583 -4.70295
 0.98055 -4.9528
 1.02245 -5.22215
 0.9733 -5.3245
199 87 5
 -4.3552 -6.434
 -4.12755 -6.8406
 -4.10735 -7.1994
 -4.1201 -7.3513
 -4.1373 -7.3708
200 60 8
 -10.3492 44.6084
 -10.0059 43.9946
 -9.4602 43.8921
 -8.98195 44.0082
 -8.90645 44.0338
 -8.8815 44.1602
 -8.80465 44.3289
 -8.7528 44.3953
200 76 10
 -10.3492 44.6084
 -10.5491 45.2981
 -10.4785 45.931
 -10.558 46.5053
 -10.709 46.845
 -10.8749 46.8914
 -11.2703 46.8221
 -11.6817 46.7524
 -11.8575 46.6658
 -11.8527 46.6384
201 64 2
 0.8317 46.7355
 0.8199 46.6322
201 125 3
 0.8317 46.7355
 0.6975 46.8528
 0.5515 46.8667
202 134 17
 -14.0486 48.1319
 -14.3111 47.0382
 -14.3363 46.968
 -14.5301 46.552
 -14.9073 46.1983
 -15.1355 46.1971
 -15.6003 45.7667
 -16.3496 45.2378
 -17.0158 44.931
 -17.5798 44.8624
 -18.141 45.2533
 -18.5825 45.5322
 -18.6873 45.6465
 -18.8416 45.7174
 -19.1018 45.7341
 -19.2615 45.737
 -19.2964 45.703
202 41 10
 -14.0486 48.1319
 -13.4759 49.3079
 -13.1507 49.3935
 -13.1346 49.423
 -13.1094 49.6936
 -12.9184 49.8441
 -13.1137 49.9418
 -13.3503 50.251
 -13.584 50.652
 -13.6059 50.7586
203 62 24
 -47.778 78.9142
 -47.1692 79.3344
 -46.5605 79.1949
 -46.0092 79.7632
 -45.0165 80.0492
 -44.228 79.8443
 -43.7729 80.0328
 -43.6962 80.705
 -43.2923 80.8222
 -42.6835 80.4964
 -42.5639 80.5381
 -42.2732 80.7729
 -41.9953 81.0141
 -41.5333 81.3739
 -40.5462 81.3865
 -39.7869 80.509
 -39.3502 79.8038
 -38.4061 79.5988
 -37.6528 79.5906
 -37.5426 79.6573
 -37.4433 80.0238
 -37.2666 80.8885
 -37.1203 81.4426
 -37.137 81.4449
203 85 13
 -47.778 78.9142
 -47.8116 77.8264
 -47.6159 76.9267
 -47.3391 76.0086
 -47.2497 75.441
 -47.3444 75.3948
 -47.8463 75.4281
 -48.4249 75.4801
 -48.6452 75.3894
 -48.8093 75.2356
 -48.9647 75.1794
 -49.0515 75.1028
 -49.06 75.0739
204 104 12
 -34.4423 88.2276
 -33.2704 88.8297
 -32.6961 88.9733
 -32.7008 89.1161
 -32.3265 89.1611
 -31.909 89.2361
 -31.7314 89.291
 -31.3479 89.6556
 -30.375 90.3738
 -29.5138 90.5591
 -29.1787 90.3923
 -29.0439 90.4139
204 28 14
 -34.4423 88.2276
 -35.1383 87.3049
 -35.6216 86.1089
 -35.9538 85.2375
 -36.7403 85.1206
 -37.688 84.8725
 -37.9509 84.7441
 -38.0618 84.7511
 -37.9649 84.8849
 -38.1948 85.4711
 -38.4788 85.9828
 -38.6265 86.0917
 -38.7976 86.145
 -38.8026 86.1512
205 74 21
 -18.7525 62.8878
 -19.3521 62.4758
 -19.8474 62.0285
 -20.61 62.4755
 -21.3675 63.0329
 -21.6327 62.9646
 -21.6891 62.7566
 -22.3226 62.256
 -23.0396 61.9224
 -23.6922 62.0404
 -24.4037 62.0412
 -24.4011 62.3451
 -24.696 62.893
 -24.8862 63.4668
 -24.9293 63.7177
 -24.9122 63.8017
 -24.8538 63.9642
 -24.7971 64.3056
 -24.9748 64.6033
 -25.1693 64.6973
 -25.1671 64.7045
205 73 6
 -18.7525 62.8878
 -18.2267 63.0303
 -17.8069 62.6115
 -17.501 62.2057
 -17.3641 62.2581
 -17.3164 62.2714
206 24 3
 20.396 61.7818
 20.643 61.7668
 20.6547 61.8952
206 40 3
 20.396 61.7818
 20.1001 61.969
 20.0396 62.0129
207 9 16
 11.3295 64.826
 11.7849 64.0528
 12.1165 63.8838
 13.0096 63.8166
 13.9991 63.9646
 14.622 63.75
 15.0549 63.4827
 15.7723 63.575
 16.4219 63.7276
 16.5447 63.1914
 16.8258 62.7588
 17.228 62.4504
 17.6485 61.7729
 18.2985 61.5585
 18.7769 61.7812
 18.7811 61.7797
207 91 7
 11.3295 64.826
 11.0009 65.5954
 11.0981 66.3102
 11.213 67.111
 11.1974 67.3436
 11.255 67.4422
 11.3031 67.509
208 57 9
 20.0812 76.3027
 19.7397 75.7181
 19.5541 75.3528
 19.3729 75.1073
 18.6611 74.9238
 18.5205 73.9935
 18.8871 72.8006
 18.8455 72.5262
 18.8563 72.525
208 10 4
 20.0812 76.3027
 20.5525 76.9771
 20.8569 77.3499
 20.8751 77.3404
209 11 42
 42.6406 67.6269
 41.736 67.2446
 41.1037 67.2791
 41.0518 67.2421
 40.8149 67.1513
 40.3646 67.1758
 40.0142 67.0502
 39.6253 66.5343
 39.333 66.2247
 39.0544 66.2189
 38.2643 65.9209
 37.6856 65.6187
 37.515 65.8703
 37.3714 66.2828
 37.3713 66.4916
 37.2957 66.464
 37.225 66.254
 37.3089 65.7776
 37.5855 65.1093
 37.929 64.7785
 38.0783 64.6956
 37.9033 64.5611
 37.6917 64.5103
 37.6123 64.5524
 37.4109 64.5936
 37.254 64.5794
 37.2247 64.5482
 37.2477 64.4961
 37.2386 64.3963
 37.0985 64.2215
 36.9572 63.9677
 36.7199 63.8579
 36.4802 63.8762
 36.3705 63.9771
 36.2915 64.0934
 36.2225 64.134
 36.0671 64.1573
 35.9089 64.0964
 35.7508 64.0913
 35.5892 64.064
 35.5242 63.969
 35.5225 63.9485
209 83 13
 42.6406 67.6269
 43.1454 68.5869
 43.7019 69.3784
 44.0708 69.3351
 44.1273 68.5383
 44.329 67.8553
 44.5063 67.6828
 44.6969 67.4693
 45.137 67.9198
 45.9465 68.4464
 45.9471 68.9629
 45.707 69.1592
 45.6635 69.1421
210 49 3
 35.2038 46.2809
 35.0038 46.4416
 35.0246 46.4696
210 45 4
 35.2038 46.2809
 36.2917 46.7785
 37.2445 47.5288
 37.3302 47.649
211 23 26
 19.5975 29.5514
 19.1296 28.765
 19.1982 27.9486
 19.3074 27.6019
 19.1961 27.1325
 19.1099 26.91
 19.0207 26.6727
 19.0398 26.2929
 19.1327 26.0742
 19.0299 25.9069
 19.0562 25.6283
 19.1796 25.4608
 19.3065 25.3888
 19.4356 25.2781
 19.8471 24.9637
 20.2915 24.6417
 20.4693 24.6125
 20.6308 24.7497
 20.5806 24.6138
 20.7936 24.4614
 21.1125 24.2238
 21.3914 24.0623
 21.6362 24.0054
 21.7087 23.8899
 21.728 23.7899
 21.7538 23.7845
211 132 10
 19.5975 29.5514
 19.6946 29.811
 18.8835 30.5002
 18.2582 30.939
 19.1417 31.1678
 20.4694 31.416
 21.1543 31.8533
 21.3254 32.3674
 21.362 32.5467
 21.3195 32.6139
212 124 8
 15.3011 26.0203
 15.5358 25.4505
 15.4805 24.8435
 15.0526 24.567
 14.9404 24.5278
 15.0045 24.3507
 14.9702 24.1947
 14.9221 24.1459
212 103 12
 15.3011 26.0203
 14.8789 26.5133
 14.3393 26.8852
 13.6628 27.4387
 13.0866 27.7997
 13.6383 28.4218
 14.7164 29.1019
 15.7938 29.5442
 16.1703 30.513
 15.7299 31.1413
 15.4017 31.1568
 15.3809 31.1725
213 21 4
 21.1302 14.3046
 21.0646 14.6657
 20.9809 14.7236
 20.9801 14.7207
213 17 4
 21.1302 14.3046
 21.222 13.6115
 21.3212 13.2127
 21.3112 13.2066
214 111 11
 15.3043 16.8941
 15.7078 17.7719
 15.7347 18.5765
 16.2341 19.0003
 16.0564 19.718
 15.4826 20.3382
 15.2646 20.4582
 15.3638 20.7675
 15.6135 21.3041
 15.7783 21.6383
 15.7962 21.7377
214 109 6
 15.3043 16.8941
 14.5482 16.0335
 15.0354 14.7311
 15.5075 13.7262
 15.4353 13.4044
 15.4395 13.3583
215 123 6
 -32.3083 -4.58305
 -32.7461 -4.7342
 -32.8666 -4.7312
 -32.9647 -4.1202
 -33.2164 -3.63455
 -33.2639 -3.6171
215 65 5
 -32.3083 -4.58305
 -31.9911 -4.61985
 -31.3706 -4.9972
 -30.843 -5.33595
 -30.8299 -5.3455
216 123 14
 -35.8552 -3.1527
 -35.4387 -3.07265
 -35.257 -3.1645
 -35.1551 -3.18945
 -35.0986 -3.26015
 -34.8821 -3.4394
 -34.58 -3.6173
 -34.402 -3.8239
 -34.2562 -4.0535
 -34.0303 -4.12895
 -33.6138 -3.9369
 -33.3292 -3.68445
 -33.2836 -3.63065
 -33.2639 -3.6171
216 29 5
 -35.8552 -3.1527
 -36.283 -3.2959
 -36.7453 -3.25005
 -37.0842 -3.251
 -37.0933 -3.257
217 81 13
 -51.7628 7.98615
 -50.5553 8.10025
 -49.0949 7.8888
 -47.3578 7.92645
 -46.0386 8.2669
 -45.4198 8.24035
 -45.1019 7.92175
 -44.6618 7.37975
 -44.2472 6.9295
 -43.9731 6.6966
 -43.8331 6.53055
 -43.7545 6.4622
 -43.7143 6.4631
217 50 17
 -51.7628 7.98615
 -53.5072 7.7241
 -54.8259 7.49915
 -56.0898 7.513
 -57.3561 1.395
 -57.5393 -5.4301
 -57.4672 -3.28355
 -57.3084 -1.75595
 -57.1145 -1.1492
 -56.7766 -0.5683
 -56.462 -0.35425
 -55.9862 -0.0681
 -55.3664 0.09085
 -54.6156 -0.02335
 -53.775 -0.62585
 -53.2796 -0.9401
 -53.159 -0.8543
218 81 11
 -41.8996 6.33525
 -42.6007 6.50005
 -42.7824 6.46975
 -42.9628 6.4265
 -43.1843 6.4606
 -43.322 6.5545
 -43.4496 6.56765
 -43.5688 6.56005
 -43.673 6.57885
 -43.711 6.52685
 -43.7143 6.4631
218 95 3
 -41.8996 6.33525
 -41.2613 6.2329
 -41.1607 6.3144
219 39 41
 -35.5062 8.2469
 -34.3064 7.06925
 -34.2131 6.35085
 -33.454 6.5806
 -33.2685 4.9124
 -32.4273 2.8674
 -31.3424 2.5544
 -30.5382 2.4333
 -29.8059 2.18365
 -29.3682 2.21325
 -28.786 2.27515
 -27.9553 2.3234
 -27.6146 2.33665
 -27.7079 2.1419
 -27.5506 1.5603
 -27.2869 1.03415
 -27.0044 0.91795
 -26.3443 0.6749
 -25.7953 0.1601
 -25.3349 -0.01755
 -24.8237 0.17645
 -24.5955 0.2721
 -24.5072 0.35445
 -24.3557 0.4369
 -24.2073 0.43965
 -23.9817 0.45475
 -23.7833 0.5007
 -23.7337 0.5455
 -23.7111 0.6605
 -23.6674 0.76565
 -23.5802 0.79075
 -23.4784 0.82385
 -23.4104 0.87395
 -23.3587 0.8536
 -23.3197 0.7992
 -23.257 0.8072
 -23.2051 0.7859
 -23.1996 0.8219
 -23.135 0.83985
 -23.0835 0.85655
 -23.0787 0.8628
219 14 15
 -35.5062 8.2469
 -36.0732 9.3878
 -36.4719 9.78885
 -36.9381 9.9882
 -37.2345 10.2214
 -37.2553 10.3123
 -37.3356 10.5805
 -37.7089 11.0258
 -37.4024 11.5489
 -36.6349 12.1756
 -36.1487 12.5809
 -35.7867 12.6412
 -35.3326 12.4928
 -34.8774 12.3299
 -34.8469 12.3244
220 39 29
 -25.233 -2.97225
 -23.6992 -2.2613
 -23.4069 -2.1503
 -23.3448 -2.0504
 -23.2343 -1.83045
 -23.0547 -1.4772
 -22.8097 -1.1213
 -22.6171 -0.8332
 -22.7159 -0.58915
 -22.8587 -0.3866
 -22.8144 -0.2047
 -22.7 -0.0122
 -22.6611 0.14275
 -22.7122 0.28095
 -22.7757 0.37325
 -22.8263 0.43895
 -22.8817 0.50805
 -22.9242 0.57025
 -22.9698 0.631
 -23.0177 0.65825
 -23.0766 0.67515
 -23.1189 0.68385
 -23.1337 0.6929
 -23.1663 0.7325
 -23.2051 0.7859
 -23.1996 0.8219
 -23.135 0.83985
 -23.0835 0.85655
 -23.0787 0.8628
220 65 11
 -25.233 -2.97225
 -26.6618 -3.63695
 -27.2924 -3.6919
 -27.8137 -3.7458
 -28.0042 -3.8476
 -28.3297 -3.89055
 -28.812 -3.69445
 -29.7319 -4.0471
 -30.5333 -4.9061
 -30.7891 -5.3026
 -30.8299 -5.3455
221 35 14
 -16.7941 -4.0627
 -17.5456 -4.4843
 -17.7289 -4.7872
 -17.8249 -4.1558
 -18.0896 -3.4358
 -18.2108 -3.2461
 -18.1405 -2.8342
 -17.9408 -2.3075
 -17.8145 -2.1081
 -17.8069 -1.9659
 -17.9095 -1.9417
 -18.0823 -1.87395
 -18.1872 -1.89615
 -18.2268 -1.8888
221 130 56
 -16.7941 -4.0627
 -15.6255 -3.61065
 -14.9791 -3.233
 -14.7496 -3.19775
 -14.6209 -3.32855
 -14.3197 -3.4647
 -13.8281 -3.59885
 -13.5351 -3.5301
 -13.2924 -3.5464
 -12.7134 -3.6999
 -12.122 -2.8086
 -12.0248 -1.85375
 -11.6161 -1.8816
 -10.9619 -1.8701
 -10.3918 -1.74245
 -9.8134 -1.5927
 -9.38575 -1.5914
 -9.0991 -1.8527
 -9.10735 -1.66945
 -8.2353 -1.162
 -7.38975 -0.6926
 -7.17435 -0.88305
 -6.6721 -1.1151
 -6.3812 -1.70375
 -6.5475 -2.19745
 -6.54535 -2.4223
 -6.32335 -2.70805
 -6.13105 -2.8147
 -5.9809 -3.00135
 -5.88145 -3.21565
 -5.8441 -3.22255
 -5.5323 -2.8481
 -5.3292 -2.47325
 -5.22735 -2.43365
 -4.75785 -2.49895
 -3.91645 -2.76965
 -3.40615 -2.91255
 -3.4199 -3.0248
 -3.38035 -3.317
 -3.3414 -3.7353
 -3.30275 -4.14615
 -2.8754 -3.77435
 -1.97545 -3.5339
 -1.47695 -3.41025
 -1.4031 -3.44355
 -0.9677 -3.69855
 -0.3334 -3.9952
 -0.09475 -4.1007
 0.06595 -4.17175
 0.24405 -4.24845
 0.30565 -4.2665
 0.5735 -4.4465
 0.8583 -4.70295
 0.98055 -4.9528
 1.02245 -5.22215
 0.9733 -5.3245
222 108 5
 4.31135 3.627
 5.96935 4.0158
 7.25225 4.87435
 8.2231 5.8605
 8.2233 5.8874
222 68 3
 4.31135 3.627
 2.92275 3.09085
 2.8799 3.0442
223 130 31
 1.28085 3.3692
 1.2029 2.5435
 1.215 1.8331
 1.18705 1.8087
 1.1624 1.44595
 0.76355 0.9046
 0.26775 0.7112
 0 0.74595
 -0.24225 0.7745
 -0.57845 1.3688
 -0.89945 2.008
 -1.41605 1.32015
 -1.7114 0.4575
 -1.80885 -0.4577
 -2.20425 -1.33795
 -2.15705 -1.54375
 -1.98075 -2.2436
 -1.766 -3.1342
 -1.47695 -3.41025
 -1.4031 -3.44355
 -0.9677 -3.69855
 -0.3334 -3.9952
 -0.09475 -4.1007
 0.06595 -4.17175
 0.24405 -4.24845
 0.30565 -4.2665
 0.5735 -4.4465
 0.8583 -4.70295
 0.98055 -4.9528
 1.02245 -5.22215
 0.9733 -5.3245
223 68 4
 1.28085 3.3692
 1.967 3.37645
 2.71665 3.1541
 2.8799 3.0442
224 90 5
 -8.9562 3.1736
 -7.8259 3.2521
 -7.3152 2.24935
 -7.1271 1.122
 -7.1184 1.1037
224 96 4
 -8.9562 3.1736
 -9.8814 3.27895
 -10.0272 3.37225
 -10.0468 3.388
225 99 7
 -18.3601 8.70135
 -17.8923 9.6258
 -17.6765 10.1983
 -17.4331 10.4163
 -16.9889 10.4009
 -16.6847 10.2552
 -16.6753 10.2547
225 26 5
 -18.3601 8.70135
 -19.2815 8.25935
 -18.9673 7.3659
 -19.2312 6.4438
 -19.2343 6.4171
226 105 7
 -18.8503 22.3451
 -18.8392 23.5813
 -19.105 24.034
 -20.3513 24.7616
 -21.4567 25.6415
 -21.8256 26.1098
 -21.9346 26.1786
226 67 11
 -18.8503 22.3451
 -18.7568 20.9192
 -18.7845 20.1611
 -18.443 19.9695
 -17.5646 20.7999
 -16.7645 21.5993
 -16.4447 22.5131
 -16.1789 23.8023
 -15.9424 24.3986
 -15.9547 24.5037
 -15.9973 24.5284
227 128 8
 -15.9965 25.3053
 -16.4314 26.0599
 -17.0569 26.7873
 -17.2847 27.2501
 -17.1845 27.5931
 -17.6651 28.3509
 -18.0949 29.0858
 -18.1337 29.158
227 67 4
 -15.9965 25.3053
 -15.8731 24.8061
 -15.9869 24.5388
 -15.9973 24.5284
228 72 18
 -3.90605 43.1009
 -2.72235 43.4073
 -2.6332 42.7808
 -2.80765 42.1672
 -2.71045 41.9828
 -1.3144 41.3618
 0.05525 40.9022
 0.44455 40.887
 1.58145 41.2579
 2.75385 42.1899
 3.44855 42.2355
 4.09905 41.5791
 4.5899 41.3311
 5.2957 41.3172
 5.766 40.9974
 6.36775 40.3323
 7.13295 40.1831
 7.2834 40.3647
228 60 9
 -3.90605 43.1009
 -5.51005 43.0563
 -6.93675 43.8216
 -7.96255 44.4186
 -8.3838 44.5053
 -8.6089 44.3934
 -8.6986 44.391
 -8.74785 44.3951
 -8.7528 44.3953
229 60 15
 -12.0704 40.7095
 -11.443 41.1031
 -10.5619 41.4735
 -10.312 41.5683
 -10.2316 41.6122
 -10.1285 42.1947
 -10.163 42.8867
 -10.1425 43.3715
 -9.94555 43.685
 -9.4602 43.8921
 -8.98195 44.0082
 -8.90645 44.0338
 -8.8815 44.1602
 -8.80465 44.3289
 -8.7528 44.3953
229 128 23
 -12.0704 40.7095
 -12.3126 39.6744
 -12.7022 38.8312
 -12.9851 38.6517
 -13.5317 38.0746
 -14.0403 37.0396
 -13.335 35.8745
 -14.3624 36.3096
 -14.8934 35.9748
 -15.6091 35.6635
 -16.3898 34.702
 -16.694 33.7175
 -16.6293 33.1772
 -16.7559 32.5658
 -17.0583 31.6306
 -17.0379 30.7713
 -16.8195 30.5612
 -16.8885 30.2934
 -17.226 29.9395
 -17.5942 29.5977
 -17.8434 29.3737
 -18.074 29.2389
 -18.1337 29.158
230 122 9
 -27.801 33.5877
 -28.4282 33.2472
 -28.4693 32.8626
 -28.4718 32.7917
 -28.5532 32.4616
 -28.7329 31.8305
 -28.6901 31.1091
 -28.6744 30.6703
 -28.7614 30.6142
230 113 8
 -27.801 33.5877
 -27.1341 33.7235
 -26.5108 33.7934
 -25.812 33.7459
 -25.4414 33.5471
 -25.0294 33.4582
 -24.8771 33.6317
 -24.8817 33.666
231 113 6
 -24.3034 37.0909
 -23.7564 36.2519
 -23.9201 35.1695
 -24.5939 33.9692
 -24.8898 33.7044
 -24.8817 33.666
231 80 4
 -24.3034 37.0909
 -24.7476 37.9033
 -24.8757 37.999
 -24.9007 38.0131
232 4 11
 -50.6447 37.1695
 -49.3751 37.3694
 -49.0769 37.8604
 -47.8489 37.8479
 -46.382 37.5284
 -45.2008 37.8745
 -44.2345 38.3227
 -44.3546 39.1709
 -44.9635 40.2908
 -45.4097 40.6739
 -45.4352 40.7407
232 15 6
 -50.6447 37.1695
 -51.9783 36.4202
 -52.812 35.3331
 -53.3779 34.9325
 -53.4375 34.8112
 -53.4466 34.7946
233 133 12
 -25.5849 66.342
 -25.9247 66.5006
 -26.2611 66.4528
 -26.5745 66.265
 -26.687 66.2081
 -26.6977 66.2256
 -26.7022 66.4294
 -26.75 66.7556
 -26.7668 66.8938
 -26.7226 66.9783
 -26.6935 67.0822
 -26.6903 67.1105
233 74 12
 -25.5849 66.342
 -25.3146 66.0504
 -25.1355 65.7392
 -24.9487 65.5881
 -25.13 65.4623
 -25.3186 65.2377
 -25.4205 65.1808
 -25.4618 65.0871
 -25.422 64.901
 -25.3413 64.7842
 -25.2348 64.7337
 -25.1671 64.7045
234 32 17
 -29.2362 70.8343
 -29.0676 71.4586
 -28.2986 71.7944
 -28.0908 72.2887
 -27.5328 72.9118
 -27.3505 73.2703
 -27.7438 73.9021
 -28.0318 74.5816
 -28.3805 74.9974
 -28.666 75.2253
 -28.7305 75.5539
 -28.781 75.8418
 -28.8692 76.2056
 -28.9029 76.5585
 -28.8505 76.595
 -28.8389 76.6511
 -28.8319 76.6906
234 133 19
 -29.2362 70.8343
 -29.073 69.9292
 -29.4561 69.2114
 -29.4226 69.0133
 -29.3995 68.8547
 -29.3675 68.7659
 -29.2558 68.8109
 -28.9446 68.6926
 -28.6977 68.5511
 -28.3244 68.6626
 -27.8754 68.7942
 -27.629 68.4312
 -27.3207 67.7106
 -27.114 67.3834
 -26.9853 67.3127
 -26.875 67.2616
 -26.774 67.2097
 -26.6882 67.1349
 -26.6903 67.1105
235 30 10
 -45.2065 73.0124
 -45.4166 72.4982
 -45.7603 72.3464
 -45.8411 72.2977
 -45.696 72.0733
 -45.5345 71.8626
 -45.4723 71.81
 -45.463 71.7679
 -45.5393 71.7424
 -45.5739 71.7432
235 84 13
 -45.2065 73.0124
 -45.0098 73.6228
 -44.719 73.9209
 -44.9444 74.0026
 -45.4466 74.2627
 -45.7226 74.5714
 -45.6138 74.6241
 -45.335 74.7195
 -44.7921 74.8398
 -44.3396 74.7936
 -44.3255 74.6991
 -44.3689 74.6388
 -44.3825 74.6309
236 5 3
 -45.4328 70.6578
 -45.2982 70.0081
 -45.2762 69.98
236 30 5
 -45.4328 70.6578
 -45.5611 71.3861
 -45.5409 71.6172
 -45.5393 71.7424
 -45.5739 71.7432
237 56 10
 -53.4919 67.9605
 -52.203 82.5941
 -51.9964 81.6389
 -51.9939 81.6443
 -51.8102 81.9594
 -51.566 82.2511
 -51.4473 82.3191
 -51.2915 82.2083
 -51.1543 81.9915
 -51.1113 81.9497
237 7 12
 -53.4919 67.9605
 -54.4302 53.2468
 -53.7758 54.0671
 -52.3691 54.6463
 -51.1898 55.3111
 -50.8388 55.3275
 -50.7134 55.3615
 -50.5663 55.4754
 -50.2225 55.5164
 -49.8871 55.6812
 -49.8029 55.8528
 -49.8061 55.8567
238 70 8
 -41.0266 75.5912
 -40.3618 75.377
 -40.0161 75.263
 -39.9007 75.3088
 -39.8918 75.3246
 -39.8463 75.265
 -39.7861 75.1765
 -39.7678 75.1513
238 84 15
 -41.0266 75.5912
 -41.6033 75.5652
 -41.7737 75.3802
 -41.8154 75.0631
 -41.9601 74.5742
 -42.3126 74.3294
 -42.5534 74.3539
 -43.1054 74.1855
 -43.7267 74.1152
 -43.8844 74.3736
 -43.9747 74.5278
 -44.0977 74.6131
 -44.2798 74.6731
 -44.3689 74.6388
 -44.3825 74.6309
239 32 29
 -19.1079 76.3991
 -20.4556 75.7983
 -21.008 75.6874
 -21.1553 75.7567
 -21.6896 75.8356
 -22.2211 75.7795
 -22.3982 75.5442
 -22.4353 75.1747
 -22.4348 74.8948
 -22.5817 74.7057
 -23.11 74.5083
 -23.8079 74.3096
 -24.5274 73.8298
 -24.9963 73.6189
 -25.1437 73.6055
 -25.9831 73.3517
 -26.9698 73.362
 -27.3749 73.4641
 -27.7438 73.9021
 -28.0318 74.5816
 -28.3805 74.9974
 -28.666 75.2253
 -28.7305 75.5539
 -28.781 75.8418
 -28.8692 76.2056
 -28.9029 76.5585
 -28.8505 76.595
 -28.8389 76.6511
 -28.8319 76.6906
239 121 4
 -19.1079 76.3991
 -18.0344 76.9436
 -17.7382 76.9663
 -17.7033 76.9425
240 77 7
 -8.27275 83.1311
 -7.8975 82.5085
 -7.7609 82.1415
 -7.3311 82.0355
 -6.89695 82.1853
 -6.7693 82.1771
 -6.7195 82.179
240 88 11
 -8.27275 83.1311
 -8.6849 83.827
 -9.0168 83.9361
 -8.392 84.293
 -7.9851 84.6387
 -7.87135 85.1083
 -7.13425 85.6172
 -6.32825 85.8842
 -6.074 86.2805
 -5.8912 86.5429
 -5.794 86.5824
241 8 22
 0.02855 86.2398
 1.1226 85.8415
 1.5798 85.2021
 1.83365 84.6191
 1.4989 83.981
 1.1249 83.364
 1.13225 83.2682
 1.37515 82.8197
 1.4255 82.1049
 1.27825 81.7382
 0.7834 81.1529
 -0.3238 80.4716
 -1.08015 80.3284
 -1.67235 81.0511
 -2.3187 81.9667
 -2.68975 82.1831
 -3.3522 81.7427
 -3.8242 80.6275
 -3.8557 79.798
 -3.89475 79.4682
 -3.88495 79.3217
 -3.8725 79.2891
241 16 6
 0.02855 86.2398
 -1.14415 86.758
 -1.9836 88.2124
 -2.39485 89.5518
 -2.18905 89.6196
 -2.1408 89.6
242 13 15
 -5.5693 72.8359
 -5.38175 71.3829
 -4.9963 70.4706
 -4.6801 70.0791
 -4.82335 69.6751
 -4.9734 69.4142
 -4.9179 69.2526
 -4.788 69.0141
 -4.5046 68.7184
 -4.16395 68.4062
 -3.74135 67.9651
 -3.48705 67.6782
 -3.30665 67.6599
 -3.1453 67.6637
 -3.1372 67.6844
242 61 18
 -5.5693 72.8359
 -5.601 73.9216
 -4.90365 75.1497
 -4.9361 76.1171
 -5.80855 76.1276
 -6.0337 76.0925
 -6.1731 76.0138
 -6.2998 75.903
 -6.4798 75.9088
 -6.68595 76.1504
 -6.99375 76.6598
 -7.2121 76.7005
 -7.376 76.322
 -7.8943 76.2771
 -8.34045 76.4924
 -8.18965 76.7517
 -7.7843 77.4044
 -7.631 77.892
243 18 16
 2.4051 66.0031
 3.3622 66.4301
 3.70505 66.8717
 3.77275 67.1057
 3.8509 67.4008
 4.1896 67.7072
 4.71495 68.2921
 5.1928 69.1411
 5.65295 69.5773
 6.0629 69.781
 6.4766 70.4232
 6.58835 71.2673
 6.8149 71.7592
 7.18215 71.7647
 7.2508 71.5698
 7.256 71.4801
243 106 4
 2.4051 66.0031
 1.64165 65.6988
 1.5215 65.4438
 1.5447 65.4102
244 106 12
 0.49645 62.2086
 -0.1453 63.1733
 -0.03425 63.8504
 0.6724 64.2855
 1.12485 64.4902
 0.79415 64.4112
 0.50895 64.468
 0.5077 64.6039
 0.8036 64.8577
 1.30455 65.2862
 1.5215 65.4438
 1.5447 65.4102
244 47 10
 0.49645 62.2086
 1.1341 61.5315
 1.3723 61.3429
 1.7971 61.1563
 2.18735 60.5562
 2.14115 59.8826
 2.3565 59.6609
 1.85595 59.6081
 1.57245 59.5372
 1.4988 59.5265
245 106 12
 -1.27725 62.4805
 -0.5781 63.3871
 -0.03425 63.8504
 0.6724 64.2855
 1.12485 64.4902
 0.79415 64.4112
 0.50895 64.468
 0.5077 64.6039
 0.8036 64.8577
 1.30455 65.2862
 1.5215 65.4438
 1.5447 65.4102
245 59 6
 -1.27725 62.4805
 -2.3099 61.4135
 -3.3353 61.2591
 -4.06955 61.43
 -4.39055 61.3642
 -4.415 61.3501
246 59 14
 -6.53785 56.896
 -6.14925 57.8025
 -6.1131 58.0184
 -5.9606 58.4576
 -5.91065 58.7579
 -5.92675 58.8272
 -5.729 58.9721
 -5.1706 59.4351
 -4.75265 59.8753
 -4.57315 60.4258
 -4.4304 61.0611
 -4.3865 61.2451
 -4.3966 61.3113
 -4.415 61.3501
246 107 9
 -6.53785 56.896
 -6.25115 55.6529
 -5.46905 55.271
 -6.2778 55.5655
 -7.2432 55.5865
 -7.5834 55.1102
 -7.9811 55.0594
 -8.25815 55.2102
 -8.2796 55.2221
247 76 29
 -8.46265 52.6861
 -9.22825 51.2048
 -9.68135 50.7459
 -9.04355 51.0437
 -7.77095 51.4977
 -6.847 51.3471
 -6.66275 50.9816
 -7.03605 50.7025
 -7.5203 49.9902
 -7.6278 49.3493
 -7.6204 49.0005
 -7.55075 48.6194
 -7.48115 48.166
 -7.5344 47.7191
 -7.6448 47.379
 -7.87105 46.9228
 -8.0469 46.5696
 -8.22455 46.8484
 -8.51255 47.0718
 -9.04615 47.3356
 -9.49915 47.6763
 -9.70005 47.5935
 -10.2258 47.3104
 -10.6569 47.0297
 -10.8749 46.8914
 -11.2703 46.8221
 -11.6817 46.7524
 -11.8575 46.6658
 -11.8527 46.6384
247 107 7
 -8.46265 52.6861
 -8.1235 54.0611
 -8.04935 54.4809
 -7.8215 54.7543
 -7.9811 55.0594
 -8.25815 55.2102
 -8.2796 55.2221
248 76 32
 -2.13605 50.1521
 -2.06325 50.9101
 -2.5496 51.2892
 -3.6299 51.3527
 -4.6404 51.3944
 -5.02505 50.9305
 -5.44455 50.633
 -5.9864 50.8923
 -6.5429 51.0065
 -6.66275 50.9816
 -7.03605 50.7025
 -7.5203 49.9902
 -7.6278 49.3493
 -7.6204 49.0005
 -7.55075 48.6194
 -7.48115 48.166
 -7.5344 47.7191
 -7.6448 47.379
 -7.87105 46.9228
 -8.0469 46.5696
 -8.22455 46.8484
 -8.51255 47.0718
 -9.04615 47.3356
 -9.49915 47.6763
 -9.70005 47.5935
 -10.2258 47.3104
 -10.6569 47.0297
 -10.8749 46.8914
 -11.2703 46.8221
 -11.6817 46.7524
 -11.8575 46.6658
 -11.8527 46.6384
248 125 8
 -2.13605 50.1521
 -2.0687 49.4935
 -1.4471 49.3272
 -1.04825 48.9588
 -0.7507 48.4446
 0.0531 47.628
 0.6975 46.8528
 0.5515 46.8667
249 72 15
 14.078 35.2683
 13.5208 36.4418
 12.8822 37.3716
 12.5611 37.703
 11.7297 37.3672
 10.8794 37.1894
 10.2691 37.4294
 9.94375 38.0968
 9.3874 38.6752
 8.74255 38.9177
 8.38335 39.4571
 8.01105 39.9836
 7.7559 40.2026
 7.40645 40.3688
 7.2834 40.3647
249 114 9
 14.078 35.2683
 13.6689 33.9146
 13.2134 33.1372
 13.6689 33.34
 15.3512 33.6236
 16.7509 33.485
 16.9634 33.497
 17.0106 33.5549
 17.0179 33.5682
250 9 8
 19.5152 60.9904
 19.6405 60.5051
 19.7433 60.2427
 19.6234 60.3634
 19.3626 60.4237
 19.0087 61.0592
 18.7966 61.7552
 18.7811 61.7797
250 40 5
 19.5152 60.9904
 19.7295 61.5762
 20.0048 61.954
 20.0332 62.0031
 20.0396 62.0129
251 43 18
 24.1111 64.3329
 24.5945 64.7674
 24.5579 65.3128
 24.3448 65.7669
 24.1233 65.9996
 23.9557 66.131
 23.8731 66.3479
 23.8129 66.5771
 23.7951 66.6749
 23.7976 66.8683
 23.8321 67.0502
 23.8458 67.1705
 23.8297 67.3147
 23.8904 67.1969
 23.9955 67.149
 24.0711 67.1161
 24.1038 67.0918
 24.1377 67.0848
251 24 17
 24.1111 64.3329
 23.4485 64.0051
 23.1077 63.8533
 23.0869 63.7672
 23.2061 63.6703
 23.3258 63.5884
 23.2216 63.5438
 22.9978 63.3571
 22.7468 63.1313
 22.4095 63.1294
 22.0868 62.6049
 21.923 62.0252
 21.5143 61.9534
 20.9883 61.6257
 20.74 61.5087
 20.643 61.7668
 20.6547 61.8952
252 18 6
 7.93705 72.6295
 7.69235 72.1634
 7.6971 71.9294
 7.4261 71.7593
 7.2508 71.5698
 7.256 71.4801
252 79 7
 7.93705 72.6295
 8.3627 73.0636
 8.5697 73.1146
 9.0114 73.0108
 9.4261 73.1362
 9.57955 73.2749
 9.6387 73.2651
253 0 4
 10.6499 72.9191
 11.3261 72.9369
 11.6069 72.8253
 11.6684 72.7406
253 79 5
 10.6499 72.9191
 9.99935 73.0867
 9.7599 73.2959
 9.6764 73.2789
 9.6387 73.2651
254 53 24
 9.85875 79.8445
 10.2497 80.5802
 10.4075 80.715
 11.2319 80.5457
 11.9821 80.4039
 12.3477 81.1817
 12.9853 82.2645
 13.3502 82.6624
 13.3672 82.8291
 13.2169 82.909
 12.6623 83.1434
 12.232 83.2465
 12.0394 83.4149
 11.5641 83.511
 10.868 83.7723
 10.5706 84.1668
 10.7056 84.3696
 10.7907 84.6446
 10.9598 84.9361
 11.0903 85.0219
 11.1014 85.0827
 11.1222 85.1625
 11.1397 85.2161
 11.1426 85.2282
254 131 14
 9.85875 79.8445
 9.45735 79.2274
 8.9416 78.765
 8.1572 78.0701
 7.887 77.8368
 7.95825 77.5965
 7.93315 77.0331
 7.79005 76.2163
 7.78705 75.6434
 7.9479 75.5148
 8.1085 75.4628
 8.1081 75.3808
 8.04445 75.3252
 8.0386 75.3193
255 53 32
 17.8496 84.862
 17.1554 84.7407
 16.945 84.6395
 16.8163 84.5898
 16.0615 84.4407
 15.2289 84.159
 14.9741 84.0224
 14.7315 84.2402
 14.4037 84.5005
 14.0295 84.6714
 13.7999 84.8007
 13.7968 84.7711
 13.8645 84.5778
 13.8124 84.2911
 13.7615 83.9808
 13.5828 83.3889
 13.3672 82.8291
 13.2169 82.909
 12.6623 83.1434
 12.232 83.2465
 12.0394 83.4149
 11.5641 83.511
 10.868 83.7723
 10.5706 84.1668
 10.7056 84.3696
 10.7907 84.6446
 10.9598 84.9361
 11.0903 85.0219
 11.1014 85.0827
 11.1222 85.1625
 11.1397 85.2161
 11.1426 85.2282
255 89 19
 17.8496 84.862
 18.8574 85.1682
 19.5483 85.8503
 19.9943 86.5138
 20.1908 86.7397
 19.9056 86.9662
 19.6591 87.2195
 19.6573 87.2599
 19.7041 87.5506
 19.7984 87.8539
 19.5846 87.9082
 19.4194 88.154
 19.3475 88.3718
 19.2148 88.5316
 19.0978 88.6886
 19.0211 88.7757
 18.9342 88.8536
 18.8439 88.8961
 18.8281 88.8933
256 69 7
 21.5191 78.852
 22.3326 80.1236
 22.6627 80.4444
 23.2356 80.8828
 23.7893 81.1035
 23.8482 81.1554
 23.8546 81.1672
256 10 4
 21.5191 78.852
 20.9298 77.5516
 20.8853 77.4001
 20.8751 77.3404
257 22 6
 12.0478 75.7017
 12.1295 76.0622
 12.1374 76.0906
 12.2775 76.224
 12.426 76.3481
 12.4359 76.3543
257 0 7
 12.0478 75.7017
 12.0765 74.9818
 11.9511 74.4339
 11.5068 73.8864
 11.4188 73.2122
 11.6069 72.8253
 11.6684 72.7406
258 11 14
 34.2614 64.7811
 34.5708 64.5019
 34.6979 64.3809
 34.812 64.2341
 34.8176 64.0151
 34.6785 63.8398
 34.657 63.6048
 34.9055 63.4244
 35.0879 63.3787
 35.1918 63.2353
 35.4892 63.4185
 35.6641 63.7446
 35.5757 63.8754
 35.5225 63.9485
258 3 4
 34.2614 64.7811
 33.8225 64.9931
 33.6362 64.978
 33.6329 64.9698
259 118 36
 31.5413 68.832
 30.6597 67.9483
 30.387 67.1299
 30.4075 66.4408
 29.9385 65.9245
 30.1268 65.3339
 30.4734 64.7857
 30.398 64.091
 29.9698 63.0816
 29.6019 62.2744
 29.5947 61.586
 29.1525 61.1406
 28.6352 60.9661
 28.2915 59.9146
 27.975 58.8755
 27.8712 58.4398
 27.814 58.0375
 27.7761 57.8862
 27.6028 57.7421
 27.2187 57.6273
 26.5679 57.5577
 26.1383 57.558
 26.1738 57.436
 26.2923 57.1429
 26.4908 56.6138
 26.5849 56.334
 26.5893 56.1912
 26.5403 55.8786
 26.4908 55.6806
 26.4594 55.5978
 26.4459 55.0826
 26.4659 54.4972
 26.3818 54.2057
 26.2384 54.0153
 26.1765 53.9806
 26.1718 53.9795
259 38 5
 31.5413 68.832
 31.7233 69.6013
 31.6441 69.9823
 31.5883 70.2163
 31.5073 70.2976
260 33 13
 31.2094 71.1353
 31.1066 71.9006
 30.4677 72.9209
 29.9406 73.1841
 29.7491 73.2325
 29.521 73.3126
 29.4286 73.3792
 29.4157 73.4474
 29.4231 73.5002
 29.4323 73.5899
 29.5346 73.7785
 29.6345 73.9144
 29.6419 73.9318
260 38 4
 31.2094 71.1353
 31.351 70.7496
 31.5219 70.3349
 31.5073 70.2976
261 69 6
 24.9516 81.1846
 24.4895 81.7374
 24.3361 81.8239
 24.2137 81.6608
 23.9972 81.2653
 23.8546 81.1672
261 112 4
 24.9516 81.1846
 25.4887 80.4482
 25.6833 80.3089
 25.698 80.3053
262 83 26
 34.9314 75.6743
 34.0904 74.1319
 35.1715 74.0912
 36.6477 73.1724
 38.0027 72.6268
 39.164 73.1472
 40.0283 73.6181
 39.6147 73.0045
 39.7593 72.3798
 41.1053 71.8237
 42.1662 71.2072
 42.4964 71.3877
 43.1628 71.8697
 43.5728 72
 43.8087 72.1059
 44.0824 72.2421
 44.1884 72.0794
 44.7106 71.6865
 45.2663 71.5177
 45.4416 71.1535
 45.9459 70.1192
 46.2003 69.3325
 45.9346 69.1989
 45.7764 69.1961
 45.707 69.1592
 45.6635 69.1421
262 82 7
 34.9314 75.6743
 35.3477 77.1754
 35.0914 77.6545
 34.8253 78.0214
 35.0238 78.3428
 35.3858 78.5394
 35.5357 78.4467
263 11 45
 42.1417 62.3584
 40.978 63.3622
 40.924 64.5788
 40.8905 65.475
 40.7429 66.1909
 40.9193 66.9809
 41.0518 67.2421
 40.8149 67.1513
 40.3646 67.1758
 40.0142 67.0502
 39.6253 66.5343
 39.333 66.2247
 39.0544 66.2189
 38.2643 65.9209
 37.6856 65.6187
 37.515 65.8703
 37.3714 66.2828
 37.3713 66.4916
 37.2957 66.464
 37.225 66.254
 37.3089 65.7776
 37.5855 65.1093
 37.929 64.7785
 38.0783 64.6956
 37.9033 64.5611
 37.6917 64.5103
 37.6123 64.5524
 37.4109 64.5936
 37.254 64.5794
 37.2247 64.5482
 37.2477 64.4961
 37.2386 64.3963
 37.0985 64.2215
 36.9572 63.9677
 36.7199 63.8579
 36.4802 63.8762
 36.3705 63.9771
 36.2915 64.0934
 36.2225 64.134
 36.0671 64.1573
 35.9089 64.0964
 35.7508 64.0913
 35.5892 64.064
 35.5242 63.969
 35.5225 63.9485
263 116 4
 42.1417 62.3584
 43.7009 61.1122
 44.3573 60.3592
 44.3854 60.3273
264 118 30
 32.2602 63.5779
 31.2086 63.2649
 30.0844 62.8882
 29.6019 62.2744
 29.5947 61.586
 29.1525 61.1406
 28.6352 60.9661
 28.2915 59.9146
 27.975 58.8755
 27.8712 58.4398
 27.814 58.0375
 27.7761 57.8862
 27.6028 57.7421
 27.2187 57.6273
 26.5679 57.5577
 26.1383 57.558
 26.1738 57.436
 26.2923 57.1429
 26.4908 56.6138
 26.5849 56.334
 26.5893 56.1912
 26.5403 55.8786
 26.4908 55.6806
 26.4594 55.5978
 26.4459 55.0826
 26.4659 54.4972
 26.3818 54.2057
 26.2384 54.0153
 26.1765 53.9806
 26.1718 53.9795
264 11 11
 32.2602 63.5779
 33.5626 63.8041
 34.5176 63.7549
 34.657 63.6048
 34.9055 63.4244
 35.0879 63.3787
 35.1918 63.2353
 35.4892 63.4185
 35.6641 63.7446
 35.5757 63.8754
 35.5225 63.9485
265 78 6
 35.3893 45.5797
 35.6401 45.4538
 36.4893 45.2748
 37.3469 45.3029
 37.4261 45.3939
 37.4644 45.3862
265 49 4
 35.3893 45.5797
 35.0769 46.0053
 35.0038 46.4416
 35.0246 46.4696
266 36 5
 33.2392 29.5651
 32.5094 27.2234
 32.3162 25.7464
 32.4051 25.4939
 32.3921 25.4647
266 63 4
 33.2392 29.5651
 33.7774 30.7809
 33.9232 31.0842
 33.9656 31.2597
267 44 8
 24.0576 5.06915
 24.6435 4.68185
 24.849 4.38995
 24.8493 4.31095
 24.8384 4.2553
 24.8352 4.20555
 24.7987 4.12005
 24.7674 4.0679
267 75 12
 24.0576 5.06915
 23.5251 5.2412
 23.3721 5.35145
 23.1315 5.4704
 22.8494 5.5141
 22.8144 5.5292
 22.7491 5.8088
 22.4771 6.11795
 22.2332 6.1674
 22.1646 6.2604
 22.1497 6.3552
 22.1459 6.3599
268 21 23
 25.7131 17.0982
 24.5029 16.6514
 24.0086 16.2626
 23.7521 16.5627
 23.3794 16.9702
 22.8783 16.9823
 22.3312 16.8629
 21.93 16.8356
 21.6063 16.9139
 21.3699 17.0037
 21.2935 16.8182
 21.291 16.5811
 21.4112 16.4536
 21.5852 16.374
 21.8301 16.3585
 22.0587 16.2827
 22.1078 15.7814
 21.9309 15.249
 21.636 14.8862
 21.3623 14.7046
 21.1133 14.7644
 20.9809 14.7236
 20.9801 14.7207
268 98 10
 25.7131 17.0982
 26.5453 17.5046
 27.3823 18.2294
 26.8254 17.6012
 27.33 16.7772
 27.5701 15.7642
 27.7249 15.2535
 28.3428 14.7743
 29.1754 14.363
 29.5175 14.357
269 114 7
 17.909 31.9764
 17.5639 32.991
 17.4559 33.2327
 17.2155 33.4501
 17.0241 33.5411
 17.0106 33.5549
 17.0179 33.5682
269 132 9
 17.909 31.9764
 18.3115 31.0159
 18.2582 30.939
 19.1417 31.1678
 20.4694 31.416
 21.1543 31.8533
 21.3254 32.3674
 21.362 32.5467
 21.3195 32.6139
270 103 10
 12.0843 27.4878
 12.7282 27.9048
 13.0866 27.7997
 13.6383 28.4218
 14.7164 29.1019
 15.7938 29.5442
 16.1703 30.513
 15.7299 31.1413
 15.4017 31.1568
 15.3809 31.1725
270 101 3
 12.0843 27.4878
 11.6186 26.7404
 11.4798 26.5588
271 111 12
 8.3305 21.978
 11.154 21.7544
 12.617 20.5693
 13.1264 19.4818
 13.4514 20.2455
 14.1365 21.1523
 14.8462 20.9807
 15.2646 20.4582
 15.3638 20.7675
 15.6135 21.3041
 15.7783 21.6383
 15.7962 21.7377
271 100 6
 8.3305 21.978
 5.8245 21.9888
 5.1524 22.6821
 5.1765 23.4211
 5.23955 23.6378
 5.3078 23.724
272 111 4
 15.1565 22.8025
 15.4317 22.1829
 15.7303 21.8588
 15.7962 21.7377
272 124 4
 15.1565 22.8025
 15.1196 23.6818
 15.0238 24.1452
 14.9221 24.1459
273 75 28
 20.7626 11.7431
 20.752 11.0499
 20.762 10.6024
 20.8743 10.39
 21.1828 10.2756
 21.342 10.3491
 21.3969 10.2148
 21.6508 9.6525
 21.7216 8.98345
 21.7003 8.73105
 21.5457 8.81005
 21.6646 8.45735
 22.0291 8.07155
 22.2237 7.81205
 22.1802 7.46445
 22.1051 7.23335
 22.203 7.17815
 22.4337 7.218
 22.5207 7.2087
 22.6421 7.1504
 22.4772 7.16615
 22.3849 6.95865
 22.3004 6.71115
 22.262 6.63555
 22.2324 6.6433
 22.1875 6.5367
 22.1527 6.3995
 22.1459 6.3599
273 17 7
 20.7626 11.7431
 20.9723 12.1924
 21.259 12.5805
 21.3894 13.0332
 21.3575 13.187
 21.3074 13.2002
 21.3112 13.2066
274 54 27
 21.246 4.4824
 20.875 4.5004
 20.7159 4.52045
 20.5734 4.3246
 20.4519 4.19355
 20.3937 4.1722
 20.4627 4.14005
 20.5826 4.1185
 20.6823 4.1167
 20.7019 4.0949
 20.6893 4.0431
 20.7577 3.8226
 20.8396 3.58725
 20.8094 3.431
 20.8517 3.1774
 20.9385 3.01515
 20.8139 2.8383
 20.6753 2.5874
 20.6446 2.47055
 20.5607 2.3548
 20.3153 2.2007
 20.0203 2.1808
 19.902 2.19645
 19.8441 2.1517
 19.8036 2.21885
 19.7157 2.2738
 19.7045 2.2795
274 75 18
 21.246 4.4824
 21.5249 4.6259
 21.6852 4.7957
 21.9235 4.9342
 21.6702 5.0282
 21.4641 5.3627
 21.4159 5.60415
 21.3734 5.6313
 21.3031 5.698
 21.3029 5.78555
 21.3769 5.84625
 21.4616 5.87255
 21.6144 5.90855
 21.7808 5.99465
 21.953 6.1133
 22.084 6.28475
 22.1173 6.37365
 22.1459 6.3599
275 31 16
 4.81105 -5.5822
 5.58235 -5.2643
 6.03405 -5.1612
 6.47315 -5.1847
 6.83955 -5.4008
 7.05645 -5.56755
 7.20305 -5.6802
 7.7244 -6.0375
 8.5768 -6.3976
 9.0527 -6.51335
 9.2309 -6.1316
 9.5786 -5.8263
 9.8027 -5.8927
 9.90585 -5.8709
 10.0251 -5.85565
 10.1007 -5.8586
275 130 13
 4.81105 -5.5822
 3.97725 -5.66515
 3.57885 -5.43405
 2.94165 -4.68415
 2.4163 -3.91235
 2.28695 -3.88155
 1.7171 -3.8925
 1.0539 -4.09245
 0.85675 -4.47995
 0.8583 -4.70295
 0.98055 -4.9528
 1.02245 -5.22215
 0.9733 -5.3245
276 54 13
 21.3424 1.9503
 21.1233 2.33255
 20.9192 2.48625
 20.7741 2.4779
 20.6446 2.47055
 20.5607 2.3548
 20.3153 2.2007
 20.0203 2.1808
 19.902 2.19645
 19.8441 2.1517
 19.8036 2.21885
 19.7157 2.2738
 19.7045 2.2795
276 136 20
 21.3424 1.9503
 21.6569 1.626
 21.9521 1.49785
 22.1136 1.28505
 22.3564 1.0369
 22.4788 0.89645
 22.5416 0.71735
 22.5947 0.5722
 22.6423 0.47055
 22.762 0.3251
 22.8591 0.2149
 22.9508 0.195
 23.0505 0.0754
 23.0478 -0.0659
 23.096 -0.1607
 23.1903 -0.3
 23.1936 -0.4662
 23.1807 -0.6024
 23.1287 -0.65325
 23.0995 -0.6506
277 25 10
 31.5806 -5.58445
 30.5889 -5.44025
 30.0879 -5.3159
 29.9905 -4.9637
 29.5991 -4.2293
 29.384 -3.6223
 29.038 -3.01745
 29.4753 -2.13005
 30.2706 -1.50205
 30.4159 -1.3123
277 55 9
 31.5806 -5.58445
 32.6915 -5.18035
 33.1854 -4.81375
 33.6831 -5.0044
 34.1239 -5.20975
 34.7062 -5.22415
 35.8026 -4.70505
 36.4934 -4.0123
 36.6408 -3.8501
283 89 5
 25.5291 88.4945
 25.9153 88.1974
 22.1544 88.7253
 18.8039 88.9247
 18.8281 88.8933
284 56 12
 -51.5701 92.6355
 -51.5952 92.6163
 -52.0121 88.0623
 -52.203 82.5941
 -51.9964 81.6389
 -51.9939 81.6443
 -51.8102 81.9594
 -51.566 82.2511
 -51.4473 82.3191
 -51.2915 82.2083
 -51.1543 81.9915
 -51.1113 81.9497
285 50 13
 -57.482 -6.0735
 -57.5393 -5.4301
 -57.4672 -3.28355
 -57.3084 -1.75595
 -57.1145 -1.1492
 -56.7766 -0.5683
 -56.462 -0.35425
 -55.9862 -0.0681
 -55.3664 0.09085
 -54.6156 -0.02335
 -53.775 -0.62585
 -53.2796 -0.9401
 -53.159 -0.8543
