   7.6252888931758340     
   1.2630013484897940     
   2.3870526033359387     
   1.6249741034853795     
   3.6361099009370674     
  0.99193679958144143     
   3.8562098435484278     
   4.9952349825896700     
  0.84379571894441097     
  0.91160538276254688     
   1.7433515926989653     
   4.8616536548855702     
   1.1125730245990222     
   1.1606223315156796     
   3.6832588850149008     
   1.6938115670012430     
   5.8463581286030708     
  0.83543973599235255     
   12.247915318464921     
   1.8290499907247855     
   2.7636803610006435     
  0.62234883196870228     
  0.42619190705090093     
  0.53892849352106553     
   3.0813152968272735     
  0.52770895367611081     
   1.7541197946042597     
  0.61780951968586206     
  0.92735830363874050     
   1.1642499085896776     
   3.3027317763563242     
   11.101610804429747     
   6.0468793569609494     
   1.8186645456284192     
   4.8270239249032381     
  0.77546945753235841     
   5.2275096344412164     
   3.7752034335838305     
   2.7333498556678966     
   1.5317831723461703     
   2.7110474003843503     
   1.9249447688657078     
   1.3386355176808491     
   1.1326331080452068     
   2.6729539297677549     
  0.84199456723989241     
   5.6048298724524308     
   1.1308600559962765     
   1.7094248606379641     
   1.0687668649097783     
   1.6135049161229853     
   1.1033569289655907     
   9.1135794597113104     
   3.8984267690080880     
   2.9255938875076892     
   15.810112005575858     
   7.7969670120048660     
   2.0431491161184279     
   5.9653644741108911     
   4.8698885510451877     
   2.1922793046283813     
  0.71205947224462551     
   1.3260639235526765     
   1.7695519363560552     
   5.1773297983268431     
   2.7681149022348173     
   4.3040449521626138     
   2.9370992976611414     
   3.7023811927242747     
   1.5740819031815858     
   2.2951220288182439     
   1.3468293337811261     
   3.7669243949177629     
   1.2833950367076248     
   3.8141590632539466     
   1.4948589773488032     
   1.3672925036826000     
   1.0666511581876463     
   1.8008311742648009     
   1.2513410292944591     
   2.2171798558409379     
   7.9843641015769649     
   1.2688723301073468     
   1.5901753038162059     
   4.5679062252359994     
   1.7815629526349910     
   3.5456345649023300     
   1.9221533240630526     
   4.2661751771448531     
   5.6936380780456588     
   4.4018570802962422     
   3.7981072043701021     
   3.5522877153975356     
   7.2553675734075478     
   6.2748913429983562     
   1.1006506068289696     
   3.6172455810428161     
   1.5359834157159515     
   4.8470779731481812     
   1.3440837166904220     
   6.7968600894763789     
   5.9950893061754558     
   2.5136600905072433     
   5.2852687406018903     
   7.2648666082152342     
   8.1621543872803404     
   4.8671678730826056     
   1.5744369731040262     
   3.3826901383051755     
  0.81186291912803443     
   3.9414134290304470     
   1.8098295720651565     
   5.2452480649932136     
   1.1948693456286605     
   3.2325266429887418     
   3.3381542822783459     
   3.9142548429878392     
   1.8089018548043994     
   1.1981807233958950     
   1.3513687466365494     
   3.3645544957685432     
   1.2431130229173517     
   3.4540181237934586     
   2.7991474989057394     
   7.0253567753510078     
  0.64442739337996224     
   1.4927531589957093     
   1.9430251353080059     
  0.20794355003222298     
  0.32489859322055803     
   4.1976831722599872     
   2.1918046247136109     
   7.8441084065749784     
   3.1043358427158902     
   3.5676901379656294     
   4.0082025771298353     
   4.9196734534681532     
   1.1519882345717498     
  0.37638700522255697     
  0.42489307056978320     
   4.9253901841922687     
   1.8421408916161053     
   2.2114328387104805     
  0.86382350148868137     
   6.1664449935907788     
   3.7770063129332301     
  0.29144320527726730     
   1.4915452283535566     
   4.0059089031369970     
   3.0926146291750456     
   1.4510889370456690     
   4.3387014360160805     
  0.37302695678918241     
  0.72258028625450477     
   3.2644482588966102     
   2.3484183577972639     
   1.1831907579271455     
  0.96252653415951372     
   1.7492302103218691     
  0.80093222160842248     
   4.7719905154197590     
   14.112691148388539     
   1.3200717244738085     
  0.77592421887809704     
   9.9219811009020926     
   4.3276937234849759     
   3.5764066571459465     
   3.9444843978910642     
   2.6973024434407749     
   12.830232707369603     
   3.1137276455923790     
   1.5518546735320413     
   7.1900941565831067     
   1.0797798282555646     
   2.2962200882046777     
  0.98146671171717725     
   1.7095304321942764     
   2.0079300988512410     
   3.4044388557675251     
   4.4229324520270676     
   2.4480595629988762     
  0.54364146797543889     
   8.2745114491879068     
   3.0972497811174948     
   2.9617429525841885     
   8.1084459361872163     
   1.9833960373297546     
   1.8716947939171873     
   2.4565444340961378     
  0.98331313983990676     
   5.2604263302102456     
   2.2608894180705001     
   1.2428694417981798     
   1.3229762398585285     
   3.4325798724131085     
   3.0231486904362015     
   1.0276166294876226     
   2.1346968475846504     
  0.69918390503356642     
  0.89933402753389824     
   15.387745651366986     
   17.186077734017818     
  0.95988240838488714     
   2.4670035646722406     
   7.1656077360391999     
   1.2881808535376778     
   1.3473686671843741     
   3.2853112449124384     
   7.7036580847703044     
   2.7873621502043657     
   3.5699266455035827     
   4.8324633424131926     
   4.5788195556930225     
  0.90352304519667781     
   3.2053051492204734     
   2.7214199597612287     
   3.1915198497341182     
   2.2952006356287424     
   3.1018060707130291     
   3.0617145839848545     
   8.0529210819737962     
   2.1120684619267598     
   7.8499180486954305     
   2.6441414459715973     
   5.2155313001783519     
   3.4091906956660960     
   1.4567246494374932     
  0.69219425431122594     
   2.2002241742712503     
   3.2284034223766001     
   1.0260909647772243     
   1.3284977868169863     
  0.88577931320876069     
  0.79715175089929269     
   5.2171069228280116     
   3.1685353710730371     
   5.5415452843669017     
   3.3107943128307014     
   2.3228737786667413     
   1.5488257512007473     
  0.58645599593576658     
   1.9604406123973634     
   1.8614833803728663     
  0.50509716179792274     
   9.1617304106428126     
   1.1458602923753245     
   1.9502439068541626     
  0.49098225959255182     
   1.2705925118288086     
  0.94172991401878248     
   10.212910805799824     
   2.5991842048774148     
   8.4563365860435660     
   2.0810486419422949     
   6.8962452312277405     
   2.3123603265734847     
   1.2168198319545243     
  0.59770876168624321     
   2.7524435336500130     
   1.6906956422782353     
  0.95283634631642200     
   1.4055465982644946     
   4.5414150064839065     
   4.2729504513055208     
   1.4302828999154185     
   3.0291799684426435     
   3.5826795884295097     
   1.1091847321440078     
   6.6329670597516035     
   3.4653115902729184     
  0.95370611294541030     
   1.0834787353854922     
   3.7954253564924390     
   1.0261866559637032     
   2.3154607460586729     
   1.6754359778396526     
   3.3888290461338340     
   3.2567629803168869     
   1.2139670478512392     
   1.8469541292793690     
   3.4788156707476157     
   3.4950476885958714     
   3.8833281144107983     
   6.2006260257927570     
   4.9031302164057688     
