277
131 54 49
 11.9998 16.9268
 12.1996 15.5065
 12.1869 15.153
 12.924 15.1396
 13.5086 14.9713
 13.8995 14.9708
 14.205 14.9572
 14.6986 14.15
 15.2023 13.3277
 15.2592 13.2691
 15.5965 12.9237
 16.0065 12.4929
 16.1393 12.3165
 16.7859 12.2703
 17.6224 11.9601
 17.8225 11.5526
 17.664 11.0219
 17.4741 10.5924
 16.5569 10.0068
 16.6139 8.8539
 17.6255 8.19875
 18.1667 8.14085
 18.9831 7.61045
 19.424 7.05505
 19.8501 6.39415
 20.0623 5.20265
 19.9439 4.6601
 19.9745 4.4826
 20.0221 4.1674
 19.6619 3.505
 19.176 3.02175
 18.9926 3.0545
 18.8246 2.96575
 18.7528 3.04375
 18.0709 3.7431
 17.0601 3.94375
 16.7476 3.6061
 16.6153 3.58255
 16.2317 3.47915
 16.0481 3.21295
 15.8516 3.3711
 15.5359 3.5515
 15.1006 3.92285
 14.4788 4.508
 13.9515 5.03315
 13.6282 5.14485
 13.3707 5.2927
 13.2297 5.53195
 13.1811 5.6087
131 68 8
 11.9998 16.9268
 11.3048 18.0814
 10.9746 18.3549
 10.8696 18.4291
 10.6635 18.4086
 10.2705 18.559
 10.0268 18.7647
 9.9809 18.7477
132 26 10
 -26.2013 31.8746
 -25.9539 32.4553
 -25.6831 32.6907
 -25.5772 33.0299
 -25.6436 33.2794
 -25.626 33.3916
 -25.5845 33.4591
 -25.5436 33.5268
 -25.4984 33.6027
 -25.5062 33.6391
132 10 10
 -26.2013 31.8746
 -26.32 31.2165
 -26.739 30.8939
 -27.2158 30.6257
 -27.4049 30.7211
 -27.5863 30.9164
 -27.7702 30.8073
 -27.9305 30.6809
 -27.9726 30.6609
 -27.9826 30.6539
133 102 14
 -11.7179 57.6798
 -13.3934 58.0893
 -13.7191 58.2416
 -14.2789 58.4391
 -14.6409 58.2243
 -14.5528 57.2903
 -14.9677 56.2457
 -15.6909 55.6716
 -16.8783 54.7299
 -18.782 54.4779
 -20.0602 55.3392
 -20.344 56.4686
 -20.4807 57.1161
 -20.4556 57.1197
133 65 12
 -11.7179 57.6798
 -9.8271 56.9312
 -9.08015 55.7953
 -8.7177 54.9279
 -7.62435 54.5997
 -6.11725 54.481
 -6.7658 54.0685
 -7.2055 53.1325
 -8.64785 51.6608
 -10.3364 50.6856
 -11.0928 50.3034
 -11.2199 50.1972
134 40 11
 -2.5696 59.2621
 -2.1819 61.3293
 -2.70505 61.9488
 -2.5383 62.7185
 -2.8818 63.8678
 -4.1551 64.0773
 -4.77095 64.4841
 -4.59255 65.5588
 -4.39655 65.6723
 -4.1734 65.568
 -4.1133 65.6209
134 65 15
 -2.5696 59.2621
 -3.8639 57.626
 -4.2824 57.619
 -4.43835 57.2901
 -5.3746 56.246
 -6.23605 55.2651
 -6.01645 55.0017
 -5.6371 54.8444
 -6.11725 54.481
 -6.7658 54.0685
 -7.2055 53.1325
 -8.64785 51.6608
 -10.3364 50.6856
 -11.0928 50.3034
 -11.2199 50.1972
135 58 15
 25.7896 38.1252
 25.5527 39.1666
 24.8487 39.9972
 24.3619 40.1525
 24.3647 40.3639
 24.7035 40.9866
 24.885 41.5437
 24.3857 41.7715
 23.9397 41.9056
 23.8244 41.9374
 23.7545 42.0023
 23.7192 42.3352
 23.5629 42.82
 23.4221 43.0707
 23.4562 43.1414
135 127 12
 25.7896 38.1252
 26.0159 37.6828
 26.2638 37.3465
 26.3099 36.9284
 26.4485 36.3216
 26.2499 35.8518
 25.5683 35.4731
 25.0571 35.1007
 24.692 34.6245
 24.4547 34.1976
 24.3567 34.1273
 24.2907 34.0799
136 30 52
 29.0336 -28.7606
 29.3149 -28.292
 30.2771 -28.4466
 30.9419 -28.4767
 31.9052 -28.7934
 32.5601 -28.9606
 32.6958 -29.0248
 33.429 -29.4089
 34.1731 -29.7751
 34.3965 -29.8374
 34.5951 -29.9706
 34.6848 -29.9981
 34.8811 -29.9007
 35.0089 -29.7544
 35.048 -29.8951
 35.2912 -29.8918
 35.5255 -29.8524
 35.595 -29.898
 35.6337 -29.8949
 35.6222 -29.9476
 35.6348 -30.0075
 35.5487 -30.0242
 35.4386 -30.0498
 35.4843 -30.1217
 35.5844 -30.2333
 35.5348 -30.3891
 35.4258 -30.6597
 35.415 -30.9193
 35.4643 -31.0552
 35.4927 -31.1454
 35.4869 -31.1861
 35.4723 -31.2618
 35.4997 -31.4509
 35.6023 -31.5565
 35.7145 -31.6655
 35.7046 -31.9836
 35.8506 -32.2816
 36.1935 -32.323
 36.375 -32.2277
 36.6241 -32.1486
 36.8502 -32.1138
 36.9194 -32.2097
 37.0273 -32.2183
 37.1329 -32.209
 37.1797 -32.3702
 37.2045 -32.5559
 37.2499 -32.7104
 37.23 -32.7948
 37.1681 -32.8372
 37.102 -32.9153
 37.0687 -32.9773
 37.0786 -32.9888
136 111 6
 29.0336 -28.7606
 29.5486 -30.4232
 29.5204 -31.445
 29.3288 -31.6772
 29.2109 -31.83
 29.1922 -31.9193
137 48 26
 38.0926 -21.2604
 37.8675 -19.8365
 38.4211 -18.8985
 38.6085 -18.7253
 38.2693 -18.9153
 37.5404 -19.0542
 37.1033 -18.8208
 37.0266 -18.3391
 36.9633 -17.617
 37.204 -16.9096
 37.5963 -16.5595
 38.0143 -16.4987
 38.35 -16.3666
 38.4608 -16.1817
 38.8266 -15.9932
 39.1301 -15.904
 39.173 -15.8527
 39.2451 -15.8374
 39.3179 -15.8615
 39.384 -15.9223
 39.4359 -15.8732
 39.5497 -15.7409
 39.9006 -15.6035
 40.308 -15.4135
 40.4949 -15.3504
 40.5222 -15.3696
137 117 9
 38.0926 -21.2604
 38.6764 -21.9981
 38.6888 -22.1604
 38.9275 -22.6069
 39.064 -23.4669
 39.0033 -24.1877
 39.047 -24.4292
 39.0447 -24.5324
 39.0261 -24.5471
138 53 19
 -2.30335 19.57
 -2.92735 18.906
 -3.6225 18.8001
 -4.35125 18.6454
 -4.0696 19.6979
 -4.7642 20.9239
 -5.56515 21.2708
 -5.90115 21.2521
 -6.0884 21.2554
 -6.3131 21.2085
 -6.6815 21.2729
 -6.8305 21.4408
 -6.5739 21.8972
 -6.5005 22.5732
 -6.9825 23.0105
 -7.73365 23.352
 -8.2929 23.5166
 -8.4979 23.5127
 -8.5167 23.5243
138 84 4
 -2.30335 19.57
 -1.3519 20.0176
 -0.624 19.9679
 -0.5986 19.9891
139 3 18
 36.0332 9.19295
 35.2513 9.6667
 35.0884 9.93725
 35.0005 10.3951
 34.7643 11.0361
 34.4768 11.3908
 34.2413 11.4261
 34.056 11.51
 34.0358 11.5626
 33.9797 11.427
 33.9383 11.2376
 33.8303 11.1994
 33.5872 11.149
 33.3825 11.0543
 33.0283 10.9609
 32.6098 10.9948
 32.4334 11.1367
 32.4135 11.1465
139 5 4
 36.0332 9.19295
 36.6931 8.50345
 36.6319 8.1343
 36.6065 8.0506
140 23 12
 -25.0674 -9.1399
 -24.2054 -9.92045
 -24.3652 -10.577
 -24.771 -11.0975
 -24.9559 -11.2961
 -24.9403 -11.4065
 -24.9631 -11.5124
 -24.9529 -11.6298
 -24.9222 -11.801
 -24.9223 -11.8885
 -24.9133 -11.9412
 -24.9053 -11.9872
140 113 6
 -25.0674 -9.1399
 -26.6036 -8.23455
 -27.445 -7.76475
 -27.7292 -7.52305
 -27.9259 -7.2184
 -27.9608 -7.1137
141 53 18
 -0.91535 22.7847
 -1.2909 21.8959
 -1.63915 21.7734
 -2.2255 21.8956
 -3.564 22.673
 -4.8453 22.8645
 -5.70775 22.2816
 -6.3922 21.8321
 -6.79855 21.4389
 -6.6815 21.2729
 -6.8305 21.4408
 -6.5739 21.8972
 -6.5005 22.5732
 -6.9825 23.0105
 -7.73365 23.352
 -8.2929 23.5166
 -8.4979 23.5127
 -8.5167 23.5243
141 66 7
 -0.91535 22.7847
 -0.18005 23.6464
 0.3141 23.9962
 -0.00430001 24.3745
 -0.2551 24.5558
 -0.35685 24.5973
 -0.3684 24.5899
142 72 14
 -21.3454 35.6609
 -22.1265 35.3841
 -22.465 35.178
 -22.6711 34.953
 -22.8374 34.8116
 -22.8184 34.5666
 -22.6966 34.4044
 -22.8216 34.3756
 -22.9477 34.3013
 -23.0245 34.215
 -23.1024 34.1528
 -23.1841 34.1151
 -23.2749 34.0968
 -23.295 34.0942
142 96 4
 -21.3454 35.6609
 -20.4385 36.33
 -20.0878 36.7874
 -20.0677 36.8121
143 61 7
 24.3817 61.9091
 25.5539 61.6907
 26.4701 61.7757
 27.3197 61.7864
 27.6694 61.4333
 27.6104 61.2417
 27.4978 61.2054
143 62 16
 24.3817 61.9091
 23.1231 61.6928
 22.1436 60.8649
 21.4635 60.3417
 21.0506 60.389
 20.7566 60.7754
 20.1637 61.0112
 19.5494 60.8727
 18.7359 60.9244
 17.6467 61.7157
 17.2122 62.5473
 16.9562 62.7887
 16.5247 63.4624
 15.7943 63.8758
 15.3165 63.7355
 15.2873 63.7478
144 41 22
 34.6052 50.1292
 35.3478 50.9441
 36.1361 51.4531
 36.2963 51.5166
 36.4958 51.5409
 36.6532 51.6614
 36.7977 51.7924
 37.0039 52.2271
 37.5096 52.9001
 37.8424 53.1992
 38.3224 53.0124
 38.8647 52.8094
 38.9375 53.0726
 38.7675 53.5352
 38.5516 53.7838
 38.5012 53.896
 38.4254 54.047
 38.0644 54.5922
 37.6924 55.5618
 37.6015 56.2785
 37.5818 56.4692
 37.5676 56.4665
144 110 12
 34.6052 50.1292
 34.5293 48.7586
 34.6601 47.4649
 34.8656 46.9804
 34.7755 46.8681
 34.8326 46.7153
 35.3178 46.0897
 35.8224 45.351
 35.899 44.4133
 35.9462 43.6553
 35.9692 43.4959
 35.9813 43.3637
145 82 16
 -45.4331 -18.819
 -43.3985 -18.3855
 -41.7386 -17.7304
 -40.3184 -17.7785
 -39.9084 -17.9201
 -38.9352 -18.2122
 -37.9019 -18.4156
 -37.7665 -18.1903
 -37.8078 -17.9685
 -37.7506 -17.9087
 -37.2732 -17.8581
 -36.6379 -17.4514
 -36.3108 -17.097
 -36.0247 -17.3471
 -35.7251 -17.612
 -35.7025 -17.6112
145 97 3
 -45.4331 -18.819
 -47.9919 -18.4505
 -49.1519 -18.2182
146 23 10
 -27.4954 -14.5575
 -27.0056 -13.2043
 -26.6821 -12.3021
 -26.5658 -12.1762
 -26.106 -12.2411
 -25.4335 -12.3715
 -25.0005 -12.2863
 -24.9232 -12.1376
 -24.9128 -12.035
 -24.9053 -11.9872
146 101 4
 -27.4954 -14.5575
 -27.626 -15.1009
 -27.5765 -15.1187
 -27.5329 -15.1132
147 113 13
 -43.4915 -3.9128
 -42.9103 -4.95735
 -41.6491 -6.6097
 -39.2387 -6.6483
 -36.9643 -5.3103
 -35.1246 -4.68725
 -33.6265 -4.3274
 -32.173 -5.15655
 -31.2942 -6.1722
 -31.0868 -6.1369
 -29.4701 -6.55245
 -28.0128 -7.06635
 -27.9608 -7.1137
147 67 5
 -43.4915 -3.9128
 -44.1769 -2.2224
 -44.8769 -0.5623
 -45.5219 -0.11175
 -45.7844 0.0343
148 37 8
 -7.6758 -12.0188
 -6.56335 -12.305
 -5.91575 -12.3347
 -5.7903 -12.2618
 -5.6367 -12.202
 -5.5028 -12.2197
 -5.4283 -12.2589
 -5.3988 -12.2529
148 89 7
 -7.6758 -12.0188
 -9.2915 -12.7544
 -10.3666 -13.7542
 -10.9645 -13.2721
 -11.2318 -12.1573
 -11.3584 -11.4136
 -11.8007 -11.3507
149 108 20
 -9.5589 -21.6521
 -9.8766 -22.5503
 -10.5584 -22.9244
 -11.7153 -23.358
 -12.6189 -23.4774
 -12.7688 -23.9426
 -12.9885 -24.6993
 -12.874 -25.3657
 -12.7565 -25.7307
 -12.9164 -25.7463
 -12.9263 -26.4324
 -12.6438 -27.0838
 -13.0912 -28.0033
 -13.4361 -28.9116
 -14.2885 -27.8805
 -15.5598 -26.6043
 -16.7657 -25.9662
 -17.6413 -25.6157
 -17.8844 -25.6846
 -17.896 -25.6973
149 129 20
 -9.5589 -21.6521
 -10.1653 -20.5926
 -10.7696 -20.38
 -11.1248 -20.1534
 -11.3753 -18.9701
 -11.5048 -17.823
 -12.2551 -17.8036
 -13.4721 -17.6425
 -14.1491 -17.2835
 -14.2012 -17.0298
 -14.4837 -16.2952
 -14.7788 -15.7802
 -15.0047 -15.4446
 -15.4095 -14.7884
 -15.6429 -14.2793
 -15.7778 -14.2151
 -15.9707 -14.3024
 -16.1652 -14.2332
 -16.2757 -14.2301
 -16.2776 -14.2597
150 92 30
 15.1364 -8.98385
 14.5477 -9.48315
 14.5138 -10.462
 14.6607 -12.0073
 14.4755 -12.7584
 14.5688 -13.0181
 15.1854 -13.2306
 16.003 -13.2212
 16.4935 -13.1834
 16.7173 -13.095
 16.8452 -13.2631
 17.0904 -13.8074
 17.4474 -14.1371
 17.7176 -14.4261
 18.1063 -14.7683
 18.6032 -15.2723
 18.9066 -15.878
 18.9894 -16.0511
 19.0037 -16.1463
 19.0399 -16.2687
 19.1107 -16.3726
 19.3265 -16.5161
 19.5185 -16.6621
 19.5082 -16.7617
 19.4619 -16.8784
 19.3675 -16.9953
 19.1536 -17.1602
 19.002 -17.2994
 18.9949 -17.3216
 18.9836 -17.3254
150 69 9
 15.1364 -8.98385
 14.3944 -8.5101
 12.8104 -7.948
 12.1973 -7.4184
 12.8458 -7.1758
 13.7154 -6.94355
 14.4171 -6.68135
 14.864 -6.25015
 14.9039 -6.1897
151 34 11
 14.1943 1.333
 14.8683 0.02635
 15.068 -0.505
 14.8566 -0.79115
 14.7761 -1.06155
 14.859 -1.3434
 14.9165 -1.51905
 14.9487 -1.5265
 14.9838 -1.611
 14.9462 -1.71515
 14.8895 -1.7407
151 54 13
 14.1943 1.333
 14.0185 2.4887
 14.6879 3.0492
 15.4496 3.3581
 15.8516 3.3711
 15.5359 3.5515
 15.1006 3.92285
 14.4788 4.508
 13.9515 5.03315
 13.6282 5.14485
 13.3707 5.2927
 13.2297 5.53195
 13.1811 5.6087
152 53 12
 -8.02405 20.364
 -7.5843 21.188
 -6.99705 21.3274
 -6.6815 21.2729
 -6.8305 21.4408
 -6.5739 21.8972
 -6.5005 22.5732
 -6.9825 23.0105
 -7.73365 23.352
 -8.2929 23.5166
 -8.4979 23.5127
 -8.5167 23.5243
152 121 4
 -8.02405 20.364
 -7.90515 19.5313
 -7.84245 19.3799
 -7.8384 19.3191
153 6 36
 -26.3258 23.6972
 -26.9737 24.8559
 -27.1658 25.2363
 -27.3301 25.4736
 -27.4147 25.6428
 -27.493 25.9503
 -27.5947 26.226
 -27.6404 26.3496
 -27.9268 26.4739
 -28.3581 26.4907
 -28.5857 26.5936
 -28.6492 26.7218
 -28.7418 26.7501
 -28.7852 26.8561
 -28.7273 27.0044
 -28.7497 27.087
 -28.8735 27.1786
 -28.9929 27.1639
 -29.0645 27.0661
 -29.1141 27.0216
 -29.1224 26.9899
 -29.129 26.8829
 -29.1695 26.8169
 -29.2538 26.7055
 -29.4183 26.6129
 -29.6576 26.6557
 -29.8288 26.7374
 -29.8594 26.8379
 -29.8784 26.7617
 -29.8652 26.6487
 -29.8983 26.5547
 -30.1186 26.4476
 -30.3792 26.3989
 -30.554 26.4699
 -30.6357 26.5459
 -30.6333 26.5702
153 51 5
 -26.3258 23.6972
 -25.5837 22.6164
 -25.1892 21.9728
 -25.01 21.5103
 -25.0175 21.5042
154 104 29
 -15.723 19.9374
 -14.6138 20.1006
 -14.3029 20.3004
 -13.9304 20.6857
 -13.3177 20.9843
 -12.7361 21.3932
 -12.268 21.9982
 -12.188 22.2311
 -12.312 22.2435
 -12.478 22.4412
 -12.6249 22.7208
 -13.3846 22.7355
 -14.416 23.0798
 -14.6482 23.6116
 -14.6646 23.8754
 -14.992 24.2237
 -15.2038 24.5219
 -15.4862 24.5625
 -15.8162 24.0533
 -15.8431 24.8579
 -15.7701 25.6691
 -15.5648 26.2127
 -15.5695 26.4411
 -15.6042 26.6051
 -15.3062 26.5844
 -14.5513 26.939
 -13.9816 26.5989
 -13.9633 25.8873
 -14.0546 25.8897
154 28 10
 -15.723 19.9374
 -17.1187 20.1936
 -17.8138 20.4754
 -18.0173 20.3968
 -18.381 20.3848
 -18.7808 20.3241
 -19.607 19.8883
 -20.3945 19.436
 -20.5849 19.2598
 -20.6404 19.1933
155 59 42
 -39.6928 12.0136
 -40.6368 13.2103
 -40.8446 14.4621
 -40.8365 15.5642
 -41.8181 16.5833
 -42.7707 18.0163
 -42.1299 19.4154
 -41.3315 20.6048
 -40.8736 21.2227
 -40.106 22.6225
 -39.8018 23.7785
 -39.966 24.8027
 -39.8716 25.7754
 -39.79 25.9022
 -40.2719 26.4796
 -41.1093 27.1399
 -41.2873 27.3857
 -40.8689 27.3812
 -40.1056 27.1403
 -39.5008 27.1095
 -39.1476 27.7073
 -38.7918 28.2525
 -38.6568 28.5696
 -38.3967 29.0931
 -38.0163 29.4615
 -37.8856 29.6493
 -37.8911 29.727
 -37.8569 29.7897
 -37.8576 29.8952
 -37.8649 30.0114
 -37.7243 30.0215
 -37.5525 29.8963
 -37.4725 29.7943
 -37.4124 29.7762
 -37.311 29.714
 -37.2094 29.5891
 -37.2021 29.4833
 -37.1541 29.3888
 -37.0667 29.4293
 -37.0086 29.637
 -36.955 29.787
 -36.9508 29.8087
155 46 12
 -39.6928 12.0136
 -38.9397 10.7393
 -38.6553 9.8568
 -37.6421 9.6857
 -36.5684 9.85745
 -36.0289 9.5825
 -34.5823 9.3491
 -33.3198 9.0981
 -33.2613 9.0484
 -32.9428 8.5995
 -32.5992 8.1949
 -32.5329 8.2137
156 59 57
 -35.4232 33.1257
 -34.4597 32.5666
 -33.5248 32.4095
 -32.9962 32.9972
 -32.4754 33.4411
 -32.1956 33.282
 -32.0592 33.1982
 -32.1346 33.1819
 -32.2676 32.8256
 -32.4474 31.862
 -32.4192 31.0763
 -32.5159 30.9044
 -32.7522 30.652
 -32.921 30.403
 -33.0438 30.1375
 -33.2888 29.977
 -33.5429 30.1287
 -33.7983 30.1119
 -34.1439 30.0984
 -34.3475 30.2077
 -34.4381 30.2533
 -34.4977 30.1716
 -34.67 30.003
 -34.7824 29.8581
 -34.8226 29.9659
 -34.9037 29.9977
 -34.9705 29.9944
 -35.0061 29.9646
 -35.0657 29.8852
 -35.131 29.7927
 -35.2423 29.7304
 -35.3142 29.6797
 -35.3603 29.719
 -35.4217 29.7642
 -35.4524 29.792
 -35.4676 29.783
 -35.4889 29.7742
 -35.5264 29.7531
 -35.5988 29.7548
 -35.6327 29.7965
 -35.6789 29.7533
 -35.7206 29.6978
 -35.7296 29.6979
 -35.7626 29.7382
 -35.7957 29.7337
 -35.8378 29.6711
 -36.0075 29.695
 -36.1934 29.7616
 -36.2936 29.7746
 -36.4519 29.7871
 -36.6456 29.7115
 -36.809 29.6147
 -36.9752 29.5478
 -37.0667 29.4293
 -37.0086 29.637
 -36.955 29.787
 -36.9508 29.8087
156 44 6
 -35.4232 33.1257
 -35.7456 33.491
 -36.1459 33.6708
 -36.5226 33.8159
 -36.5591 33.7766
 -36.5593 33.7719
157 56 7
 3.4833 67.3248
 1.8817 66.9485
 1.593 66.7427
 1.71625 66.6053
 1.46595 65.3798
 1.20315 64.1782
 1.1925 64.1305
157 100 17
 3.4833 67.3248
 5.1795 66.6348
 5.2259 66.6796
 5.1814 67.7028
 5.487 67.9301
 5.99155 67.9167
 6.5729 67.8668
 6.6813 67.1421
 7.61685 66.1631
 8.45295 65.246
 9.22585 64.7565
 10.2076 65.1672
 10.6701 65.4476
 11.1156 65.7827
 11.6388 66.1024
 11.7798 66.1304
 11.8095 66.138
158 56 12
 1.45965 68.9498
 1.28195 67.9975
 0.73165 67.9534
 0.6924 67.6887
 0.71615 67.3811
 0.75895 67.0942
 1.13295 66.843
 1.593 66.7427
 1.71625 66.6053
 1.46595 65.3798
 1.20315 64.1782
 1.1925 64.1305
158 21 9
 1.45965 68.9498
 1.0644 70.2531
 0.6226 71.059
 0.2675 71.8324
 0.57595 72.4044
 1.0971 73.1819
 1.54545 73.9922
 1.92225 74.419
 2.0719 74.5758
159 62 5
 14.8624 65.5817
 15.714 64.5692
 15.6536 63.9461
 15.3165 63.7355
 15.2873 63.7478
159 100 6
 14.8624 65.5817
 13.4267 66.1205
 12.4726 66.2759
 12.0817 66.3268
 11.8113 66.1433
 11.8095 66.138
160 40 9
 -0.08995 64.0051
 -1.53585 64.2648
 -2.60925 64.5062
 -4.1551 64.0773
 -4.77095 64.4841
 -4.59255 65.5588
 -4.39655 65.6723
 -4.1734 65.568
 -4.1133 65.6209
160 56 3
 -0.08995 64.0051
 1.1298 64.0744
 1.1925 64.1305
161 76 19
 -14.2031 41.09
 -13.2006 41.6427
 -12.2562 42.2113
 -11.1077 42.7256
 -9.8467 43.284
 -9.69735 43.3251
 -9.4941 43.3787
 -8.973 43.7554
 -7.79555 44.5399
 -5.82935 43.8648
 -4.02935 42.0337
 -3.3559 40.8864
 -3.3657 40.3461
 -3.24655 39.5276
 -3.21035 38.6479
 -3.35625 38.4939
 -3.2523 38.3995
 -2.991 38.2102
 -2.7898 38.1208
161 123 19
 -14.2031 41.09
 -14.2888 41.1186
 -15.1511 41.5711
 -16.2076 43.1028
 -16.8121 44.5943
 -17.2532 44.4608
 -18.8552 44.2792
 -19.7069 43.9617
 -19.9509 44.3717
 -20.3221 44.6357
 -20.9162 44.6369
 -21.7479 44.5845
 -22.5825 44.3893
 -22.9496 44.5534
 -22.98 44.945
 -23.0379 45.1536
 -23.0244 45.3996
 -23.0027 45.5726
 -22.9999 45.6094
162 127 10
 22.8959 29.7064
 24.2094 29.5276
 23.7115 30.7712
 23.639 31.5271
 23.4708 31.7393
 23.4604 32.4671
 23.7435 33.2718
 24.0149 33.8482
 24.2267 34.1111
 24.2907 34.0799
162 35 3
 22.8959 29.7064
 21.9982 29.3526
 21.9901 29.3144
163 77 3
 31.0258 19.4035
 30.9536 18.5895
 30.9667 18.5535
163 112 4
 31.0258 19.4035
 31.2201 20.2239
 31.4244 20.2629
 31.5197 20.2595
164 86 19
 36.2201 57.3812
 35.6639 56.9329
 35.4902 56.3606
 35.0392 56.5818
 34.3982 56.934
 34.1067 57.091
 33.9911 56.9698
 33.7815 56.8016
 33.6146 56.7595
 33.5285 56.759
 33.4312 56.7502
 33.4547 56.8928
 33.4203 57.0508
 33.4101 57.0984
 33.3319 57.1467
 33.1742 57.23
 33.1069 57.3078
 33.1494 57.3625
 33.1802 57.3884
164 41 6
 36.2201 57.3812
 36.6744 56.876
 36.9916 56.448
 37.4022 56.4013
 37.5353 56.4395
 37.5676 56.4665
165 86 10
 32.8836 55.4606
 32.7327 56.2025
 32.8764 56.4678
 33.0102 56.7172
 33.0534 56.9555
 33.0202 57.1739
 33.0632 57.2589
 33.1069 57.3078
 33.1494 57.3625
 33.1802 57.3884
165 57 9
 32.8836 55.4606
 33.1206 54.5561
 33.32 54.0024
 33.3192 53.6496
 33.014 53.6204
 32.8874 53.6007
 32.8337 53.4968
 32.7692 53.4267
 32.7258 53.4072
166 11 23
 46.538 34.9442
 45.4766 33.3836
 44.4612 32.7552
 43.691 32.5364
 42.5504 31.9357
 41.6844 31.4297
 41.3345 31.6551
 40.7449 31.7434
 40.2178 31.7941
 39.9318 31.9003
 39.7738 32.1327
 40.1317 32.5212
 40.6138 33.0174
 40.7341 33.3155
 40.6697 33.5504
 40.9162 33.6424
 41.3106 33.9748
 41.1542 34.4778
 40.7503 34.6515
 40.4409 34.9489
 40.2775 35.2688
 40.3112 35.33
 40.3414 35.3655
166 118 3
 46.538 34.9442
 46.8389 36.4539
 46.7751 36.6412
167 85 5
 50.7131 47.0301
 49.2771 47.4295
 48.1581 47.6134
 47.894 47.5178
 47.8645 47.4606
167 4 4
 50.7131 47.0301
 51.6345 46.1431
 52.0582 45.4816
 52.1121 45.5303
168 85 6
 50.2204 51.012
 49.9123 49.6385
 49.0796 48.452
 48.1581 47.6134
 47.894 47.5178
 47.8645 47.4606
168 114 4
 50.2204 51.012
 50.3974 52.2554
 50.4365 52.5446
 50.4606 52.5775
169 8 9
 56.3464 34.9821
 56.0833 35.6468
 55.8747 35.9642
 55.8634 36.1507
 55.8208 36.7907
 55.776 37.2576
 56.1292 37.294
 56.4889 37.3191
 56.5045 37.3
169 52 9
 56.3464 34.9821
 56.2924 34.4079
 55.9861 34.0709
 55.7909 33.8192
 55.8139 33.6161
 55.7822 33.1695
 55.615 32.7928
 55.4934 32.8026
 55.4826 32.8091
170 15 7
 39.1365 22.039
 39.8538 21.7068
 40.3334 21.5758
 40.3856 21.5388
 40.5 21.4823
 40.6082 21.4296
 40.6223 21.428
170 90 5
 39.1365 22.039
 38.5811 22.5412
 38.4142 22.9338
 38.2677 23.2144
 38.0022 23.3719
171 1 33
 52.3234 16.3827
 51.8337 16.5964
 51.5914 16.8186
 51.1497 17.3827
 50.2866 17.7135
 49.4092 17.2706
 48.7315 16.7986
 48.433 16.6707
 48.3083 16.7664
 48.2729 16.6661
 48.2122 16.5259
 48.0171 16.3618
 47.7685 16.199
 47.614 15.7827
 47.478 15.349
 47.3633 15.1814
 46.8817 15.1193
 46.4226 14.8596
 46.2301 14.108
 45.7721 13.6226
 44.9082 13.4445
 44.2313 13.1889
 44.021 13.0616
 43.8778 12.9771
 43.8429 12.9197
 43.8175 12.8771
 43.7511 12.8605
 43.6213 12.799
 43.4584 12.7174
 43.4165 12.566
 43.2539 12.3755
 43.054 12.306
 43.046 12.2934
171 49 9
 52.3234 16.3827
 52.7969 16.2692
 53.0882 16.2353
 53.4916 16.2289
 54.0142 16.1026
 54.1234 15.957
 54.0808 15.874
 54.0548 15.8048
 54.0499 15.7877
172 105 10
 54.4135 15.5701
 54.4352 15.0422
 54.5082 14.8904
 54.3363 14.9193
 54.1748 14.6756
 53.9621 13.9843
 53.8959 13.4437
 53.7161 13.4427
 53.5399 13.4295
 53.5221 13.4197
172 49 6
 54.4135 15.5701
 54.2369 16.0268
 54.1234 15.957
 54.0808 15.874
 54.0548 15.8048
 54.0499 15.7877
173 99 12
 58.4406 16.2036
 59.3494 16.2686
 59.8549 16.5071
 60.0952 16.6521
 60.2617 16.4948
 60.286 16.3895
 60.3743 16.3648
 60.6807 16.2303
 60.9815 16.0359
 61.0516 15.8913
 61.1254 15.8213
 61.1797 15.787
173 16 3
 58.4406 16.2036
 57.9405 16.1736
 57.9098 16.1428
174 5 15
 40.3421 7.57505
 39.8014 7.4557
 39.304 7.3867
 38.8032 7.4894
 38.6351 7.47035
 38.5602 7.39045
 38.2808 7.25735
 37.5247 7.31305
 36.9012 7.3408
 36.5171 7.30945
 36.5958 7.40555
 36.5522 7.7413
 36.696 7.95625
 36.6386 8.01005
 36.6065 8.0506
174 128 8
 40.3421 7.57505
 40.5995 8.0288
 40.2946 8.7728
 40.2524 9.1279
 40.3904 9.2727
 40.4379 9.2817
 40.4894 9.2984
 40.5084 9.3028
175 128 12
 42.6741 11.7919
 42.1233 11.471
 41.8138 11.243
 41.8059 11.0638
 41.536 10.8254
 41.1408 10.5052
 40.5937 10.2484
 40.0136 10.537
 40.2375 10.0979
 40.4095 9.6762
 40.5082 9.343
 40.5084 9.3028
175 1 4
 42.6741 11.7919
 42.969 12.0483
 43.0265 12.2397
 43.046 12.2934
176 88 9
 35.0856 6.9355
 34.7039 5.9657
 34.7618 5.58515
 34.3586 5.51085
 33.6063 5.20305
 33.2475 5.0129
 33.1069 5.20515
 32.9762 5.4098
 32.9642 5.4199
176 5 9
 35.0856 6.9355
 35.8243 7.4557
 36.1685 7.3442
 36.5171 7.30945
 36.5958 7.40555
 36.5522 7.7413
 36.696 7.95625
 36.6386 8.01005
 36.6065 8.0506
177 35 23
 23.4473 15.3622
 23.7747 17.0639
 24.2738 17.8644
 24.0274 18.2659
 23.6156 18.4368
 23.7604 18.6985
 23.6208 19.8982
 23.5743 21.2733
 23.7187 21.9189
 23.3712 22.2613
 23.083 22.5217
 23.4426 23.3894
 24.356 23.8413
 23.9678 24.0973
 23.2319 25.1513
 22.4124 26.2204
 22.2416 26.6728
 22.1124 27.8438
 22.1404 28.6235
 22.236 28.7962
 22.1478 29.0359
 22.0152 29.2272
 21.9901 29.3144
177 91 5
 23.4473 15.3622
 23.9818 14.0863
 24.5329 13.759
 24.6675 13.495
 24.6418 13.4567
178 17 16
 30.2 -1.88335
 29.8645 -2.5333
 30.0471 -2.68755
 30.1729 -2.88095
 30.1357 -2.97515
 30.1497 -3.1002
 30.0996 -3.32335
 29.8958 -3.7979
 29.8558 -4.2102
 29.9317 -4.30765
 29.8395 -4.49775
 29.8972 -4.8156
 30.0788 -5.0062
 30.2446 -5.1635
 30.3629 -5.3038
 30.3801 -5.311
178 55 3
 30.2 -1.88335
 30.554 -1.25365
 30.562 -1.2418
179 17 9
 33.2145 -5.65385
 32.1749 -5.4803
 31.6482 -5.43925
 31.0339 -5.4693
 30.5438 -5.45795
 30.396 -5.4095
 30.4196 -5.3555
 30.3913 -5.3335
 30.3801 -5.311
179 109 8
 33.2145 -5.65385
 34.1227 -5.35845
 34.4474 -4.66275
 34.747 -4.41565
 34.7583 -4.80375
 35.0607 -5.729
 35.5967 -6.38045
 35.7843 -6.4266
180 31 12
 44.4404 -38.7127
 43.2232 -37.7208
 43.2078 -36.9741
 43.1441 -36.522
 42.2487 -35.9975
 40.87 -35.1192
 40.2272 -34.3325
 40.0816 -34.2989
 39.9128 -34.2689
 39.7807 -34.3975
 39.6745 -34.6054
 39.6689 -34.6471
180 43 7
 44.4404 -38.7127
 46.1141 -38.8318
 46.6187 -39.1086
 46.7051 -39.7866
 46.8759 -40.1916
 46.9898 -40.4002
 47.0744 -40.4188
181 23 12
 -22.8022 -10.1232
 -23.9143 -10.1313
 -24.3652 -10.577
 -24.771 -11.0975
 -24.9559 -11.2961
 -24.9403 -11.4065
 -24.9631 -11.5124
 -24.9529 -11.6298
 -24.9222 -11.801
 -24.9223 -11.8885
 -24.9133 -11.9412
 -24.9053 -11.9872
181 129 19
 -22.8022 -10.1232
 -22.0091 -9.9434
 -21.9244 -9.6761
 -21.846 -9.95945
 -21.8718 -10.3734
 -20.9082 -10.4069
 -19.5876 -10.6411
 -18.6126 -11.5194
 -17.9051 -12.4513
 -17.6883 -12.9137
 -17.5501 -13.0719
 -17.4692 -13.3463
 -17.2666 -13.8233
 -16.8495 -14.2215
 -16.5879 -14.402
 -16.4424 -14.4102
 -16.328 -14.3327
 -16.3033 -14.2845
 -16.2776 -14.2597
182 92 40
 9.6886 -24.2151
 11.4372 -24.3344
 11.8696 -24.4576
 12.3219 -24.6024
 12.8302 -24.77
 13.4677 -25.006
 14.1159 -25.2263
 14.636 -24.8419
 15.5241 -23.8619
 16.0094 -23.2351
 16.0751 -23.0555
 16.4464 -22.2134
 16.8328 -21.4462
 16.8148 -21.0091
 16.8995 -20.2873
 17.4947 -19.9035
 17.8989 -19.6246
 17.1679 -19.0179
 16.4586 -18.1031
 16.3764 -17.3896
 16.4766 -17.0516
 16.8734 -16.949
 17.3617 -17.0168
 17.8736 -17.0688
 18.2008 -17.1086
 18.2821 -17.0767
 18.2127 -17.1987
 18.1609 -17.3121
 18.2161 -17.4036
 18.2835 -17.466
 18.3659 -17.3975
 18.5191 -17.3626
 18.6293 -17.3736
 18.7023 -17.341
 18.746 -17.2592
 18.7906 -17.2038
 18.8503 -17.24
 18.9219 -17.2867
 18.9806 -17.3134
 18.9836 -17.3254
182 42 3
 9.6886 -24.2151
 8.2634 -24.1674
 8.162 -24.1303
183 117 14
 43.6116 -24.7008
 42.6819 -24.1068
 42.1192 -23.4807
 41.3514 -22.5781
 40.508 -21.9707
 40.772 -21.4158
 39.8581 -22.132
 39.1158 -22.3915
 38.9275 -22.6069
 39.064 -23.4669
 39.0033 -24.1877
 39.047 -24.4292
 39.0447 -24.5324
 39.0261 -24.5471
183 94 6
 43.6116 -24.7008
 45.2434 -24.9637
 46.5217 -24.7272
 47.1475 -23.5999
 47.683 -22.6087
 47.8513 -22.6836
184 71 8
 2.50615 11.5995
 3.13695 12.7467
 3.6808 13.8382
 3.8757 13.8602
 4.09435 13.7794
 4.36865 13.7738
 4.5079 13.8403
 4.5822 13.9282
184 20 8
 2.50615 11.5995
 1.6437 11.5349
 0.58375 11.7954
 0.0714 12.2559
 0.05775 12.6597
 0.18955 13.5114
 0.2979 14.2898
 0.3031 14.3107
185 54 51
 17.7907 18.0024
 17.0415 17.7327
 16.7476 17.6013
 15.8068 17.1103
 14.9012 16.6487
 14.8932 16.3371
 14.557 15.526
 13.8995 14.9708
 14.205 14.9572
 14.6986 14.15
 15.2023 13.3277
 15.2592 13.2691
 15.5965 12.9237
 16.0065 12.4929
 16.1393 12.3165
 16.7859 12.2703
 17.6224 11.9601
 17.8225 11.5526
 17.664 11.0219
 17.4741 10.5924
 16.5569 10.0068
 16.6139 8.8539
 17.6255 8.19875
 18.1667 8.14085
 18.9831 7.61045
 19.424 7.05505
 19.8501 6.39415
 20.0623 5.20265
 19.9439 4.6601
 19.9745 4.4826
 20.0221 4.1674
 19.6619 3.505
 19.176 3.02175
 18.9926 3.0545
 18.8246 2.96575
 18.7528 3.04375
 18.0709 3.7431
 17.0601 3.94375
 16.7476 3.6061
 16.6153 3.58255
 16.2317 3.47915
 16.0481 3.21295
 15.8516 3.3711
 15.5359 3.5515
 15.1006 3.92285
 14.4788 4.508
 13.9515 5.03315
 13.6282 5.14485
 13.3707 5.2927
 13.2297 5.53195
 13.1811 5.6087
185 35 19
 17.7907 18.0024
 18.5688 18.4534
 19.2093 19.0616
 20.1777 19.9879
 20.7131 20.5602
 20.6866 21.6212
 21.7064 22.9372
 23.3393 23.6581
 24.356 23.8413
 23.9678 24.0973
 23.2319 25.1513
 22.4124 26.2204
 22.2416 26.6728
 22.1124 27.8438
 22.1404 28.6235
 22.236 28.7962
 22.1478 29.0359
 22.0152 29.2272
 21.9901 29.3144
186 58 26
 29.8717 50.0844
 29.837 49.5003
 29.985 49.0357
 29.9594 48.9419
 29.7276 48.408
 29.3853 47.9213
 29.138 47.9682
 28.8032 47.9844
 28.2473 47.5784
 27.7606 47.1566
 27.5358 47.1018
 27.3678 46.8446
 26.9603 46.144
 26.5032 45.7173
 26.1591 45.3357
 25.7235 44.6656
 25.4929 44.4062
 24.9243 44.6181
 24.1602 44.8232
 23.9197 44.6828
 23.7667 44.0153
 23.6567 43.4142
 23.5989 43.2719
 23.502 43.1644
 23.4576 43.1413
 23.4562 43.1414
186 0 5
 29.8717 50.0844
 30.4088 50.7718
 30.7752 51.374
 30.8022 51.4719
 30.8111 51.4757
187 80 12
 29.1125 -13.1681
 30.3182 -13.5966
 30.9055 -14.0882
 30.9707 -14.3081
 31.2875 -14.3151
 31.6016 -14.2966
 31.7194 -14.3552
 31.8645 -14.37
 31.9978 -14.3314
 32.045 -14.3524
 32.0927 -14.3874
 32.1059 -14.393
187 29 5
 29.1125 -13.1681
 28.0327 -12.6131
 27.5299 -11.9249
 27.5224 -11.5228
 27.5253 -11.3709
188 89 17
 -5.97485 -0.9204
 -5.5846 -1.9889
 -5.0855 -2.84905
 -5.26245 -2.94715
 -5.6798 -3.3014
 -6.78895 -3.69585
 -7.80225 -4.09595
 -8.46615 -4.676
 -9.22255 -5.12735
 -9.09745 -5.8255
 -9.29955 -6.99275
 -9.7509 -7.7585
 -10.1409 -8.40435
 -11.132 -9.6042
 -11.7117 -10.8244
 -11.8045 -11.3416
 -11.8007 -11.3507
188 103 9
 -5.97485 -0.9204
 -6.30655 -0.3318
 -6.7116 0.68515
 -6.5204 1.91945
 -6.1683 2.52125
 -4.4349 2.79565
 -2.8838 3.2359
 -2.8417 3.45325
 -2.8185 3.4952
189 76 13
 3.80415 38.3371
 3.20565 39.3699
 2.3884 39.7709
 1.51495 40.2976
 0.91425 40.774
 0.248 40.1393
 -0.85 39.3492
 -1.5932 38.8718
 -1.9667 38.6197
 -2.15805 38.6052
 -2.4871 38.3841
 -2.7977 38.1511
 -2.7898 38.1208
189 39 4
 3.80415 38.3371
 4.74155 37.3416
 5.588 36.9294
 5.6698 36.8965
190 72 21
 -18.4361 31.0952
 -19.3033 30.7238
 -19.2058 31.3033
 -20.066 31.7261
 -20.5921 32.2186
 -20.9256 32.5638
 -21.2076 33.1038
 -21.0534 33.7215
 -21.0817 33.9893
 -21.4528 33.8873
 -21.7341 33.7065
 -22.1707 33.6567
 -22.5785 33.7589
 -22.728 33.9159
 -22.8363 34.0325
 -22.9925 34.1483
 -23.0245 34.215
 -23.1024 34.1528
 -23.1841 34.1151
 -23.2749 34.0968
 -23.295 34.0942
190 27 5
 -18.4361 31.0952
 -17.6562 31.0807
 -17.1504 31.1528
 -17.0321 31.2475
 -16.9896 31.3222
191 35 20
 28.8209 22.7538
 27.8747 23.3188
 26.9669 23.0607
 26.7768 23.0903
 26.4318 22.8591
 25.9527 22.6923
 25.4733 22.9399
 24.9023 23.0504
 24.6977 23.2799
 24.356 23.8413
 23.9678 24.0973
 23.2319 25.1513
 22.4124 26.2204
 22.2416 26.6728
 22.1124 27.8438
 22.1404 28.6235
 22.236 28.7962
 22.1478 29.0359
 22.0152 29.2272
 21.9901 29.3144
191 112 9
 28.8209 22.7538
 29.2267 21.9607
 29.3951 21.7502
 30.1579 21.1951
 30.969 20.72
 31.0985 20.5506
 31.2683 20.4247
 31.4244 20.2629
 31.5197 20.2595
192 41 22
 36.0134 49.4736
 35.8572 50.6353
 36.1361 51.4531
 36.2963 51.5166
 36.4958 51.5409
 36.6532 51.6614
 36.7977 51.7924
 37.0039 52.2271
 37.5096 52.9001
 37.8424 53.1992
 38.3224 53.0124
 38.8647 52.8094
 38.9375 53.0726
 38.7675 53.5352
 38.5516 53.7838
 38.5012 53.896
 38.4254 54.047
 38.0644 54.5922
 37.6924 55.5618
 37.6015 56.2785
 37.5818 56.4692
 37.5676 56.4665
192 87 3
 36.0134 49.4736
 36.4885 49.0609
 36.5219 49.0763
193 124 4
 29.4953 65.4217
 28.4876 65.1293
 28.4209 65.1102
 28.4205 65.154
193 47 4
 29.4953 65.4217
 30.5589 65.7461
 30.7357 65.8699
 30.7902 65.8986
194 86 18
 31.3324 60.506
 31.3307 59.6033
 31.6694 59.154
 32.1863 58.9571
 32.658 58.7085
 32.9823 58.6066
 33.1261 58.6026
 33.1589 58.5983
 33.1324 58.5648
 33.0695 58.5206
 32.9821 58.3814
 32.8933 58.2352
 32.9897 58.1111
 33.0713 57.8517
 32.9282 57.649
 33.0894 57.5364
 33.172 57.3976
 33.1802 57.3884
194 61 13
 31.3324 60.506
 31.5346 61.0593
 31.6527 61.3221
 31.611 61.5953
 31.3563 61.7029
 30.4499 62.0296
 29.4221 62.4011
 28.6943 61.857
 27.9818 61.1262
 27.6462 60.9715
 27.6087 61.0348
 27.5398 61.1657
 27.4978 61.2054
195 41 24
 49.3798 52.9792
 48.2584 53.4135
 48.1639 53.4266
 47.4305 53.6603
 46.5728 53.822
 45.2148 53.4286
 43.3228 52.5124
 42.6449 51.8116
 42.1535 51.9304
 41.1636 52.4028
 40.461 52.2425
 39.6448 52.155
 38.9794 52.6139
 38.8647 52.8094
 38.9375 53.0726
 38.7675 53.5352
 38.5516 53.7838
 38.5012 53.896
 38.4254 54.047
 38.0644 54.5922
 37.6924 55.5618
 37.6015 56.2785
 37.5818 56.4692
 37.5676 56.4665
195 114 3
 49.3798 52.9792
 50.4365 52.5446
 50.4606 52.5775
196 98 13
 67.538 54.1224
 68.9641 53.652
 69.2388 53.3831
 69.9724 52.6972
 70.2174 51.5006
 69.0174 50.1528
 68.5023 49.5223
 67.9159 49.6261
 67.0724 49.8564
 66.7078 50.0379
 65.4999 50.2471
 64.3221 50.3791
 64.2754 50.3602
196 7 4
 67.538 54.1224
 66.5327 54.4093
 66.3932 54.2691
 66.3347 54.2536
197 8 11
 54.6874 43.0709
 56.0988 41.7397
 56.2355 41.244
 56.3739 40.9878
 56.8614 40.2852
 57.0223 39.5257
 56.853 38.6217
 56.6921 37.683
 56.5312 37.3966
 56.5055 37.3082
 56.5045 37.3
197 4 7
 54.6874 43.0709
 53.4437 44.0851
 52.9357 44.1323
 52.3049 44.6282
 52.1644 45.2382
 52.1357 45.4464
 52.1121 45.5303
198 1 27
 43.5763 5.08825
 44.6625 5.4814
 44.9286 5.85665
 45.1558 5.95355
 45.3211 6.53605
 45.3802 7.20535
 45.7304 7.78235
 46.1386 8.27825
 46.2898 8.4028
 46.673 8.72685
 46.9408 9.0363
 46.3465 9.55825
 45.5926 10.3518
 45.5121 11.0817
 45.5513 11.4352
 45.4478 11.712
 44.7906 12.3993
 44.0688 12.8721
 43.8759 12.9125
 43.8175 12.8771
 43.7511 12.8605
 43.6213 12.799
 43.4584 12.7174
 43.4165 12.566
 43.2539 12.3755
 43.054 12.306
 43.046 12.2934
198 32 10
 43.5763 5.08825
 42.4889 4.8715
 42.3083 4.7162
 42.0806 4.2996
 41.8043 3.8731
 41.6264 3.7997
 41.5574 3.76715
 41.4974 3.713
 41.4284 3.67555
 41.3885 3.6638
199 54 38
 27.5968 -4.31905
 26.5334 -3.50485
 25.9895 -3.5613
 25.7387 -3.64125
 25.7125 -3.4952
 25.7565 -2.60785
 25.7893 -1.76035
 26.1464 -1.42995
 24.8273 -1.5772
 23.6446 -1.5456
 22.9513 -1.1891
 22.1644 -0.5499
 21.9291 -0.21005
 21.2104 0.44195
 20.1446 1.1245
 19.7782 1.19705
 19.7802 1.3207
 19.6555 1.70575
 19.3284 2.1092
 18.9276 2.5133
 18.7129 2.7995
 18.7267 2.8445
 18.7528 3.04375
 18.0709 3.7431
 17.0601 3.94375
 16.7476 3.6061
 16.6153 3.58255
 16.2317 3.47915
 16.0481 3.21295
 15.8516 3.3711
 15.5359 3.5515
 15.1006 3.92285
 14.4788 4.508
 13.9515 5.03315
 13.6282 5.14485
 13.3707 5.2927
 13.2297 5.53195
 13.1811 5.6087
199 17 8
 27.5968 -4.31905
 28.6014 -5.07685
 29.4846 -5.04155
 30.0132 -5.0377
 30.0788 -5.0062
 30.2446 -5.1635
 30.3629 -5.3038
 30.3801 -5.311
200 48 29
 33.6526 -12.3153
 34.1441 -12.0152
 34.2966 -11.9354
 35.1471 -12.5328
 36.2748 -12.9165
 36.6919 -12.7873
 36.41 -13.2752
 36.0212 -13.7242
 35.9655 -14.2283
 35.933 -15.0679
 35.9509 -15.4506
 36.6946 -15.9735
 37.4432 -16.5272
 37.5963 -16.5595
 38.0143 -16.4987
 38.35 -16.3666
 38.4608 -16.1817
 38.8266 -15.9932
 39.1301 -15.904
 39.173 -15.8527
 39.2451 -15.8374
 39.3179 -15.8615
 39.384 -15.9223
 39.4359 -15.8732
 39.5497 -15.7409
 39.9006 -15.6035
 40.308 -15.4135
 40.4949 -15.3504
 40.5222 -15.3696
200 80 14
 33.6526 -12.3153
 33.2095 -12.5737
 32.9189 -12.7462
 32.7445 -12.993
 32.7006 -13.225
 32.5978 -13.6856
 32.6153 -14.0459
 32.6219 -14.1328
 32.5396 -14.3035
 32.4026 -14.4
 32.3063 -14.4205
 32.2063 -14.4313
 32.1354 -14.4018
 32.1059 -14.393
201 30 54
 29.8659 -25.0084
 30.6828 -25.5725
 31.1182 -26.0505
 31.1624 -27.1045
 30.6768 -28.0269
 30.9419 -28.4767
 31.9052 -28.7934
 32.5601 -28.9606
 32.6958 -29.0248
 33.429 -29.4089
 34.1731 -29.7751
 34.3965 -29.8374
 34.5951 -29.9706
 34.6848 -29.9981
 34.8811 -29.9007
 35.0089 -29.7544
 35.048 -29.8951
 35.2912 -29.8918
 35.5255 -29.8524
 35.595 -29.898
 35.6337 -29.8949
 35.6222 -29.9476
 35.6348 -30.0075
 35.5487 -30.0242
 35.4386 -30.0498
 35.4843 -30.1217
 35.5844 -30.2333
 35.5348 -30.3891
 35.4258 -30.6597
 35.415 -30.9193
 35.4643 -31.0552
 35.4927 -31.1454
 35.4869 -31.1861
 35.4723 -31.2618
 35.4997 -31.4509
 35.6023 -31.5565
 35.7145 -31.6655
 35.7046 -31.9836
 35.8506 -32.2816
 36.1935 -32.323
 36.375 -32.2277
 36.6241 -32.1486
 36.8502 -32.1138
 36.9194 -32.2097
 37.0273 -32.2183
 37.1329 -32.209
 37.1797 -32.3702
 37.2045 -32.5559
 37.2499 -32.7104
 37.23 -32.7948
 37.1681 -32.8372
 37.102 -32.9153
 37.0687 -32.9773
 37.0786 -32.9888
201 2 20
 29.8659 -25.0084
 29.2211 -24.2072
 28.6213 -24.2574
 29.3124 -23.8163
 28.4537 -23.3223
 27.8835 -22.4459
 28.7455 -22.1019
 27.7365 -21.6624
 27.6805 -20.6455
 27.6918 -19.5434
 27.3135 -19.0436
 27.091 -18.5035
 26.9688 -17.7665
 27.2283 -17.3079
 27.2211 -16.9743
 26.8731 -16.8018
 26.2127 -16.3323
 25.6087 -15.7803
 25.5545 -15.609
 25.6101 -15.5664
202 23 10
 -30.8326 -13.8974
 -28.5102 -12.7381
 -26.8426 -12.2285
 -26.5658 -12.1762
 -26.106 -12.2411
 -25.4335 -12.3715
 -25.0005 -12.2863
 -24.9232 -12.1376
 -24.9128 -12.035
 -24.9053 -11.9872
202 82 8
 -30.8326 -13.8974
 -32.0429 -14.9396
 -32.9716 -15.6432
 -33.637 -15.9454
 -34.2548 -16.7587
 -35.182 -17.5759
 -35.6776 -17.5934
 -35.7025 -17.6112
203 46 16
 -28.6692 -1.94825
 -29.4313 -0.6974
 -30.0416 -0.0055
 -30.1688 0.71285
 -29.9755 1.6532
 -30.0178 2.8818
 -29.8092 4.31535
 -30.4548 4.88635
 -31.8787 5.09635
 -32.5617 5.54045
 -32.7521 5.9196
 -32.8671 6.14215
 -32.9061 6.71455
 -32.6938 7.71755
 -32.4983 8.2011
 -32.5329 8.2137
203 113 10
 -28.6692 -1.94825
 -28.0607 -3.1242
 -27.9942 -3.6798
 -27.8898 -4.09835
 -27.7121 -4.5045
 -27.2612 -4.92485
 -26.812 -5.2842
 -27.2831 -6.1152
 -27.827 -7.05315
 -27.9608 -7.1137
204 129 10
 -14.6931 -13.0671
 -14.9913 -14.1217
 -15.1119 -14.534
 -15.4024 -14.5245
 -15.6429 -14.2793
 -15.7778 -14.2151
 -15.9707 -14.3024
 -16.1652 -14.2332
 -16.2757 -14.2301
 -16.2776 -14.2597
204 89 10
 -14.6931 -13.0671
 -14.3296 -12.3273
 -13.9453 -11.7747
 -13.6629 -11.2672
 -13.3601 -11.3286
 -12.9074 -11.3391
 -12.7095 -11.2071
 -12.2468 -11.2556
 -11.8134 -11.3656
 -11.8007 -11.3507
205 37 17
 1.9531 -15.9733
 1.3285 -14.4629
 0.789 -13.5583
 0.1795 -12.0048
 -0.25535 -10.2864
 -0.6721 -9.6063
 -0.7852 -9.3202
 -2.31885 -9.27
 -3.9561 -9.3119
 -4.0943 -9.3608
 -4.10735 -9.5479
 -4.17845 -10.3243
 -4.7178 -11.5217
 -5.37215 -12.0943
 -5.5028 -12.2197
 -5.4283 -12.2589
 -5.3988 -12.2529
205 75 4
 1.9531 -15.9733
 2.3488 -17.2008
 2.1504 -17.4592
 2.1517 -17.484
206 92 46
 6.6117 -16.0398
 7.8167 -15.4398
 9.29245 -15.7687
 10.0938 -16.7311
 10.1532 -15.4206
 10.5474 -14.0805
 11.8564 -13.5775
 13.5422 -13.4306
 14.2509 -13.9606
 14.6072 -14.3787
 15.0126 -14.5809
 15.1317 -14.6765
 15.3267 -14.9623
 15.6535 -15.3285
 15.9762 -15.4331
 16.1081 -15.4935
 16.101 -15.6471
 16.0985 -15.7494
 16.1791 -15.7817
 16.2543 -15.8316
 16.2478 -15.8982
 16.295 -16.0419
 16.3745 -16.1665
 16.4278 -16.228
 16.5877 -16.3519
 16.6809 -16.6501
 16.4766 -17.0516
 16.8734 -16.949
 17.3617 -17.0168
 17.8736 -17.0688
 18.2008 -17.1086
 18.2821 -17.0767
 18.2127 -17.1987
 18.1609 -17.3121
 18.2161 -17.4036
 18.2835 -17.466
 18.3659 -17.3975
 18.5191 -17.3626
 18.6293 -17.3736
 18.7023 -17.341
 18.746 -17.2592
 18.7906 -17.2038
 18.8503 -17.24
 18.9219 -17.2867
 18.9806 -17.3134
 18.9836 -17.3254
206 75 8
 6.6117 -16.0398
 5.81345 -15.6722
 4.991 -16.0669
 4.48605 -17.5563
 4.13795 -17.6478
 3.0086 -17.3627
 2.20225 -17.5844
 2.1517 -17.484
207 34 14
 15.4755 -4.17735
 15.0982 -3.6433
 15.1404 -3.2988
 15.0538 -2.7852
 14.8885 -2.55395
 14.6594 -2.4319
 14.5292 -2.07725
 14.6845 -1.73195
 14.8513 -1.5642
 14.9165 -1.51905
 14.9487 -1.5265
 14.9838 -1.611
 14.9462 -1.71515
 14.8895 -1.7407
207 69 7
 15.4755 -4.17735
 15.8047 -4.72885
 15.2274 -5.0687
 14.8953 -5.6213
 15.1491 -6.0497
 15.0674 -6.18355
 14.9039 -6.1897
208 36 8
 7.15965 1.44225
 7.1148 0.68485
 6.633 0.3662
 6.3386 0.3036
 6.20315 0.2569
 6.24345 0.1092
 6.29635 -0.02565
 6.2706 -0.0686
208 83 7
 7.15965 1.44225
 6.68955 2.19115
 6.46035 2.50495
 6.378 2.7498
 5.80135 3.15095
 5.18155 3.32365
 5.0548 3.2647
209 53 43
 -6.4512 7.42385
 -6.2757 9.2164
 -5.8095 10.0278
 -4.9041 10.1957
 -4.05615 10.833
 -3.1776 11.0062
 -2.70255 10.938
 -2.5875 10.9885
 -2.674 11.0982
 -2.76295 11.4268
 -2.73765 12.0653
 -2.83475 12.7729
 -2.9965 13.2988
 -3.4099 14.185
 -3.98445 15.0053
 -4.3184 15.1192
 -4.52045 15.1195
 -4.586 15.301
 -4.38035 15.6395
 -4.12075 15.8799
 -4.19535 16.1726
 -4.83155 16.7452
 -5.4677 17.2845
 -5.5821 17.525
 -5.3207 18.0327
 -4.9675 18.5648
 -4.82005 18.5347
 -4.35125 18.6454
 -4.0696 19.6979
 -4.7642 20.9239
 -5.56515 21.2708
 -5.90115 21.2521
 -6.0884 21.2554
 -6.3131 21.2085
 -6.6815 21.2729
 -6.8305 21.4408
 -6.5739 21.8972
 -6.5005 22.5732
 -6.9825 23.0105
 -7.73365 23.352
 -8.2929 23.5166
 -8.4979 23.5127
 -8.5167 23.5243
209 25 6
 -6.4512 7.42385
 -7.6773 6.89255
 -8.9642 7.63155
 -9.32735 7.5118
 -9.27115 6.93005
 -9.1787 6.911
210 53 38
 -1.05125 11.5606
 -2.2974 10.9701
 -2.5875 10.9885
 -2.674 11.0982
 -2.76295 11.4268
 -2.73765 12.0653
 -2.83475 12.7729
 -2.9965 13.2988
 -3.4099 14.185
 -3.98445 15.0053
 -4.3184 15.1192
 -4.52045 15.1195
 -4.586 15.301
 -4.38035 15.6395
 -4.12075 15.8799
 -4.19535 16.1726
 -4.83155 16.7452
 -5.4677 17.2845
 -5.5821 17.525
 -5.3207 18.0327
 -4.9675 18.5648
 -4.82005 18.5347
 -4.35125 18.6454
 -4.0696 19.6979
 -4.7642 20.9239
 -5.56515 21.2708
 -5.90115 21.2521
 -6.0884 21.2554
 -6.3131 21.2085
 -6.6815 21.2729
 -6.8305 21.4408
 -6.5739 21.8972
 -6.5005 22.5732
 -6.9825 23.0105
 -7.73365 23.352
 -8.2929 23.5166
 -8.4979 23.5127
 -8.5167 23.5243
210 20 7
 -1.05125 11.5606
 0.01885 12.0459
 0.0714 12.2559
 0.05775 12.6597
 0.18955 13.5114
 0.2979 14.2898
 0.3031 14.3107
211 103 16
 -1.79025 9.14575
 -1.48935 8.2347
 -1.57685 7.7852
 -1.6423 7.70315
 -1.7669 7.55965
 -1.5166 7.22255
 -1.04235 6.33795
 -1.25945 5.55565
 -2.1141 5.1692
 -2.5871 4.9161
 -1.96635 4.8585
 -1.2634 4.6346
 -1.77225 4.55665
 -2.5005 3.92525
 -2.8151 3.52225
 -2.8185 3.4952
211 53 42
 -1.79025 9.14575
 -2.20035 9.8085
 -2.38125 10.1101
 -2.58385 10.4798
 -2.62515 10.778
 -2.59075 10.9002
 -2.5875 10.9885
 -2.674 11.0982
 -2.76295 11.4268
 -2.73765 12.0653
 -2.83475 12.7729
 -2.9965 13.2988
 -3.4099 14.185
 -3.98445 15.0053
 -4.3184 15.1192
 -4.52045 15.1195
 -4.586 15.301
 -4.38035 15.6395
 -4.12075 15.8799
 -4.19535 16.1726
 -4.83155 16.7452
 -5.4677 17.2845
 -5.5821 17.525
 -5.3207 18.0327
 -4.9675 18.5648
 -4.82005 18.5347
 -4.35125 18.6454
 -4.0696 19.6979
 -4.7642 20.9239
 -5.56515 21.2708
 -5.90115 21.2521
 -6.0884 21.2554
 -6.3131 21.2085
 -6.6815 21.2729
 -6.8305 21.4408
 -6.5739 21.8972
 -6.5005 22.5732
 -6.9825 23.0105
 -7.73365 23.352
 -8.2929 23.5166
 -8.4979 23.5127
 -8.5167 23.5243
212 54 58
 7.73855 9.89965
 7.24125 12.1796
 6.88195 12.8483
 7.71275 13.2955
 8.61595 13.0772
 9.14115 13.2467
 9.91355 13.5505
 10.3107 13.7231
 10.6266 14.6326
 10.988 15.3638
 11.4944 15.1841
 12.1869 15.153
 12.924 15.1396
 13.5086 14.9713
 13.8995 14.9708
 14.205 14.9572
 14.6986 14.15
 15.2023 13.3277
 15.2592 13.2691
 15.5965 12.9237
 16.0065 12.4929
 16.1393 12.3165
 16.7859 12.2703
 17.6224 11.9601
 17.8225 11.5526
 17.664 11.0219
 17.4741 10.5924
 16.5569 10.0068
 16.6139 8.8539
 17.6255 8.19875
 18.1667 8.14085
 18.9831 7.61045
 19.424 7.05505
 19.8501 6.39415
 20.0623 5.20265
 19.9439 4.6601
 19.9745 4.4826
 20.0221 4.1674
 19.6619 3.505
 19.176 3.02175
 18.9926 3.0545
 18.8246 2.96575
 18.7528 3.04375
 18.0709 3.7431
 17.0601 3.94375
 16.7476 3.6061
 16.6153 3.58255
 16.2317 3.47915
 16.0481 3.21295
 15.8516 3.3711
 15.5359 3.5515
 15.1006 3.92285
 14.4788 4.508
 13.9515 5.03315
 13.6282 5.14485
 13.3707 5.2927
 13.2297 5.53195
 13.1811 5.6087
212 83 12
 7.73855 9.89965
 7.7634 7.7405
 7.4391 6.9943
 7.5912 5.1689
 8.1639 4.0091
 7.77375 3.69845
 6.9959 2.9624
 6.46035 2.50495
 6.378 2.7498
 5.80135 3.15095
 5.18155 3.32365
 5.0548 3.2647
213 66 12
 4.63055 20.7476
 3.19115 21.2694
 2.1109 21.8262
 1.71685 22.1551
 1.42065 22.4665
 1.03425 22.9519
 0.68045 23.4608
 0.3141 23.9962
 -0.00430001 24.3745
 -0.2551 24.5558
 -0.35685 24.5973
 -0.3684 24.5899
213 68 9
 4.63055 20.7476
 6.20025 20.2529
 6.99465 19.5337
 7.6131 19.006
 8.31815 18.9457
 8.8063 18.8204
 9.60165 18.7672
 9.9496 18.7909
 9.9809 18.7477
214 54 56
 14.1511 22.7367
 13.4003 21.969
 12.4286 21.2761
 12.1336 21.1074
 12.9613 19.8158
 14.1939 18.382
 14.6341 18.1314
 14.7351 17.497
 14.875 16.8293
 14.9012 16.6487
 14.8932 16.3371
 14.557 15.526
 13.8995 14.9708
 14.205 14.9572
 14.6986 14.15
 15.2023 13.3277
 15.2592 13.2691
 15.5965 12.9237
 16.0065 12.4929
 16.1393 12.3165
 16.7859 12.2703
 17.6224 11.9601
 17.8225 11.5526
 17.664 11.0219
 17.4741 10.5924
 16.5569 10.0068
 16.6139 8.8539
 17.6255 8.19875
 18.1667 8.14085
 18.9831 7.61045
 19.424 7.05505
 19.8501 6.39415
 20.0623 5.20265
 19.9439 4.6601
 19.9745 4.4826
 20.0221 4.1674
 19.6619 3.505
 19.176 3.02175
 18.9926 3.0545
 18.8246 2.96575
 18.7528 3.04375
 18.0709 3.7431
 17.0601 3.94375
 16.7476 3.6061
 16.6153 3.58255
 16.2317 3.47915
 16.0481 3.21295
 15.8516 3.3711
 15.5359 3.5515
 15.1006 3.92285
 14.4788 4.508
 13.9515 5.03315
 13.6282 5.14485
 13.3707 5.2927
 13.2297 5.53195
 13.1811 5.6087
214 115 8
 14.1511 22.7367
 14.4545 22.976
 15.2554 23.6784
 15.8712 24.5029
 15.6462 25.7281
 15.4744 26.885
 15.5445 27.1088
 15.5333 27.2576
215 53 17
 -13.5553 26.076
 -13.1999 26.2353
 -12.8722 26.1233
 -12.4534 25.9671
 -12.0665 25.6526
 -11.6813 25.4052
 -11.2069 25.3172
 -10.6545 25.0466
 -10.3729 24.85
 -10.299 24.7509
 -10.1952 24.6971
 -10.1017 24.6311
 -10.0683 24.5582
 -9.48315 24.2426
 -8.7683 23.7553
 -8.55515 23.5705
 -8.5167 23.5243
215 104 3
 -13.5553 26.076
 -13.9633 25.8873
 -14.0546 25.8897
216 6 33
 -26.4019 26.8631
 -26.6027 26.9885
 -26.8468 27.0615
 -27.1735 27.0247
 -27.5483 27.2064
 -27.8492 27.3391
 -28.1115 27.3999
 -28.3667 27.6245
 -28.671 27.6619
 -28.8276 27.514
 -28.9231 27.5091
 -28.7871 27.395
 -28.7472 27.3221
 -28.8573 27.2612
 -28.9929 27.1639
 -29.0645 27.0661
 -29.1141 27.0216
 -29.1224 26.9899
 -29.129 26.8829
 -29.1695 26.8169
 -29.2538 26.7055
 -29.4183 26.6129
 -29.6576 26.6557
 -29.8288 26.7374
 -29.8594 26.8379
 -29.8784 26.7617
 -29.8652 26.6487
 -29.8983 26.5547
 -30.1186 26.4476
 -30.3792 26.3989
 -30.554 26.4699
 -30.6357 26.5459
 -30.6333 26.5702
216 13 3
 -26.4019 26.8631
 -26.1495 27.0121
 -25.9468 27.1841
217 25 12
 -15.089 5.9097
 -13.7008 7.9682
 -13.3119 8.78865
 -13.0807 8.7809
 -12.7994 8.76695
 -11.6234 8.18385
 -10.5432 7.6204
 -10.2004 7.10125
 -9.7696 6.7644
 -9.4887 6.90845
 -9.2687 6.8933
 -9.1787 6.911
217 9 12
 -15.089 5.9097
 -16.2724 5.40895
 -16.5681 5.80775
 -16.9747 6.146
 -17.8424 6.36795
 -18.616 6.62945
 -19.1279 6.7852
 -19.2925 7.63605
 -19.8846 8.5605
 -20.34 8.98245
 -20.4017 9.27215
 -20.4153 9.3111
218 93 3
 -20.6996 10.3603
 -20.9545 11.3872
 -20.9859 11.4493
218 9 3
 -20.6996 10.3603
 -20.4457 9.3532
 -20.4153 9.3111
219 46 14
 -24.0938 3.81805
 -25.0094 5.1094
 -25.4844 4.5357
 -27.3073 4.0849
 -29.2309 4.51455
 -30.4548 4.88635
 -31.8787 5.09635
 -32.5617 5.54045
 -32.7521 5.9196
 -32.8671 6.14215
 -32.9061 6.71455
 -32.6938 7.71755
 -32.4983 8.2011
 -32.5329 8.2137
219 106 7
 -24.0938 3.81805
 -23.1138 2.0234
 -22.7859 1.28815
 -22.4517 0.0949
 -22.451 -1.08245
 -22.7109 -1.40315
 -22.712 -1.4056
220 59 31
 -42.2094 28.2509
 -41.5524 27.8012
 -41.4856 27.569
 -41.4807 27.3479
 -41.1093 27.1399
 -41.2873 27.3857
 -40.8689 27.3812
 -40.1056 27.1403
 -39.5008 27.1095
 -39.1476 27.7073
 -38.7918 28.2525
 -38.6568 28.5696
 -38.3967 29.0931
 -38.0163 29.4615
 -37.8856 29.6493
 -37.8911 29.727
 -37.8569 29.7897
 -37.8576 29.8952
 -37.8649 30.0114
 -37.7243 30.0215
 -37.5525 29.8963
 -37.4725 29.7943
 -37.4124 29.7762
 -37.311 29.714
 -37.2094 29.5891
 -37.2021 29.4833
 -37.1541 29.3888
 -37.0667 29.4293
 -37.0086 29.637
 -36.955 29.787
 -36.9508 29.8087
220 79 4
 -42.2094 28.2509
 -42.7299 28.8874
 -42.7112 29.1874
 -42.718 29.2167
221 6 31
 -28.5121 29.3545
 -28.8017 29.2425
 -28.8208 29.0011
 -28.8594 28.7898
 -28.9463 28.528
 -29.0166 28.0658
 -29.066 27.7004
 -29.0271 27.5871
 -28.9231 27.5091
 -28.7871 27.395
 -28.7472 27.3221
 -28.8573 27.2612
 -28.9929 27.1639
 -29.0645 27.0661
 -29.1141 27.0216
 -29.1224 26.9899
 -29.129 26.8829
 -29.1695 26.8169
 -29.2538 26.7055
 -29.4183 26.6129
 -29.6576 26.6557
 -29.8288 26.7374
 -29.8594 26.8379
 -29.8784 26.7617
 -29.8652 26.6487
 -29.8983 26.5547
 -30.1186 26.4476
 -30.3792 26.3989
 -30.554 26.4699
 -30.6357 26.5459
 -30.6333 26.5702
221 10 11
 -28.5121 29.3545
 -28.2127 29.5766
 -28.0486 29.966
 -27.9578 30.2091
 -27.9275 30.3331
 -27.8515 30.4197
 -27.84 30.4341
 -27.9034 30.4419
 -27.91 30.5263
 -27.9394 30.6291
 -27.9826 30.6539
222 59 43
 -32.5897 29.0641
 -32.7934 29.0531
 -32.8468 29.4314
 -32.9173 29.5834
 -33.3433 29.5187
 -33.8305 29.3546
 -34.1005 29.3684
 -34.4175 29.4931
 -34.6594 29.6664
 -34.7824 29.8581
 -34.8226 29.9659
 -34.9037 29.9977
 -34.9705 29.9944
 -35.0061 29.9646
 -35.0657 29.8852
 -35.131 29.7927
 -35.2423 29.7304
 -35.3142 29.6797
 -35.3603 29.719
 -35.4217 29.7642
 -35.4524 29.792
 -35.4676 29.783
 -35.4889 29.7742
 -35.5264 29.7531
 -35.5988 29.7548
 -35.6327 29.7965
 -35.6789 29.7533
 -35.7206 29.6978
 -35.7296 29.6979
 -35.7626 29.7382
 -35.7957 29.7337
 -35.8378 29.6711
 -36.0075 29.695
 -36.1934 29.7616
 -36.2936 29.7746
 -36.4519 29.7871
 -36.6456 29.7115
 -36.809 29.6147
 -36.9752 29.5478
 -37.0667 29.4293
 -37.0086 29.637
 -36.955 29.787
 -36.9508 29.8087
222 6 19
 -32.5897 29.0641
 -32.2009 29.3774
 -31.8772 29.4114
 -31.5395 29.3911
 -31.353 29.3306
 -31.3194 29.0469
 -31.1061 28.7024
 -30.9838 28.5201
 -31.0685 28.2743
 -30.9184 28.0399
 -31.1544 28.0835
 -31.2195 27.8631
 -31.1461 27.5011
 -30.9721 27.1689
 -30.8897 26.8612
 -30.8743 26.6987
 -30.756 26.6334
 -30.6399 26.5736
 -30.6333 26.5702
223 50 14
 -30.6358 42.7964
 -29.9261 43.7304
 -29.2475 43.8129
 -29.1069 44.1717
 -29.3093 44.7718
 -29.5049 45.0733
 -29.6027 45.1187
 -29.6322 45.2069
 -29.6824 45.2925
 -29.6037 45.261
 -29.5243 45.3395
 -29.4765 45.483
 -29.4636 45.5527
 -29.4609 45.5589
223 130 40
 -30.6358 42.7964
 -30.9977 41.5878
 -31.0159 41.2572
 -30.871 41.1655
 -30.5809 41.0167
 -29.37 40.8346
 -28.0256 40.7185
 -27.6511 40.6992
 -27.4263 40.4995
 -26.7668 40.0333
 -26.5629 39.3962
 -26.7817 38.9745
 -26.8088 38.738
 -27.0196 38.3171
 -27.5588 38.1023
 -27.9733 38.1325
 -27.909 37.9259
 -27.708 37.5671
 -27.5282 37.3465
 -27.5173 37.244
 -27.9361 37.0816
 -28.3316 36.8903
 -28.4049 36.7683
 -28.5055 36.5754
 -28.6872 36.3843
 -28.8475 36.3221
 -29.0274 36.3456
 -29.1738 36.5633
 -29.2048 36.7614
 -29.2745 36.8392
 -29.4321 36.9417
 -29.5607 36.9623
 -29.611 36.9404
 -29.6216 36.8747
 -29.6921 36.8064
 -29.8302 36.8144
 -29.892 36.9183
 -29.886 37.0612
 -29.8783 37.1303
 -29.885 37.1391
224 130 12
 -30.7078 38.4419
 -30.7509 38.0856
 -30.8759 37.8891
 -30.7631 37.7129
 -30.6772 37.507
 -30.6476 37.3967
 -30.4519 37.4536
 -30.1863 37.4014
 -30.1019 37.2469
 -30.0112 37.1767
 -29.8932 37.1421
 -29.885 37.1391
224 81 5
 -30.7078 38.4419
 -31.0384 38.5065
 -31.3686 38.606
 -31.4864 38.8735
 -31.4997 38.872
225 130 32
 -25.4757 40.8446
 -26.2319 39.9065
 -26.5629 39.3962
 -26.7817 38.9745
 -26.8088 38.738
 -27.0196 38.3171
 -27.5588 38.1023
 -27.9733 38.1325
 -27.909 37.9259
 -27.708 37.5671
 -27.5282 37.3465
 -27.5173 37.244
 -27.9361 37.0816
 -28.3316 36.8903
 -28.4049 36.7683
 -28.5055 36.5754
 -28.6872 36.3843
 -28.8475 36.3221
 -29.0274 36.3456
 -29.1738 36.5633
 -29.2048 36.7614
 -29.2745 36.8392
 -29.4321 36.9417
 -29.5607 36.9623
 -29.611 36.9404
 -29.6216 36.8747
 -29.6921 36.8064
 -29.8302 36.8144
 -29.892 36.9183
 -29.886 37.0612
 -29.8783 37.1303
 -29.885 37.1391
225 123 14
 -25.4757 40.8446
 -24.9323 41.8321
 -25.0625 42.0815
 -24.919 42.5618
 -24.7551 43.0031
 -24.4055 43.6745
 -23.7041 44.3462
 -23.3663 44.4947
 -23.2275 44.7618
 -23.0459 44.9692
 -23.0379 45.1536
 -23.0244 45.3996
 -23.0027 45.5726
 -22.9999 45.6094
226 26 15
 -27.52 35.3575
 -27.0271 35.0211
 -26.7519 34.8849
 -26.2875 34.8019
 -25.9391 34.6006
 -25.6255 34.3398
 -25.2304 33.9998
 -25.0511 33.8399
 -24.9559 33.9035
 -25.0401 33.7149
 -25.203 33.5771
 -25.3023 33.6012
 -25.375 33.6098
 -25.4658 33.6222
 -25.5062 33.6391
226 130 23
 -27.52 35.3575
 -27.9329 35.6832
 -28.1019 35.9689
 -28.1956 36.2719
 -28.2395 36.4147
 -28.3573 36.5543
 -28.5055 36.5754
 -28.6872 36.3843
 -28.8475 36.3221
 -29.0274 36.3456
 -29.1738 36.5633
 -29.2048 36.7614
 -29.2745 36.8392
 -29.4321 36.9417
 -29.5607 36.9623
 -29.611 36.9404
 -29.6216 36.8747
 -29.6921 36.8064
 -29.8302 36.8144
 -29.892 36.9183
 -29.886 37.0612
 -29.8783 37.1303
 -29.885 37.1391
227 123 26
 -12.1564 48.6294
 -12.9408 47.3564
 -13.3419 46.6672
 -13.6996 46.54
 -14.2299 46.6696
 -14.9812 46.5061
 -15.7088 46.0229
 -15.7933 45.9137
 -15.7146 45.2173
 -16.4657 44.8106
 -17.2119 45.0194
 -16.8121 44.5943
 -17.2532 44.4608
 -18.8552 44.2792
 -19.7069 43.9617
 -19.9509 44.3717
 -20.3221 44.6357
 -20.9162 44.6369
 -21.7479 44.5845
 -22.5825 44.3893
 -22.9496 44.5534
 -22.98 44.945
 -23.0379 45.1536
 -23.0244 45.3996
 -23.0027 45.5726
 -22.9999 45.6094
227 65 4
 -12.1564 48.6294
 -11.4037 49.727
 -11.1129 50.1903
 -11.2199 50.1972
228 73 16
 -19.2577 68.1577
 -22.6055 69.6133
 -22.9338 69.3258
 -23.393 68.7202
 -23.6283 68.4069
 -23.6235 68.24
 -23.6953 67.7267
 -24.0826 67.1483
 -24.08 67.56
 -25.07 67.4975
 -25.9459 67.196
 -26.187 67.1967
 -26.3773 67.2992
 -26.4571 67.5217
 -26.5379 67.6651
 -26.5964 67.6373
228 102 19
 -19.2577 68.1577
 -15.7684 66.7583
 -15.0388 66.4301
 -14.3268 65.4809
 -13.8738 64.242
 -13.2358 62.8435
 -13.0667 60.7076
 -13.4614 58.907
 -14.2789 58.4391
 -14.6409 58.2243
 -14.5528 57.2903
 -14.9677 56.2457
 -15.6909 55.6716
 -16.8783 54.7299
 -18.782 54.4779
 -20.0602 55.3392
 -20.344 56.4686
 -20.4807 57.1161
 -20.4556 57.1197
229 120 8
 14.9777 66.3266
 15.7199 67.3332
 15.7472 68.2114
 16.8964 68.7334
 17.9722 69.574
 17.5784 70.1767
 17.2523 70.4926
 17.2511 70.5283
229 100 6
 14.9777 66.3266
 13.4267 66.1205
 12.4726 66.2759
 12.0817 66.3268
 11.8113 66.1433
 11.8095 66.138
230 65 15
 -2.08345 56.0644
 -3.87265 56.7273
 -4.14545 57.4238
 -4.43835 57.2901
 -5.3746 56.246
 -6.23605 55.2651
 -6.01645 55.0017
 -5.6371 54.8444
 -6.11725 54.481
 -6.7658 54.0685
 -7.2055 53.1325
 -8.64785 51.6608
 -10.3364 50.6856
 -11.0928 50.3034
 -11.2199 50.1972
230 78 9
 -2.08345 56.0644
 -0.1386 55.7687
 -0.11765 55.1524
 -0.5338 54.4771
 -0.7214 54.2225
 -0.96645 53.5951
 -0.9163 52.1959
 -0.6515 51.1369
 -0.6732 50.8658
231 119 5
 5.38965 49.5379
 5.3088 50.6905
 5 51.5577
 4.51665 52.175
 4.5154 52.1926
231 33 4
 5.38965 49.5379
 5.74735 48.591
 6.02915 48.5056
 6.2074 48.4818
232 33 7
 1.15905 50.0407
 3.1604 49.2398
 3.94145 48.7732
 5.03965 48.4851
 5.729 48.5083
 6.02915 48.5056
 6.2074 48.4818
232 78 3
 1.15905 50.0407
 -0.6326 50.7656
 -0.6732 50.8658
233 58 32
 6.06275 43.0609
 6.76025 43.8398
 7.3063 43.829
 8.15615 44.6673
 9.10985 45.4993
 10.2958 44.8126
 11.6876 44.1572
 12.4612 44.493
 13.1006 44.8237
 13.608 45.7933
 14.0068 46.7718
 15.0965 46.1595
 16.3401 45.4627
 17.5076 45.3522
 18.4711 44.5956
 18.5573 43.6077
 18.5904 43.2555
 18.7645 43.3238
 19.6451 43.4641
 20.4964 43.4893
 20.717 43.3508
 20.9207 43.2895
 21.0454 43.2392
 21.4685 43.1219
 22.2572 42.9056
 22.6635 42.8128
 22.7704 42.896
 22.9763 42.9984
 23.1926 43.0033
 23.3407 42.9814
 23.4221 43.0707
 23.4562 43.1414
233 76 18
 6.06275 43.0609
 5.61535 42.0845
 5.35735 42.4823
 4.7899 43.1706
 4.1614 43.1647
 3.88445 42.9956
 3.0396 42.5577
 2.27865 42.1416
 1.57535 41.4748
 0.91425 40.774
 0.248 40.1393
 -0.85 39.3492
 -1.5932 38.8718
 -1.9667 38.6197
 -2.15805 38.6052
 -2.4871 38.3841
 -2.7977 38.1511
 -2.7898 38.1208
234 63 5
 6.55145 37.3246
 7.35 37.6435
 7.4196 37.6256
 7.50685 37.6338
 7.5676 37.6471
234 39 4
 6.55145 37.3246
 5.77175 36.9994
 5.70865 36.9511
 5.6698 36.8965
235 76 19
 -13.2004 39.8188
 -13.2006 41.6427
 -12.2562 42.2113
 -11.1077 42.7256
 -9.8467 43.284
 -9.69735 43.3251
 -9.4941 43.3787
 -8.973 43.7554
 -7.79555 44.5399
 -5.82935 43.8648
 -4.02935 42.0337
 -3.3559 40.8864
 -3.3657 40.3461
 -3.24655 39.5276
 -3.21035 38.6479
 -3.35625 38.4939
 -3.2523 38.3995
 -2.991 38.2102
 -2.7898 38.1208
235 125 8
 -13.2004 39.8188
 -12.2188 38.5383
 -11.9842 38.5292
 -12.1157 38.4652
 -12.0021 38.3963
 -11.7206 37.9932
 -11.4799 37.6145
 -11.4656 37.6154
236 123 11
 -21.1382 43.713
 -20.5808 44.4862
 -20.9162 44.6369
 -21.7479 44.5845
 -22.5825 44.3893
 -22.9496 44.5534
 -22.98 44.945
 -23.0379 45.1536
 -23.0244 45.3996
 -23.0027 45.5726
 -22.9999 45.6094
236 74 5
 -21.1382 43.713
 -21.8176 42.9808
 -21.9008 42.4926
 -21.8042 42.1017
 -21.7971 42.1034
237 26 12
 -24.1562 34.4305
 -24.4069 34.3965
 -24.6068 34.2887
 -24.8733 34.0631
 -24.9806 33.9549
 -24.9559 33.9035
 -25.0401 33.7149
 -25.203 33.5771
 -25.3023 33.6012
 -25.375 33.6098
 -25.4658 33.6222
 -25.5062 33.6391
237 72 9
 -24.1562 34.4305
 -23.9329 34.32
 -23.8069 34.1373
 -23.6484 34.1026
 -23.5486 34.0264
 -23.4564 33.9996
 -23.3564 34.06
 -23.3062 34.0913
 -23.295 34.0942
238 72 29
 -17.7265 28.1894
 -19.0471 28.7748
 -19.7444 29.2244
 -19.8347 29.3662
 -19.9755 29.3681
 -19.8582 29.4874
 -19.8375 29.6952
 -19.7399 29.8653
 -19.7394 30.1171
 -19.3033 30.7238
 -19.2058 31.3033
 -20.066 31.7261
 -20.5921 32.2186
 -20.9256 32.5638
 -21.2076 33.1038
 -21.0534 33.7215
 -21.0817 33.9893
 -21.4528 33.8873
 -21.7341 33.7065
 -22.1707 33.6567
 -22.5785 33.7589
 -22.728 33.9159
 -22.8363 34.0325
 -22.9925 34.1483
 -23.0245 34.215
 -23.1024 34.1528
 -23.1841 34.1151
 -23.2749 34.0968
 -23.295 34.0942
238 104 12
 -17.7265 28.1894
 -16.8359 27.6574
 -16.5559 27.3478
 -16.4662 27.2922
 -16.2824 27.3601
 -15.8604 27.0177
 -15.6042 26.6051
 -15.3062 26.5844
 -14.5513 26.939
 -13.9816 26.5989
 -13.9633 25.8873
 -14.0546 25.8897
239 3 36
 30.4353 15.1292
 30.3925 14.5861
 30.8107 14.2407
 31.2301 13.7388
 31.3309 13.673
 31.3997 13.65
 31.4204 13.5622
 31.4823 13.4725
 31.6082 13.3855
 31.6299 13.1816
 31.5338 13.0331
 31.8262 12.8106
 32.0835 12.5623
 32.1709 12.4863
 32.216 12.3183
 32.0466 12.2987
 31.8703 12.3589
 31.8329 12.2362
 31.7962 12.0749
 31.7982 11.9796
 31.8682 11.9074
 31.9429 11.8475
 31.9363 11.718
 31.8904 11.6279
 31.8799 11.6251
 31.9296 11.5462
 31.9868 11.4902
 32.0285 11.495
 32.0729 11.558
 32.1558 11.6651
 32.2469 11.7357
 32.2873 11.628
 32.3657 11.4741
 32.3787 11.29
 32.3961 11.1659
 32.4135 11.1465
239 77 10
 30.4353 15.1292
 30.553 15.9151
 30.8041 16.6968
 30.8614 17.1369
 30.7421 17.4683
 30.6611 17.9487
 30.6735 18.1707
 30.785 18.3502
 30.9179 18.5096
 30.9667 18.5535
240 11 20
 36.7362 31.5415
 36.9922 32.2953
 37.1542 32.5824
 38.0664 32.8338
 38.9446 33.0704
 39.3522 32.5595
 39.9318 31.9003
 39.7738 32.1327
 40.1317 32.5212
 40.6138 33.0174
 40.7341 33.3155
 40.6697 33.5504
 40.9162 33.6424
 41.3106 33.9748
 41.1542 34.4778
 40.7503 34.6515
 40.4409 34.9489
 40.2775 35.2688
 40.3112 35.33
 40.3414 35.3655
240 64 12
 36.7362 31.5415
 36.2179 31.0991
 35.9465 31.6624
 36.1048 32.5414
 36.042 32.8383
 35.819 32.9938
 35.5052 33.5928
 34.8963 34.5022
 34.8045 35.1829
 35.0014 35.5105
 34.8138 35.7198
 34.7496 35.795
241 112 14
 31.686 24.7711
 31.4377 25.8018
 31.4028 25.7832
 30.7204 25.1369
 29.9813 24.5044
 29.7376 23.894
 29.5005 22.6579
 29.3951 21.7502
 30.1579 21.1951
 30.969 20.72
 31.0985 20.5506
 31.2683 20.4247
 31.4244 20.2629
 31.5197 20.2595
241 107 3
 31.686 24.7711
 31.7457 23.7545
 31.5494 23.7638
242 126 9
 35.7201 36.3841
 36.5478 36.7546
 35.926 37.0855
 35.6595 37.719
 35.6407 38.0208
 35.6713 38.2099
 35.6487 38.3539
 35.6411 38.4313
 35.6467 38.4501
242 64 4
 35.7201 36.3841
 35.0358 36.0266
 34.7575 35.865
 34.7496 35.795
243 110 8
 35.0872 40.1479
 34.9221 40.7153
 35.0312 41.0824
 35.2254 41.4762
 35.664 42.3485
 36.0107 43.1475
 36.0292 43.3644
 35.9813 43.3637
243 126 6
 35.0872 40.1479
 35.4972 39.4309
 35.6381 38.8454
 35.6191 38.5879
 35.6389 38.4762
 35.6467 38.4501
244 61 10
 31.2448 63.3098
 30.4818 62.803
 29.7734 62.3699
 29.4221 62.4011
 28.6943 61.857
 27.9818 61.1262
 27.6462 60.9715
 27.6087 61.0348
 27.5398 61.1657
 27.4978 61.2054
244 47 9
 31.2448 63.3098
 31.6861 63.8958
 32.1153 64.8831
 32.2628 65.4373
 31.9688 65.9369
 31.5607 66.1586
 31.1911 65.8432
 30.8162 65.827
 30.7902 65.8986
245 47 10
 33.6778 66.6871
 33.1444 65.8073
 32.9248 65.285
 32.5366 65.327
 32.2628 65.4373
 31.9688 65.9369
 31.5607 66.1586
 31.1911 65.8432
 30.8162 65.827
 30.7902 65.8986
245 95 6
 33.6778 66.6871
 34.0474 67.3036
 34.2194 68.1659
 34.4244 69.0425
 34.5375 69.2958
 34.5829 69.2937
246 86 23
 35.329 60.9471
 34.7551 61.0201
 34.4144 60.8875
 34.0624 60.4795
 33.8054 59.9731
 33.6042 59.5501
 33.5118 59.3754
 33.4161 59.2289
 33.3181 59.1691
 33.1205 59.0195
 33.0419 58.7894
 33.1446 58.6663
 33.1589 58.5983
 33.1324 58.5648
 33.0695 58.5206
 32.9821 58.3814
 32.8933 58.2352
 32.9897 58.1111
 33.0713 57.8517
 32.9282 57.649
 33.0894 57.5364
 33.172 57.3976
 33.1802 57.3884
246 24 10
 35.329 60.9471
 35.8136 61.0167
 36.1543 61.0599
 36.8238 60.6315
 37.3345 60.4079
 37.7385 60.6864
 38.0926 61.1596
 38.5359 61.7197
 38.8808 61.8683
 38.8981 61.8681
247 0 8
 32.1416 52.4975
 31.4375 51.6778
 31.3324 51.6465
 31.2668 51.6494
 31.1205 51.5674
 30.91 51.5064
 30.8227 51.4995
 30.8111 51.4757
247 57 4
 32.1416 52.4975
 32.8036 53.3624
 32.7692 53.4267
 32.7258 53.4072
248 22 5
 38.0899 56.9428
 38.8271 57.6742
 39.2501 58.0248
 39.4743 58.065
 39.5305 58.0334
248 41 3
 38.0899 56.9428
 37.5876 56.4784
 37.5676 56.4665
249 45 11
 64.0007 50.9808
 63.0611 50.979
 62.1154 50.9747
 61.7262 50.8516
 61.275 50.696
 61.1488 50.5912
 61.0435 50.379
 60.874 50.254
 60.8148 50.1625
 60.853 50.081
 60.8682 50.0894
249 98 4
 64.0007 50.9808
 64.1754 50.6824
 64.2924 50.3815
 64.2754 50.3602
250 45 8
 59.0582 46.2839
 59.5844 47.4734
 60.7328 48.7577
 61.0788 49.8728
 61.0072 49.9721
 60.9375 50.0205
 60.8709 50.068
 60.8682 50.0894
250 8 19
 59.0582 46.2839
 58.9674 45.1048
 58.4237 44.5765
 57.9268 44.3619
 57.5951 44.3798
 57.476 44.1937
 57.3866 44.0706
 57.2518 43.6966
 57.091 42.6524
 56.6483 41.6853
 56.2355 41.244
 56.3739 40.9878
 56.8614 40.2852
 57.0223 39.5257
 56.853 38.6217
 56.6921 37.683
 56.5312 37.3966
 56.5055 37.3082
 56.5045 37.3
251 70 15
 56.2963 29.4551
 56.3056 28.5387
 56.3475 27.6793
 56.4246 27.4585
 56.4192 27.3647
 56.6586 27.2082
 56.8434 27.0528
 56.8443 26.7323
 56.8284 26.4479
 56.6939 26.3291
 56.5702 26.0472
 56.4529 25.3129
 56.4019 24.6529
 56.4851 24.5913
 56.5166 24.5942
251 52 10
 56.2963 29.4551
 56.1563 30.0026
 56.2152 30.6019
 56.0855 31.2341
 55.7422 31.7603
 55.6611 32.0671
 55.6241 32.4989
 55.531 32.7817
 55.4934 32.8026
 55.4826 32.8091
252 1 42
 54.6 24.6363
 54.5156 23.8246
 54.1902 23.0106
 54.1768 22.4636
 54.0956 22.0618
 53.7012 21.6047
 53.5061 21.0013
 53.4645 20.5147
 53.6868 20.1009
 53.0479 19.6882
 52.1897 19.403
 51.4586 18.6921
 50.7073 18.0416
 50.2866 17.7135
 49.4092 17.2706
 48.7315 16.7986
 48.433 16.6707
 48.3083 16.7664
 48.2729 16.6661
 48.2122 16.5259
 48.0171 16.3618
 47.7685 16.199
 47.614 15.7827
 47.478 15.349
 47.3633 15.1814
 46.8817 15.1193
 46.4226 14.8596
 46.2301 14.108
 45.7721 13.6226
 44.9082 13.4445
 44.2313 13.1889
 44.021 13.0616
 43.8778 12.9771
 43.8429 12.9197
 43.8175 12.8771
 43.7511 12.8605
 43.6213 12.799
 43.4584 12.7174
 43.4165 12.566
 43.2539 12.3755
 43.054 12.306
 43.046 12.2934
252 52 21
 54.6 24.6363
 54.3969 25.1927
 54.1978 25.7502
 54.0388 26.5724
 53.8692 26.9989
 53.8042 27.0631
 53.8471 27.6788
 53.9071 28.7342
 53.8947 29.2038
 54.0424 29.392
 54.5797 29.5833
 55.5835 29.6226
 56.1563 30.0026
 56.2152 30.6019
 56.0855 31.2341
 55.7422 31.7603
 55.6611 32.0671
 55.6241 32.4989
 55.531 32.7817
 55.4934 32.8026
 55.4826 32.8091
253 15 20
 43.0477 17.6818
 42.5497 18.1638
 42.2553 18.4878
 42.0312 18.7648
 41.9072 18.9225
 41.8285 18.9608
 41.6676 18.9832
 41.5872 19.083
 41.3997 19.1201
 41.1319 19.346
 41.0358 19.5917
 40.3795 19.9582
 39.7499 20.3529
 40.0608 20.8004
 40.3793 21.3499
 40.378 21.5186
 40.3856 21.5388
 40.5 21.4823
 40.6082 21.4296
 40.6223 21.428
253 1 42
 43.0477 17.6818
 43.8757 16.6817
 44.3395 16.7695
 44.5217 17.4878
 45.16 17.9429
 45.7057 18.5683
 45.8628 18.7431
 45.8286 18.5814
 46.0344 18.3961
 46.3025 18.1684
 46.5483 17.7917
 46.8028 17.607
 46.842 17.6058
 47.139 17.2237
 47.6847 16.8515
 48.0465 16.86
 48.242 16.8419
 48.3083 16.7664
 48.2729 16.6661
 48.2122 16.5259
 48.0171 16.3618
 47.7685 16.199
 47.614 15.7827
 47.478 15.349
 47.3633 15.1814
 46.8817 15.1193
 46.4226 14.8596
 46.2301 14.108
 45.7721 13.6226
 44.9082 13.4445
 44.2313 13.1889
 44.021 13.0616
 43.8778 12.9771
 43.8429 12.9197
 43.8175 12.8771
 43.7511 12.8605
 43.6213 12.799
 43.4584 12.7174
 43.4165 12.566
 43.2539 12.3755
 43.054 12.306
 43.046 12.2934
254 49 13
 55.369 16.0053
 55.1215 16.396
 54.8715 16.6628
 54.5089 16.7813
 54.3466 16.7869
 54.0603 16.7085
 53.9311 16.5787
 53.9286 16.4048
 54.0344 16.1316
 54.1234 15.957
 54.0808 15.874
 54.0548 15.8048
 54.0499 15.7877
254 16 7
 55.369 16.0053
 56.4792 16.071
 57.432 16.2654
 57.6384 16.1441
 57.7614 16.1376
 57.8915 16.1401
 57.9098 16.1428
255 38 17
 60.1907 0.6397
 58.1173 3.3967
 56.8442 3.6544
 56.3647 3.83365
 55.2798 3.268
 53.8916 2.0409
 52.9226 1.65465
 52.497 1.79215
 52.5363 1.62935
 52.9422 1.3526
 52.8307 0.75855
 52.2882 0.30035
 52.1744 0.13265
 52.1368 -0.00985
 52.0461 -0.2438
 51.8945 -0.39635
 51.878 -0.3992
255 60 6
 60.1907 0.6397
 61.6856 -1.9794
 62.0552 -2.14355
 62.5119 -2.09155
 62.9806 -2.1819
 63.046 -2.107
256 48 48
 46.0817 -3.33635
 44.6382 -4.09255
 43.435 -4.4796
 43.1384 -4.7118
 42.7085 -4.34385
 41.6159 -4.47285
 40.5377 -5.161
 40.521 -5.6583
 40.6908 -6.3631
 40.2446 -7.1347
 41.0093 -7.59145
 41.5981 -8.14335
 41.6944 -8.3585
 41.5837 -8.6786
 41.4147 -8.98395
 41.4434 -9.70955
 41.2577 -10.8534
 40.9094 -11.4792
 40.166 -11.8239
 39.0932 -11.8911
 38.313 -11.4363
 37.7558 -11.3389
 37.1186 -11.8103
 36.6569 -12.4212
 36.6919 -12.7873
 36.41 -13.2752
 36.0212 -13.7242
 35.9655 -14.2283
 35.933 -15.0679
 35.9509 -15.4506
 36.6946 -15.9735
 37.4432 -16.5272
 37.5963 -16.5595
 38.0143 -16.4987
 38.35 -16.3666
 38.4608 -16.1817
 38.8266 -15.9932
 39.1301 -15.904
 39.173 -15.8527
 39.2451 -15.8374
 39.3179 -15.8615
 39.384 -15.9223
 39.4359 -15.8732
 39.5497 -15.7409
 39.9006 -15.6035
 40.308 -15.4135
 40.4949 -15.3504
 40.5222 -15.3696
256 12 8
 46.0817 -3.33635
 46.8629 -2.82925
 47.1265 -2.52605
 47.4123 -2.25175
 47.8092 -2.08935
 48.2427 -2.0357
 48.5046 -1.9174
 48.4948 -1.8952
257 38 7
 48.7906 0.2311
 48.423 1.02805
 49.2604 0.60585
 50.7013 0.0798
 51.6082 -0.30835
 51.8322 -0.3773
 51.878 -0.3992
257 12 6
 48.7906 0.2311
 48.7007 -0.9129
 48.425 -1.548
 48.4752 -1.7349
 48.4817 -1.8831
 48.4948 -1.8952
258 54 25
 20.5527 6.01685
 20.0623 5.20265
 19.9439 4.6601
 19.9745 4.4826
 20.0221 4.1674
 19.6619 3.505
 19.176 3.02175
 18.9926 3.0545
 18.8246 2.96575
 18.7528 3.04375
 18.0709 3.7431
 17.0601 3.94375
 16.7476 3.6061
 16.6153 3.58255
 16.2317 3.47915
 16.0481 3.21295
 15.8516 3.3711
 15.5359 3.5515
 15.1006 3.92285
 14.4788 4.508
 13.9515 5.03315
 13.6282 5.14485
 13.3707 5.2927
 13.2297 5.53195
 13.1811 5.6087
258 116 5
 20.5527 6.01685
 20.9792 6.30375
 21.5962 6.3914
 22.1448 6.4574
 22.1403 6.4244
259 54 41
 25.6681 2.5346
 26.2659 2.3509
 27.0594 2.2113
 27.5916 2.25865
 28.0676 2.2869
 28.7777 1.42515
 28.7266 0.17495
 28.4304 -0.302
 27.9412 -0.268
 26.9264 -0.7055
 26.1464 -1.42995
 24.8273 -1.5772
 23.6446 -1.5456
 22.9513 -1.1891
 22.1644 -0.5499
 21.9291 -0.21005
 21.2104 0.44195
 20.1446 1.1245
 19.7782 1.19705
 19.7802 1.3207
 19.6555 1.70575
 19.3284 2.1092
 18.9276 2.5133
 18.7129 2.7995
 18.7267 2.8445
 18.7528 3.04375
 18.0709 3.7431
 17.0601 3.94375
 16.7476 3.6061
 16.6153 3.58255
 16.2317 3.47915
 16.0481 3.21295
 15.8516 3.3711
 15.5359 3.5515
 15.1006 3.92285
 14.4788 4.508
 13.9515 5.03315
 13.6282 5.14485
 13.3707 5.2927
 13.2297 5.53195
 13.1811 5.6087
259 14 5
 25.6681 2.5346
 24.6538 3.07765
 23.93 3.5903
 23.8633 3.52605
 23.8128 3.4617
260 109 13
 34.389 1.1902
 33.4801 0.4485
 33.8549 0.17745
 34.3584 -0.5472
 35.0727 -2.10015
 35.5793 -3.42725
 35.0923 -3.96555
 34.6847 -4.286
 34.747 -4.41565
 34.7583 -4.80375
 35.0607 -5.729
 35.5967 -6.38045
 35.7843 -6.4266
260 88 13
 34.389 1.1902
 35.2716 2.14845
 35.2782 2.7937
 35.2956 3.17925
 35.3085 3.82855
 35.0454 5.00445
 34.7618 5.58515
 34.3586 5.51085
 33.6063 5.20305
 33.2475 5.0129
 33.1069 5.20515
 32.9762 5.4098
 32.9642 5.4199
261 48 29
 33.1938 -10.2439
 33.8462 -11.6284
 34.2966 -11.9354
 35.1471 -12.5328
 36.2748 -12.9165
 36.6919 -12.7873
 36.41 -13.2752
 36.0212 -13.7242
 35.9655 -14.2283
 35.933 -15.0679
 35.9509 -15.4506
 36.6946 -15.9735
 37.4432 -16.5272
 37.5963 -16.5595
 38.0143 -16.4987
 38.35 -16.3666
 38.4608 -16.1817
 38.8266 -15.9932
 39.1301 -15.904
 39.173 -15.8527
 39.2451 -15.8374
 39.3179 -15.8615
 39.384 -15.9223
 39.4359 -15.8732
 39.5497 -15.7409
 39.9006 -15.6035
 40.308 -15.4135
 40.4949 -15.3504
 40.5222 -15.3696
261 109 8
 33.1938 -10.2439
 33.2374 -8.8547
 33.6547 -7.9033
 33.7542 -7.2582
 33.7972 -7.15245
 34.6235 -6.6957
 35.5967 -6.38045
 35.7843 -6.4266
262 92 12
 23.3423 -16.8808
 22.5083 -16.8894
 21.4429 -16.8486
 20.6646 -16.983
 20.1301 -17.077
 19.6935 -16.9418
 19.4619 -16.8784
 19.3675 -16.9953
 19.1536 -17.1602
 19.002 -17.2994
 18.9949 -17.3216
 18.9836 -17.3254
262 2 8
 23.3423 -16.8808
 23.9968 -16.4946
 24.6581 -16.232
 25.0419 -16.2313
 25.2533 -15.9216
 25.397 -15.6277
 25.5312 -15.588
 25.6101 -15.5664
263 30 13
 38.8186 -33.7415
 38.001 -33.4817
 37.6482 -33.3197
 37.4493 -33.3292
 37.2809 -33.2379
 37.2737 -33.1231
 37.2541 -33.0536
 37.1778 -33.0683
 37.1433 -33.1056
 37.0748 -33.1205
 37.0269 -33.0524
 37.057 -32.989
 37.0786 -32.9888
263 31 8
 38.8186 -33.7415
 39.4194 -34.0306
 39.4674 -34.3097
 39.4872 -34.3837
 39.5637 -34.4792
 39.5855 -34.5526
 39.6178 -34.608
 39.6689 -34.6471
264 30 51
 36.537 -25.7253
 35.1014 -26.3801
 35.8409 -26.4139
 36.1566 -27.0381
 36.2093 -27.8553
 36.1698 -28.3611
 36.0724 -28.5944
 35.8921 -28.8906
 35.8131 -29.1693
 35.8365 -29.2617
 35.7869 -29.4034
 35.7923 -29.5337
 35.7716 -29.6366
 35.6907 -29.7354
 35.6459 -29.7458
 35.6588 -29.7952
 35.6499 -29.85
 35.6337 -29.8949
 35.6222 -29.9476
 35.6348 -30.0075
 35.5487 -30.0242
 35.4386 -30.0498
 35.4843 -30.1217
 35.5844 -30.2333
 35.5348 -30.3891
 35.4258 -30.6597
 35.415 -30.9193
 35.4643 -31.0552
 35.4927 -31.1454
 35.4869 -31.1861
 35.4723 -31.2618
 35.4997 -31.4509
 35.6023 -31.5565
 35.7145 -31.6655
 35.7046 -31.9836
 35.8506 -32.2816
 36.1935 -32.323
 36.375 -32.2277
 36.6241 -32.1486
 36.8502 -32.1138
 36.9194 -32.2097
 37.0273 -32.2183
 37.1329 -32.209
 37.1797 -32.3702
 37.2045 -32.5559
 37.2499 -32.7104
 37.23 -32.7948
 37.1681 -32.8372
 37.102 -32.9153
 37.0687 -32.9773
 37.0786 -32.9888
264 117 8
 36.537 -25.7253
 37.9876 -25.0392
 38.4944 -24.693
 38.4922 -24.4683
 38.5547 -24.4867
 38.8102 -24.5619
 39.0117 -24.5747
 39.0261 -24.5471
265 48 22
 35.7663 -19.6314
 36.7968 -19.1002
 37.1033 -18.8208
 37.0266 -18.3391
 36.9633 -17.617
 37.204 -16.9096
 37.5963 -16.5595
 38.0143 -16.4987
 38.35 -16.3666
 38.4608 -16.1817
 38.8266 -15.9932
 39.1301 -15.904
 39.173 -15.8527
 39.2451 -15.8374
 39.3179 -15.8615
 39.384 -15.9223
 39.4359 -15.8732
 39.5497 -15.7409
 39.9006 -15.6035
 40.308 -15.4135
 40.4949 -15.3504
 40.5222 -15.3696
265 122 4
 35.7663 -19.6314
 34.9112 -20.0326
 34.6859 -20.0538
 34.6447 -20.0375
266 48 13
 47.1034 -14.1649
 46.3765 -12.9717
 45.7296 -12.5448
 44.6419 -12.9545
 43.7034 -13.4942
 43.6457 -13.8352
 42.9051 -14.3931
 41.7392 -14.9687
 41.1885 -15.1082
 40.8428 -15.1392
 40.5752 -15.2586
 40.5101 -15.3333
 40.5222 -15.3696
266 19 5
 47.1034 -14.1649
 47.4686 -15.0033
 47.636 -15.8876
 47.7423 -16.6912
 47.7295 -16.7213
267 31 15
 44.256 -31.136
 43.5306 -32.1371
 42.9244 -33.2983
 42.534 -33.7717
 42.0094 -33.6925
 41.5569 -33.6085
 41.093 -33.43
 40.2147 -33.3876
 39.7664 -33.8391
 40.0414 -34.2325
 40.0816 -34.2989
 39.9128 -34.2689
 39.7807 -34.3975
 39.6745 -34.6054
 39.6689 -34.6471
267 18 4
 44.256 -31.136
 45.99 -30.0546
 47.424 -29.1857
 47.4305 -29.0708
275 101 16
 -35.4289 -24.8063
 -35.5137 -24.7187
 -34.9574 -24.7059
 -34.1133 -24.3302
 -32.654 -23.5715
 -31.5662 -22.858
 -31.5444 -22.5428
 -31.1097 -22.0739
 -29.3876 -20.942
 -27.6443 -19.3176
 -27.3112 -17.7713
 -27.4108 -16.9142
 -27.1129 -16.4989
 -26.8321 -16.2588
 -27.1898 -15.68
 -27.5329 -15.1132
276 43 4
 48.3119 -40.8175
 47.6798 -40.6474
 47.0611 -40.448
 47.0744 -40.4188
277 95 7
 38.0088 71.3661
 36.4197 71.6229
 34.6264 70.7388
 34.2262 69.879
 34.4571 69.4478
 34.5375 69.2958
 34.5829 69.2937
