   14.017528783050235     
   1.9948986767340866     
   1.2536717304737002     
   1.7108757220237254     
   7.3154799688974510     
   7.8007658974596294     
   5.5970107206175657     
   8.0086688843325700     
   3.6570872770904468     
   2.7110035176157750     
   6.0870667842970541     
   2.2240532199913643     
   5.4823728180432578     
   2.2973417841687449     
   5.5880545510458726     
   1.1176459947988815     
   2.9915111975218345     
   1.1293376985501193     
   2.2331006975080423     
   2.3769413881169932     
   5.6828871346385563     
   1.7508447935231009     
   1.7538703519178955     
   1.1907047004831510     
   2.3608244707660710     
   5.8511741950647647     
   5.0017738365558886     
   3.9816677253085375     
   6.0425428205212590     
   3.7682295901975840     
   2.5598987146848007     
  0.64676486507264230     
   9.0477388407240102     
   2.9112412707225328     
   1.4890417500434661     
   3.7444742653257865     
   7.9742998190595902     
   6.0628173572780995     
   6.4175274409901020     
   3.2840284205713570     
   2.3257702910510933     
   3.9189942386506047     
   3.0557724775529906     
  0.96301542389258032     
   4.2182959014636898     
   1.8167161693890925     
   8.1668332891551589     
   3.1229344338289895     
   13.108993811443028     
   5.0887198235380540     
   6.4458119626633188     
  0.90031029884437053     
   3.1086683528552106     
   7.1299166046472449     
   3.3458122771002881     
   3.9350261153415040     
   1.7521816909035697     
   1.9388677754117722     
   4.4890775161867751     
   1.3058508728907363     
   8.1923776754654725     
   5.4395972773920249     
   3.5923556924846372     
   1.0039533281853632     
  0.85550511539619178     
   1.0338159488398060     
   2.3837012860509232     
   1.1768672906138611     
   1.4070902008576496     
   1.5587972605906741     
   6.7774396695708568     
   1.7372622899734034     
   1.8357382089815291     
   1.4242477847624115     
   2.7823084961827815     
   1.3375001232734181     
   1.7559982061204931     
   1.4775781213959760     
  0.98901637440792900     
   1.3740246293076022     
   6.2283187543505658     
   1.1640754036267709     
   1.6463820027382579     
  0.61852578081903475     
   1.9236162248425077     
  0.54448613650636957     
   2.7869390583411837     
  0.96662353947292312     
   2.5092258650695434     
  0.50503919651599416     
   2.1167831809218796     
   1.7227712318041386     
   8.8171408697661420     
   1.7257896980392426     
   2.3168435102190306     
  0.73668125658920580     
   1.8855385127841435     
   2.7031863370185922     
   4.0793666734332552     
   2.6857060207495769     
   2.1823448603023703     
   4.9927108860318388     
   9.7276639350508578     
   1.5339719439592452     
   4.8527032394340166     
   3.3106237605105955     
   2.0098744912596604     
   2.4586631473551011     
   14.484863304793254     
   8.5967950716816617     
   5.6322680255237900     
  0.98358262462320112     
   2.0497776855525509     
   1.7681787698690077     
   7.0883752553774224     
   3.9489626841357337     
   4.6286413323983151     
   1.5437206123183385     
   4.4666240296820217     
   1.0175140085378616     
   6.0267019115161666     
   2.3677009498170682     
   5.0714232064787828     
  0.66609746507849144     
   1.1368686575498774     
   1.2351613011915916     
   2.5699908831023999     
   3.3128929219654699     
   8.5266177248226214     
   1.1833639043434245     
   6.5489257303582340     
   1.1664747482627891     
   4.0603993680535071     
   2.7045147496382471     
   6.4974582600290249     
   1.9400156941940421     
   11.420613907308041     
   2.0528164379361131     
   6.1463939858544760     
   1.7039499160523461     
   7.4448133249504211     
   7.5543984972846969     
   3.8267577478253259     
   3.6251393976134612     
   6.4495212091524436     
   3.6208504142521472     
   1.8017672689383368     
   2.3622725535653415     
   7.5453838586767699     
   1.3393714519020745     
   9.4097607697267449     
   3.8410889583528447     
   2.1081210025987200     
   1.6074256882939963     
   1.3129631056986526     
   1.9257461480480693     
   12.849704230857446     
   1.9074329735823556     
   10.490285997099589     
   2.3864747469555718     
   4.5887268495040168     
   10.439203204255904     
   19.482955812826706     
   6.1760964316339066     
   3.6503967771903656     
   3.3648737467595944     
   18.111125655119430     
   2.8835248471184829     
   3.1544876603640066     
  0.54085538699998748     
   2.9422570863078303     
  0.55893927296964629     
   5.1480455511393179     
   4.2004564229516177     
   1.1276502851800827     
   1.0905408616420735     
   6.9040077074500559     
   3.6994344658921343     
   4.6464670742609266     
  0.88238157791844607     
   2.6051356955042118     
  0.96812054600842334     
   3.0537136673375160     
   2.5272500725542115     
   2.2603472957024207     
   7.4119203677513719     
   1.0851507857576093     
  0.64252608467376549     
   4.7766041875863801     
   3.3502348476832973     
   2.1607897192495904     
   2.2138445543041874     
   8.4731322328246943     
   1.5453400735819725     
   6.8726154789576510     
   13.615369308929919     
   3.3042286780903760     
   1.9700281867280616     
   7.7885430759902556     
   4.7975585687748037     
   1.9570959552850606     
   1.3718736548007482     
   3.7710087704177662     
   2.0408544108492093     
   11.605586414623206     
   6.3836717780646426     
   1.0096950115726058     
  0.97882217830614493     
   8.8715141562641637     
   2.2800155045996884     
   2.6163759290270265     
   1.4088097474044574     
   1.0333468798810734     
  0.57814266637583811     
   6.2464770105729990     
   2.8312427020775024     
   3.2820364871038517     
   2.0682520863041942     
   5.0201797854532684     
   3.5208361607383605     
   4.9132212586192709     
   1.2148716144543039     
   1.8830609338277289     
  0.91294622239206458     
   1.9968008464818305     
   1.1386285436619601     
   2.4784708290360009     
   2.2229298839999525     
   2.6372479496766532     
   1.7099505377156281     
   2.9551256945314708     
   2.5239995010339338     
   1.4183626511157017     
   1.1843311920857027     
   1.3307154221636910     
  0.70735778113255454     
   1.8298282767614813     
  0.40028300364069752     
   2.5962329530667718     
   5.5262197226278005     
   2.8150565287624980     
   1.8507623047647037     
   9.6441993271148405     
   5.5414905130198244     
   3.2366685058021867     
   8.5391737404169081     
   1.6024130794975271     
   1.5001692240549549     
   7.8421798654164316     
   3.6742134200832104     
   13.683223216229591     
   1.8128308483242068     
   2.6967059178365380     
   1.3767174287681638     
   5.5932412991735339     
   1.0998786215457013     
   12.346823943958555     
   1.3249364325371360     
   5.4195845366521382     
   3.9682633294628387     
   7.1010304560895179     
   3.3731343059285166     
   2.4608312408235387     
   1.6345045979610051     
   1.4116250643355355     
  0.94859594769274380     
   6.0960768476886322     
   2.1579813705004685     
   4.2029480067301250     
   1.0331553130750193     
   4.6900106761750520     
   1.7577952630408327     
   4.1164145899445481     
   2.2737383018350625     
   7.9264149498659524     
  0.71875979325477979     
   2.7754938138675231     
