328
157 143 22
 15.0548 -26.278
 15.3729 -25.0562
 15.6899 -24.2771
 16.1072 -23.7804
 17.0018 -23.2445
 17.7241 -22.9451
 17.9973 -22.6944
 18.7144 -22.882
 19.5438 -23.113
 19.6667 -23.1423
 19.5793 -22.8039
 19.8574 -22.367
 20.2087 -22.2417
 20.7547 -21.9951
 21.3871 -21.7139
 21.6991 -21.8622
 22.0833 -22.0932
 22.274 -22.1743
 23.0154 -22.654
 23.8128 -23.0405
 23.9291 -22.9743
 23.9608 -22.9604
157 114 4
 15.0548 -26.278
 15.0272 -26.8246
 14.9739 -26.9721
 14.9468 -27.0201
158 98 10
 -11.4921 -30.5911
 -11.2605 -31.2285
 -11.3379 -32.1766
 -11.4479 -33.1459
 -11.11 -33.2411
 -10.9079 -33.2987
 -10.878 -33.3101
 -10.6323 -33.2738
 -10.4471 -33.266
 -10.4649 -33.2806
158 15 12
 -11.4921 -30.5911
 -11.71 -29.9872
 -11.8948 -29.8855
 -11.9025 -29.5145
 -11.9921 -28.9151
 -12.3029 -28.4597
 -12.5159 -27.832
 -12.7094 -27.2402
 -12.9851 -27.0557
 -13.1849 -26.8315
 -13.3018 -26.6645
 -13.3273 -26.6345
159 44 15
 -27.772 -12.2006
 -27.5686 -11.136
 -27.2945 -9.73575
 -27.3916 -9.19065
 -27.6459 -8.83595
 -28.1122 -8.413
 -28.6761 -7.1667
 -29.1618 -5.9869
 -29.2228 -5.6599
 -29.5543 -5.16805
 -30.0572 -4.90905
 -30.153 -4.90715
 -30.8836 -5.0048
 -31.803 -5.1626
 -32.0152 -5.2204
159 65 5
 -27.772 -12.2006
 -26.7544 -13.4514
 -25.8343 -14.6145
 -25.775 -14.6352
 -25.7599 -14.6267
160 3 40
 -7.487 43.2942
 -7.1291 41.9348
 -6.72615 41.3841
 -6.4987 41.1423
 -6.28455 41.0992
 -6.17035 41.2494
 -6.1572 41.2687
 -6.0597 41.1673
 -5.99595 41.0087
 -5.91 40.951
 -5.5573 41.1356
 -4.9872 41.4846
 -4.495 41.8353
 -4.4398 42.1806
 -4.50425 42.5732
 -4.5051 42.7815
 -4.5969 42.9392
 -4.51615 43.3144
 -4.12115 43.6423
 -3.7714 43.7553
 -3.69035 43.8147
 -3.534 43.9396
 -3.4408 44.1264
 -3.37835 44.2247
 -3.22915 44.2364
 -3.1655 44.2104
 -3.1952 44.2946
 -3.16535 44.3823
 -3.1167 44.4021
 -3.07265 44.4155
 -2.9618 44.4609
 -2.87585 44.5329
 -2.9027 44.611
 -2.9753 44.676
 -3.02335 44.7332
 -3.07215 44.665
 -3.1456 44.6185
 -3.1907 44.5984
 -3.2323 44.5929
 -3.2507 44.5895
160 14 11
 -7.487 43.2942
 -7.41355 45.1143
 -7.9074 46.8629
 -8.1877 48.3022
 -7.4177 48.9767
 -6.61775 49.1656
 -6.48025 49.8837
 -6.7498 50.5921
 -6.59505 51.5079
 -6.39265 52.3663
 -6.3454 52.3712
161 152 6
 -0.98645 37.1492
 -1.65635 36.7613
 -1.90125 36.564
 -1.93885 36.4528
 -2.01035 36.388
 -2.0185 36.3786
161 77 4
 -0.98645 37.1492
 -0.5696 37.4563
 -0.55355 37.5213
 -0.5551 37.5255
162 49 17
 27.4301 30.372
 27.1813 29.7836
 27.1684 29.4972
 26.679 29.138
 26.2961 28.9281
 25.9993 29.3629
 25.6232 29.7649
 25.3634 30.0555
 25.2365 30.354
 24.7437 30.7561
 24.2127 31.3963
 24.0827 31.7859
 24.1363 31.9675
 24.2372 32.0469
 24.3283 32.1102
 24.35 32.149
 24.3386 32.1619
162 37 6
 27.4301 30.372
 28.2861 30.8578
 28.7258 30.9343
 29.4041 30.659
 29.9914 30.3612
 29.9828 30.3439
163 153 21
 57.0483 17.0678
 57.8518 16.1984
 58.3109 15.6665
 58.3298 15.5145
 58.3352 15.4341
 58.3063 15.4227
 58.307 15.2495
 58.1619 14.8614
 58.0085 14.3418
 57.7465 13.755
 57.4592 13.4183
 57.5083 13.3778
 57.8727 13.2561
 58.2287 13.0031
 58.3208 12.7676
 58.389 12.5526
 58.409 12.1547
 58.3619 11.7778
 58.3415 11.6864
 58.3334 11.5938
 58.3048 11.5145
163 11 10
 57.0483 17.0678
 57.1239 17.37
 58.62 17.8313
 59.6987 18.4455
 60.0006 18.1941
 60.4274 17.8619
 60.9346 17.6286
 61.4883 17.6066
 61.7132 17.8202
 61.7558 17.8665
164 103 14
 72.4803 6.0794
 72.0792 6.7283
 72.42 7.1769
 72.6614 8.16705
 72.8911 8.67105
 73.2464 8.805
 73.2951 9.04115
 73.8173 9.86035
 74.6245 10.8251
 74.65 11.2647
 74.754 11.4269
 75.4778 11.513
 75.8575 11.7225
 75.8781 11.7328
164 87 4
 72.4803 6.0794
 73.2949 5.2822
 73.758 5.0566
 73.8289 5.0251
165 103 6
 73.2289 11.8347
 74.3173 11.6143
 74.754 11.4269
 75.4778 11.513
 75.8575 11.7225
 75.8781 11.7328
165 54 3
 73.2289 11.8347
 72.1062 12.1467
 72 12.313
166 40 9
 26.8958 -13.2204
 25.8822 -12.1122
 25.8922 -11.7871
 25.4886 -11.9802
 25.0489 -11.8836
 24.3505 -11.653
 23.6021 -11.2111
 23.4726 -10.9573
 23.4518 -10.9488
166 129 11
 26.8958 -13.2204
 27.9697 -14.4116
 28.0212 -14.6796
 28.3109 -15.0576
 29.0339 -15.6564
 30.1846 -15.6348
 31.003 -15.0679
 31.078 -14.72
 31.0219 -14.3449
 30.9663 -14.0956
 30.9624 -14.0825
167 111 5
 32.8987 -46.5219
 33.8824 -46.7169
 33.2997 -47.5751
 33.6493 -48.4413
 34.066 -48.6888
167 57 8
 32.8987 -46.5219
 32.3023 -46.0127
 32.1367 -45.8328
 31.3988 -46.1915
 30.1888 -46.5467
 29.4524 -46.7473
 29.1294 -46.8363
 29.1082 -46.8263
168 26 6
 32.0546 -42.7899
 31.7506 -41.6003
 31.7441 -40.7944
 31.7104 -40.6779
 31.6887 -40.507
 31.6974 -40.4488
168 24 3
 32.0546 -42.7899
 32.4254 -43.1725
 32.4954 -43.1674
169 93 3
 44.9462 -43.3698
 44.9688 -44.8329
 44.9898 -44.833
169 64 4
 44.9462 -43.3698
 44.6916 -41.6898
 44.5814 -41.3391
 44.724 -41.2053
170 58 15
 73.4688 -4.5154
 74.5864 -3.7954
 73.6154 -2.6955
 72.5798 -1.9351
 72.4938 -1.2313
 72.4043 -0.3865
 72.3718 0.0603
 72.3472 0.10645
 71.6005 -0.2071
 70.7737 -0.39845
 70.5902 -0.1891
 70.6257 -0.45515
 70.5081 -0.63135
 70.4346 -0.72325
 70.4348 -0.7632
170 36 3
 73.4688 -4.5154
 72.3753 -4.69375
 72.3634 -4.6966
171 31 11
 74.0634 3.58045
 74.5091 4.1733
 74.7996 4.76055
 74.8979 4.7308
 75.227 4.48105
 75.642 4.5812
 75.8495 5.16945
 76.1738 5.67345
 76.4427 5.6713
 76.4165 5.5235
 76.3406 5.4748
171 120 4
 74.0634 3.58045
 74.1866 3.0439
 74.5511 2.645
 74.5557 2.6381
172 97 14
 13.8122 -55.2752
 13.2089 -53.7815
 13.301 -53.4405
 12.9627 -53.7945
 12.4625 -54.517
 11.7132 -54.4397
 10.835 -53.9769
 10.0339 -54.1779
 9.6448 -54.8111
 9.4424 -55.3907
 9.50835 -55.6553
 9.66705 -56.2655
 9.7657 -56.7014
 9.7838 -56.7672
172 126 3
 13.8122 -55.2752
 14.2122 -56.5895
 14.2282 -56.6113
173 52 11
 -20.654 29.6088
 -20.9009 28.725
 -20.6601 28.4521
 -20.5587 28.1869
 -20.6346 27.7632
 -20.8996 26.875
 -20.9397 25.896
 -21.0719 25.8958
 -21.9598 26.2796
 -22.6222 26.356
 -22.6517 26.3193
173 8 9
 -20.654 29.6088
 -19.8471 29.8911
 -19.4124 29.53
 -18.8798 29.5938
 -18.2565 29.7292
 -18.071 29.8281
 -17.9934 29.9193
 -17.946 29.9749
 -17.9217 29.9774
174 13 10
 7.32405 32.202
 7.8094 33.0238
 8.31395 34.1793
 8.9529 34.9986
 8.7435 36.0059
 8.29445 36.9496
 8.2337 37.8586
 8.4016 39.3045
 8.49605 40.1951
 8.4584 40.294
174 150 11
 7.32405 32.202
 6.56435 32.5767
 6.10705 32.8736
 5.48165 32.3386
 5.1227 32.6486
 4.90925 33.7386
 4.29075 34.522
 4.0386 35.0271
 4.0997 35.2793
 4.0866 35.3785
 4.0731 35.4365
175 123 7
 4.7496 3.3789
 4.69515 5.676
 5.82225 5.3609
 6.55515 6.82415
 6.90735 7.80025
 7.12555 7.83425
 7.1526 7.8486
175 106 6
 4.7496 3.3789
 4.57745 1.52325
 5.27535 0.48335
 4.7739 -0.16115
 3.72845 0.07235
 3.5537 0.2909
176 134 19
 32.8629 56.5582
 31.736 57.2638
 31.1707 57.2752
 30.6077 57.0507
 30.207 57.3838
 30.0452 57.7402
 29.8146 58.0834
 29.1919 58.3722
 28.8183 58.4528
 28.7025 58.556
 28.5601 58.5723
 28.2308 58.7359
 27.3929 59.5059
 26.1781 59.777
 25.5051 59.4256
 25.2864 59.415
 24.9919 59.3693
 24.9035 59.3362
 24.9073 59.3529
176 148 6
 32.8629 56.5582
 34.614 55.8316
 35.5232 55.4503
 35.7438 55.2435
 35.8909 55.1349
 35.9026 55.1323
177 12 26
 59.3527 -9.1
 59.4901 -7.98055
 59.8771 -7.00225
 60.0184 -6.16965
 60.0801 -5.79995
 60.0075 -5.44585
 60.0148 -5.30305
 60.0308 -5.2005
 60.0765 -5.13065
 60.5366 -4.9416
 60.9307 -4.64615
 60.8977 -4.509
 61.195 -4.4151
 61.6707 -4.296
 61.9274 -4.17155
 62.0412 -4.03995
 62.2758 -3.9182
 62.4401 -3.79715
 62.1959 -3.68975
 61.9623 -3.56715
 61.8349 -3.06115
 61.7317 -2.58065
 61.7025 -2.26395
 61.6483 -1.89655
 61.5961 -1.8067
 61.5765 -1.8176
177 68 9
 59.3527 -9.1
 59.6077 -10.1731
 59.1688 -10.5679
 58.6485 -11.412
 58.8103 -12.2217
 59.2553 -12.5172
 59.2375 -12.8039
 58.8959 -13.0246
 58.7894 -13.1168
178 73 32
 1.9352 -45.8214
 2.0226 -45.2336
 2.1979 -44.971
 2.31275 -44.833
 2.4096 -44.7223
 2.443 -44.6325
 2.3967 -44.5069
 2.4403 -44.4036
 2.5275 -44.3902
 2.5797 -44.3266
 2.60835 -44.2554
 2.66995 -44.3297
 2.8029 -44.3284
 2.9569 -44.2333
 3.0251 -44.2213
 3.00645 -44.272
 3.0651 -44.3331
 3.09605 -44.4015
 3.16885 -44.3739
 3.2142 -44.3756
 3.2612 -44.396
 3.36235 -44.4113
 3.4354 -44.3526
 3.45845 -44.2876
 3.5032 -44.295
 3.61455 -44.3192
 3.69895 -44.3531
 3.7246 -44.261
 3.79335 -44.1772
 3.8798 -44.1264
 3.9444 -44.0564
 3.9748 -44.0134
178 144 7
 1.9352 -45.8214
 1.8549 -46.2688
 2.1938 -46.7055
 2.51365 -47.1736
 2.64815 -47.2257
 2.68865 -47.2951
 2.6845 -47.3128
179 156 21
 9.99885 -50.9806
 10.7335 -50.2117
 10.6966 -50.1684
 10.5417 -50.0401
 10.4659 -49.8568
 10.4371 -49.6731
 10.5261 -49.4796
 10.7125 -49.3317
 10.8011 -49.0942
 10.8047 -48.8937
 10.8075 -48.7153
 11.0203 -48.5492
 11.2169 -48.4841
 11.3214 -48.4178
 11.4824 -48.3257
 11.5653 -48.2558
 11.517 -48.1671
 11.3918 -48.0527
 11.3636 -47.9168
 11.3748 -47.823
 11.3608 -47.7968
179 97 13
 9.99885 -50.9806
 9.3003 -51.9926
 9.59155 -52.3912
 10.3258 -52.618
 10.6233 -53.1973
 10.3583 -53.8659
 10.0339 -54.1779
 9.6448 -54.8111
 9.4424 -55.3907
 9.50835 -55.6553
 9.66705 -56.2655
 9.7657 -56.7014
 9.7838 -56.7672
180 59 9
 7.933 -18.6613
 8.61635 -20.4312
 8.27875 -21.6056
 8.1818 -21.9781
 8.78955 -22.7273
 9.96755 -23.6343
 11.2732 -23.4897
 11.9736 -23.2085
 12.0582 -23.2118
180 110 7
 7.933 -18.6613
 7.2597 -17.2365
 7.7082 -16.5343
 7.5663 -16.2594
 6.15705 -16.9312
 4.9836 -17.7362
 4.9992 -17.8224
181 53 45
 -12.8881 -19.7105
 -13.7874 -18.8762
 -14.4038 -18.1041
 -14.8498 -17.4953
 -15.0119 -17.3057
 -15.0199 -17.1549
 -15.0878 -16.8045
 -15.1529 -16.5038
 -15.1569 -16.3521
 -15.0742 -16.0836
 -15.0606 -15.6034
 -15.1905 -15.3192
 -15.2503 -15.2888
 -15.2907 -15.0343
 -15.4993 -14.8015
 -15.7201 -14.7784
 -15.8288 -14.6717
 -16.0673 -14.5632
 -16.275 -14.5983
 -16.4241 -14.797
 -16.5008 -14.969
 -16.6065 -14.9644
 -16.7799 -14.9071
 -16.8461 -14.7768
 -16.8327 -14.6666
 -16.882 -14.5391
 -16.9664 -14.3942
 -17.0325 -14.3042
 -16.9653 -14.2144
 -16.857 -14.097
 -16.8483 -14.0418
 -16.8081 -14.0462
 -16.8326 -13.9546
 -16.8751 -13.8609
 -16.8968 -13.8301
 -16.9309 -13.7999
 -16.9475 -13.7801
 -16.952 -13.7569
 -16.9963 -13.7472
 -17.0508 -13.791
 -17.0795 -13.8436
 -17.094 -13.8777
 -17.0771 -13.8988
 -17.0559 -13.934
 -17.0492 -13.962
181 113 19
 -12.8881 -19.7105
 -12.3913 -20.6519
 -12.4204 -21.3573
 -12.3607 -21.8841
 -12.2962 -22.1796
 -12.1679 -22.6129
 -11.9382 -23.5738
 -11.6716 -24.1403
 -11.3439 -24.4268
 -11.0432 -24.8676
 -10.8172 -24.9884
 -10.5539 -25.0482
 -10.3449 -25.2508
 -9.8525 -25.6457
 -9.4546 -26.2766
 -9.39905 -26.6741
 -9.3309 -26.9568
 -9.2241 -27.2353
 -9.1295 -27.2937
182 113 9
 -8.3892 -28.8496
 -8.6942 -28.2551
 -8.928 -28.0719
 -8.94975 -27.9529
 -9.0964 -27.7425
 -9.332 -27.6114
 -9.29515 -27.5064
 -9.1711 -27.3492
 -9.1295 -27.2937
182 151 24
 -8.3892 -28.8496
 -8.2896 -29.5277
 -8.06035 -29.7199
 -7.37215 -30.1409
 -6.90635 -30.5723
 -6.87205 -30.6588
 -6.8039 -31.0903
 -6.65025 -31.6754
 -6.5627 -31.959
 -6.50295 -32.1523
 -6.43125 -32.3787
 -6.39465 -32.4638
 -6.09315 -32.5801
 -5.4419 -32.9263
 -4.9924 -33.1926
 -5.03115 -33.2865
 -5.0615 -33.4545
 -5.28505 -33.9095
 -5.7084 -34.4197
 -5.88105 -34.5825
 -5.9947 -34.675
 -6.0723 -34.7951
 -6.2285 -34.8427
 -6.3531 -34.8294
183 44 25
 -39.1797 12.574
 -38.0246 10.8471
 -37.9366 9.94975
 -37.9183 9.41485
 -37.5316 8.77415
 -36.9234 8.03325
 -37.0752 7.5779
 -37.3946 7.05095
 -37.0984 5.96945
 -36.7766 5.4333
 -36.8678 4.9616
 -37.039 4.09595
 -37.326 3.13745
 -37.6612 2.5274
 -37.6437 1.35385
 -37.3967 -0.0753
 -37.1774 -1.0431
 -35.5562 -1.8139
 -33.3363 -1.7794
 -32.3999 -2.1006
 -32.1886 -3.1227
 -32.2689 -4.2858
 -32.2292 -4.99375
 -32.0754 -5.15915
 -32.0152 -5.2204
183 55 6
 -39.1797 12.574
 -40.2262 13.6996
 -40.0856 13.9998
 -40.0976 14.3482
 -40.1632 14.5447
 -40.1766 14.5552
184 35 4
 37.9235 40.1343
 37.1047 39.7025
 36.9963 39.5126
 36.988 39.4732
184 85 5
 37.9235 40.1343
 38.8554 40.5047
 39.0864 40.6394
 39.1125 40.7322
 39.1208 40.7796
185 142 9
 61.3126 5.45565
 61.6562 5.9193
 62.1782 6.4032
 62.1921 7.08385
 61.976 7.83155
 62.0247 7.9099
 62.7489 7.70755
 63.5752 7.57065
 63.7676 7.5951
185 23 9
 61.3126 5.45565
 61.0103 5.38055
 60.4014 5.1605
 59.9599 4.91895
 59.8089 5.24795
 59.6602 6.34905
 59.515 7.09865
 59.4743 7.17785
 59.4563 7.215
186 16 14
 24.5063 -30.2822
 24.2547 -31.5672
 24.597 -32.8034
 24.6731 -33.5407
 24.2458 -34.087
 24.4153 -34.6887
 25.1025 -34.7602
 24.9109 -34.977
 24.8742 -35.4257
 24.8063 -35.8401
 24.6065 -36.2104
 24.494 -36.4524
 24.3625 -36.6023
 24.248 -36.7497
186 91 4
 24.5063 -30.2822
 25.0912 -29.5654
 25.2714 -29.571
 25.3563 -29.5749
187 111 15
 39.858 -43.1217
 39.3861 -43.843
 39.4833 -45.3503
 39.4303 -46.4377
 38.8346 -46.8744
 38.0292 -47.3623
 37.8809 -47.1833
 37.4152 -46.5387
 36.4789 -46.2386
 36.0378 -46.3764
 35.2013 -46.4379
 33.8824 -46.7169
 33.2997 -47.5751
 33.6493 -48.4413
 34.066 -48.6888
187 19 5
 39.858 -43.1217
 40.3744 -41.9929
 39.701 -40.8805
 39.1212 -40.618
 39.1079 -40.6387
188 71 9
 52.8966 -22.6974
 52.7691 -22.8565
 52.4919 -23.0394
 52.197 -23.1389
 52.1365 -23.0584
 51.9814 -23.2251
 51.7144 -23.3347
 51.5422 -23.3927
 51.5255 -23.3934
188 18 7
 52.8966 -22.6974
 53.0984 -22.4636
 53.2971 -22.3172
 53.5565 -22.5586
 54.0598 -22.9524
 54.3302 -23.2057
 54.3192 -23.2613
189 1 13
 12.1721 -41.4183
 12.4646 -41.569
 12.7218 -41.626
 12.8391 -41.8137
 12.7744 -41.9833
 12.8642 -42.0994
 13.0324 -42.1983
 13.1199 -42.2244
 13.0963 -42.2855
 13.0978 -42.3126
 13.1817 -42.3825
 13.2392 -42.4523
 13.2533 -42.4531
189 155 11
 12.1721 -41.4183
 11.9664 -41.2
 11.9437 -41.3807
 11.7029 -41.5019
 11.4505 -41.6012
 11.3793 -41.7262
 11.2973 -41.8204
 11.173 -41.8269
 11.0656 -41.795
 11.0135 -41.792
 10.9846 -41.7977
190 151 12
 -3.6628 -31.7636
 -4.60265 -32.548
 -4.8389 -33.1066
 -5.03115 -33.2865
 -5.0615 -33.4545
 -5.28505 -33.9095
 -5.7084 -34.4197
 -5.88105 -34.5825
 -5.9947 -34.675
 -6.0723 -34.7951
 -6.2285 -34.8427
 -6.3531 -34.8294
190 108 6
 -3.6628 -31.7636
 -2.72515 -30.3965
 -2.19785 -29.3766
 -1.51975 -29.3475
 -1.1637 -29.2928
 -1.1254 -29.3026
191 121 8
 -4.15225 -35.6113
 -3.9896 -36.1067
 -3.79935 -36.4183
 -3.62575 -36.5578
 -3.45695 -36.6785
 -3.47145 -36.8766
 -3.52555 -37.1199
 -3.5748 -37.179
191 151 9
 -4.15225 -35.6113
 -4.35795 -35.2635
 -4.6825 -35.1125
 -5.29115 -34.8209
 -5.88105 -34.5825
 -5.9947 -34.675
 -6.0723 -34.7951
 -6.2285 -34.8427
 -6.3531 -34.8294
192 60 11
 11.7026 -27.9962
 9.6035 -28.4841
 9.56355 -28.869
 9.18945 -29.8918
 8.73465 -30.7504
 8.4737 -31.7551
 7.9989 -32.7752
 7.70925 -32.9483
 7.59685 -33.0693
 7.4294 -33.1507
 7.3651 -33.1497
192 114 6
 11.7026 -27.9962
 13.7999 -27.5764
 14.129 -27.4543
 14.6474 -27.2156
 14.9179 -27.0429
 14.9468 -27.0201
193 73 36
 4.4594 -37.3084
 3.7846 -38.7481
 3.56175 -39.8588
 3.2744 -40.2409
 3.3484 -40.8708
 3.48595 -41.7302
 3.43705 -42.477
 3.19685 -43.0782
 3.0563 -43.2297
 2.99265 -43.4564
 2.88455 -43.7269
 2.78215 -43.8409
 2.90535 -43.7634
 2.9983 -43.7523
 3.0545 -43.845
 3.08335 -44.016
 3.0501 -44.1301
 3.0263 -44.1824
 3.0251 -44.2213
 3.00645 -44.272
 3.0651 -44.3331
 3.09605 -44.4015
 3.16885 -44.3739
 3.2142 -44.3756
 3.2612 -44.396
 3.36235 -44.4113
 3.4354 -44.3526
 3.45845 -44.2876
 3.5032 -44.295
 3.61455 -44.3192
 3.69895 -44.3531
 3.7246 -44.261
 3.79335 -44.1772
 3.8798 -44.1264
 3.9444 -44.0564
 3.9748 -44.0134
193 60 10
 4.4594 -37.3084
 5.68785 -36.4677
 7.17925 -35.859
 8.17825 -35.0463
 8.1901 -34.5006
 8.0015 -33.7078
 7.74785 -33.0237
 7.59685 -33.0693
 7.4294 -33.1507
 7.3651 -33.1497
194 91 8
 22.1521 -27.3181
 23.2038 -28.6255
 23.4819 -29.5169
 23.5089 -29.6345
 24.2628 -29.5966
 25.0912 -29.5654
 25.2714 -29.571
 25.3563 -29.5749
194 143 9
 22.1521 -27.3181
 21.7372 -25.9593
 22.2014 -24.7053
 22.3016 -23.2433
 22.274 -22.1743
 23.0154 -22.654
 23.8128 -23.0405
 23.9291 -22.9743
 23.9608 -22.9604
195 143 24
 13.1777 -22.0631
 13.8111 -21.709
 14.6938 -22.195
 15.508 -22.6035
 15.8981 -22.4519
 16.9011 -22.4911
 17.4996 -22.9436
 17.7241 -22.9451
 17.9973 -22.6944
 18.7144 -22.882
 19.5438 -23.113
 19.6667 -23.1423
 19.5793 -22.8039
 19.8574 -22.367
 20.2087 -22.2417
 20.7547 -21.9951
 21.3871 -21.7139
 21.6991 -21.8622
 22.0833 -22.0932
 22.274 -22.1743
 23.0154 -22.654
 23.8128 -23.0405
 23.9291 -22.9743
 23.9608 -22.9604
195 59 4
 13.1777 -22.0631
 12.3696 -22.8429
 12.0894 -23.1995
 12.0582 -23.2118
196 98 3
 -9.5787 -33.9051
 -10.2477 -33.2886
 -10.4649 -33.2806
196 146 4
 -9.5787 -33.9051
 -8.9455 -34.3875
 -8.6937 -34.2198
 -8.6234 -34.1783
197 53 40
 -24.9382 -8.2937
 -24.8073 -9.59945
 -24.7087 -10.5721
 -24.2267 -10.618
 -23.4685 -10.3065
 -22.518 -10.081
 -21.7814 -10.7115
 -21.4573 -11.4156
 -21.0553 -11.7487
 -20.2509 -11.6089
 -19.5886 -10.8042
 -19.1772 -10.3406
 -18.6848 -10.284
 -18.5425 -10.5576
 -18.4207 -11.2852
 -18.4297 -12.0271
 -18.6753 -12.3456
 -18.6846 -12.5435
 -18.6783 -12.8823
 -18.4834 -12.7876
 -18.1714 -12.8675
 -18.0131 -12.8003
 -18.0485 -12.9375
 -18.0797 -13.107
 -18.0136 -13.2162
 -17.8191 -13.3875
 -17.6248 -13.5498
 -17.4661 -13.5175
 -17.3021 -13.5142
 -17.1666 -13.5226
 -17.0844 -13.5303
 -17.0875 -13.6266
 -17.1087 -13.7148
 -17.1082 -13.7698
 -17.0816 -13.8207
 -17.0795 -13.8436
 -17.094 -13.8777
 -17.0771 -13.8988
 -17.0559 -13.934
 -17.0492 -13.962
197 44 15
 -24.9382 -8.2937
 -25.8121 -8.29235
 -27.111 -8.3952
 -27.7085 -8.0826
 -27.8021 -8.3463
 -28.1122 -8.413
 -28.6761 -7.1667
 -29.1618 -5.9869
 -29.2228 -5.6599
 -29.5543 -5.16805
 -30.0572 -4.90905
 -30.153 -4.90715
 -30.8836 -5.0048
 -31.803 -5.1626
 -32.0152 -5.2204
198 50 11
 -3.0703 15.7443
 -3.87015 15.1694
 -4.76445 14.8116
 -5.5422 14.6886
 -5.6056 15.0216
 -5.31865 14.4222
 -4.71405 13.7036
 -4.8886 12.2149
 -5.3252 10.7393
 -5.43375 10.354
 -5.4174 10.3485
198 124 4
 -3.0703 15.7443
 -2.07725 16.6527
 -1.42815 17.1514
 -1.3327 17.1413
199 115 4
 -7.29885 32.898
 -7.7663 33.8433
 -7.89595 34.0806
 -8.0014 34.0786
199 125 4
 -7.29885 32.898
 -6.14205 32.2898
 -5.4135 32.406
 -5.3985 32.4243
200 125 4
 -5.6335 30.6044
 -5.4539 32.0075
 -5.3696 32.2811
 -5.3985 32.4243
200 137 3
 -5.6335 30.6044
 -5.638 29.2548
 -5.5761 29.1781
201 17 8
 2.97855 43.6038
 2.8407 44.3057
 2.7991 45.073
 2.93275 45.3016
 3.0366 45.3823
 3.30525 45.4399
 3.4801 45.4933
 3.4728 45.5005
201 77 20
 2.97855 43.6038
 2.38165 42.7439
 1.77155 41.9937
 1.56115 41.9655
 1.1904 41.8904
 0.51425 41.5163
 0.00865 41.1625
 -0.11345 41.087
 -0.18975 40.9823
 -0.29755 40.7671
 -0.4235 40.2305
 -0.40225 39.7431
 -0.39535 39.5034
 -0.3744 39.3362
 -0.3446 39.2716
 -0.3086 38.9246
 -0.40545 38.3845
 -0.5629 37.871
 -0.57085 37.5436
 -0.5551 37.5255
202 6 14
 3.7982 51.8482
 3.7696 51.3223
 3.8577 50.2489
 4.2078 49.343
 4.47295 50.0107
 5.25295 50.9944
 6.54455 50.9592
 7.0727 49.9434
 7.02785 49.3258
 7.46015 50.092
 8.01945 50.9622
 8.15905 51.2589
 8.1824 51.4729
 8.2004 51.5889
202 128 10
 3.7982 51.8482
 3.4753 52.3119
 3.03435 52.5335
 2.7586 52.9763
 2.3485 53.0074
 1.86015 52.8222
 1.6861 52.7391
 0.80525 52.348
 -0.2144 51.9623
 -0.3137 51.9154
203 3 45
 -0.35165 49.9655
 -0.76435 49.3855
 -0.5924 48.9222
 -0.12215 48.4915
 0.34015 47.94
 -0.10195 47.3028
 -0.70305 47.1524
 -0.97765 46.785
 -1.48305 46.2725
 -1.6384 45.7246
 -1.4616 45.3097
 -1.4163 45.2678
 -1.4095 45.0743
 -1.285 44.705
 -1.7435 44.8324
 -2.20165 44.715
 -2.36835 44.6155
 -2.50465 44.5074
 -2.61185 44.3457
 -2.656 44.2333
 -2.6547 44.1771
 -2.6748 44.1315
 -2.71555 44.0854
 -2.736 44.035
 -2.8298 44.0111
 -2.9403 43.9604
 -3.00605 43.9418
 -3.08595 43.9876
 -3.1198 44.0823
 -3.11585 44.1804
 -3.1655 44.2104
 -3.1952 44.2946
 -3.16535 44.3823
 -3.1167 44.4021
 -3.07265 44.4155
 -2.9618 44.4609
 -2.87585 44.5329
 -2.9027 44.611
 -2.9753 44.676
 -3.02335 44.7332
 -3.07215 44.665
 -3.1456 44.6185
 -3.1907 44.5984
 -3.2323 44.5929
 -3.2507 44.5895
203 128 4
 -0.35165 49.9655
 -0.08305 51.1746
 -0.30195 51.8953
 -0.3137 51.9154
204 67 25
 23.437 28.3261
 22.3132 28.284
 21.586 28.3715
 21.452 28.1766
 21.3792 28.0777
 21.1106 28.1276
 20.9214 28.1523
 20.8806 28.1775
 20.8349 28.2634
 20.7555 28.3175
 20.6826 28.3101
 20.6549 28.2853
 20.5696 28.2552
 20.4729 28.2649
 20.4324 28.3018
 20.4001 28.2319
 20.3738 28.1413
 20.2526 28.0628
 20.0664 28.1058
 20.0604 28.1063
 20.0702 27.9709
 20.0245 27.9013
 19.9668 27.9235
 19.9071 27.959
 19.892 27.9565
204 49 13
 23.437 28.3261
 24.1542 29.1133
 24.8557 29.7332
 25.3634 30.0555
 25.2365 30.354
 24.7437 30.7561
 24.2127 31.3963
 24.0827 31.7859
 24.1363 31.9675
 24.2372 32.0469
 24.3283 32.1102
 24.35 32.149
 24.3386 32.1619
205 40 9
 19.0909 -10.5968
 20.6175 -11.1685
 21.3193 -11.1622
 21.7394 -10.9529
 22.1567 -10.6616
 22.4833 -10.7771
 23.0039 -11.0552
 23.4345 -10.9391
 23.4518 -10.9488
205 117 8
 19.0909 -10.5968
 17.2546 -10.0814
 16.4958 -9.6021
 16.3638 -9.2718
 15.7948 -9.53545
 15.7793 -10.7348
 16.2009 -11.7542
 16.2315 -11.8325
206 32 15
 16.933 14.4642
 17.8927 14.1553
 18.5037 14.2459
 18.7062 14.4797
 18.4388 14.8942
 18.162 15.1231
 18.0226 15.6026
 18.0594 16.4605
 18.2388 16.9049
 18.158 17.0146
 17.9953 17.2448
 17.9456 17.4359
 17.9287 17.5734
 17.8593 17.7249
 17.8101 17.7579
206 72 6
 16.933 14.4642
 16.1718 14.5573
 15.7582 13.8708
 15.3309 13.618
 15.0574 13.7695
 14.9916 13.7599
207 149 11
 44.1813 11.1216
 44.2898 10.7749
 44.3794 10.6621
 44.3249 9.96435
 44.0146 8.49835
 43.6695 7.5627
 43.6239 6.9954
 43.6949 6.43555
 43.7679 6.24025
 43.8183 6.16795
 43.8208 6.1607
207 131 3
 44.1813 11.1216
 44.0349 11.5033
 43.9097 11.6213
208 79 11
 46.0978 12.2746
 45.6786 13.3655
 45.6267 13.56
 45.6426 13.5919
 45.9549 13.5522
 46.3158 13.4603
 46.562 13.3886
 46.9627 13.2143
 47.177 12.9924
 47.2374 12.8218
 47.2894 12.7009
208 149 12
 46.0978 12.2746
 46.3429 10.9482
 46.327 10.3149
 45.8005 9.74235
 44.7245 9.35925
 44.0146 8.49835
 43.6695 7.5627
 43.6239 6.9954
 43.6949 6.43555
 43.7679 6.24025
 43.8183 6.16795
 43.8208 6.1607
209 104 6
 36.1717 30.2832
 36.0723 29.4021
 35.9704 29.2236
 36.1505 29.2866
 36.396 29.322
 36.4941 29.3114
209 37 22
 36.1717 30.2832
 36.1712 31.2891
 36.4255 31.6663
 35.98 31.6917
 35.6469 31.9046
 35.4252 31.9819
 35.2808 32.1911
 35.2076 32.4529
 35.0829 32.4715
 34.6465 32.5249
 34.3655 32.7462
 33.9993 32.5917
 33.5005 32.5017
 32.8661 32.3653
 32.0656 32.1446
 31.6725 31.934
 31.5672 31.7272
 31.3592 31.6262
 30.6772 31.2953
 30.1887 30.6349
 30.0882 30.3587
 29.9828 30.3439
210 76 7
 30.6432 28.8253
 31.1603 28.3961
 31.5729 28.2008
 31.5496 27.5513
 31.4352 27.0727
 31.5472 26.9883
 31.557 26.9866
210 37 5
 30.6432 28.8253
 30.3146 29.687
 30.2387 30.2174
 30.0882 30.3587
 29.9828 30.3439
211 45 6
 38.2862 42.2337
 37.2887 42.6067
 36.6963 43.6264
 36.6038 44.3829
 36.6419 44.5421
 36.6369 44.5753
211 85 7
 38.2862 42.2337
 39.1624 42.1175
 39.555 41.9598
 39.4473 41.6121
 39.2124 41.0682
 39.1316 40.813
 39.1208 40.7796
212 141 15
 60.8229 28.2315
 60.6344 27.8795
 60.2835 27.7183
 59.866 27.6094
 59.7652 27.5264
 59.4765 27.4095
 59.0824 27.5117
 58.8141 27.8684
 58.1963 28.1539
 57.6186 28.2342
 57.4004 28.0758
 57.2221 27.9972
 57.0308 28.2861
 56.8686 28.5634
 56.8755 28.61
212 95 3
 60.8229 28.2315
 61.0772 28.4945
 61.1168 28.4948
213 90 7
 54.9118 13.8053
 54.6483 12.9937
 54.7586 12.7952
 55.1532 12.7773
 55.2479 12.5645
 55.2414 12.5279
 55.2287 12.5291
213 132 5
 54.9118 13.8053
 55.1428 14.3486
 54.0923 13.9578
 53.1063 13.7779
 53.0075 13.9016
214 90 9
 56.3573 13.3339
 56.0816 13.1166
 56.0687 13.0464
 55.7839 12.8685
 55.4402 12.7152
 55.3057 12.6464
 55.2479 12.5645
 55.2414 12.5279
 55.2287 12.5291
214 153 13
 56.3573 13.3339
 56.6182 13.714
 57.041 13.4483
 57.5083 13.3778
 57.8727 13.2561
 58.2287 13.0031
 58.3208 12.7676
 58.389 12.5526
 58.409 12.1547
 58.3619 11.7778
 58.3415 11.6864
 58.3334 11.5938
 58.3048 11.5145
215 58 13
 72.6964 1.9004
 71.8828 2.4233
 72.3348 1.62905
 72.3542 0.69145
 72.2769 0.2868
 72.3472 0.10645
 71.6005 -0.2071
 70.7737 -0.39845
 70.5902 -0.1891
 70.6257 -0.45515
 70.5081 -0.63135
 70.4346 -0.72325
 70.4348 -0.7632
215 120 4
 72.6964 1.9004
 73.9073 2.028
 74.5605 2.5905
 74.5557 2.6381
216 12 27
 53.5891 -4.45125
 54.7958 -5.576
 55.6215 -5.70745
 55.8913 -5.64085
 56.1298 -5.02725
 56.4213 -4.10695
 56.1586 -3.4404
 57.085 -3.3324
 57.8543 -2.84035
 58.187 -2.6731
 58.6689 -2.82055
 59.1685 -2.95735
 59.2933 -2.6948
 59.5471 -2.3016
 59.7364 -2.1669
 59.9201 -1.91385
 60.3102 -1.63935
 60.924 -1.2635
 61.2167 -1.2681
 61.1531 -1.7328
 61.2027 -1.8984
 61.2304 -1.95565
 61.3068 -1.8912
 61.4448 -1.8908
 61.5459 -1.8944
 61.5722 -1.82345
 61.5765 -1.8176
216 140 6
 53.5891 -4.45125
 53.0277 -3.39425
 52.0434 -2.91575
 51.0696 -2.3103
 51.0103 -2.18635
 50.9942 -2.1627
217 129 8
 31.9227 -16.1007
 31.0689 -15.4112
 30.1846 -15.6348
 31.003 -15.0679
 31.078 -14.72
 31.0219 -14.3449
 30.9663 -14.0956
 30.9624 -14.0825
217 56 9
 31.9227 -16.1007
 32.608 -16.7099
 33.2169 -16.9643
 33.7372 -17.4531
 33.7095 -17.6424
 33.863 -18.4583
 33.8663 -19.4739
 33.7159 -19.6763
 33.6779 -19.6698
218 89 11
 45.4692 -13.1507
 46.5344 -13.6681
 47.747 -14.1334
 48.1569 -13.7894
 48.2043 -13.7915
 48.7472 -14.5686
 49.0684 -14.958
 49.2148 -15.0585
 49.2881 -15.1532
 49.3463 -15.2243
 49.3837 -15.2867
218 20 8
 45.4692 -13.1507
 44.823 -13.0217
 44.2291 -12.8812
 43.4436 -12.9404
 42.7478 -13.1142
 42.1633 -13.0786
 41.9467 -13.0379
 41.9264 -13.0269
219 112 20
 59.1388 -15.5446
 59.941 -15.9036
 60.2492 -15.9833
 60.6215 -15.9659
 60.9964 -15.8182
 61.0907 -15.7307
 61.5269 -15.7548
 62.3353 -15.4289
 62.656 -14.9312
 62.438 -14.6869
 63.0445 -14.551
 63.2069 -14.084
 63.0733 -13.6718
 63.0863 -13.2826
 63.2885 -13.0237
 63.6985 -12.9379
 63.7401 -12.6058
 63.6539 -12.1569
 63.558 -11.9925
 63.5174 -11.9722
219 68 8
 59.1388 -15.5446
 58.7146 -14.9352
 58.6882 -14.2775
 58.4831 -13.6354
 58.4542 -13.352
 58.6012 -13.2114
 58.7723 -13.1052
 58.7894 -13.1168
220 154 15
 31.7882 -31.8629
 32.7177 -31.8959
 33.2323 -31.8581
 33.5999 -31.8852
 34.0583 -31.8466
 34.7966 -31.9141
 35.3428 -32.3887
 35.5525 -32.9517
 35.8323 -33.6039
 35.9781 -34.0631
 35.8998 -34.1889
 35.8302 -34.2558
 35.8155 -34.3038
 35.9608 -34.3839
 36.0554 -34.4427
220 25 13
 31.7882 -31.8629
 30.8535 -31.8808
 30.5637 -31.9221
 30.3068 -32.0095
 29.9711 -32.1352
 29.8436 -32.2094
 29.739 -32.1427
 29.8491 -32.4189
 29.8387 -32.7057
 29.792 -32.9318
 29.744 -33.1679
 29.6782 -33.2828
 29.6571 -33.2845
221 56 14
 28.819 -19.878
 29.8195 -19.4977
 30.0056 -19.6188
 30.4786 -19.7374
 30.9286 -19.916
 31.674 -20.3588
 32.3615 -20.6779
 33.0647 -20.6556
 33.6608 -20.2474
 33.6209 -19.9203
 33.59 -19.8461
 33.6012 -19.7331
 33.651 -19.679
 33.6779 -19.6698
221 143 18
 28.819 -19.878
 27.8095 -20.244
 27.5862 -20.2347
 27.1742 -20.1498
 26.9464 -20.0662
 26.8329 -20.0832
 26.4615 -20.0868
 26.1554 -20.1054
 25.8344 -20.3827
 25.3745 -20.7691
 25.1206 -20.9955
 24.8213 -21.2014
 24.4449 -21.937
 24.2789 -22.5758
 24.2407 -22.6632
 24.1417 -22.8089
 24.0155 -22.9261
 23.9608 -22.9604
222 56 20
 28.4265 -23.8122
 29.1361 -23.1184
 29.3328 -22.8713
 29.3696 -22.2316
 29.5116 -21.4133
 29.4752 -20.8703
 29.6971 -20.5903
 30.0818 -20.0565
 30.0056 -19.6188
 30.4786 -19.7374
 30.9286 -19.916
 31.674 -20.3588
 32.3615 -20.6779
 33.0647 -20.6556
 33.6608 -20.2474
 33.6209 -19.9203
 33.59 -19.8461
 33.6012 -19.7331
 33.651 -19.679
 33.6779 -19.6698
222 28 7
 28.4265 -23.8122
 28.1216 -24.781
 28.2345 -25.0707
 28.0187 -25.359
 27.833 -25.6107
 27.848 -25.7165
 27.8584 -25.7826
223 57 8
 32.0956 -44.9181
 31.8162 -45.5498
 32.1367 -45.8328
 31.3988 -46.1915
 30.1888 -46.5467
 29.4524 -46.7473
 29.1294 -46.8363
 29.1082 -46.8263
223 24 4
 32.0956 -44.9181
 32.6403 -43.935
 32.5591 -43.2864
 32.4954 -43.1674
224 29 14
 24.2709 -35.4314
 23.9864 -35.4108
 23.6132 -35.3849
 23.2251 -35.2264
 23.0317 -34.8575
 22.5963 -34.9128
 22.2754 -35.188
 22.1727 -35.271
 22.014 -35.41
 21.7125 -35.3755
 21.4172 -35.1783
 21.2264 -34.8853
 21.1126 -34.6756
 21.1044 -34.6612
224 16 7
 24.2709 -35.4314
 24.7185 -35.5682
 24.8063 -35.8401
 24.6065 -36.2104
 24.494 -36.4524
 24.3625 -36.6023
 24.248 -36.7497
225 38 9
 25.4223 -57.9539
 24.6973 -59.313
 24.4861 -60.0959
 24.2113 -60.6715
 23.9324 -60.7539
 23.8207 -60.6993
 23.7719 -60.5609
 23.6784 -60.4504
 23.6348 -60.4227
225 57 22
 25.4223 -57.9539
 26.9312 -56.4574
 28.1453 -56.1547
 27.7888 -55.9872
 27.7057 -55.325
 28.2837 -54.2523
 28.7498 -53.673
 28.7225 -53.3927
 28.8933 -52.472
 29.2395 -51.5892
 29.6687 -51.2257
 29.4948 -50.3896
 29.3933 -49.7736
 29.0182 -49.4331
 28.4618 -48.7185
 28.0648 -48.2999
 27.5079 -47.9291
 27.1388 -47.0588
 27.7036 -46.3819
 28.54 -46.5448
 29.0394 -46.8207
 29.1082 -46.8263
226 19 16
 46.1497 -36.9845
 44.7964 -36.9216
 44.2975 -37.313
 44.0211 -37.451
 43.587 -37.3603
 42.9699 -37.3843
 42.616 -37.6674
 42.5742 -38.0653
 42.3626 -38.6559
 41.5698 -38.9621
 40.8125 -39.0377
 39.8069 -39.5438
 39.0043 -40.2916
 39.0421 -40.6248
 39.0997 -40.6421
 39.1079 -40.6387
226 86 9
 46.1497 -36.9845
 47.0313 -37.0599
 46.6939 -36.6369
 46.4449 -35.9797
 46.3748 -35.0545
 46.3096 -34.3497
 46.7547 -34.0182
 47.3076 -34.0135
 47.3502 -34.0257
227 19 9
 43.1813 -40.9532
 41.6108 -39.7757
 40.9892 -39.0218
 40.8125 -39.0377
 39.8069 -39.5438
 39.0043 -40.2916
 39.0421 -40.6248
 39.0997 -40.6421
 39.1079 -40.6387
227 64 4
 43.1813 -40.9532
 44.2654 -41.4524
 44.5814 -41.3391
 44.724 -41.2053
228 71 32
 47.3982 -29.5509
 48.1076 -28.6138
 48.1533 -28.0682
 47.3804 -27.4151
 46.5019 -26.5853
 46.6245 -25.8762
 47.2523 -25.3328
 47.748 -25.2295
 48.3219 -25.0699
 48.644 -24.7926
 48.6425 -24.7066
 48.7684 -24.758
 48.9928 -24.8067
 49.2802 -24.9866
 49.5826 -25.0423
 49.7687 -24.8673
 49.8165 -24.8934
 49.9631 -25.0289
 50.2273 -24.9964
 50.4725 -25.006
 50.4938 -24.932
 50.5092 -24.382
 50.7595 -23.9594
 51.0125 -23.8676
 51.2162 -23.7851
 51.3965 -23.7538
 51.4949 -23.721
 51.474 -23.6208
 51.4414 -23.4468
 51.4505 -23.3568
 51.4912 -23.3776
 51.5255 -23.3934
228 33 9
 47.3982 -29.5509
 46.8923 -30.1454
 46.8965 -30.3038
 46.4297 -30.6717
 45.8169 -30.9328
 45.5974 -31.0681
 45.0088 -31.4952
 44.5362 -31.8544
 44.5361 -31.9278
229 71 18
 51.5695 -25.6829
 50.9756 -25.4339
 50.93 -25.2675
 50.8308 -25.0951
 50.6417 -25.0693
 50.4725 -25.006
 50.4938 -24.932
 50.5092 -24.382
 50.7595 -23.9594
 51.0125 -23.8676
 51.2162 -23.7851
 51.3965 -23.7538
 51.4949 -23.721
 51.474 -23.6208
 51.4414 -23.4468
 51.4505 -23.3568
 51.4912 -23.3776
 51.5255 -23.3934
229 10 4
 51.5695 -25.6829
 52.0937 -26.1273
 52.1004 -26.3657
 52.0998 -26.3697
230 71 15
 51.6751 -19.2121
 52.2988 -20.4227
 52.0747 -20.6933
 51.6978 -20.8988
 51.3733 -21.1929
 51.0409 -21.6726
 51.0031 -22.1255
 51.1372 -22.3593
 51.5703 -22.6142
 52.1001 -22.8605
 52.1365 -23.0584
 51.9814 -23.2251
 51.7144 -23.3347
 51.5422 -23.3927
 51.5255 -23.3934
230 89 7
 51.6751 -19.2121
 50.8378 -18.1236
 50.5303 -17.3053
 50.2578 -16.2779
 49.7964 -15.6306
 49.4349 -15.274
 49.3837 -15.2867
231 138 9
 55.9379 -19.8623
 56.3131 -20.4029
 56.1409 -20.697
 55.7408 -20.919
 55.6167 -21.0338
 55.484 -21.4911
 55.4856 -22.02
 55.5042 -22.0951
 55.4878 -22.1205
231 7 5
 55.9379 -19.8623
 55.8507 -18.8093
 55.8881 -18.0356
 55.805 -17.905
 55.7696 -17.8268
232 48 42
 79.4872 -17.5668
 78.6646 -17.4767
 77.8992 -17.4599
 77.1261 -17.4317
 76.5408 -17.4458
 76.3925 -17.3685
 76.0242 -16.8708
 75.5635 -16.3381
 74.9655 -15.6515
 74.348 -14.8449
 74.0322 -14.8739
 73.8176 -15.074
 73.5901 -14.9417
 73.3359 -14.6447
 72.8575 -14.0176
 71.9996 -13.4486
 71.5354 -13.3172
 71.2531 -13.2229
 70.995 -13.0942
 70.9337 -13.0216
 70.7548 -13.0973
 70.6073 -13.1753
 70.5661 -13.1436
 70.1768 -13.2508
 69.6889 -13.3135
 69.5322 -13.2901
 69.351 -13.4967
 69.0159 -13.4509
 68.9402 -13.083
 69.0652 -12.9049
 69.0486 -12.8445
 68.9548 -12.7729
 68.872 -12.7746
 68.84 -12.8048
 68.8285 -12.7603
 68.7834 -12.6528
 68.7021 -12.55
 68.5233 -12.4424
 68.2861 -12.3089
 68.0454 -12.215
 67.8819 -12.2097
 67.8782 -12.2256
232 84 11
 79.4872 -17.5668
 80.2523 -18.0995
 80.8268 -18.7423
 81.2617 -19.6278
 81.4088 -20.9082
 81.3134 -21.6297
 81.0631 -22.8407
 80.7675 -24.0321
 80.7041 -24.0408
 80.638 -24.0324
 80.6015 -24.0247
233 156 22
 15.0918 -47.8383
 14.4254 -47.471
 14.5047 -47.1417
 14.0935 -46.8287
 13.3363 -46.8402
 12.9382 -47.0267
 12.7916 -47.1903
 12.7777 -47.2508
 12.6646 -47.3615
 12.4503 -47.4545
 12.1964 -47.4035
 12.0306 -47.3527
 11.9107 -47.3226
 11.7649 -47.3074
 11.6947 -47.3204
 11.5938 -47.3731
 11.4802 -47.4502
 11.4638 -47.5368
 11.4454 -47.619
 11.3742 -47.6897
 11.3552 -47.765
 11.3608 -47.7968
233 147 7
 15.0918 -47.8383
 15.9186 -48.3229
 16.3153 -48.607
 16.7579 -48.6849
 17.0443 -48.7225
 17.1521 -48.7493
 17.1798 -48.729
234 81 28
 20.744 -36.0471
 20.4874 -36.7976
 20.5406 -36.9764
 20.4401 -37.1093
 19.7513 -37.4486
 18.9459 -37.6263
 18.6287 -37.6142
 18.4534 -37.675
 18.3455 -37.7657
 18.2314 -37.8642
 18.1562 -37.9405
 18.1147 -38.0858
 17.6352 -38.5278
 17.0366 -38.6772
 17.0037 -38.6761
 17.129 -39.3671
 17.159 -40.0221
 17.1535 -40.5386
 17.0259 -40.9824
 16.7686 -41.249
 16.5944 -41.4798
 16.4359 -41.6241
 16.2675 -41.8074
 16.291 -41.9755
 16.3209 -42.1103
 16.286 -42.1853
 16.2512 -42.2229
 16.2414 -42.2207
234 29 6
 20.744 -36.0471
 21.1502 -35.3309
 21.286 -35.1352
 21.2264 -34.8853
 21.1126 -34.6756
 21.1044 -34.6612
235 109 11
 20.0891 8.90525
 20.4975 10.9302
 20.5923 12.0258
 21.2179 13.0211
 21.4822 13.689
 21.5998 13.9319
 21.9178 13.8997
 22.1175 13.8853
 22.3368 14.2768
 22.5995 14.6686
 22.6459 14.7175
235 100 3
 20.0891 8.90525
 19.3456 7.2186
 19.2733 7.0011
236 139 13
 42.6396 8.2585
 41.7335 8.85455
 41.1475 8.5807
 39.9465 8.29525
 38.7715 8.42215
 38.188 8.55135
 37.99 8.459
 37.8642 8.491
 37.4776 9.1264
 37.4625 10.0102
 38.1435 10.0432
 38.5514 9.8235
 38.5645 9.8375
236 149 7
 42.6396 8.2585
 43.4949 7.49535
 43.6239 6.9954
 43.6949 6.43555
 43.7679 6.24025
 43.8183 6.16795
 43.8208 6.1607
237 43 12
 28.3997 34.4584
 27.7836 34.8478
 27.368 35.133
 27.2187 35.4268
 27.3139 35.6818
 27.4523 35.9221
 27.5376 36.023
 27.6535 36.1076
 27.7412 36.1728
 27.7425 36.2276
 27.721 36.2966
 27.7034 36.3186
237 37 18
 28.3997 34.4584
 29.076 34.2516
 29.6455 34.4855
 29.9942 34.3596
 30.3547 34.1434
 30.648 34.1987
 31.416 33.8294
 32.1964 33.4316
 32.3698 33.3307
 32.4372 32.7808
 32.0656 32.1446
 31.6725 31.934
 31.5672 31.7272
 31.3592 31.6262
 30.6772 31.2953
 30.1887 30.6349
 30.0882 30.3587
 29.9828 30.3439
238 99 14
 -12.0421 -19.0968
 -11.5508 -17.6982
 -11.1843 -17.461
 -11.0237 -17.6559
 -10.819 -17.9446
 -10.4413 -18.4692
 -10.1644 -18.4438
 -9.2244 -17.819
 -8.3444 -17.6676
 -8.23235 -17.2763
 -8.15865 -16.3284
 -8.37005 -15.834
 -8.5778 -15.9473
 -8.6356 -15.9293
238 113 19
 -12.0421 -19.0968
 -12.3913 -20.6519
 -12.4204 -21.3573
 -12.3607 -21.8841
 -12.2962 -22.1796
 -12.1679 -22.6129
 -11.9382 -23.5738
 -11.6716 -24.1403
 -11.3439 -24.4268
 -11.0432 -24.8676
 -10.8172 -24.9884
 -10.5539 -25.0482
 -10.3449 -25.2508
 -9.8525 -25.6457
 -9.4546 -26.2766
 -9.39905 -26.6741
 -9.3309 -26.9568
 -9.2241 -27.2353
 -9.1295 -27.2937
239 3 31
 -0.89365 42.5586
 -1.081 42.9999
 -1.5336 43.1981
 -2.14395 43.3555
 -2.26505 43.5692
 -2.37535 43.6684
 -2.63305 43.7739
 -2.7233 43.9487
 -2.71555 44.0854
 -2.736 44.035
 -2.8298 44.0111
 -2.9403 43.9604
 -3.00605 43.9418
 -3.08595 43.9876
 -3.1198 44.0823
 -3.11585 44.1804
 -3.1655 44.2104
 -3.1952 44.2946
 -3.16535 44.3823
 -3.1167 44.4021
 -3.07265 44.4155
 -2.9618 44.4609
 -2.87585 44.5329
 -2.9027 44.611
 -2.9753 44.676
 -3.02335 44.7332
 -3.07215 44.665
 -3.1456 44.6185
 -3.1907 44.5984
 -3.2323 44.5929
 -3.2507 44.5895
239 77 18
 -0.89365 42.5586
 -0.71405 42.119
 -0.8422 41.8285
 -0.71495 41.3266
 -0.33895 40.9718
 -0.21465 41.0194
 -0.18975 40.9823
 -0.29755 40.7671
 -0.4235 40.2305
 -0.40225 39.7431
 -0.39535 39.5034
 -0.3744 39.3362
 -0.3446 39.2716
 -0.3086 38.9246
 -0.40545 38.3845
 -0.5629 37.871
 -0.57085 37.5436
 -0.5551 37.5255
240 109 9
 23.3727 13.3027
 22.407 13.6528
 22.3405 13.6171
 22.1985 13.7148
 21.9178 13.8997
 22.1175 13.8853
 22.3368 14.2768
 22.5995 14.6686
 22.6459 14.7175
240 122 9
 23.3727 13.3027
 24.4102 12.8258
 24.308 12.3633
 24.1634 11.5051
 24.8016 10.8424
 25.4142 10.6892
 26.0555 10.8888
 26.6939 11.1522
 26.7035 11.2141
241 94 14
 27.0587 8.3336
 27.8645 7.4684
 27.7888 7.24745
 27.1406 6.9195
 26.0432 6.4702
 25.1908 6.23595
 25.083 6.1974
 24.7309 5.8658
 24.3957 5.5277
 24.3401 5.4734
 24.8806 5.08755
 25.4399 3.92625
 25.6052 3.1282
 25.7222 3.096
241 122 7
 27.0587 8.3336
 26.4067 9.3415
 26.1497 9.6993
 25.7143 10.2467
 26.0555 10.8888
 26.6939 11.1522
 26.7035 11.2141
242 70 19
 49.0418 33.9408
 48.5162 34.3599
 48.0963 34.3167
 47.6294 34.2675
 47.1603 34.4496
 47.0264 34.533
 46.9968 34.6652
 46.924 34.8068
 46.8245 34.8713
 46.7401 34.8967
 46.6773 34.8969
 46.6096 34.8921
 46.5387 34.896
 46.4845 34.8997
 46.3693 34.9344
 46.1996 35.0396
 46.1308 35.1489
 46.1653 35.2258
 46.1824 35.2638
242 30 13
 49.0418 33.9408
 49.12 33.4361
 49.4266 33.1036
 49.9101 33.234
 50.2269 33.8271
 50.7789 34.265
 51.0423 34.3493
 50.8146 34.578
 50.6801 34.9664
 50.7243 35.2163
 50.6362 35.3246
 50.5794 35.3496
 50.5668 35.3541
243 78 7
 62.1961 28.4979
 63.6324 28.5111
 64.3773 27.9275
 64.6644 26.9085
 64.7169 27.9432
 64.6884 28.6204
 64.6494 28.6563
243 95 3
 62.1961 28.4979
 61.1463 28.5107
 61.1168 28.4948
244 31 11
 74.1248 4.71275
 74.5065 4.63185
 74.7996 4.76055
 74.8979 4.7308
 75.227 4.48105
 75.642 4.5812
 75.8495 5.16945
 76.1738 5.67345
 76.4427 5.6713
 76.4165 5.5235
 76.3406 5.4748
244 87 3
 74.1248 4.71275
 73.8919 4.90425
 73.8289 5.0251
245 135 5
 76.2121 10.8524
 76.702 10.1042
 76.8631 10.1595
 76.9361 10.4809
 76.9948 10.5119
245 103 3
 76.2121 10.8524
 75.8735 11.5492
 75.8781 11.7328
246 155 19
 8.69135 -43.3453
 9.212 -42.7534
 9.47375 -42.3769
 9.56965 -42.0294
 9.51705 -41.8286
 9.3358 -41.6626
 9.2463 -41.5889
 9.33575 -41.513
 9.4383 -41.4514
 9.5182 -41.3972
 9.67945 -41.3733
 9.9834 -41.653
 10.1826 -41.9781
 10.2437 -41.979
 10.5599 -41.9051
 10.8489 -41.9183
 10.9053 -41.8688
 10.9555 -41.8031
 10.9846 -41.7977
246 73 15
 8.69135 -43.3453
 7.61775 -44.0263
 6.30625 -44.0783
 5.486 -43.7934
 5.1713 -43.7487
 4.9743 -43.9164
 4.75825 -43.8059
 4.6388 -43.9531
 4.2469 -43.8239
 3.958 -43.7101
 3.8131 -43.6189
 3.85075 -43.7082
 3.90585 -43.8521
 3.97525 -43.9871
 3.9748 -44.0134
247 96 8
 22.4837 -49.67
 23.7079 -50.3083
 24.3447 -51.4112
 24.951 -52.049
 24.4319 -52.1959
 23.7468 -52.8769
 22.7768 -53.6201
 22.4319 -53.812
247 51 8
 22.4837 -49.67
 21.0733 -49.1331
 20.0611 -48.2476
 19.7939 -47.5501
 19.8278 -47.043
 19.1346 -46.577
 18.4482 -46.4445
 18.4198 -46.4291
248 51 6
 17.767 -47.4043
 18.0206 -46.5182
 18.2472 -46.3945
 18.3092 -46.4407
 18.3923 -46.4443
 18.4198 -46.4291
248 147 7
 17.767 -47.4043
 17.9674 -48.2976
 17.5331 -48.3955
 17.2864 -48.5984
 17.2287 -48.6555
 17.1922 -48.7201
 17.1798 -48.729
249 1 15
 14.2302 -41.9845
 13.7238 -41.9302
 13.5469 -41.7751
 13.5154 -41.7537
 13.4489 -41.764
 13.3976 -41.8748
 13.2423 -42.0342
 13.1047 -42.1152
 13.1066 -42.1615
 13.1199 -42.2244
 13.0963 -42.2855
 13.0978 -42.3126
 13.1817 -42.3825
 13.2392 -42.4523
 13.2533 -42.4531
249 81 16
 14.2302 -41.9845
 14.7164 -41.6798
 14.8997 -41.4425
 14.983 -41.6096
 15.1051 -41.9827
 15.1367 -42.2104
 15.1592 -42.2536
 15.3274 -42.2042
 15.511 -42.1618
 15.773 -42.2067
 15.9638 -42.2921
 16.0117 -42.3102
 16.0837 -42.282
 16.1599 -42.2918
 16.2252 -42.2578
 16.2414 -42.2207
250 156 22
 11.7279 -44.5006
 11.3731 -44.9537
 11.4075 -45.3153
 11.8087 -45.524
 12.0299 -45.7668
 12.0418 -46.0765
 12.0629 -46.2944
 12.1131 -46.4892
 12.1106 -46.5221
 12.0485 -46.5366
 12.001 -46.5127
 11.8758 -46.6123
 11.6586 -46.7276
 11.5038 -46.8049
 11.3861 -46.9689
 11.311 -47.2116
 11.3717 -47.4271
 11.4638 -47.5368
 11.4454 -47.619
 11.3742 -47.6897
 11.3552 -47.765
 11.3608 -47.7968
250 155 14
 11.7279 -44.5006
 11.9371 -44.04
 12.0299 -43.8291
 11.6035 -43.9391
 11.2052 -43.564
 11.1975 -42.861
 11.2739 -42.4418
 11.4086 -42.2393
 11.4004 -42.0387
 11.2729 -41.8841
 11.173 -41.8269
 11.0656 -41.795
 11.0135 -41.792
 10.9846 -41.7977
251 73 71
 -1.4173 -40.6362
 -1.27935 -41.4644
 -1.09965 -42.304
 -0.8383 -42.9314
 -0.70085 -43.1405
 -0.77335 -43.3813
 -0.8495 -43.6313
 -0.90115 -43.7781
 -0.95815 -43.9936
 -0.8882 -44.2017
 -0.7778 -44.3238
 -0.913 -44.4986
 -1.12285 -44.6495
 -1.152 -44.8373
 -1.3015 -45.0214
 -1.4343 -45.0698
 -1.40255 -45.2494
 -1.34385 -45.4142
 -1.21005 -45.4049
 -1.0503 -45.3971
 -0.90555 -45.3214
 -0.79535 -45.2317
 -0.72825 -45.1841
 -0.66205 -45.1423
 -0.5651 -45.103
 -0.4316 -44.9493
 -0.36455 -44.7706
 -0.3147 -44.7146
 -0.2355 -44.6706
 -0.16065 -44.6292
 -0.051 -44.7564
 0.13775 -44.94
 0.305 -45.0439
 0.4586 -45.0788
 0.64905 -44.9942
 0.6461 -44.7486
 0.5358 -44.5585
 0.6433 -44.456
 0.83245 -44.314
 0.96625 -44.1842
 1.1814 -44.1397
 1.39885 -44.1999
 1.69475 -44.2449
 1.99355 -44.2271
 2.1455 -44.3154
 2.2903 -44.4212
 2.4403 -44.4036
 2.5275 -44.3902
 2.5797 -44.3266
 2.60835 -44.2554
 2.66995 -44.3297
 2.8029 -44.3284
 2.9569 -44.2333
 3.0251 -44.2213
 3.00645 -44.272
 3.0651 -44.3331
 3.09605 -44.4015
 3.16885 -44.3739
 3.2142 -44.3756
 3.2612 -44.396
 3.36235 -44.4113
 3.4354 -44.3526
 3.45845 -44.2876
 3.5032 -44.295
 3.61455 -44.3192
 3.69895 -44.3531
 3.7246 -44.261
 3.79335 -44.1772
 3.8798 -44.1264
 3.9444 -44.0564
 3.9748 -44.0134
251 34 4
 -1.4173 -40.6362
 -1.62755 -39.8747
 -1.7195 -39.5436
 -1.7111 -39.4939
252 34 8
 -2.361 -37.6963
 -2.14855 -37.6549
 -2.07085 -38.2391
 -1.90225 -38.9553
 -1.8672 -39.1978
 -1.854 -39.3355
 -1.75715 -39.4377
 -1.7111 -39.4939
252 121 5
 -2.361 -37.6963
 -2.9941 -37.6301
 -3.49695 -37.3674
 -3.56785 -37.1863
 -3.5748 -37.179
253 146 4
 -7.46785 -34.5908
 -8.34085 -34.1394
 -8.58605 -34.139
 -8.6234 -34.1783
253 151 4
 -7.46785 -34.5908
 -6.59305 -34.8987
 -6.36825 -34.812
 -6.3531 -34.8294
254 47 15
 -23.7971 4.853
 -23.2729 3.03985
 -23.0652 2.7586
 -23.5533 2.2231
 -23.3368 2.0417
 -22.444 2.0013
 -22.0046 1.6956
 -21.3571 1.50605
 -20.634 1.32935
 -20.2536 1.2523
 -19.0829 1.26415
 -17.2142 1.35795
 -16.5588 1.56695
 -16.7956 1.9595
 -16.9102 2.1806
254 80 3
 -23.7971 4.853
 -23.8417 6.46265
 -23.5959 6.4061
255 44 23
 -21.504 -0.8629
 -21.9163 -3.2788
 -21.6409 -3.84025
 -22.2188 -4.39975
 -23.5192 -5.0172
 -24.1346 -5.4567
 -24.0376 -5.7436
 -24.4074 -6.892
 -24.9874 -7.8028
 -25.8121 -8.29235
 -27.111 -8.3952
 -27.7085 -8.0826
 -27.8021 -8.3463
 -28.1122 -8.413
 -28.6761 -7.1667
 -29.1618 -5.9869
 -29.2228 -5.6599
 -29.5543 -5.16805
 -30.0572 -4.90905
 -30.153 -4.90715
 -30.8836 -5.0048
 -31.803 -5.1626
 -32.0152 -5.2204
255 47 8
 -21.504 -0.8629
 -20.634 1.32935
 -20.2536 1.2523
 -19.0829 1.26415
 -17.2142 1.35795
 -16.5588 1.56695
 -16.7956 1.9595
 -16.9102 2.1806
256 53 31
 -17.2028 -9.03575
 -18.3104 -9.95975
 -18.4714 -10.242
 -18.6848 -10.284
 -18.5425 -10.5576
 -18.4207 -11.2852
 -18.4297 -12.0271
 -18.6753 -12.3456
 -18.6846 -12.5435
 -18.6783 -12.8823
 -18.4834 -12.7876
 -18.1714 -12.8675
 -18.0131 -12.8003
 -18.0485 -12.9375
 -18.0797 -13.107
 -18.0136 -13.2162
 -17.8191 -13.3875
 -17.6248 -13.5498
 -17.4661 -13.5175
 -17.3021 -13.5142
 -17.1666 -13.5226
 -17.0844 -13.5303
 -17.0875 -13.6266
 -17.1087 -13.7148
 -17.1082 -13.7698
 -17.0816 -13.8207
 -17.0795 -13.8436
 -17.094 -13.8777
 -17.0771 -13.8988
 -17.0559 -13.934
 -17.0492 -13.962
256 101 6
 -17.2028 -9.03575
 -15.7507 -8.4104
 -15.1769 -8.39375
 -15.05 -8.3073
 -14.782 -8.3393
 -14.5563 -8.3933
257 101 10
 -8.532 -11.5306
 -8.35005 -10.3423
 -8.0436 -9.7856
 -8.5073 -10.0954
 -10.247 -9.73505
 -11.7993 -8.70935
 -12.0227 -8.3045
 -13.2812 -8.34735
 -14.5377 -8.37965
 -14.5563 -8.3933
257 102 6
 -8.532 -11.5306
 -7.8971 -12.2818
 -6.91145 -12.8708
 -6.27105 -13.362
 -5.79815 -13.009
 -5.5641 -12.7075
258 101 14
 -8.4957 -3.8117
 -9.17095 -5.58795
 -9.8154 -6.13745
 -10.0254 -6.5226
 -10.2833 -6.8302
 -10.5599 -7.13445
 -11.1758 -7.5528
 -11.7002 -7.7942
 -11.8229 -8.03445
 -11.9604 -8.24245
 -12.0227 -8.3045
 -13.2812 -8.34735
 -14.5377 -8.37965
 -14.5563 -8.3933
258 47 16
 -8.4957 -3.8117
 -8.95885 -1.5431
 -9.57345 -0.63615
 -9.5782 0.03005
 -10.4473 0.3135
 -12.3966 0.26115
 -13.6583 0.52695
 -13.9197 0.8423
 -14.0728 1.79315
 -14.1065 2.45275
 -14.8839 2.4445
 -15.6178 2.88245
 -15.8038 2.91975
 -16.3902 2.3937
 -16.8512 2.18415
 -16.9102 2.1806
259 50 11
 -9.8512 6.4814
 -8.8314 7.21715
 -8.00435 8.19305
 -7.1375 8.7178
 -6.7546 8.59725
 -6.64485 9.0091
 -6.3486 9.68195
 -5.79665 10.1171
 -5.60845 10.2184
 -5.47205 10.285
 -5.4174 10.3485
259 47 14
 -9.8512 6.4814
 -11.1776 5.85595
 -11.827 5.65895
 -12.2426 5.32815
 -12.666 4.2219
 -12.7184 3.04455
 -13.2828 2.6184
 -14.1065 2.45275
 -14.8839 2.4445
 -15.6178 2.88245
 -15.8038 2.91975
 -16.3902 2.3937
 -16.8512 2.18415
 -16.9102 2.1806
260 88 7
 -2.3243 12.7976
 -1.1554 12.2858
 -0.6161 12.0733
 0.10225 11.6279
 1.00775 11.2364
 1.44575 11.1236
 1.471 11.145
260 50 9
 -2.3243 12.7976
 -3.6685 13.6016
 -4.50435 14.0072
 -5.31865 14.4222
 -4.71405 13.7036
 -4.8886 12.2149
 -5.3252 10.7393
 -5.43375 10.354
 -5.4174 10.3485
261 55 7
 -37.3036 15.9845
 -39.0103 14.6053
 -39.7952 13.7548
 -40.0856 13.9998
 -40.0976 14.3482
 -40.1632 14.5447
 -40.1766 14.5552
261 127 7
 -37.3036 15.9845
 -35.8546 17.0611
 -35.2742 18.2982
 -34.4524 19.9751
 -33.5549 21.3509
 -33.0065 21.6663
 -32.9175 21.6764
262 127 13
 -29.92 28.8433
 -31.188 28.5918
 -32.1853 27.7761
 -33.187 26.9909
 -34.4172 26.2262
 -35.0297 25.8148
 -35.0824 25.5347
 -34.2621 24.5737
 -32.812 23.0374
 -32.1335 22.3319
 -32.4891 21.9852
 -32.8838 21.7124
 -32.9175 21.6764
262 52 12
 -29.92 28.8433
 -28.8414 28.4551
 -28.2499 28.4397
 -27.5106 27.4887
 -26.5672 27.7874
 -26.0548 26.8628
 -24.5063 26.8493
 -23.6988 26.544
 -23.5073 26.6252
 -23.026 26.5259
 -22.6705 26.3393
 -22.6517 26.3193
263 46 16
 -17.9053 31.4743
 -18.013 32.2005
 -17.5395 32.9782
 -17.2827 33.4551
 -17.1734 33.7926
 -16.7756 33.5526
 -16.357 33.4022
 -15.9774 33.5531
 -15.7626 33.5759
 -15.6262 33.6097
 -15.5156 34.0482
 -15.2825 34.2058
 -14.9834 34.0035
 -14.6736 34.0863
 -14.4552 34.1861
 -14.4175 34.2329
263 8 5
 -17.9053 31.4743
 -17.9275 30.6851
 -18.0604 29.9899
 -17.946 29.9749
 -17.9217 29.9774
264 46 5
 -13.4141 33.8455
 -14.1956 34.167
 -14.2609 34.2509
 -14.3503 34.2421
 -14.4175 34.2329
264 115 10
 -13.4141 33.8455
 -12.463 33.7729
 -12.2172 33.9988
 -11.4588 34.1484
 -10.5182 34.2582
 -9.69725 33.8867
 -8.72625 33.6207
 -8.1846 33.9082
 -8.005 34.0743
 -8.0014 34.0786
265 3 46
 -11.545 37.9353
 -10.0245 38.2962
 -9.66675 38.3153
 -9.4358 38.3725
 -8.59035 38.7647
 -7.9195 39.3585
 -7.74245 39.6488
 -7.36045 40.5203
 -6.85445 41.2903
 -6.4987 41.1423
 -6.28455 41.0992
 -6.17035 41.2494
 -6.1572 41.2687
 -6.0597 41.1673
 -5.99595 41.0087
 -5.91 40.951
 -5.5573 41.1356
 -4.9872 41.4846
 -4.495 41.8353
 -4.4398 42.1806
 -4.50425 42.5732
 -4.5051 42.7815
 -4.5969 42.9392
 -4.51615 43.3144
 -4.12115 43.6423
 -3.7714 43.7553
 -3.69035 43.8147
 -3.534 43.9396
 -3.4408 44.1264
 -3.37835 44.2247
 -3.22915 44.2364
 -3.1655 44.2104
 -3.1952 44.2946
 -3.16535 44.3823
 -3.1167 44.4021
 -3.07265 44.4155
 -2.9618 44.4609
 -2.87585 44.5329
 -2.9027 44.611
 -2.9753 44.676
 -3.02335 44.7332
 -3.07215 44.665
 -3.1456 44.6185
 -3.1907 44.5984
 -3.2323 44.5929
 -3.2507 44.5895
265 21 5
 -11.545 37.9353
 -12.8443 37.5793
 -13.0202 37.4799
 -13.0952 37.3685
 -13.1125 37.3611
266 14 10
 -11.0306 50.2628
 -9.99445 50.0901
 -8.91875 49.6987
 -7.4788 49.1707
 -6.61775 49.1656
 -6.48025 49.8837
 -6.7498 50.5921
 -6.59505 51.5079
 -6.39265 52.3663
 -6.3454 52.3712
266 5 3
 -11.0306 50.2628
 -11.9766 50.5628
 -11.9767 50.6304
267 2 4
 -3.60645 32.8297
 -2.4877 31.8853
 -2.30945 31.94
 -2.2817 32.0208
267 125 5
 -3.60645 32.8297
 -4.8947 33.4673
 -5.2261 32.8345
 -5.318 32.4535
 -5.3985 32.4243
268 152 7
 -4.42035 33.9699
 -3.8188 34.6265
 -3.0321 35.4943
 -2.3934 35.9893
 -2.0755 36.2141
 -2.03765 36.3778
 -2.0185 36.3786
268 125 5
 -4.42035 33.9699
 -4.8947 33.4673
 -5.2261 32.8345
 -5.318 32.4535
 -5.3985 32.4243
269 77 19
 3.0843 37.0653
 2.7604 38.0196
 2.26745 38.8088
 1.7141 39.4753
 1.63185 39.4809
 0.8359 39.9823
 -0.0302 40.7351
 -0.18975 40.9823
 -0.29755 40.7671
 -0.4235 40.2305
 -0.40225 39.7431
 -0.39535 39.5034
 -0.3744 39.3362
 -0.3446 39.2716
 -0.3086 38.9246
 -0.40545 38.3845
 -0.5629 37.871
 -0.57085 37.5436
 -0.5551 37.5255
269 150 5
 3.0843 37.0653
 3.63015 35.9997
 3.91155 35.5857
 4.04445 35.446
 4.0731 35.4365
270 13 7
 10.4602 38.9786
 9.7476 38.7229
 9.31585 39.1159
 8.9501 39.7747
 8.7224 40.2057
 8.47825 40.3291
 8.4584 40.294
270 107 3
 10.4602 38.9786
 11.201 39.2642
 11.2986 39.2877
271 128 14
 5.44015 55.7914
 6.04505 54.9023
 5.4252 54.3834
 4.95115 54.0937
 4.62915 54.225
 3.9145 53.4131
 3.21365 52.6153
 2.7586 52.9763
 2.3485 53.0074
 1.86015 52.8222
 1.6861 52.7391
 0.80525 52.348
 -0.2144 51.9623
 -0.3137 51.9154
271 133 11
 5.44015 55.7914
 4.81055 57.0289
 4.91025 57.6664
 5.2573 58.5537
 6.29265 60.4127
 7.0885 61.4462
 7.3415 61.5325
 6.9393 61.955
 6.2699 62.2617
 6.11245 62.238
 6.0866 62.2761
272 136 9
 11.8158 54.1852
 12.594 54.6115
 12.9051 55.0107
 13.1387 55.113
 12.9863 54.937
 13.1894 53.8251
 14.0322 52.5683
 14.6416 52.2521
 14.7087 52.1907
272 6 13
 11.8158 54.1852
 11.1195 54.7768
 10.3848 54.2576
 9.0223 54.1416
 8.3278 53.882
 8.0141 53.7411
 8.10285 53.1384
 8.2592 52.474
 8.1091 52.0884
 8.1058 51.8694
 8.17675 51.7421
 8.2153 51.6159
 8.2004 51.5889
273 4 10
 15.2987 31.3734
 16.1795 31.2412
 16.7498 30.9258
 16.6007 30.7611
 16.6206 30.7267
 16.8447 30.4434
 17.0961 30.0695
 17.4851 29.8507
 17.8036 29.746
 17.8479 29.765
273 13 20
 15.2987 31.3734
 14.7882 30.8075
 14.2411 30.3811
 13.3952 30.3503
 12.8584 30.8956
 12.5368 31.5231
 11.7994 31.668
 10.9059 32.0957
 10.5019 32.5624
 10.7622 33.1938
 11.0068 34.0149
 10.8512 34.799
 10.4867 35.1666
 9.73755 35.2404
 8.7435 36.0059
 8.29445 36.9496
 8.2337 37.8586
 8.4016 39.3045
 8.49605 40.1951
 8.4584 40.294
274 69 9
 18.8238 27.3773
 18.6115 26.8406
 18.8398 26.6106
 18.8797 26.4732
 18.8213 26.2725
 18.9606 26.1724
 18.8169 26.0985
 18.8229 26.0063
 18.8462 25.9883
274 67 5
 18.8238 27.3773
 19.4047 27.9277
 19.77 28.0521
 19.8878 27.9629
 19.892 27.9565
275 67 17
 19.2626 29.283
 19.861 28.9437
 20.212 28.8471
 20.1425 28.7831
 20.1899 28.5263
 20.3745 28.3125
 20.4324 28.3018
 20.4001 28.2319
 20.3738 28.1413
 20.2526 28.0628
 20.0664 28.1058
 20.0604 28.1063
 20.0702 27.9709
 20.0245 27.9013
 19.9668 27.9235
 19.9071 27.959
 19.892 27.9565
275 4 7
 19.2626 29.283
 18.6292 29.4464
 18.1709 29.442
 18.0442 29.5693
 17.935 29.6494
 17.854 29.7356
 17.8479 29.765
276 124 21
 12.4059 21.2168
 10.5826 19.8833
 10.2092 19.7346
 9.38695 19.4623
 8.5432 19.5318
 7.9054 19.4609
 6.8912 19.657
 6.14965 19.1187
 5.8479 18.1819
 5.3345 17.625
 3.641 16.6142
 2.27945 15.9936
 2.2485 15.9506
 2.0469 16.4694
 1.80035 16.9156
 1.2594 16.7148
 0.4912 16.8196
 0.30745 17.5672
 -0.5256 17.1711
 -1.29455 17.1597
 -1.3327 17.1413
276 32 20
 12.4059 21.2168
 14.0339 22.6664
 14.3659 22.6571
 14.7575 22.5569
 15.2861 22.1208
 16.4137 21.4228
 17.1652 21.007
 17.3137 20.8541
 17.3524 20.5847
 17.4957 19.9781
 17.5169 19.4391
 17.317 19.1637
 17.3983 18.6169
 17.5042 18.0437
 17.4719 17.8526
 17.5867 17.7547
 17.694 17.7121
 17.7257 17.7296
 17.7715 17.7467
 17.8101 17.7579
277 32 22
 14.1297 25.2806
 12.9886 24.0769
 13.2201 23.8704
 13.8603 23.2945
 14.3659 22.6571
 14.7575 22.5569
 15.2861 22.1208
 16.4137 21.4228
 17.1652 21.007
 17.3137 20.8541
 17.3524 20.5847
 17.4957 19.9781
 17.5169 19.4391
 17.317 19.1637
 17.3983 18.6169
 17.5042 18.0437
 17.4719 17.8526
 17.5867 17.7547
 17.694 17.7121
 17.7257 17.7296
 17.7715 17.7467
 17.8101 17.7579
277 69 10
 14.1297 25.2806
 15.687 26.4645
 16.3618 26.6101
 17.1737 25.9061
 18.1779 25.3652
 18.5719 25.5159
 18.7802 25.6526
 18.7952 25.8176
 18.8272 25.9364
 18.8462 25.9883
278 123 10
 0.76035 7.2425
 0.2544 4.8972
 1.1743 4.98345
 3.2732 4.91315
 4.69515 5.676
 5.82225 5.3609
 6.55515 6.82415
 6.90735 7.80025
 7.12555 7.83425
 7.1526 7.8486
278 88 4
 0.76035 7.2425
 0.9443 10.2962
 1.44575 11.1236
 1.471 11.145
279 32 14
 19.6748 14.1319
 19.0844 14.2163
 18.7062 14.4797
 18.4388 14.8942
 18.162 15.1231
 18.0226 15.6026
 18.0594 16.4605
 18.2388 16.9049
 18.158 17.0146
 17.9953 17.2448
 17.9456 17.4359
 17.9287 17.5734
 17.8593 17.7249
 17.8101 17.7579
279 109 10
 19.6748 14.1319
 20.5685 13.9358
 21.3107 13.8162
 21.4329 13.8867
 21.5998 13.9319
 21.9178 13.8997
 22.1175 13.8853
 22.3368 14.2768
 22.5995 14.6686
 22.6459 14.7175
280 66 4
 23.6264 14.65
 24.4455 14.6172
 24.6912 14.5256
 24.8894 14.4905
280 109 3
 23.6264 14.65
 22.7505 14.6719
 22.6459 14.7175
281 122 8
 30.7531 13.3787
 28.9154 12.4192
 28.2955 12.5734
 28.156 12.7087
 27.952 12.5208
 27.2892 11.7413
 26.7242 11.1865
 26.7035 11.2141
281 139 12
 30.7531 13.3787
 32.16 14.4522
 32.4184 14.4729
 33.0919 14.0555
 33.4755 12.6111
 34.032 11.6338
 34.8459 11.8477
 36.2524 11.2594
 37.6583 10.4247
 38.1435 10.0432
 38.5514 9.8235
 38.5645 9.8375
282 66 13
 25.6936 18.5401
 25.2029 17.7125
 25.3123 17.478
 25.7626 16.9214
 25.8458 16.2768
 25.5215 16.0628
 25.4493 16.0516
 25.3803 15.9725
 25.2906 15.7462
 25.2355 15.2939
 25.1028 14.7627
 24.9181 14.5091
 24.8894 14.4905
282 105 11
 25.6936 18.5401
 26.397 19.2769
 26.7627 19.5676
 27.2144 20.0461
 27.4411 20.5801
 27.6894 21.0344
 28.0063 21.1558
 28.3175 21.9617
 28.6399 22.8093
 28.7507 22.9142
 28.802 22.9838
283 94 15
 29.7432 5.31095
 28.3834 6.16275
 28.1275 7.0731
 27.7888 7.24745
 27.1406 6.9195
 26.0432 6.4702
 25.1908 6.23595
 25.083 6.1974
 24.7309 5.8658
 24.3957 5.5277
 24.3401 5.4734
 24.8806 5.08755
 25.4399 3.92625
 25.6052 3.1282
 25.7222 3.096
283 145 5
 29.7432 5.31095
 31.4665 4.47515
 32.1861 2.656
 32.2945 1.3876
 32.3026 1.3309
284 70 60
 48.8428 16.9604
 49.4128 17.9032
 49.4144 18.0821
 50.2321 17.7983
 51.1517 17.7626
 51.1686 19.0233
 51.0443 20.316
 51.4707 20.6526
 51.633 20.7794
 51.5777 20.9352
 51.7308 20.9352
 51.9733 21.044
 52.3707 21.6174
 52.4266 22.2704
 52.0591 22.4931
 51.3122 23.0958
 50.7181 23.4735
 50.5921 24.4242
 50.2716 25.1965
 50.1244 25.4074
 49.922 25.7239
 49.9214 26.2402
 50.1376 27.135
 50.0023 27.675
 49.4849 28.3405
 48.8259 28.9485
 48.647 29.1217
 48.8683 29.4473
 48.79 29.8121
 48.5167 30.0334
 48.3695 30.089
 48.3754 30.2035
 48.3332 30.3654
 48.2525 30.5481
 48.1763 30.6338
 48.05 30.6317
 47.8863 30.9501
 47.6274 31.3486
 47.4394 31.5408
 47.5213 31.7745
 47.5744 31.9593
 47.4345 32.1362
 47.2552 32.2715
 47.1748 32.3618
 47.1161 32.4556
 47.0295 32.6011
 46.8841 32.9067
 46.4618 33.2527
 46.1568 33.7183
 46.1601 34.1866
 46.1984 34.4003
 46.2166 34.6182
 46.2129 34.8444
 46.3515 34.8943
 46.4845 34.8997
 46.3693 34.9344
 46.1996 35.0396
 46.1308 35.1489
 46.1653 35.2258
 46.1824 35.2638
284 79 15
 48.8428 16.9604
 48.678 15.9838
 48.2948 15.76
 47.6513 15.6835
 47.295 15.511
 47.1794 15.3126
 47.2519 15.0702
 47.2854 14.7882
 47.2287 14.2427
 47.0182 13.6416
 46.7752 13.3918
 46.9627 13.2143
 47.177 12.9924
 47.2374 12.8218
 47.2894 12.7009
285 104 6
 36.5894 28.3032
 36.2554 28.6581
 36.3941 28.7362
 36.3828 28.9901
 36.4591 29.2619
 36.4941 29.3114
285 0 6
 36.5894 28.3032
 37.226 27.9406
 37.3809 27.7839
 37.5721 27.5427
 37.7266 27.3964
 37.7336 27.3891
286 42 10
 40.6975 22.0248
 40.1859 20.6097
 39.0905 20.1103
 38.8183 19.9276
 39.3972 19.4898
 39.8136 19.2642
 39.858 19.2304
 39.7598 19.029
 39.6909 18.9501
 39.6589 18.9368
286 27 10
 40.6975 22.0248
 40.9329 23.2139
 41.3775 23.4874
 42.5026 23.0316
 43.482 22.4851
 43.5332 22.3965
 43.6768 22.1568
 44.0585 21.4245
 44.4129 20.9053
 44.4982 20.949
287 37 17
 35.4318 33.8526
 35.1151 33.2205
 34.9064 32.7392
 35.0829 32.4715
 34.6465 32.5249
 34.3655 32.7462
 33.9993 32.5917
 33.5005 32.5017
 32.8661 32.3653
 32.0656 32.1446
 31.6725 31.934
 31.5672 31.7272
 31.3592 31.6262
 30.6772 31.2953
 30.1887 30.6349
 30.0882 30.3587
 29.9828 30.3439
287 41 4
 35.4318 33.8526
 35.5659 34.5331
 35.6012 34.7797
 35.5806 34.7787
288 82 25
 24.8914 54.6001
 24.6786 53.1907
 24.6169 53.0752
 24.1052 53.181
 23.5814 53.3086
 23.1656 53.5722
 22.6381 53.9493
 22.4667 54.1169
 22.3804 54.1337
 22.0881 54.4126
 21.6779 54.568
 21.5161 54.3186
 21.4012 54.6886
 21.1831 55.0479
 21.0049 55.0193
 20.8773 54.876
 20.4281 55.4246
 20.0047 56.054
 19.9196 56.1637
 19.8038 56.2546
 19.6917 56.4017
 19.6066 56.5114
 19.4853 56.5959
 19.3905 56.6623
 19.3866 56.6663
288 134 8
 24.8914 54.6001
 25.3454 56.3793
 25.6766 56.9116
 25.7047 57.6475
 25.5817 58.7352
 25.182 59.2205
 24.9035 59.3362
 24.9073 59.3529
289 134 7
 24.5111 62.5074
 24.402 62.1753
 24.4114 61.611
 24.8195 60.9123
 25.0627 59.9847
 24.957 59.3856
 24.9073 59.3529
289 61 4
 24.5111 62.5074
 24.6422 63.4699
 24.7999 64.3568
 24.8363 64.3866
290 61 16
 29.4646 73.0132
 28.1824 70.2545
 27.5174 69.7117
 26.8725 69.2279
 26.8398 69.2085
 26.5039 68.4191
 25.8619 67.5561
 25.6287 67.4153
 25.275 66.7509
 24.8192 65.8423
 24.673 65.4564
 24.5606 65.1634
 24.5746 64.6834
 24.7181 64.4193
 24.8195 64.4324
 24.8363 64.3866
290 39 4
 29.4646 73.0132
 31.1787 76.3736
 31.864 77.0791
 31.9681 77.1774
291 148 9
 36.2614 57.2942
 36.5612 56.2125
 36.7181 55.7152
 36.867 55.4046
 36.9063 55.3329
 36.6894 55.0966
 36.3321 55.0424
 36.0472 55.1723
 35.9026 55.1323
291 116 3
 36.2614 57.2942
 35.9026 58.1908
 35.7964 58.2521
292 148 8
 39.1824 54.4879
 37.4123 54.6966
 36.9257 55.1224
 36.9063 55.3329
 36.6894 55.0966
 36.3321 55.0424
 36.0472 55.1723
 35.9026 55.1323
292 22 13
 39.1824 54.4879
 40.6789 54.7792
 41.3632 54.1246
 42.4668 53.2407
 42.5973 52.5149
 42.8465 52.0172
 43.3357 51.6594
 43.5157 51.5602
 43.6494 51.2349
 43.9402 50.9041
 44.218 50.9072
 44.328 50.9002
 44.3522 50.8695
293 70 17
 40.5119 37.1385
 41.4851 37.6003
 41.7533 38.2583
 42.3249 37.7773
 43.0222 37.0044
 43.431 36.0271
 43.7324 35.3063
 44.1548 35.0228
 44.7958 34.8303
 45.1005 34.994
 45.2658 35.2017
 45.5601 35.3692
 45.7563 35.4402
 45.8452 35.3776
 46.0305 35.2523
 46.1653 35.2258
 46.1824 35.2638
293 41 11
 40.5119 37.1385
 39.1936 37.568
 38.3372 37.632
 37.9542 37.0797
 37.2149 36.3852
 36.5224 36.0336
 36.3241 36.0977
 36.1411 36.2401
 35.8439 35.6214
 35.5917 34.8743
 35.5806 34.7787
294 41 9
 36.8863 38.1487
 36.4741 37.6861
 36.2254 37.4873
 36.0573 37.0734
 36.0168 36.5091
 36.1411 36.2401
 35.8439 35.6214
 35.5917 34.8743
 35.5806 34.7787
294 35 6
 36.8863 38.1487
 37.0416 38.7693
 36.9364 39.2132
 36.9108 39.4037
 36.9553 39.4474
 36.988 39.4732
295 30 36
 49.1106 46.4429
 50.6734 45.6147
 51.5405 45.8065
 51.1666 45.2205
 50.8774 44.2008
 50.7589 42.9346
 51.3626 42.0206
 52.6469 41.8895
 53.3685 41.7812
 53.1936 41.0757
 52.1883 40.7105
 51.2325 40.7542
 50.8455 40.3783
 50.5821 39.7008
 50.4926 39.3967
 49.9571 38.758
 49.5284 38.1542
 49.4394 38.0161
 49.5118 37.3405
 49.5944 36.6194
 49.662 36.2598
 49.8205 35.9326
 49.9861 35.8635
 50.1237 35.9234
 50.252 35.9632
 50.4964 36.0378
 50.3334 35.9777
 50.3521 35.8616
 50.3079 35.6733
 50.2054 35.549
 50.2876 35.5513
 50.414 35.5255
 50.5021 35.5256
 50.5107 35.4456
 50.543 35.3652
 50.5668 35.3541
295 22 11
 49.1106 46.4429
 48.325 48.0072
 48.3323 48.9293
 48.0757 49.3633
 47.9923 49.7537
 47.9643 49.9524
 47.4059 50.0655
 46.1012 50.2882
 45.0538 50.7947
 44.5364 50.9566
 44.3522 50.8695
296 63 10
 55.608 36.1197
 57.0775 35.0501
 57.9285 34.2631
 57.9513 34.1433
 57.9886 33.9348
 58.0964 33.788
 58.1468 33.7716
 58.1403 33.6671
 58.0935 33.6037
 58.067 33.6102
296 30 13
 55.608 36.1197
 54.9275 36.5121
 54.8859 36.5109
 54.2524 36.5896
 52.959 36.8111
 51.9494 36.6092
 51.5404 35.9436
 51.2071 35.4991
 50.9244 35.416
 50.7799 35.3629
 50.6362 35.3246
 50.5794 35.3496
 50.5668 35.3541
297 30 29
 53.583 41.7246
 53.3685 41.7812
 53.1936 41.0757
 52.1883 40.7105
 51.2325 40.7542
 50.8455 40.3783
 50.5821 39.7008
 50.4926 39.3967
 49.9571 38.758
 49.5284 38.1542
 49.4394 38.0161
 49.5118 37.3405
 49.5944 36.6194
 49.662 36.2598
 49.8205 35.9326
 49.9861 35.8635
 50.1237 35.9234
 50.252 35.9632
 50.4964 36.0378
 50.3334 35.9777
 50.3521 35.8616
 50.3079 35.6733
 50.2054 35.549
 50.2876 35.5513
 50.414 35.5255
 50.5021 35.5256
 50.5107 35.4456
 50.543 35.3652
 50.5668 35.3541
297 119 3
 53.583 41.7246
 54.7652 41.1848
 55.8191 41.0436
298 74 7
 55.7407 44.0984
 55.4224 44.7583
 55.3575 45.2549
 55.2276 45.8308
 55.0901 46.3795
 55.1511 46.7494
 55.1804 46.8722
298 119 4
 55.7407 44.0984
 55.8904 42.3554
 55.8226 41.0469
 55.8191 41.0436
299 141 13
 60.2408 26.6232
 59.839 27.2501
 59.7652 27.5264
 59.4765 27.4095
 59.0824 27.5117
 58.8141 27.8684
 58.1963 28.1539
 57.6186 28.2342
 57.4004 28.0758
 57.2221 27.9972
 57.0308 28.2861
 56.8686 28.5634
 56.8755 28.61
299 11 24
 60.2408 26.6232
 60.9037 26.1232
 61.1245 25.7617
 60.5702 24.7088
 59.8558 23.696
 60.6031 23.5245
 61.1539 23.2115
 61.6212 23.2677
 62.1465 23.2868
 62.4337 23.011
 62.6038 22.9135
 63.0117 23.0202
 63.5982 22.884
 63.8759 22.6082
 64.1419 22.0658
 64.412 21.517
 64.2463 20.7306
 63.9168 20.0923
 63.6935 19.4846
 63.4232 18.823
 62.8726 18.3492
 62.0929 17.9167
 61.7771 17.8769
 61.7558 17.8665
300 62 20
 67.0004 19.6642
 67.9801 19.3466
 68.5987 19.06
 68.7305 18.8293
 68.7357 18.7183
 68.6248 18.5488
 68.4953 18.0522
 68.3721 17.4724
 67.8412 16.9945
 67.8464 16.3708
 68.3042 15.5853
 68.1671 15.0361
 68.3773 15.1569
 68.6718 15.1841
 69.019 15.2004
 69.1456 15.2252
 69.1973 15.2611
 69.2724 15.2943
 69.3152 15.3141
 69.3177 15.316
300 11 13
 67.0004 19.6642
 66.3546 20.1345
 66.2698 20.6031
 66.0203 20.9728
 65.122 21.2443
 64.2463 20.7306
 63.9168 20.0923
 63.6935 19.4846
 63.4232 18.823
 62.8726 18.3492
 62.0929 17.9167
 61.7771 17.8769
 61.7558 17.8665
301 62 27
 73.3279 18.5794
 72.1189 18.6112
 71.5385 18.3736
 71.4392 18.563
 71.2934 18.8232
 71.0331 19.2867
 70.1731 19.3229
 69.0701 19.2301
 68.6852 19.2665
 68.7281 18.9804
 68.7305 18.8293
 68.7357 18.7183
 68.6248 18.5488
 68.4953 18.0522
 68.3721 17.4724
 67.8412 16.9945
 67.8464 16.3708
 68.3042 15.5853
 68.1671 15.0361
 68.3773 15.1569
 68.6718 15.1841
 69.019 15.2004
 69.1456 15.2252
 69.1973 15.2611
 69.2724 15.2943
 69.3152 15.3141
 69.3177 15.316
301 92 5
 73.3279 18.5794
 74.1173 18.0227
 74.6654 17.5663
 75.1425 17.3619
 75.2167 17.364
302 70 61
 51.4252 15.7653
 50.6624 17.0682
 50.2174 17.7853
 49.4144 18.0821
 50.2321 17.7983
 51.1517 17.7626
 51.1686 19.0233
 51.0443 20.316
 51.4707 20.6526
 51.633 20.7794
 51.5777 20.9352
 51.7308 20.9352
 51.9733 21.044
 52.3707 21.6174
 52.4266 22.2704
 52.0591 22.4931
 51.3122 23.0958
 50.7181 23.4735
 50.5921 24.4242
 50.2716 25.1965
 50.1244 25.4074
 49.922 25.7239
 49.9214 26.2402
 50.1376 27.135
 50.0023 27.675
 49.4849 28.3405
 48.8259 28.9485
 48.647 29.1217
 48.8683 29.4473
 48.79 29.8121
 48.5167 30.0334
 48.3695 30.089
 48.3754 30.2035
 48.3332 30.3654
 48.2525 30.5481
 48.1763 30.6338
 48.05 30.6317
 47.8863 30.9501
 47.6274 31.3486
 47.4394 31.5408
 47.5213 31.7745
 47.5744 31.9593
 47.4345 32.1362
 47.2552 32.2715
 47.1748 32.3618
 47.1161 32.4556
 47.0295 32.6011
 46.8841 32.9067
 46.4618 33.2527
 46.1568 33.7183
 46.1601 34.1866
 46.1984 34.4003
 46.2166 34.6182
 46.2129 34.8444
 46.3515 34.8943
 46.4845 34.8997
 46.3693 34.9344
 46.1996 35.0396
 46.1308 35.1489
 46.1653 35.2258
 46.1824 35.2638
302 132 6
 51.4252 15.7653
 52.1598 14.5478
 52.1669 14.1677
 52.5563 13.9591
 52.9877 13.8776
 53.0075 13.9016
303 70 62
 46.8701 18.4995
 47.3367 18.5515
 48.0633 18.3676
 48.7113 17.9919
 49.4144 18.0821
 50.2321 17.7983
 51.1517 17.7626
 51.1686 19.0233
 51.0443 20.316
 51.4707 20.6526
 51.633 20.7794
 51.5777 20.9352
 51.7308 20.9352
 51.9733 21.044
 52.3707 21.6174
 52.4266 22.2704
 52.0591 22.4931
 51.3122 23.0958
 50.7181 23.4735
 50.5921 24.4242
 50.2716 25.1965
 50.1244 25.4074
 49.922 25.7239
 49.9214 26.2402
 50.1376 27.135
 50.0023 27.675
 49.4849 28.3405
 48.8259 28.9485
 48.647 29.1217
 48.8683 29.4473
 48.79 29.8121
 48.5167 30.0334
 48.3695 30.089
 48.3754 30.2035
 48.3332 30.3654
 48.2525 30.5481
 48.1763 30.6338
 48.05 30.6317
 47.8863 30.9501
 47.6274 31.3486
 47.4394 31.5408
 47.5213 31.7745
 47.5744 31.9593
 47.4345 32.1362
 47.2552 32.2715
 47.1748 32.3618
 47.1161 32.4556
 47.0295 32.6011
 46.8841 32.9067
 46.4618 33.2527
 46.1568 33.7183
 46.1601 34.1866
 46.1984 34.4003
 46.2166 34.6182
 46.2129 34.8444
 46.3515 34.8943
 46.4845 34.8997
 46.3693 34.9344
 46.1996 35.0396
 46.1308 35.1489
 46.1653 35.2258
 46.1824 35.2638
303 27 9
 46.8701 18.4995
 46.4912 18.9757
 46.1022 19.8139
 45.4562 20.1869
 44.8648 20.4228
 44.7038 20.827
 44.578 20.8709
 44.5278 20.9283
 44.4982 20.949
304 90 12
 58.883 8.5765
 58.062 9.00385
 57.1681 8.94275
 56.2252 8.87885
 55.5516 8.55095
 55.1116 9.11735
 54.5779 9.7724
 54.267 10.3778
 54.3265 11.6567
 54.8943 12.4958
 55.2218 12.5459
 55.2287 12.5291
304 23 4
 58.883 8.5765
 59.2679 7.551
 59.4417 7.25145
 59.4563 7.215
305 62 11
 70.9957 12.7045
 70.2354 13.4541
 70.2441 13.9485
 70.1449 14.2867
 69.8743 14.8473
 69.4328 15.1339
 69.2204 15.2024
 69.1973 15.2611
 69.2724 15.2943
 69.3152 15.3141
 69.3177 15.316
305 54 3
 70.9957 12.7045
 71.9402 12.3615
 72 12.313
306 118 8
 76.4203 1.65835
 76.1795 0.9843
 76.3247 0.40305
 76.6021 0.01785
 76.6329 -0.3579
 77.4144 -1.46935
 78.3703 -2.3966
 78.4313 -2.552
306 120 4
 76.4203 1.65835
 75.7237 2.3954
 74.6649 2.66435
 74.5557 2.6381
307 48 40
 74.3777 -5.0064
 74.3866 -6.0461
 74.8723 -6.68385
 75.324 -7.33815
 75.5285 -8.01705
 75.6242 -8.33555
 75.0854 -8.139
 74.1658 -8.0804
 73.1283 -8.61315
 72.5146 -9.07045
 72.4142 -9.31855
 72.2308 -9.74735
 71.9269 -10.2902
 71.6964 -10.7864
 71.5698 -11.6693
 71.3127 -12.6449
 71.0854 -12.9645
 70.9337 -13.0216
 70.7548 -13.0973
 70.6073 -13.1753
 70.5661 -13.1436
 70.1768 -13.2508
 69.6889 -13.3135
 69.5322 -13.2901
 69.351 -13.4967
 69.0159 -13.4509
 68.9402 -13.083
 69.0652 -12.9049
 69.0486 -12.8445
 68.9548 -12.7729
 68.872 -12.7746
 68.84 -12.8048
 68.8285 -12.7603
 68.7834 -12.6528
 68.7021 -12.55
 68.5233 -12.4424
 68.2861 -12.3089
 68.0454 -12.215
 67.8819 -12.2097
 67.8782 -12.2256
307 58 15
 74.3777 -5.0064
 74.5864 -3.7954
 73.6154 -2.6955
 72.5798 -1.9351
 72.4938 -1.2313
 72.4043 -0.3865
 72.3718 0.0603
 72.3472 0.10645
 71.6005 -0.2071
 70.7737 -0.39845
 70.5902 -0.1891
 70.6257 -0.45515
 70.5081 -0.63135
 70.4346 -0.72325
 70.4348 -0.7632
308 48 39
 77.7563 -9.3437
 77.8944 -10.0118
 77.086 -9.49635
 76.1367 -8.80855
 75.6242 -8.33555
 75.0854 -8.139
 74.1658 -8.0804
 73.1283 -8.61315
 72.5146 -9.07045
 72.4142 -9.31855
 72.2308 -9.74735
 71.9269 -10.2902
 71.6964 -10.7864
 71.5698 -11.6693
 71.3127 -12.6449
 71.0854 -12.9645
 70.9337 -13.0216
 70.7548 -13.0973
 70.6073 -13.1753
 70.5661 -13.1436
 70.1768 -13.2508
 69.6889 -13.3135
 69.5322 -13.2901
 69.351 -13.4967
 69.0159 -13.4509
 68.9402 -13.083
 69.0652 -12.9049
 69.0486 -12.8445
 68.9548 -12.7729
 68.872 -12.7746
 68.84 -12.8048
 68.8285 -12.7603
 68.7834 -12.6528
 68.7021 -12.55
 68.5233 -12.4424
 68.2861 -12.3089
 68.0454 -12.215
 67.8819 -12.2097
 67.8782 -12.2256
308 83 11
 77.7563 -9.3437
 78.3209 -8.10615
 78.7175 -7.20805
 78.7613 -7.14885
 78.9176 -7.22585
 79.1075 -7.30575
 79.3137 -7.274
 79.9275 -7.43735
 80.3851 -7.67895
 80.3433 -7.8417
 80.3019 -7.959
309 48 21
 68.9312 -15.4375
 69.536 -15.113
 69.6674 -14.7318
 69.4021 -14.2248
 69.222 -13.8814
 69.2249 -13.7241
 69.0159 -13.4509
 68.9402 -13.083
 69.0652 -12.9049
 69.0486 -12.8445
 68.9548 -12.7729
 68.872 -12.7746
 68.84 -12.8048
 68.8285 -12.7603
 68.7834 -12.6528
 68.7021 -12.55
 68.5233 -12.4424
 68.2861 -12.3089
 68.0454 -12.215
 67.8819 -12.2097
 67.8782 -12.2256
309 130 3
 68.9312 -15.4375
 68.5178 -15.6493
 68.5046 -15.6702
310 48 20
 64.7468 -12.786
 65.4144 -13.0426
 65.948 -13.1782
 65.902 -12.7414
 65.8664 -12.2701
 66.1765 -12.1414
 66.4561 -12.1986
 66.5893 -12.2071
 66.66 -12.1028
 66.9372 -12.0873
 67.17 -12.0648
 67.1785 -11.9613
 67.2724 -11.9468
 67.3585 -11.9522
 67.4962 -12.0304
 67.6209 -12.1202
 67.7011 -12.1355
 67.8298 -12.1674
 67.8819 -12.2097
 67.8782 -12.2256
310 112 6
 64.7468 -12.786
 64.1383 -12.8447
 63.7401 -12.6058
 63.6539 -12.1569
 63.558 -11.9925
 63.5174 -11.9722
311 12 21
 59.4548 1.0365
 59.0944 -0.4347
 58.5499 -1.9623
 58.187 -2.6731
 58.6689 -2.82055
 59.1685 -2.95735
 59.2933 -2.6948
 59.5471 -2.3016
 59.7364 -2.1669
 59.9201 -1.91385
 60.3102 -1.63935
 60.924 -1.2635
 61.2167 -1.2681
 61.1531 -1.7328
 61.2027 -1.8984
 61.2304 -1.95565
 61.3068 -1.8912
 61.4448 -1.8908
 61.5459 -1.8944
 61.5722 -1.82345
 61.5765 -1.8176
311 23 14
 59.4548 1.0365
 59.2916 2.22345
 58.6313 3.2216
 58.342 3.80575
 58.3365 3.97365
 58.4422 3.9193
 58.8602 4.2502
 59.3233 4.79665
 59.653 4.92385
 59.8089 5.24795
 59.6602 6.34905
 59.515 7.09865
 59.4743 7.17785
 59.4563 7.215
312 71 43
 37.0934 -31.0544
 37.7191 -30.1519
 38.435 -29.5663
 39.0036 -29.1868
 39.1619 -28.4614
 39.7892 -28.5174
 40.5447 -28.3465
 40.9068 -27.5672
 41.0399 -27.0492
 41.6439 -26.8233
 43.2454 -26.2339
 44.4953 -25.2301
 44.5959 -24.7024
 44.8399 -25.203
 45.5108 -25.9927
 46.1116 -26.2714
 46.6245 -25.8762
 47.2523 -25.3328
 47.748 -25.2295
 48.3219 -25.0699
 48.644 -24.7926
 48.6425 -24.7066
 48.7684 -24.758
 48.9928 -24.8067
 49.2802 -24.9866
 49.5826 -25.0423
 49.7687 -24.8673
 49.8165 -24.8934
 49.9631 -25.0289
 50.2273 -24.9964
 50.4725 -25.006
 50.4938 -24.932
 50.5092 -24.382
 50.7595 -23.9594
 51.0125 -23.8676
 51.2162 -23.7851
 51.3965 -23.7538
 51.4949 -23.721
 51.474 -23.6208
 51.4414 -23.4468
 51.4505 -23.3568
 51.4912 -23.3776
 51.5255 -23.3934
312 154 16
 37.0934 -31.0544
 36.2533 -31.154
 35.66 -31.2311
 35.1057 -31.3849
 34.5961 -31.5848
 34.0583 -31.8466
 34.7966 -31.9141
 35.3428 -32.3887
 35.5525 -32.9517
 35.8323 -33.6039
 35.9781 -34.0631
 35.8998 -34.1889
 35.8302 -34.2558
 35.8155 -34.3038
 35.9608 -34.3839
 36.0554 -34.4427
313 25 13
 26.459 -34.3096
 27.494 -34.4163
 27.9449 -34.5093
 28.1472 -34.4694
 28.3628 -34.1364
 28.5732 -33.8571
 28.9077 -33.7713
 29.3125 -33.6189
 29.4727 -33.5094
 29.5364 -33.4256
 29.5922 -33.3717
 29.6304 -33.3252
 29.6571 -33.2845
313 16 10
 26.459 -34.3096
 25.4844 -34.4918
 25.1025 -34.7602
 24.9109 -34.977
 24.8742 -35.4257
 24.8063 -35.8401
 24.6065 -36.2104
 24.494 -36.4524
 24.3625 -36.6023
 24.248 -36.7497
314 57 17
 27.4666 -52.9674
 28.5576 -53.5454
 28.7225 -53.3927
 28.8933 -52.472
 29.2395 -51.5892
 29.6687 -51.2257
 29.4948 -50.3896
 29.3933 -49.7736
 29.0182 -49.4331
 28.4618 -48.7185
 28.0648 -48.2999
 27.5079 -47.9291
 27.1388 -47.0588
 27.7036 -46.3819
 28.54 -46.5448
 29.0394 -46.8207
 29.1082 -46.8263
314 96 9
 27.4666 -52.9674
 26.3458 -52.2804
 26.2402 -52.0686
 25.8 -52.0004
 24.951 -52.049
 24.4319 -52.1959
 23.7468 -52.8769
 22.7768 -53.6201
 22.4319 -53.812
315 75 3
 51.5003 -36.0444
 50.9104 -34.8612
 50.8548 -34.7672
315 9 3
 51.5003 -36.0444
 52.1507 -37.1715
 52.2667 -37.2092
316 75 8
 48.3951 -34.3327
 49.7503 -34.4778
 50.3527 -34.3493
 50.4841 -34.3538
 50.6203 -34.4676
 50.7724 -34.5882
 50.8681 -34.7362
 50.8548 -34.7672
316 86 3
 48.3951 -34.3327
 47.4772 -34.0953
 47.3502 -34.0257
317 86 6
 45.1939 -32.7765
 45.9855 -33.6803
 46.2172 -33.9209
 46.7547 -34.0182
 47.3076 -34.0135
 47.3502 -34.0257
317 33 3
 45.1939 -32.7765
 44.5715 -31.9633
 44.5361 -31.9278
318 112 27
 59.094 -17.8872
 59.32 -17.8129
 59.3851 -17.6586
 59.5248 -17.1594
 59.6085 -16.7111
 59.7365 -16.6054
 60.0259 -16.4081
 60.2047 -16.1609
 60.158 -16.001
 60.2492 -15.9833
 60.6215 -15.9659
 60.9964 -15.8182
 61.0907 -15.7307
 61.5269 -15.7548
 62.3353 -15.4289
 62.656 -14.9312
 62.438 -14.6869
 63.0445 -14.551
 63.2069 -14.084
 63.0733 -13.6718
 63.0863 -13.2826
 63.2885 -13.0237
 63.6985 -12.9379
 63.7401 -12.6058
 63.6539 -12.1569
 63.558 -11.9925
 63.5174 -11.9722
318 7 8
 59.094 -17.8872
 58.4567 -17.8535
 57.3002 -17.8165
 56.5479 -17.9524
 56.3621 -17.9888
 56.0416 -17.9897
 55.805 -17.905
 55.7696 -17.8268
319 18 6
 55.0356 -22.3049
 54.8511 -22.5504
 54.7635 -22.8142
 54.5544 -23.1332
 54.3797 -23.2336
 54.3192 -23.2613
319 138 4
 55.0356 -22.3049
 55.3413 -22.0935
 55.4715 -22.1154
 55.4878 -22.1205
327 83 22
 89.9166 -14.6288
 89.8176 -14.2232
 89.3242 -12.6026
 88.4382 -10.4442
 87.8502 -8.75515
 87.7527 -7.1801
 87.6853 -6.28645
 87.4818 -6.16685
 86.6771 -6.41565
 86.0025 -6.722
 85.8767 -6.8323
 85.486 -7.0833
 84.8209 -5.7058
 83.5902 -4.61405
 82.6526 -4.6091
 81.6992 -4.58285
 81.0972 -5.3641
 80.6219 -6.68515
 80.4125 -7.49
 80.3851 -7.67895
 80.3433 -7.8417
 80.3019 -7.959
328 44 12
 -44.4251 10.6899
 -41.8433 5.5468
 -38.2695 0.01215
 -37.1774 -1.0431
 -35.5562 -1.8139
 -33.3363 -1.7794
 -32.3999 -2.1006
 -32.1886 -3.1227
 -32.2689 -4.2858
 -32.2292 -4.99375
 -32.0754 -5.15915
 -32.0152 -5.2204
