   6.1857762757391326     
  0.65753992165638897     
   2.1582521494711595     
   2.5661248579332998     
   5.3846721675024920     
   1.6925918623405838     
   5.0525774982349914     
   5.7972642069160054     
  0.91636820014025400     
  0.52671272227525900     
   3.3989688183571558     
   1.7549229832482565     
   3.7080796153958433     
   2.7736325918711828     
   4.3485106592732627     
   1.2949463216228185     
   1.8854572526442688     
   1.3625637835748774     
   2.9921295797459293     
   3.8559477901162209     
   2.4215903093628710     
   2.4147833754080179     
   1.4667986699045912     
  0.60298512690816763     
   1.4842747748777465     
   2.0902691887126350     
   4.7907471906330645     
   1.1201855168354569     
   2.1109233757639903     
  0.56709815379700057     
   5.0607094584721048     
   1.4008625770323075     
   2.9745312558459926     
   1.6989732708110479     
   4.7057707981957169     
   3.5049473632516679     
   4.1857327961275930     
   3.2398648622666446     
   5.1114787693351689     
   2.2222093431892205     
   5.1160471159761638     
   3.1762901274508328     
   2.1024201487066203     
   1.1200226884754345     
   2.6849156126648142     
   4.2484218533004148     
   4.6082720731035707     
   3.3958687805730774     
   5.0730345107218229     
   4.9182175791689513     
   1.3283741561552544     
   4.4620748943630018     
   12.104384120268616     
   1.9195789363741149     
   1.0062101553795968     
   1.1473345966686395     
   2.3816445322264186     
   2.0561689233203548     
   4.0251573813151484     
   1.0951332338739248     
   6.9164858726750227     
   1.9023721148992805     
  0.94123314981442918     
   1.0903803226917905     
  0.92016121324485289     
  0.91949544000329220     
   2.6253252408827423     
   2.4155464158248554     
   1.0966136610589854     
   1.5141072785847471     
   4.8700870350537677     
   2.7832389978473815     
   5.0599183420397615     
   3.8776742919576948     
   2.7975318116443195     
   3.9376514510405078     
   6.3574835711015538     
   1.1900671546042130     
   1.1270907875247804     
  0.95929343071232198     
   7.6100776702494102     
   4.9830198163518808     
   4.3534316096092471     
   1.5378256492085336     
   1.2655002045654984     
   1.3542644933071568     
   1.7067221661109673     
   1.4481696653276401     
   1.2753729139058629     
   4.0063517499011612     
   5.3406068683672743     
   2.7923887773365244     
   5.3549242494986773     
   1.2851401994228622     
   2.3081531719420245     
   2.9030988570399621     
   2.9117210428451057     
   3.6305419315890779     
   3.0949485901578533     
   1.3963462291750068     
   2.7205562200587741     
  0.58085644756410149     
   2.3262838146362323     
   4.0354913715599761     
   1.2748321133013094     
   5.1562553923219339     
   1.4721201780262734     
   1.2350985011298836     
   1.8942408275664686     
   1.5506580709705646     
   2.7350458241218250     
  0.40543920161665248     
   1.2982385256226243     
   1.7509600861621519     
  0.88784211961597903     
   2.1530001370489220     
   3.3732018194998528     
   1.3132872483756706     
   6.9698869227846370     
   2.4007288464668322     
   2.4996202616637984     
   2.7517473396592398     
   3.0094974360394171     
   2.0784385515153909     
   4.4298744441577833     
   1.6613071204301442     
   3.4964783133044675     
   2.0355342911250367     
   3.6284760461836778     
   3.8451455693680865     
   5.3935077170877941     
   1.5495376711503686     
   2.3213092535994804     
   1.3938677092528167     
   1.9616647492877344     
   1.2748537221698386     
   2.4989502352140298     
   8.8404532298748588     
   5.0100946695148707     
   2.8926496510124022     
   3.3063157510015300     
   1.5845997618854182     
   6.2844289528314805     
   2.2998306783595934     
   2.2942379272607751     
  0.69531362583468037     
   3.6546098761083714     
   2.9967426230551317     
   1.6993761710764783     
   1.2972403202241392     
   7.6580883376080697     
   3.9780521318054500     
   2.6998871070591712     
   1.5531769938782016     
   4.9650998331824221     
   1.1134226467428776     
   4.2505255682487926     
   2.0724546515270430     
   4.4128717160786701     
   1.8064066892141666     
   1.5903623380941079     
   4.5178561913674926     
   4.5758568262670840     
   5.4475966252358443     
   2.3875453164097822     
   2.9567616183059422     
   1.9389147348517852     
   3.3968647331732948     
   4.8858120094917474     
   2.6530893548207399     
   1.9946399519288505     
   2.3680385101866945     
   3.2258402175889032     
   1.0833901183827985     
   1.7594019501650813     
  0.43780602465965568     
   1.2902872636333713     
  0.95837059534098090     
   2.4841804837561341     
   3.1734842352071735     
   4.0159731141582666     
   3.1559509377801778     
   1.0618384550507720     
   1.3243846825303538     
   1.0251437898268334     
   1.6405044423681723     
   2.4978028568680517     
   2.2638370234107299     
   6.3906296646154983     
  0.89080169164931511     
   1.2358688957115969     
  0.84111498123390027     
   1.0912320597612493     
  0.97354610353234572     
   7.1470183939425826     
   1.8624889847160384     
   10.286070716726353     
   4.7153186036917010     
   4.4849345307020467     
   2.1987191225441420     
   4.9257523857029790     
   2.5540170917767773     
   4.8821448717359770     
   7.7623101902846816     
   3.6354592162967792     
   5.7769844099511429     
   2.6066524120884464     
   4.3966979707510099     
   2.7984430856631937     
   4.3948232017066404     
   6.0747358850380273     
   4.8176037031438295     
   3.0116421262313069     
  0.92931964171923642     
   1.0027059440012298     
   3.2524131766946498     
   7.3483129845391320     
   1.5002988847932719     
   4.3390801904974436     
   1.0600294165375184     
   1.6349321415500886     
   1.9149601522340938     
   1.8857441499286653     
   1.1686558113600585     
   4.8712950711771086     
   1.4202713026715585     
   1.8244933103490091     
  0.89433639377012808     
   4.9990968918844274     
   4.4342181007576960     
   3.0501320412069388     
   3.6893750544966295     
   2.0167668486206658     
   8.2517723548754152     
   1.0136137373437433     
  0.95565719845360386     
   1.4602957361270363     
  0.98205412387577407     
   9.6517362382119689     
   5.9373281404786606     
   6.2772116350245373     
   3.7288910938156845     
   6.7685865345596605     
   3.1254327662305639     
   2.6071784970122271     
   1.9592238441899890     
   1.2223244644132081     
  0.99028123165961879     
   3.3596378710038772     
   5.8668167240672364     
   2.9751644781140212     
   3.2973410620840795     
   5.3623357350800482     
   3.2455863246038428     
   13.141078908030542     
   3.3597106005597013     
  0.86274900043651681     
   1.0606422913333560     
   2.5995290000709597     
   3.5459197195014225     
   4.1130011688761847     
  0.73483561131386710     
   5.1593668175871032     
   3.2356103912353236     
   1.8265593077281246     
   1.0654724571438356     
   6.7070906062246767     
   4.0586781416010540     
   2.2508253205708333     
   1.0883490856833318     
   2.6552013534830192     
   4.2904106836627687     
   4.3646304390602557     
   3.9518897970978770     
   2.2474282153291716     
  0.91525362510155628     
   10.470540511944339     
   4.5247948861867018     
   2.2808988858006320     
   3.2384556634951727     
   4.8979594341786257     
   2.3629247871003400     
   1.8241661679756949     
   1.7590375964512337     
   2.6488940562051844     
   7.4525136590803740     
   3.7938164831157342     
   3.9759875102794946     
   6.3021307040857577     
   1.5592249756908394     
   13.763572007002697     
   1.9259309346494276     
   13.257890091492834     
   1.9019606283877575     
   4.3178942904573052     
   1.1738835971463524     
   2.0598821454956537     
   1.0818482393961664     
   2.8830464105845661     
   1.2387685431829152     
   8.1018476961066348     
   4.6901518044021868     
   7.9313539563143811     
   2.5675123205193526     
   2.5660872543965780     
  0.48921786473896944     
   2.4103121527868723     
   1.1592104581132876     
   5.0847578768096522     
   3.8908653514041607     
   10.259970079610914     
   3.8737831098038811     
   2.2430183487583450     
   2.3409070264244511     
   6.4536890685240023     
   3.9162090715555342     
   1.4313108802467334     
   1.4232697611712253     
   1.7559982084469468     
   1.0929240632304438     
   1.8363120503026249     
   1.0741827476134895     
   4.7059211477344594     
   1.8948467849667421     
  0.82160307154030832     
  0.40583364851963138     
   10.212646831097505     
   11.418086797730249     
