332
162 53 41
 32.9552 79.0566
 33.7762 77.1388
 34.681 75.6879
 35.8678 74.7871
 37.4396 73.9435
 38.9042 72.4447
 40.5256 71.2235
 41.0329 70.229
 42.9671 70.0329
 44.4279 68.7869
 44.5926 67.9498
 45.3609 66.9197
 46.8976 66.3699
 45.8801 65.2972
 44.1224 63.964
 42.18 63.4338
 41.5221 63.7659
 41.1399 64.0331
 41.0461 63.6921
 41.0415 62.7421
 41.2576 62.073
 41.2877 61.7128
 41.3139 61.3501
 41.3378 61.1388
 41.0889 60.3893
 39.8362 59.7676
 38.2952 59.742
 37.7112 59.8194
 38.0405 59.5159
 38.1949 58.5497
 38.3381 57.4609
 38.5956 56.9567
 38.7428 56.4415
 39.1496 55.6273
 39.4047 55.1298
 39.0033 54.9138
 39.5163 55.0563
 40.0424 55.1102
 41.1742 55.5891
 41.8676 56.0239
 41.876 56.0379
162 147 5
 32.9552 79.0566
 32.3008 80.6815
 32.0797 80.8524
 31.9688 80.8479
 31.9081 80.8276
163 2 12
 -15.0093 6.10425
 -14.1367 6.0527
 -13.9724 5.9437
 -13.8574 5.8954
 -13.7954 6.029
 -13.5225 6.21035
 -12.6546 6.16965
 -11.6953 6.3829
 -11.2977 6.6493
 -11.2972 6.7336
 -11.3653 6.93
 -11.3886 6.9988
163 31 12
 -15.0093 6.10425
 -15.9619 6.03105
 -16.5168 6.00665
 -16.9941 6.09785
 -17.5755 5.90415
 -18.1806 5.89125
 -18.2976 6.20155
 -18.4478 6.3257
 -19.139 6.5411
 -20.0515 6.3973
 -20.4897 6.1514
 -20.5482 6.2265
164 3 14
 45.0673 46.4122
 44.6161 47.4193
 45.9471 47.3129
 47.139 47.8423
 47.4082 48.8511
 47.9437 49.6667
 48.2533 49.5216
 47.8367 50.6748
 47.357 51.5098
 47.2097 51.628
 47.1425 51.7048
 47.0656 51.6876
 47.0058 51.6199
 46.9836 51.5614
164 155 6
 45.0673 46.4122
 45.1396 45.4498
 44.9777 45.2414
 45.0034 45.198
 44.8783 45.1088
 44.8185 45.0469
165 112 8
 56.141 -26.7366
 58.6057 85.4405
 57.823 79.5432
 57.3207 78.0881
 57.2694 78.1351
 56.2022 79.0834
 55.0727 80.0265
 55.0009 80.0327
165 73 4
 56.141 -26.7366
 53.2719 -1.4951
 53.1649 -1.6988
 53.1401 -1.708
166 87 55
 -27.0046 4.4144
 -27.4756 4.10445
 -27.9358 3.82715
 -28.2427 3.58175
 -28.2474 4.03355
 -28.4496 4.7146
 -28.9254 5.27195
 -29.2706 5.4245
 -29.3699 5.5044
 -29.411 5.5305
 -29.3479 5.72395
 -29.1028 6.19895
 -29.1782 6.77955
 -29.5172 7.17105
 -29.7015 7.707
 -29.7299 8.16975
 -29.535 8.4441
 -29.318 8.7964
 -29.0732 8.92905
 -28.8681 8.9453
 -28.7325 8.9881
 -28.647 9.0455
 -28.6232 9.1258
 -28.6845 9.0765
 -28.8228 9.09745
 -28.934 9.26435
 -28.915 9.5888
 -28.9239 9.76305
 -28.9977 9.76785
 -29.2339 9.8801
 -29.681 10.1826
 -30.1438 10.3136
 -30.4869 10.2445
 -30.5598 10.1247
 -30.5009 9.98645
 -30.4787 9.9009
 -30.5881 9.94545
 -30.7885 9.97495
 -30.9243 9.98235
 -31.0037 9.9792
 -31.0812 9.9714
 -31.1045 9.983
 -31.1684 10.0848
 -31.3081 10.1671
 -31.4287 10.1581
 -31.5427 10.1161
 -31.6364 9.9846
 -31.7925 9.9549
 -32.0643 10.2078
 -32.2876 10.4166
 -32.3709 10.4359
 -32.4863 10.4309
 -32.7049 10.4452
 -32.8312 10.4417
 -32.8449 10.4372
166 39 15
 -27.0046 4.4144
 -26.5914 4.65175
 -26.5038 4.97125
 -26.4886 5.11685
 -26.5937 5.58695
 -26.439 6.5056
 -25.7797 6.94705
 -25.2514 6.84705
 -25.0331 6.78935
 -24.9112 6.80125
 -24.8301 6.80815
 -24.7996 6.9271
 -24.6884 7.05955
 -24.5689 7.10835
 -24.5477 7.1363
167 136 7
 -11.8893 -10.9061
 -11.9949 -11.6933
 -12.2587 -12.3062
 -13.1601 -12.562
 -13.8911 -12.3135
 -13.9773 -12.2257
 -13.9152 -12.1792
167 37 5
 -11.8893 -10.9061
 -11.3745 -9.65955
 -11.0509 -8.97005
 -11.1435 -8.84085
 -11.2052 -8.7919
168 16 13
 2.1741 -7.74725
 1.3481 -7.46015
 0.92 -7.43815
 0.3895 -7.07385
 -0.01715 -6.5614
 -0.5404 -6.0988
 -1.0814 -5.72915
 -1.39485 -5.3606
 -1.47575 -5.08035
 -1.5369 -5.0371
 -2.02865 -5.3064
 -2.4603 -5.59775
 -2.4403 -5.6218
168 103 9
 2.1741 -7.74725
 3.35945 -8.04795
 3.807 -9.06785
 3.9483 -10.6747
 4.48265 -10.5646
 5.26845 -9.93335
 6.12405 -10.0625
 6.61725 -10.1694
 6.6278 -10.1701
169 159 11
 -12.6483 -0.90385
 -11.7257 -1.7531
 -11.5493 -2.81635
 -11.5387 -3.17995
 -10.5576 -3.9782
 -9.832 -4.5657
 -9.8005 -4.6186
 -9.76525 -4.725
 -9.7833 -4.89605
 -9.79245 -4.98565
 -9.7588 -4.9979
169 119 5
 -12.6483 -0.90385
 -13.3336 -1.62285
 -13.7175 -2.1701
 -14.0177 -2.16305
 -14.139 -2.2264
170 87 26
 -31.9551 8.45735
 -31.5978 8.7001
 -31.4353 8.8306
 -31.4067 9.0643
 -31.2109 9.3723
 -31.0388 9.5437
 -31.031 9.67225
 -31.0061 9.75655
 -31.001 9.83005
 -30.9803 9.91935
 -31.0037 9.9792
 -31.0812 9.9714
 -31.1045 9.983
 -31.1684 10.0848
 -31.3081 10.1671
 -31.4287 10.1581
 -31.5427 10.1161
 -31.6364 9.9846
 -31.7925 9.9549
 -32.0643 10.2078
 -32.2876 10.4166
 -32.3709 10.4359
 -32.4863 10.4309
 -32.7049 10.4452
 -32.8312 10.4417
 -32.8449 10.4372
170 52 7
 -31.9551 8.45735
 -32.2 8.21275
 -32.4472 8.04555
 -32.6916 7.9873
 -32.7674 7.97015
 -32.8366 7.9704
 -32.8615 7.9863
171 44 4
 -21.0142 69.4945
 -21.6843 71.6449
 -21.1377 72.2688
 -21.2825 72.4818
171 56 6
 -21.0142 69.4945
 -19.6153 67.7663
 -17.9795 67.9415
 -16.3366 68.1285
 -16.2825 68.1651
 -16.2728 68.1787
172 115 8
 -34.1052 53.491
 -33.8745 53.6485
 -32.8476 52.6207
 -32.1159 51.7858
 -32.2467 50.8622
 -32.1206 49.7253
 -31.9485 49.3589
 -31.9189 49.3689
172 75 4
 -34.1052 53.491
 -34.5829 52.8323
 -35.1286 52.7175
 -35.2465 52.7475
173 156 11
 -20.9002 12.0509
 -20.7771 13.0002
 -20.4738 13.2632
 -20.2601 13.3573
 -19.4557 13.5532
 -18.6586 13.8262
 -18.5794 13.9698
 -18.4042 14.0717
 -18.0879 14.0668
 -17.8811 14.0355
 -17.8672 14.0384
173 26 6
 -20.9002 12.0509
 -21.4429 10.2854
 -21.8887 9.1582
 -21.8531 8.90425
 -21.9227 8.78745
 -21.9298 8.7762
174 101 24
 -8.41345 15.5117
 -9.18395 16.1487
 -9.46705 16.0222
 -9.7201 16.1761
 -9.99595 16.37
 -10.0886 16.4826
 -10.1882 16.5247
 -10.3433 16.2811
 -10.5886 15.8352
 -10.5211 15.5603
 -10.7808 15.4701
 -10.9187 15.2973
 -11.0465 15.2834
 -11.1773 15.2766
 -11.207 15.1573
 -11.1436 15.0535
 -11.2027 15.049
 -11.3067 15.1202
 -11.5169 15.2619
 -11.7295 15.3373
 -11.771 15.4999
 -11.7382 15.7507
 -11.7286 15.9508
 -11.7329 16.0494
174 76 15
 -8.41345 15.5117
 -7.54635 14.8204
 -6.94685 14.9141
 -6.2734 14.8491
 -5.7829 14.8495
 -5.73085 14.9778
 -5.6956 15.3081
 -5.3892 15.8535
 -4.6438 16.2316
 -3.89105 16.3986
 -3.47655 16.4531
 -3.092 16.3624
 -2.92235 16.1996
 -3.0052 16.1048
 -3.005 16.0874
175 105 13
 28.8698 47.0093
 29.8437 46.6962
 30.3331 46.7142
 30.5949 47.0015
 30.7115 47.1875
 30.9503 47.4931
 31.2662 47.8747
 31.3461 47.9958
 31.3398 48.3608
 31.2949 48.9002
 32.0721 49.0178
 32.9093 48.9424
 32.9109 48.9415
175 23 11
 28.8698 47.0093
 27.7677 47.5136
 27.2085 47.7976
 26.9062 47.836
 26.4398 47.9399
 25.8583 48.2607
 25.2913 48.2207
 24.9401 47.8191
 24.7959 47.6191
 24.676 47.5146
 24.608 47.5214
176 90 11
 5.7273 94.8754
 27.9066 93.1189
 27.6111 92.8363
 27.3509 92.386
 27.2822 91.9358
 27.2367 91.9264
 27.0827 91.975
 26.9323 91.9411
 26.8833 91.9225
 26.8335 91.9142
 26.7984 91.9302
176 33 3
 5.7273 94.8754
 -13.8716 95.2597
 -11.1947 94.0729
177 90 12
 46.204 91.3264
 30.7416 93.0549
 27.9066 93.1189
 27.6111 92.8363
 27.3509 92.386
 27.2822 91.9358
 27.2367 91.9264
 27.0827 91.975
 26.9323 91.9411
 26.8833 91.9225
 26.8335 91.9142
 26.7984 91.9302
177 112 8
 46.204 91.3264
 58.6057 85.4405
 57.823 79.5432
 57.3207 78.0881
 57.2694 78.1351
 56.2022 79.0834
 55.0727 80.0265
 55.0009 80.0327
178 3 13
 51.7782 49.7909
 51.0327 49.2156
 50.2056 49.2786
 49.6315 49.666
 48.9311 49.4956
 48.2533 49.5216
 47.8367 50.6748
 47.357 51.5098
 47.2097 51.628
 47.1425 51.7048
 47.0656 51.6876
 47.0058 51.6199
 46.9836 51.5614
178 10 7
 51.7782 49.7909
 52.4667 50.6048
 52.6702 51.1356
 52.5492 51.3105
 52.4235 51.5508
 52.2929 51.7195
 52.2384 51.7003
179 65 15
 44.6316 41.9748
 44.5221 41.231
 44.9958 40.9954
 45.5041 40.9568
 45.7617 40.8446
 46.1246 40.7038
 46.3793 40.5038
 46.3267 40.374
 46.3132 40.2338
 46.313 39.9674
 46.4661 39.6823
 46.5839 39.4207
 46.8327 38.8361
 47.1453 38.2763
 47.1312 38.1942
179 155 9
 44.6316 41.9748
 44.6805 42.5827
 44.4743 42.8078
 44.2887 43.5153
 44.2405 44.2575
 44.3374 44.4788
 44.5751 44.7933
 44.8188 45.0432
 44.8185 45.0469
180 65 5
 47.7207 39.0448
 47.2735 38.308
 47.2243 38.2097
 47.1528 38.1884
 47.1312 38.1942
180 25 3
 47.7207 39.0448
 48.3867 39.6602
 48.6049 39.6101
181 19 5
 19.5939 8.4567
 18.3172 8.1038
 18.2137 7.84355
 18.2201 7.68285
 18.2049 7.6482
181 69 3
 19.5939 8.4567
 20.7692 8.66755
 20.793 8.6597
182 16 6
 -3.6488 -6.3348
 -2.9625 -5.91295
 -2.6555 -5.65335
 -2.54375 -5.5971
 -2.4603 -5.59775
 -2.4403 -5.6218
182 51 4
 -3.6488 -6.3348
 -4.20525 -6.76545
 -4.15805 -7.03185
 -3.982 -7.0627
183 100 7
 -43.0159 23.3494
 -44.3559 23.017
 -44.3581 23.0001
 -43.8839 21.9398
 -44.4386 21.0003
 -44.7971 20.791
 -44.8751 20.7869
183 85 3
 -43.0159 23.3494
 -42.4123 24.013
 -42.3985 24.0349
184 0 11
 13.4771 54.6158
 13.9756 55.7364
 14.4362 56.4503
 14.4245 56.5948
 14.7522 57.4426
 14.9011 58.5122
 14.6355 58.8421
 14.5387 58.9189
 14.5382 58.9767
 14.5625 59.0273
 14.5703 59.0321
184 34 9
 13.4771 54.6158
 13.2506 53.9114
 12.9081 53.717
 12.6777 53.7383
 12.4409 54.0771
 12.4704 54.6751
 12.3103 55.2953
 11.9477 55.6841
 11.9309 55.7306
185 56 20
 -13.4431 64.105
 -13.9966 63.1452
 -14.1908 62.8937
 -14.4411 63.0119
 -14.5169 62.9183
 -15.2388 62.5605
 -16.2379 62.5041
 -16.625 62.7236
 -17.2532 62.4799
 -17.9889 62.7067
 -18.1959 63.4882
 -18.0002 64.4319
 -17.8037 65.6052
 -17.6485 66.4038
 -16.8554 66.9171
 -16.1353 67.4386
 -16.0555 67.8995
 -16.2026 68.1185
 -16.2825 68.1651
 -16.2728 68.1787
185 99 11
 -13.4431 64.105
 -12.2021 65.3353
 -11.2092 65.7216
 -10.7662 65.7648
 -10.3723 66.1765
 -9.5942 66.1946
 -8.9467 65.9225
 -8.52235 65.733
 -8.1875 65.6839
 -8.0916 65.5811
 -8.0786 65.5173
186 91 15
 21.4991 60.743
 20.7794 61.7299
 20.4954 61.9425
 20.2094 62.5546
 19.7961 62.7973
 18.9645 62.6402
 18.169 62.4352
 17.3358 62.2295
 16.5675 62.113
 16.541 62.0662
 16.6979 61.5629
 16.5633 60.7297
 16.2491 60.3043
 16.199 60.2106
 16.182 60.2002
186 48 4
 21.4991 60.743
 21.6655 58.817
 21.3706 57.9612
 21.3558 57.9634
187 144 13
 32.9047 51.0897
 36.126 51.2462
 38.5578 51.7046
 39.1858 52.279
 39.8578 52.6436
 40.0642 52.7255
 40.4904 53.0572
 40.8979 53.4042
 41.4866 53.2741
 42.1197 53.1511
 42.2321 53.2215
 42.2915 53.359
 42.2906 53.4147
187 105 4
 32.9047 51.0897
 32.4357 50.0231
 32.9093 48.9424
 32.9109 48.9415
188 9 15
 31.2355 81.8689
 30.5142 82.6865
 30.1723 83.0345
 30.0315 83.2343
 29.948 83.4148
 29.7146 83.913
 29.4375 84.3156
 29.2358 84.9787
 28.7218 85.2798
 28.2442 85.2271
 28.3511 85.8213
 28.5196 86.2337
 28.5 86.3405
 28.4466 86.4071
 28.4248 86.43
188 147 4
 31.2355 81.8689
 31.8868 81.0441
 31.9688 80.8479
 31.9081 80.8276
189 121 17
 48.5838 1.8391
 48.2646 2.7038
 47.9963 3.1386
 47.9787 3.9258
 48.1188 4.39975
 47.7472 4.0462
 47.3661 3.757
 47.133 3.93225
 46.8671 4.29955
 46.6834 4.54505
 46.4152 4.6214
 46.0719 4.4775
 45.8732 4.23255
 45.6099 4.3119
 45.2802 4.32935
 45.1633 4.26375
 45.1558 4.2712
189 17 4
 48.5838 1.8391
 48.8302 0.9278
 48.9621 0.68065
 48.9956 0.6043
190 95 30
 34.4635 2.0006
 34.163 1.7545
 33.8941 1.4795
 33.6715 1.2656
 33.6306 1.1693
 33.3965 1.07625
 33.122 0.7624
 32.8566 0.3626
 32.4028 0.02045
 32.0215 -0.32475
 31.8955 -0.4701
 31.8351 -0.5022
 31.7164 -0.5091
 31.6568 -0.48495
 31.6543 -0.41965
 31.6296 -0.3903
 31.5777 -0.33805
 31.4681 -0.27815
 31.385 -0.2823
 31.347 -0.36255
 31.2703 -0.44145
 31.1851 -0.4347
 31.1162 -0.3999
 31.0835 -0.42255
 31.0354 -0.45315
 30.9413 -0.4231
 30.8572 -0.4037
 30.7278 -0.3665
 30.6244 -0.30385
 30.6165 -0.2913
190 128 5
 34.4635 2.0006
 34.8056 2.7622
 34.8819 3.41855
 34.8403 3.51915
 34.821 3.5507
191 158 6
 38.5068 10.3243
 38.2355 10.7104
 38.051 10.839
 37.9417 10.9811
 37.8165 11.0666
 37.7939 11.0806
191 79 10
 38.5068 10.3243
 38.4526 9.6493
 38.3578 9.2412
 38.5908 8.7018
 38.815 8.18985
 39.1768 8.25475
 39.5509 8.34915
 39.624 8.34985
 39.6736 8.3329
 39.7067 8.3109
192 54 23
 19.2991 4.8779
 19.5815 3.9287
 20.154 3.7702
 20.6938 3.69455
 21.0384 3.545
 21.7756 3.95555
 22.3402 3.98705
 22.5343 3.55225
 22.413 3.9152
 23.2746 4.3921
 23.9312 5.0555
 23.9344 5.6308
 24.0457 5.8238
 24.5122 6.12895
 25.1313 6.0122
 25.7111 5.3198
 26.1487 4.69225
 26.6242 4.52125
 27.5043 4.50585
 28.0464 4.3824
 28.2391 4.31545
 28.406 4.4653
 28.4902 4.6203
192 19 8
 19.2991 4.8779
 19.0865 5.8692
 18.8822 6.8069
 18.6959 7.5485
 18.4257 7.62385
 18.2804 7.6395
 18.2261 7.639
 18.2049 7.6482
193 35 12
 2.52105 -27.3482
 3.6943 -27.8352
 4.3047 -28.0875
 4.55685 -28.0874
 4.7794 -28.1983
 4.98115 -28.4443
 5.1901 -28.6423
 5.41845 -28.566
 5.59435 -28.3927
 5.67165 -28.2748
 5.7067 -28.2138
 5.7081 -28.2012
193 6 3
 2.52105 -27.3482
 1.8293 -27.103
 1.8189 -27.057
194 131 12
 22.5315 -19.7269
 22.7339 -21.5215
 22.5943 -22.374
 21.8391 -23.7286
 21.5621 -24.6688
 22.0325 -25.5464
 22.3707 -26.6669
 22.6027 -27.0371
 23.02 -27.1059
 23.7006 -27.276
 24.4194 -27.4922
 24.4605 -27.5493
194 153 13
 22.5315 -19.7269
 22.0703 -17.4729
 22.1448 -16.5292
 23.9678 -16.4356
 24.9295 -15.7517
 26.1124 -15.4286
 27.8018 -15.1918
 28.1618 -14.3314
 28.9344 -14.5866
 30.6567 -15.3785
 31.7084 -15.8428
 31.8583 -16.0285
 31.8986 -16.0458
195 64 7
 -38.6903 -2.0212
 -39.6081 -2.6134
 -40.3654 -2.9001
 -40.3917 -3.0281
 -41.0982 -3.4654
 -41.8593 -3.80915
 -41.9375 -3.8209
195 88 10
 -38.6903 -2.0212
 -38.4881 -1.72325
 -38.066 -1.9936
 -37.0264 -2.4111
 -36.3551 -2.6445
 -35.7984 -1.8049
 -34.9091 -1.0389
 -34.4351 -0.23575
 -34.2294 0.64155
 -34.1799 0.6981
196 38 5
 -43.0104 -3.97985
 -43.812 -4.68305
 -44.1377 -5.8019
 -44.7144 -6.34325
 -44.7547 -6.3288
196 64 3
 -43.0104 -3.97985
 -41.9678 -3.8303
 -41.9375 -3.8209
197 2 27
 -21.3377 -1.6288
 -20.3976 -1.566
 -19.6653 -1.54175
 -19.9683 -0.73955
 -18.9035 -0.52785
 -18.4891 0.3757
 -18.9418 1.3234
 -18.7582 1.89435
 -18.332 2.4533
 -17.4354 2.89855
 -16.2359 3.05025
 -15.0653 3.2252
 -14.3085 3.8224
 -14.2987 4.10085
 -14.3836 4.7813
 -14.2549 5.6517
 -14.0248 5.9226
 -13.9724 5.9437
 -13.8574 5.8954
 -13.7954 6.029
 -13.5225 6.21035
 -12.6546 6.16965
 -11.6953 6.3829
 -11.2977 6.6493
 -11.2972 6.7336
 -11.3653 6.93
 -11.3886 6.9988
197 116 4
 -21.3377 -1.6288
 -22.3372 -1.02395
 -22.4808 -1.11255
 -22.4845 -1.14
198 136 5
 -16.2167 -10.7584
 -15.3078 -11.4086
 -14.3738 -12.2787
 -13.9773 -12.2257
 -13.9152 -12.1792
198 86 4
 -16.2167 -10.7584
 -17.0997 -11.2698
 -17.7921 -11.6017
 -17.911 -11.6484
199 80 6
 -11.9093 -24.2048
 -11.6444 -27.5046
 -13.0197 -29.7873
 -14.2624 -32.6725
 -14.3194 -33.66
 -14.4 -33.8645
199 22 3
 -11.9093 -24.2048
 -12.7706 -20.754
 -13.2579 -20.4221
200 22 7
 -12.9328 -17.4889
 -12.7249 -18.3773
 -12.8813 -18.4608
 -13.0697 -19.233
 -13.1688 -20.2273
 -13.2325 -20.4072
 -13.2579 -20.4221
200 136 12
 -12.9328 -17.4889
 -13.0434 -16.2251
 -12.7558 -15.6609
 -12.4615 -15.2996
 -12.5215 -14.5396
 -12.6977 -13.537
 -12.6292 -12.8752
 -12.2587 -12.3062
 -13.1601 -12.562
 -13.8911 -12.3135
 -13.9773 -12.2257
 -13.9152 -12.1792
201 15 5
 4.47645 2.4795
 4.8456 1.07075
 3.6964 -0.0987
 2.94825 -0.39125
 2.9253 -0.3605
201 67 3
 4.47645 2.4795
 3.7281 3.093
 3.7729 3.1439
202 39 7
 -22.8767 8.25265
 -23.6003 8.68235
 -23.9718 8.63535
 -24.1987 7.82285
 -24.3193 7.26485
 -24.4767 7.1971
 -24.5477 7.1363
202 26 4
 -22.8767 8.25265
 -22.237 8.37
 -22.036 8.7394
 -21.9298 8.7762
203 81 22
 -36.4086 34.1251
 -36.1451 33.5451
 -36.0952 33.2183
 -36.6304 32.605
 -36.943 32.0224
 -37.1287 31.759
 -37.2222 31.6497
 -37.2872 31.4286
 -37.5741 30.923
 -37.9229 30.0951
 -37.857 29.5795
 -37.6161 29.4627
 -37.721 29.1543
 -37.7861 28.5128
 -37.7509 27.8539
 -37.85 27.5732
 -38.0651 27.6771
 -38.1615 27.4665
 -38.4238 27.0426
 -38.605 26.7283
 -38.6232 26.6066
 -38.6416 26.5937
203 49 24
 -36.4086 34.1251
 -36.1775 35.0901
 -36.1402 35.7052
 -36.2403 35.9243
 -36.4771 36.3675
 -36.6247 37.2673
 -36.6894 37.8943
 -36.0998 37.8595
 -35.5772 38.0712
 -35.6481 38.7262
 -35.8819 39.6704
 -35.9342 40.0809
 -35.757 40.3883
 -35.6735 40.8849
 -35.8717 41.4474
 -36.0706 41.9769
 -36.197 42.5064
 -36.5189 42.9798
 -36.8979 43.1954
 -37.2242 43.2721
 -37.4618 43.5894
 -37.621 43.9794
 -37.8445 44.1077
 -37.9973 44.1934
204 43 8
 -39.1172 26.2158
 -39.6358 25.7253
 -39.907 25.5514
 -40.1663 25.2411
 -40.4156 24.8396
 -40.5234 24.7689
 -40.5768 24.7732
 -40.5942 24.7532
204 81 3
 -39.1172 26.2158
 -38.7148 26.5649
 -38.6416 26.5937
205 43 9
 -40.1197 26.5155
 -40.02 26.0515
 -39.8938 25.5982
 -39.907 25.5514
 -40.1663 25.2411
 -40.4156 24.8396
 -40.5234 24.7689
 -40.5768 24.7732
 -40.5942 24.7532
205 18 5
 -40.1197 26.5155
 -40.7383 26.7847
 -41.4397 27.1543
 -41.5958 27.3252
 -41.627 27.3423
206 58 7
 -37.869 57.7664
 -37.0801 58.681
 -36.9085 58.9782
 -36.6366 58.9105
 -36.5106 58.8663
 -36.3602 58.8451
 -36.3265 58.8591
206 110 10
 -37.869 57.7664
 -39.0426 57.0974
 -39.392 56.9226
 -39.8081 56.7819
 -40.406 56.5598
 -40.7241 56.3493
 -41.0451 56.0827
 -41.753 55.8831
 -42.2862 55.9296
 -42.3518 55.9737
207 49 11
 -33.4466 44.9172
 -34.3974 44.105
 -35.2932 43.2109
 -36.199 42.8775
 -36.5189 42.9798
 -36.8979 43.1954
 -37.2242 43.2721
 -37.4618 43.5894
 -37.621 43.9794
 -37.8445 44.1077
 -37.9973 44.1934
207 98 20
 -33.4466 44.9172
 -32.5045 45.193
 -31.9758 44.5774
 -31.6563 43.6258
 -31.5958 43.0303
 -31.3599 43.1073
 -30.7839 42.9537
 -29.7839 43.5756
 -30.1495 42.2321
 -29.5264 41.949
 -28.8265 41.6268
 -28.5121 40.5783
 -28.3308 39.6132
 -28.0053 39.2994
 -27.4459 38.8305
 -26.6563 38.5863
 -26.2044 38.5314
 -25.6701 38.0974
 -25.1003 37.7825
 -25.1006 37.7799
208 49 13
 -33.8225 49.321
 -35.1174 48.7817
 -35.5848 48.5195
 -35.8066 48.5974
 -36.1115 47.9706
 -36.882 46.9057
 -37.6695 46.4756
 -37.9457 46.4858
 -38.1173 46.2328
 -37.9529 45.4269
 -37.8987 44.6057
 -38.0717 44.2656
 -37.9973 44.1934
208 115 6
 -33.8225 49.321
 -32.5583 49.8096
 -32.2467 50.8622
 -32.1206 49.7253
 -31.9485 49.3589
 -31.9189 49.3689
209 161 7
 -7.3936 64.4964
 -6.63605 64.0833
 -6.38185 64.0107
 -6.3118 63.8635
 -6.31535 63.6959
 -6.31935 63.6665
 -6.3193 63.6598
209 99 7
 -7.3936 64.4964
 -8.1506 64.6631
 -8.2155 64.7273
 -7.9991 65.0574
 -7.96165 65.3159
 -8.05 65.5011
 -8.0786 65.5173
210 99 21
 -5.4187 74.9452
 -5.65315 73.586
 -6.81055 72.2989
 -6.85915 70.5847
 -6.6473 69.0974
 -6.5933 68.5641
 -6.953 69.2939
 -8.5549 69.4972
 -10.1885 68.9242
 -10.7099 68.2984
 -10.9828 67.8117
 -10.8654 67.0798
 -10.709 66.2265
 -10.7662 65.7648
 -10.3723 66.1765
 -9.5942 66.1946
 -8.9467 65.9225
 -8.52235 65.733
 -8.1875 65.6839
 -8.0916 65.5811
 -8.0786 65.5173
210 126 4
 -5.4187 74.9452
 -6.8512 75.8835
 -7.51025 75.8401
 -7.5907 75.8227
211 57 12
 0.88775 62.4184
 1.5676 61.8867
 1.82755 61.8591
 2.4306 61.7575
 3.0236 61.6383
 3.1861 61.5776
 3.67955 61.5126
 4.60705 60.9944
 4.6474 60.1921
 4.62045 59.7528
 5.1102 59.5235
 5.0893 59.4461
211 122 20
 0.88775 62.4184
 0.37175 62.9624
 0.1059 63.035
 -0.258 62.9146
 -0.5359 63.0826
 -1.2332 63.5017
 -1.95125 63.4305
 -2.168 63.2457
 -2.3708 63.1803
 -2.55595 63.2578
 -2.7985 63.3131
 -2.98365 63.1935
 -2.7741 63.3948
 -2.6026 63.9448
 -2.60835 64.4205
 -2.6322 64.8468
 -2.93145 65.3686
 -3.4474 65.806
 -3.72605 66.0943
 -3.7404 66.1388
212 122 27
 -1.1168 57.6695
 -0.51365 57.7881
 -0.18705 58.3994
 -0.3254 59.7696
 -0.766 60.96
 -0.7714 61.4633
 -0.66695 61.5829
 -0.31805 62.0212
 0.1306 62.7195
 0.1059 63.035
 -0.258 62.9146
 -0.5359 63.0826
 -1.2332 63.5017
 -1.95125 63.4305
 -2.168 63.2457
 -2.3708 63.1803
 -2.55595 63.2578
 -2.7985 63.3131
 -2.98365 63.1935
 -2.7741 63.3948
 -2.6026 63.9448
 -2.60835 64.4205
 -2.6322 64.8468
 -2.93145 65.3686
 -3.4474 65.806
 -3.72605 66.0943
 -3.7404 66.1388
212 152 18
 -1.1168 57.6695
 -2.6129 57.4448
 -3.62385 57.0978
 -3.6132 55.9234
 -3.823 54.7351
 -4.28595 54.4767
 -5.1488 54.2178
 -5.84595 53.9109
 -6.2262 53.5759
 -6.9926 53.2591
 -7.6326 53.0103
 -7.7105 52.1649
 -7.55525 51.4878
 -7.22635 50.8013
 -6.38975 50.3736
 -5.7864 50.7039
 -5.66535 50.8442
 -5.6416 50.8723
213 30 23
 -18.8345 21.5795
 -17.828 21.1909
 -16.7332 21.0238
 -15.5203 20.9509
 -15.3286 21.0939
 -15.0077 21.1168
 -14.6198 21.009
 -14.4063 20.9337
 -14.0559 21.2248
 -13.8194 22.1816
 -14.058 22.8661
 -14.0357 22.9057
 -13.5202 23.7042
 -13.0938 24.7292
 -12.878 24.9167
 -12.2706 25.1574
 -11.3001 25.2155
 -10.6892 25.5135
 -10.6244 26.3449
 -10.7988 26.8867
 -10.3349 27.5469
 -9.79805 27.9977
 -9.8003 28.0429
213 129 5
 -18.8345 21.5795
 -20.3769 22.1702
 -21.121 22.3853
 -21.4307 22.4384
 -21.5336 22.4818
214 60 15
 22.9928 32.1203
 22.9072 33.4014
 22.7402 33.7193
 23.3848 34.0368
 24.2219 34.3955
 24.4953 34.6304
 24.6474 33.9085
 24.8928 33.2814
 25.3783 33.3237
 26.0125 33.2339
 26.2426 33.0971
 26.3211 32.9585
 26.2517 32.6402
 26.1535 32.3484
 26.127 32.2891
214 82 11
 22.9928 32.1203
 23.2246 31.007
 23.5385 30.9044
 23.5326 30.8224
 23.2593 30.2264
 22.9911 29.6519
 23.1301 29.5682
 23.352 29.5147
 23.4163 29.3743
 23.3965 29.219
 23.376 29.1768
215 34 13
 10.5889 49.7971
 11.4475 50.2656
 11.5657 50.5093
 11.6398 51.1819
 11.781 51.9565
 12.0088 52.4039
 12.3066 53.0457
 12.5292 53.7141
 12.4409 54.0771
 12.4704 54.6751
 12.3103 55.2953
 11.9477 55.6841
 11.9309 55.7306
215 157 4
 10.5889 49.7971
 9.8596 49.0384
 9.8879 48.7565
 9.8873 48.6795
216 0 6
 15.6108 59.7035
 15.0995 59.5247
 14.8812 59.2443
 14.6551 58.9975
 14.5898 59.0297
 14.5703 59.0321
216 91 4
 15.6108 59.7035
 16.119 60.0372
 16.168 60.198
 16.182 60.2002
217 53 14
 36.5767 57.6348
 37.4601 57.7576
 38.0149 57.8263
 38.3381 57.4609
 38.5956 56.9567
 38.7428 56.4415
 39.1496 55.6273
 39.4047 55.1298
 39.0033 54.9138
 39.5163 55.0563
 40.0424 55.1102
 41.1742 55.5891
 41.8676 56.0239
 41.876 56.0379
217 77 5
 36.5767 57.6348
 35.638 57.2301
 35.0365 56.9005
 34.9979 56.9271
 34.9799 56.9426
218 3 15
 52.59 47.354
 51.2378 48.1505
 50.9225 48.5458
 50.6683 48.9977
 50.2056 49.2786
 49.6315 49.666
 48.9311 49.4956
 48.2533 49.5216
 47.8367 50.6748
 47.357 51.5098
 47.2097 51.628
 47.1425 51.7048
 47.0656 51.6876
 47.0058 51.6199
 46.9836 51.5614
218 124 3
 52.59 47.354
 53.9288 46.5544
 53.9442 46.5591
219 65 21
 44.958 31.7452
 46.2074 31.4337
 46.4479 32.0563
 46.7775 32.749
 47.2978 33.1392
 46.8022 33.5626
 47.62 33.0749
 48.0989 32.782
 48.4384 32.8777
 48.9736 33.3425
 49.2554 33.8844
 49.1241 34.5229
 48.8714 35.3531
 48.166 36.1272
 47.5385 36.7749
 47.3982 37.2327
 47.3927 37.5485
 47.2901 37.6927
 47.1772 37.8973
 47.1157 38.1533
 47.1312 38.1942
219 140 11
 44.958 31.7452
 44.0126 32.1656
 43.9518 32.1124
 43.151 31.9035
 42.3791 31.5904
 42.1269 31.2164
 41.5871 30.7039
 41.1565 30.6259
 40.9662 30.8737
 40.9258 30.9612
 40.925 30.9771
220 140 8
 43.1867 30.2241
 42.7967 31.2324
 42.1269 31.2164
 41.5871 30.7039
 41.1565 30.6259
 40.9662 30.8737
 40.9258 30.9612
 40.925 30.9771
220 142 4
 43.1867 30.2241
 43.1726 29.3904
 43.2258 29.2416
 43.2734 29.1603
221 65 22
 54.2849 29.6952
 53.7985 31.1694
 53.2794 32.0774
 52.9819 32.7245
 52.7238 33.3276
 52.6813 33.4611
 52.5553 33.8416
 52.4995 34.2543
 52.513 34.5244
 52.2178 34.7682
 51.5687 34.9097
 50.1695 34.9463
 49.1241 34.5229
 48.8714 35.3531
 48.166 36.1272
 47.5385 36.7749
 47.3982 37.2327
 47.3927 37.5485
 47.2901 37.6927
 47.1772 37.8973
 47.1157 38.1533
 47.1312 38.1942
221 11 4
 54.2849 29.6952
 54.3159 28.9814
 54.4052 28.8782
 54.4823 28.8274
222 36 10
 48.1937 7.7815
 48.8235 8.34495
 49.1556 8.68245
 49.268 8.84745
 48.8955 9.16345
 48.4767 9.44335
 47.9575 9.5085
 46.9731 9.6355
 46.3102 9.8181
 46.1616 9.9504
222 121 19
 48.1937 7.7815
 47.9348 6.84445
 48.0892 6.2637
 48.152 5.9264
 48.0796 5.21565
 48.0622 4.6146
 48.1188 4.39975
 47.7472 4.0462
 47.3661 3.757
 47.133 3.93225
 46.8671 4.29955
 46.6834 4.54505
 46.4152 4.6214
 46.0719 4.4775
 45.8732 4.23255
 45.6099 4.3119
 45.2802 4.32935
 45.1633 4.26375
 45.1558 4.2712
223 78 11
 52.2145 6.82025
 52.499 6.65675
 52.5667 6.5154
 52.5846 6.4597
 52.269 6.1197
 51.959 5.7692
 51.8865 5.75885
 51.7296 5.84195
 51.5888 5.97985
 51.5389 6.0592
 51.5391 6.079
223 62 4
 52.2145 6.82025
 51.9797 7.1593
 52.0097 7.43445
 52.0278 7.4438
224 78 18
 49.1228 2.6767
 50.2344 2.841
 50.7111 2.9622
 50.9657 2.9549
 51.7973 3.0958
 52.4778 3.30425
 52.8097 4.48535
 53.1007 5.6886
 52.972 5.78905
 52.715 6.1627
 52.5846 6.4597
 52.269 6.1197
 51.959 5.7692
 51.8865 5.75885
 51.7296 5.84195
 51.5888 5.97985
 51.5389 6.0592
 51.5391 6.079
224 121 17
 49.1228 2.6767
 48.2646 2.7038
 47.9963 3.1386
 47.9787 3.9258
 48.1188 4.39975
 47.7472 4.0462
 47.3661 3.757
 47.133 3.93225
 46.8671 4.29955
 46.6834 4.54505
 46.4152 4.6214
 46.0719 4.4775
 45.8732 4.23255
 45.6099 4.3119
 45.2802 4.32935
 45.1633 4.26375
 45.1558 4.2712
225 107 9
 47.74 -1.001
 47.2837 -1.42115
 47.1745 -1.77045
 47.3339 -2.4143
 47.4817 -3.20795
 47.4194 -3.85345
 47.0844 -4.0732
 46.922 -4.0919
 46.9123 -4.1115
225 17 4
 47.74 -1.001
 48.4669 -0.0509
 48.9869 0.5788
 48.9956 0.6043
226 128 17
 41.8179 2.55105
 40.5406 2.1627
 39.7394 2.1352
 39.2392 2.5042
 38.8575 2.7975
 37.9482 2.6415
 37.3521 3.4296
 37.3778 4.5118
 36.6139 3.58355
 36.1285 2.4887
 36.113 2.39515
 35.6858 2.733
 35.1107 3.2191
 34.9216 3.33015
 34.8819 3.41855
 34.8403 3.51915
 34.821 3.5507
226 127 3
 41.8179 2.55105
 42.5643 3.21865
 42.6986 3.6096
227 127 4
 43.8835 3.6947
 42.9445 3.37215
 42.7374 3.59885
 42.6986 3.6096
227 121 5
 43.8835 3.6947
 44.7066 4.22625
 44.9613 4.2698
 45.1599 4.29575
 45.1558 4.2712
228 13 4
 19.0757 11.3151
 19.0695 12.2667
 19.1349 12.5662
 19.0661 12.5726
228 134 3
 19.0757 11.3151
 19.1779 10.6329
 19.1395 10.6092
229 95 8
 29.257 2.56795
 29.6467 1.4122
 30.1519 0.58245
 30.3238 0.20155
 30.5167 -0.02445
 30.6531 -0.12095
 30.636 -0.2324
 30.6165 -0.2913
229 54 5
 29.257 2.56795
 28.9536 3.68055
 28.5847 4.4401
 28.5058 4.6161
 28.4902 4.6203
230 50 15
 28.1656 -13.6502
 28.5702 -12.55
 28.9431 -11.8907
 28.8512 -11.785
 28.7672 -11.6614
 28.74 -11.597
 28.8965 -11.423
 29.1001 -11.3326
 29.1969 -11.2583
 29.2864 -11.0231
 29.3669 -10.9425
 29.277 -10.8639
 29.2346 -10.7948
 29.1781 -10.7198
 29.1298 -10.6788
230 153 6
 28.1656 -13.6502
 28.9344 -14.5866
 30.6567 -15.3785
 31.7084 -15.8428
 31.8583 -16.0285
 31.8986 -16.0458
231 19 19
 13.8306 -2.51255
 13.5707 -0.61255
 13.7162 0.3202
 14.1586 0.746
 13.7275 1.8432
 12.6988 2.8375
 12.3247 3.30125
 12.1854 3.6547
 12.2891 5.51645
 13.0127 8.06235
 13.8139 8.5895
 14.772 7.89605
 15.701 7.59975
 16.3533 8.35865
 17.4056 8.6199
 18.1408 8.10055
 18.2137 7.84355
 18.2201 7.68285
 18.2049 7.6482
231 24 16
 13.8306 -2.51255
 14.0111 -3.61715
 14.1929 -4.56865
 14.111 -6.34545
 13.3068 -5.66525
 12.141 -5.9202
 11.9479 -5.95425
 11.5367 -7.03825
 11.174 -8.19315
 11.0873 -8.1904
 10.8526 -7.96995
 10.0002 -7.72615
 9.21555 -7.70545
 8.85625 -7.82495
 8.59065 -7.8972
 8.5438 -7.9061
232 72 6
 33.1285 -7.24505
 34.1134 -7.16265
 34.4298 -7.2378
 34.6337 -7.2624
 34.7627 -7.2245
 34.8341 -7.1824
232 47 5
 33.1285 -7.24505
 32.0012 -7.2642
 31.5112 -7.2374
 31.2878 -7.3198
 31.2418 -7.311
233 66 8
 37.3736 -8.5986
 37.5813 -7.9007
 37.744 -7.7492
 37.7845 -7.6101
 37.8412 -7.4194
 37.8988 -7.22715
 37.8305 -7.12685
 37.8064 -7.1037
233 133 6
 37.3736 -8.5986
 37.5017 -9.69145
 37.9002 -10.2361
 37.9574 -10.8059
 37.841 -11.3831
 37.8075 -11.4522
234 133 7
 38.6546 -16.137
 38.2267 -15.0492
 38.1338 -14.3502
 38.009 -13.8949
 37.9724 -12.6231
 37.8815 -11.4531
 37.8075 -11.4522
234 118 7
 38.6546 -16.137
 39.0678 -17.6154
 38.7501 -18.5218
 38.1335 -19.6787
 37.2612 -21.0112
 36.6999 -21.3613
 36.6852 -21.3666
235 49 12
 -40.8502 47.3916
 -39.7005 46.9064
 -39.5611 46.9708
 -39.1051 47.1293
 -38.6721 47.1939
 -38.4218 46.9855
 -38.2942 46.4137
 -38.3056 45.9771
 -37.9529 45.4269
 -37.8987 44.6057
 -38.0717 44.2656
 -37.9973 44.1934
235 151 3
 -40.8502 47.3916
 -42.0085 47.7299
 -42.0734 47.5359
236 146 9
 -37.0303 60.3388
 -36.7085 61.0213
 -37.2226 60.9473
 -37.777 60.862
 -38.2543 60.8726
 -38.3938 60.9383
 -38.4902 60.799
 -38.5474 60.6405
 -38.5961 60.6073
236 58 9
 -37.0303 60.3388
 -36.6431 59.7016
 -36.3058 59.5163
 -36.3278 59.2832
 -36.3337 59.1432
 -36.3107 59.0255
 -36.3146 58.926
 -36.319 58.8619
 -36.3265 58.8591
237 139 12
 20.8926 -9.5327
 20.5403 -10.5096
 21.2151 -11.7135
 21.8641 -12.5122
 21.3265 -12.405
 20.5966 -12.9315
 20.5245 -13.5815
 20.4931 -13.9618
 20.2113 -14.1663
 19.4492 -14.0694
 18.8028 -13.9214
 18.7488 -13.8277
237 111 8
 20.8926 -9.5327
 21.6863 -8.7109
 22.2247 -7.82255
 22.1828 -8.33015
 23.2576 -8.07495
 24.7117 -7.90185
 25.3274 -8.1512
 25.5223 -8.332
238 6 5
 0.7823 -24.936
 1.61695 -26.5735
 1.67385 -26.9897
 1.76595 -27.0279
 1.8189 -27.057
238 8 3
 0.7823 -24.936
 -0.04065 -23.6945
 -0.0467 -23.6834
239 159 12
 -6.83615 -5.1707
 -7.483 -5.08805
 -8.0706 -5.40535
 -8.8757 -5.60485
 -9.2682 -5.44345
 -9.375 -5.4135
 -9.5272 -5.3341
 -9.75015 -5.2259
 -9.8197 -5.1476
 -9.79005 -5.0906
 -9.7633 -5.0378
 -9.7588 -4.9979
239 1 10
 -6.83615 -5.1707
 -5.82725 -4.53895
 -5.3979 -3.7023
 -5.2295 -3.5277
 -4.87935 -3.4106
 -4.07455 -3.3217
 -3.27085 -3.49045
 -3.10895 -3.73835
 -3.1857 -3.83135
 -3.2508 -3.8503
240 1 14
 0.27285 3.2148
 -1.22425 1.79345
 -1.32505 0.45755
 -1.2903 -0.18655
 -1.18925 -0.5196
 -1.25385 -1.22495
 -1.26025 -2.3942
 -1.7739 -3.3548
 -2.6099 -3.8101
 -2.92385 -3.90385
 -3.0879 -3.8313
 -3.16 -3.8868
 -3.2322 -3.8982
 -3.2508 -3.8503
240 67 5
 0.27285 3.2148
 2.16815 3.85455
 3.21345 3.56655
 3.7516 3.19155
 3.7729 3.1439
241 87 46
 -27.6963 17.6128
 -29.0061 16.8667
 -29.1669 15.7106
 -29.1492 14.9665
 -29.0648 14.2817
 -28.7662 13.6488
 -28.595 13.3438
 -28.6868 13.3316
 -28.7182 12.9553
 -28.6424 12.4525
 -28.5995 12.301
 -28.5219 11.7749
 -28.427 11.1465
 -28.49 10.8788
 -28.7514 10.5966
 -28.8424 10.3208
 -28.7733 9.97795
 -28.8269 9.73015
 -28.9239 9.76305
 -28.9977 9.76785
 -29.2339 9.8801
 -29.681 10.1826
 -30.1438 10.3136
 -30.4869 10.2445
 -30.5598 10.1247
 -30.5009 9.98645
 -30.4787 9.9009
 -30.5881 9.94545
 -30.7885 9.97495
 -30.9243 9.98235
 -31.0037 9.9792
 -31.0812 9.9714
 -31.1045 9.983
 -31.1684 10.0848
 -31.3081 10.1671
 -31.4287 10.1581
 -31.5427 10.1161
 -31.6364 9.9846
 -31.7925 9.9549
 -32.0643 10.2078
 -32.2876 10.4166
 -32.3709 10.4359
 -32.4863 10.4309
 -32.7049 10.4452
 -32.8312 10.4417
 -32.8449 10.4372
241 129 14
 -27.6963 17.6128
 -26.3726 17.6198
 -26.1255 17.6821
 -25.4855 18.2306
 -24.5026 18.9879
 -24.0459 19.5366
 -23.9007 19.7625
 -23.4484 19.9496
 -23.089 20.2949
 -23.1024 20.5287
 -22.9436 20.8455
 -22.1992 21.7373
 -21.5592 22.4455
 -21.5336 22.4818
242 137 5
 -42.1057 28.1637
 -42.5608 29.4907
 -42.6272 30.3232
 -42.5367 30.3749
 -42.5157 30.391
242 18 4
 -42.1057 28.1637
 -41.7376 27.5105
 -41.6579 27.3648
 -41.627 27.3423
243 146 12
 -37.5564 63.9678
 -37.4426 62.3868
 -37.5274 61.3537
 -36.793 61.1193
 -36.7085 61.0213
 -37.2226 60.9473
 -37.777 60.862
 -38.2543 60.8726
 -38.3938 60.9383
 -38.4902 60.799
 -38.5474 60.6405
 -38.5961 60.6073
243 71 11
 -37.5564 63.9678
 -38.4645 65.269
 -38.8776 66.1183
 -38.8474 66.4734
 -38.7674 66.7569
 -38.8532 66.5018
 -39.1363 66.1502
 -40.4417 66.198
 -41.6917 66.5337
 -42.0883 66.5692
 -42.2613 66.632
244 56 25
 -19.2398 58.1259
 -20.6966 59.0614
 -21.3834 59.6842
 -21.4842 60.0968
 -21.2458 60.4797
 -21.2911 61.2264
 -21.4874 61.7653
 -21.2448 61.909
 -20.4702 62.1297
 -19.8239 62.366
 -19.6513 62.5223
 -19.2478 62.631
 -18.3707 62.4773
 -17.2532 62.4799
 -17.9889 62.7067
 -18.1959 63.4882
 -18.0002 64.4319
 -17.8037 65.6052
 -17.6485 66.4038
 -16.8554 66.9171
 -16.1353 67.4386
 -16.0555 67.8995
 -16.2026 68.1185
 -16.2825 68.1651
 -16.2728 68.1787
244 7 4
 -19.2398 58.1259
 -18.8548 56.8063
 -19.6973 56.0648
 -19.9677 56.0764
245 152 6
 -4.10555 49.8812
 -5.24895 50.3418
 -5.45115 50.801
 -5.58345 50.813
 -5.66535 50.8442
 -5.6416 50.8723
245 84 4
 -4.10555 49.8812
 -2.3369 49.3082
 -1.5368 48.7968
 -1.5375 48.8482
246 30 7
 -10.7393 31.1283
 -11.2122 30.5333
 -11.301 29.821
 -11.3203 29.1237
 -10.574 28.5141
 -9.8339 28.0459
 -9.8003 28.0429
246 117 4
 -10.7393 31.1283
 -10.3128 31.8405
 -10.3191 32.2416
 -10.3088 32.366
247 70 15
 7.5506 23.5124
 8.3788 22.4219
 9.2015 21.9701
 9.09935 21.405
 9.14825 19.7991
 9.05655 18.3431
 8.7245 18.1129
 8.34005 17.6976
 7.94595 16.2257
 7.49125 15.5633
 6.86585 16
 6.24605 15.989
 5.4702 15.7183
 4.98715 15.5383
 4.9716 15.5802
247 97 5
 7.5506 23.5124
 7.6578 24.4646
 8.10465 25.2812
 8.45955 26.0371
 8.4385 26.1002
248 82 14
 27.0496 27.0126
 27.0083 27.4582
 26.2807 28.1992
 25.5926 28.8566
 25.5993 29.3152
 25.5472 29.5885
 25.4545 29.7788
 25.493 29.8448
 25.3997 29.7556
 24.6675 29.6297
 23.7399 29.536
 23.4503 29.383
 23.3965 29.219
 23.376 29.1768
248 102 5
 27.0496 27.0126
 27.2839 26.4853
 27.5796 25.9405
 27.5883 25.8643
 27.5737 25.8324
249 60 16
 21.029 33.7853
 22.1834 33.8664
 22.7005 33.6334
 22.7402 33.7193
 23.3848 34.0368
 24.2219 34.3955
 24.4953 34.6304
 24.6474 33.9085
 24.8928 33.2814
 25.3783 33.3237
 26.0125 33.2339
 26.2426 33.0971
 26.3211 32.9585
 26.2517 32.6402
 26.1535 32.3484
 26.127 32.2891
249 4 3
 21.029 33.7853
 20.3431 33.2887
 20.3519 33.1418
250 23 42
 8.5774 43.035
 10.0681 43.1937
 11.2631 44.2622
 12.2022 45.3676
 12.5957 45.8299
 12.7288 44.7993
 12.8059 43.7665
 12.7932 43.7458
 13.1257 43.536
 13.839 43.6495
 14.3147 43.6699
 14.9172 43.7413
 15.5286 44.1305
 15.6952 44.2299
 15.5665 43.9445
 15.8053 43.6633
 16.208 43.3486
 16.751 43.3414
 17.3447 43.6545
 17.9496 43.4559
 18.2174 43.6392
 18.2087 44.4855
 18.7522 45.0564
 19.3734 45.3232
 19.8895 45.2094
 20.029 44.3606
 20.064 43.78
 20.2193 44.4141
 20.3302 44.9263
 20.7546 44.497
 21.514 44.2892
 21.8322 44.8734
 21.6659 45.4119
 21.7553 45.6097
 21.8936 45.7263
 22.2672 45.6565
 23.0676 45.6437
 23.9077 46.2264
 24.3189 46.7248
 24.5096 47.077
 24.6448 47.4725
 24.608 47.5214
250 141 7
 8.5774 43.035
 6.9172 42.8027
 6.0554 42.3619
 5.72925 42.5725
 4.8002 43.196
 4.0554 43.648
 3.9885 43.6308
251 145 11
 37.042 32.1743
 37.7523 31.8629
 38.1089 31.814
 38.2716 31.7773
 38.5662 31.5991
 38.805 31.5501
 38.8139 31.5379
 38.8923 31.0407
 38.7328 30.2887
 38.3332 29.9306
 38.2105 29.9347
251 28 7
 37.042 32.1743
 36.4669 32.2243
 35.9964 31.9749
 35.6933 32.0957
 35.4399 32.401
 35.1709 32.5648
 35.1603 32.5785
252 160 23
 34.6074 31.4869
 34.2279 30.7285
 34.1393 30.6707
 34.1442 30.5831
 33.9367 30.4459
 33.5693 30.4217
 33.4159 30.4786
 33.255 30.3609
 33.0527 30.254
 32.9352 30.2868
 32.9437 30.2034
 32.8098 30.0783
 32.5838 29.9344
 32.4014 29.8796
 32.2254 29.851
 32.0298 29.9048
 32.1231 30.0113
 32.2001 30.2002
 32.0378 30.3638
 31.7736 30.4312
 31.528 30.6839
 31.47 30.8633
 31.4699 30.8719
252 28 4
 34.6074 31.4869
 35.0135 32.3831
 35.1303 32.557
 35.1603 32.5785
253 160 57
 40.5009 21.107
 40.537 21.9371
 40.1719 22.3568
 39.4102 22.7247
 38.8091 22.622
 39.0033 23.0103
 39.0208 23.7376
 38.9962 24.3335
 38.6871 24.3482
 38.1827 24.2331
 37.756 24.5238
 36.801 24.9262
 36.0196 24.9649
 35.8603 25.0752
 35.6379 25.2468
 35.3624 25.6829
 35.1628 26.3246
 34.867 26.934
 34.4703 27.23
 33.8464 27.2542
 33.3572 27.335
 32.9222 27.5182
 32.4724 27.7453
 32.5061 28.0606
 32.6218 28.3008
 33.0331 28.2525
 33.6759 28.2366
 34.4857 28.5839
 35.0762 28.9519
 35.1127 29.1478
 34.8819 29.5282
 34.668 29.9561
 34.7494 30.2002
 34.4823 30.3089
 34.2828 30.5297
 34.2228 30.6649
 34.1393 30.6707
 34.1442 30.5831
 33.9367 30.4459
 33.5693 30.4217
 33.4159 30.4786
 33.255 30.3609
 33.0527 30.254
 32.9352 30.2868
 32.9437 30.2034
 32.8098 30.0783
 32.5838 29.9344
 32.4014 29.8796
 32.2254 29.851
 32.0298 29.9048
 32.1231 30.0113
 32.2001 30.2002
 32.0378 30.3638
 31.7736 30.4312
 31.528 30.6839
 31.47 30.8633
 31.4699 30.8719
253 32 7
 40.5009 21.107
 40.5072 19.9208
 40.8242 19.1966
 41.183 18.8764
 41.3264 18.6829
 41.3151 18.5514
 41.3202 18.5203
254 79 10
 40.7339 5.34295
 39.489 5.5538
 39.1903 6.69735
 39.1255 7.7484
 39.5101 7.7185
 39.5317 7.90785
 39.4982 8.24125
 39.624 8.34985
 39.6736 8.3329
 39.7067 8.3109
254 127 7
 40.7339 5.34295
 41.9946 5.2274
 42.0233 5.21625
 42.409 4.6195
 42.7859 3.8071
 42.7374 3.59885
 42.6986 3.6096
255 63 8
 6.50925 -21.8223
 5.9042 -21.353
 5.67895 -20.6875
 5.75385 -20.4698
 5.3359 -20.107
 4.4686 -20.1711
 3.9387 -20.5003
 3.8744 -20.4
255 20 5
 6.50925 -21.8223
 7.73155 -21.575
 8.8505 -21.4536
 9.0983 -21.7992
 9.1608 -21.9952
256 113 6
 8.2972 -44.2385
 -1.227 -43.5429
 -3.2072 -42.7299
 -5.00005 -39.6716
 -5.3532 -37.4153
 -5.2233 -37.3548
256 114 3
 8.2972 -44.2385
 18.4851 -44.3504
 18.4784 -43.816
257 132 11
 -37.7149 -6.01475
 -37.2265 -6.6764
 -36.4351 -6.84035
 -34.8594 -6.9668
 -33.7132 -7.2545
 -33.4877 -7.38075
 -33.333 -7.27595
 -33.1717 -7.044
 -33.0076 -6.86275
 -32.8982 -6.76925
 -32.8223 -6.7347
257 88 10
 -37.7149 -6.01475
 -37.4734 -5.153
 -37.1458 -3.84115
 -36.814 -2.81685
 -36.3551 -2.6445
 -35.7984 -1.8049
 -34.9091 -1.0389
 -34.4351 -0.23575
 -34.2294 0.64155
 -34.1799 0.6981
258 52 32
 -34.9724 2.85675
 -35.2239 3.58355
 -35.0931 4.13485
 -34.9724 4.62745
 -34.8005 4.7685
 -34.6614 4.7339
 -34.6313 4.6277
 -34.5417 4.53875
 -34.4632 4.58515
 -34.3592 4.6274
 -34.2033 4.65695
 -34.0583 4.73785
 -33.8622 4.75335
 -33.6292 4.6663
 -33.4069 4.5546
 -33.2057 4.54185
 -32.9941 4.67445
 -32.8574 4.94395
 -32.9827 5.2271
 -33.1798 5.31325
 -33.2353 5.3798
 -33.2104 5.5444
 -33.2516 5.947
 -33.2434 6.41585
 -33.2819 6.80555
 -33.2174 7.25505
 -32.9701 7.51655
 -32.8591 7.6056
 -32.8221 7.72165
 -32.862 7.85475
 -32.875 7.9439
 -32.8615 7.9863
258 88 7
 -34.9724 2.85675
 -34.6383 1.57355
 -34.4904 0.859
 -34.3625 0.83175
 -34.2936 0.74515
 -34.2066 0.7187
 -34.1799 0.6981
259 31 8
 -22.4389 7.228
 -22.6086 6.4995
 -22.3386 6.72375
 -21.5016 7.0016
 -20.7685 6.97615
 -20.5812 6.6225
 -20.5436 6.2647
 -20.5482 6.2265
259 26 4
 -22.4389 7.228
 -22.1049 8.24125
 -21.9458 8.6736
 -21.9298 8.7762
260 2 23
 -15.7803 -1.89845
 -15.4138 0.0305
 -15.3214 1.63825
 -15.3934 1.77285
 -16.0939 2.51135
 -17.4354 2.89855
 -16.2359 3.05025
 -15.0653 3.2252
 -14.3085 3.8224
 -14.2987 4.10085
 -14.3836 4.7813
 -14.2549 5.6517
 -14.0248 5.9226
 -13.9724 5.9437
 -13.8574 5.8954
 -13.7954 6.029
 -13.5225 6.21035
 -12.6546 6.16965
 -11.6953 6.3829
 -11.2977 6.6493
 -11.2972 6.7336
 -11.3653 6.93
 -11.3886 6.9988
260 119 4
 -15.7803 -1.89845
 -15.243 -2.26925
 -14.2393 -2.23145
 -14.139 -2.2264
261 27 5
 -18.391 -13.3277
 -19.0016 -14.2747
 -19.4216 -15.0077
 -19.4478 -15.7262
 -19.4828 -15.805
261 86 4
 -18.391 -13.3277
 -18.0652 -12.0753
 -17.9162 -11.6625
 -17.911 -11.6484
262 86 12
 -25.3003 -13.3446
 -24.7785 -11.6863
 -23.6712 -10.7654
 -24.2794 -9.80795
 -23.3397 -10.6626
 -22.1501 -11.0719
 -20.0026 -10.7722
 -18.856 -10.1596
 -18.447 -10.8315
 -18.0209 -11.5455
 -17.9499 -11.6194
 -17.911 -11.6484
262 123 4
 -25.3003 -13.3446
 -24.5778 -14.6463
 -24.2729 -15.0271
 -24.263 -15.0397
263 55 5
 -15.5396 -38.1231
 -14.83 -38.936
 -14.7796 -38.7312
 -14.7662 -38.5538
 -14.7588 -38.5401
263 80 7
 -15.5396 -38.1231
 -16.2596 -36.6504
 -16.217 -36.0315
 -15.7518 -35.8148
 -14.9118 -34.7549
 -14.4198 -33.888
 -14.4 -33.8645
264 159 13
 -10.674 -8.1515
 -10.0375 -7.98515
 -9.61585 -7.80465
 -9.2187 -6.5391
 -9.05895 -5.6192
 -9.2682 -5.44345
 -9.375 -5.4135
 -9.5272 -5.3341
 -9.75015 -5.2259
 -9.8197 -5.1476
 -9.79005 -5.0906
 -9.7633 -5.0378
 -9.7588 -4.9979
264 37 3
 -10.674 -8.1515
 -11.1114 -8.71305
 -11.2052 -8.7919
265 45 3
 -3.77295 -37.0364
 -2.3281 -36.6418
 -2.2871 -36.6108
265 113 3
 -3.77295 -37.0364
 -5.20005 -37.3774
 -5.2233 -37.3548
266 5 3
 0.46245 -28.1991
 -0.5554 -29.528
 -0.9522 -29.9363
266 6 5
 0.46245 -28.1991
 1.3591 -27.1296
 1.67385 -26.9897
 1.76595 -27.0279
 1.8189 -27.057
267 1 7
 -2.6623 -5.0023
 -2.9472 -4.2462
 -3.08935 -4.00935
 -3.1175 -3.89235
 -3.16 -3.8868
 -3.2322 -3.8982
 -3.2508 -3.8503
267 16 3
 -2.6623 -5.0023
 -2.4603 -5.59775
 -2.4403 -5.6218
268 2 6
 -10.0443 5.5845
 -10.607 6.38025
 -10.9679 6.6744
 -11.1192 6.8065
 -11.3653 6.93
 -11.3886 6.9988
268 154 5
 -10.0443 5.5845
 -9.9388 4.96885
 -9.801 4.93735
 -9.4998 4.94765
 -9.3612 4.9528
269 154 13
 -4.79795 10.0958
 -5.4862 11.1847
 -5.6924 11.4823
 -6.38465 11.4588
 -7.2833 11.4401
 -7.6615 10.5539
 -7.70565 9.15945
 -8.11885 7.4414
 -8.64405 6.2298
 -8.94485 5.91485
 -9.1641 5.3246
 -9.28715 5.0097
 -9.3612 4.9528
269 106 4
 -4.79795 10.0958
 -4.21325 8.7827
 -4.2494 8.13275
 -4.242 7.9906
270 12 21
 -33.4037 10.419
 -33.807 10.4382
 -33.9832 10.4466
 -34.0483 10.4701
 -34.037 10.2702
 -33.9651 10.0136
 -33.9701 9.84925
 -34.0862 9.68955
 -34.2116 9.61725
 -34.3334 9.6008
 -34.4718 9.4511
 -34.8101 9.3444
 -35.0765 9.4357
 -35.1925 9.534
 -35.27 9.4221
 -35.2449 9.2917
 -35.3126 9.2869
 -35.4549 9.39275
 -35.5946 9.5374
 -35.6691 9.5821
 -35.6813 9.5847
270 87 4
 -33.4037 10.419
 -33.0136 10.4086
 -32.8761 10.4567
 -32.8449 10.4372
271 42 41
 -37.6596 9.38325
 -37.7187 8.92555
 -37.8105 8.7536
 -38.2806 8.7735
 -38.6455 8.833
 -38.7374 8.84555
 -38.9786 8.8582
 -39.1508 8.58895
 -39.2641 8.34845
 -39.4691 8.36975
 -39.5815 8.36755
 -39.6363 8.4547
 -39.709 8.5781
 -39.7284 8.65145
 -39.7742 8.56845
 -39.9005 8.4652
 -40.0221 8.4169
 -40.1142 8.44695
 -40.2411 8.42765
 -40.3552 8.3957
 -40.4121 8.4195
 -40.4729 8.4121
 -40.5301 8.4415
 -40.566 8.46415
 -40.632 8.4509
 -40.6676 8.4489
 -40.6927 8.46365
 -40.7203 8.5257
 -40.7744 8.56195
 -40.8315 8.5251
 -40.8296 8.59645
 -40.849 8.66575
 -40.8503 8.71905
 -40.816 8.76025
 -40.749 8.7575
 -40.7149 8.76265
 -40.7434 8.85975
 -40.7546 8.94025
 -40.7966 8.979
 -40.8789 9.0468
 -40.909 9.0814
271 12 17
 -37.6596 9.38325
 -37.591 9.8456
 -37.5858 10.0002
 -37.5186 9.90215
 -37.3396 9.7727
 -37.1349 9.74465
 -36.9292 9.71555
 -36.7496 9.63925
 -36.6585 9.5786
 -36.5165 9.46035
 -36.2424 9.3417
 -36.0459 9.31485
 -35.9503 9.32625
 -35.7839 9.4261
 -35.6829 9.5081
 -35.6729 9.55165
 -35.6813 9.5847
272 42 39
 -37.3069 5.95885
 -37.7307 6.2561
 -38.11 6.41915
 -38.3378 6.55255
 -38.4055 6.7139
 -38.6868 7.01315
 -39.2533 7.3811
 -39.6452 7.65505
 -39.8555 7.85945
 -39.9978 7.95735
 -40.0149 8.0076
 -39.9838 8.0896
 -39.994 8.1917
 -40.0355 8.3187
 -40.0221 8.4169
 -40.1142 8.44695
 -40.2411 8.42765
 -40.3552 8.3957
 -40.4121 8.4195
 -40.4729 8.4121
 -40.5301 8.4415
 -40.566 8.46415
 -40.632 8.4509
 -40.6676 8.4489
 -40.6927 8.46365
 -40.7203 8.5257
 -40.7744 8.56195
 -40.8315 8.5251
 -40.8296 8.59645
 -40.849 8.66575
 -40.8503 8.71905
 -40.816 8.76025
 -40.749 8.7575
 -40.7149 8.76265
 -40.7434 8.85975
 -40.7546 8.94025
 -40.7966 8.979
 -40.8789 9.0468
 -40.909 9.0814
272 135 4
 -37.3069 5.95885
 -36.7611 5.9147
 -36.3504 6.0772
 -36.2717 6.1137
273 42 19
 -41.9025 7.55405
 -42.3697 7.7735
 -42.14 8.00345
 -41.8666 8.29985
 -41.6002 8.34425
 -41.4457 8.36225
 -41.4368 8.45965
 -41.4639 8.60275
 -41.4874 8.69015
 -41.5016 8.76015
 -41.4689 8.92505
 -41.3301 8.9861
 -41.163 8.893
 -41.0826 8.8918
 -41.0543 8.9322
 -41.0073 9.0061
 -40.9501 9.07045
 -40.9262 9.076
 -40.909 9.0814
273 150 3
 -41.9025 7.55405
 -41.489 7.2949
 -41.4352 7.2295
274 87 44
 -29.6882 15.233
 -29.1492 14.9665
 -29.0648 14.2817
 -28.7662 13.6488
 -28.595 13.3438
 -28.6868 13.3316
 -28.7182 12.9553
 -28.6424 12.4525
 -28.5995 12.301
 -28.5219 11.7749
 -28.427 11.1465
 -28.49 10.8788
 -28.7514 10.5966
 -28.8424 10.3208
 -28.7733 9.97795
 -28.8269 9.73015
 -28.9239 9.76305
 -28.9977 9.76785
 -29.2339 9.8801
 -29.681 10.1826
 -30.1438 10.3136
 -30.4869 10.2445
 -30.5598 10.1247
 -30.5009 9.98645
 -30.4787 9.9009
 -30.5881 9.94545
 -30.7885 9.97495
 -30.9243 9.98235
 -31.0037 9.9792
 -31.0812 9.9714
 -31.1045 9.983
 -31.1684 10.0848
 -31.3081 10.1671
 -31.4287 10.1581
 -31.5427 10.1161
 -31.6364 9.9846
 -31.7925 9.9549
 -32.0643 10.2078
 -32.2876 10.4166
 -32.3709 10.4359
 -32.4863 10.4309
 -32.7049 10.4452
 -32.8312 10.4417
 -32.8449 10.4372
274 149 5
 -29.6882 15.233
 -30.306 15.1129
 -30.384 15.0439
 -30.4356 15.1437
 -30.4524 15.2225
275 29 5
 -33.7677 20.9715
 -33.819 20.1693
 -32.994 20.0345
 -32.2774 20.1651
 -32.229 20.1628
275 41 3
 -33.7677 20.9715
 -33.5517 21.557
 -33.5436 21.6076
276 43 18
 -35.1412 22.8089
 -36.3687 23.3374
 -37.1013 23.6218
 -37.5925 23.9857
 -38.4301 24.1377
 -38.8347 23.5552
 -38.8858 23.1076
 -38.922 23.6111
 -39.1309 24.4398
 -39.4195 24.7115
 -39.5702 24.7201
 -39.6992 25.2242
 -39.907 25.5514
 -40.1663 25.2411
 -40.4156 24.8396
 -40.5234 24.7689
 -40.5768 24.7732
 -40.5942 24.7532
276 41 6
 -35.1412 22.8089
 -34.5978 22.3001
 -34.4627 21.8056
 -33.9603 21.6285
 -33.5634 21.6273
 -33.5436 21.6076
277 125 5
 -31.9809 29.434
 -30.8003 28.2078
 -30.969 27.6089
 -31.2523 27.2078
 -31.2456 27.1794
277 94 3
 -31.9809 29.434
 -33.6732 29.3107
 -34.3061 28.1875
278 81 16
 -34.6273 28.7688
 -35.847 29.6302
 -36.8855 29.869
 -37.0211 29.7833
 -37.2797 29.5881
 -37.6161 29.4627
 -37.721 29.1543
 -37.7861 28.5128
 -37.7509 27.8539
 -37.85 27.5732
 -38.0651 27.6771
 -38.1615 27.4665
 -38.4238 27.0426
 -38.605 26.7283
 -38.6232 26.6066
 -38.6416 26.5937
278 94 3
 -34.6273 28.7688
 -34.3218 28.2002
 -34.3061 28.1875
279 42 67
 -38.9102 21.3622
 -39.1635 20.3512
 -39.4459 19.8078
 -39.7935 19.1859
 -39.8788 18.5696
 -39.9079 18.2971
 -40.2721 17.9715
 -40.3355 17.4113
 -40.383 16.6987
 -40.7738 15.7108
 -40.7879 15.0461
 -40.5075 15.0166
 -40.7186 14.693
 -40.9805 14.1478
 -41.0008 13.7773
 -41.0329 13.5239
 -41.1036 13.2361
 -41.2128 13.1417
 -41.2639 13.0583
 -41.2399 12.8701
 -41.2796 12.581
 -41.3529 12.394
 -41.7061 12.2834
 -42.2258 12.032
 -42.5869 11.6957
 -42.772 11.4014
 -43.0041 11.2469
 -43.2564 11.1823
 -43.4373 11.0604
 -43.7185 10.8841
 -43.9248 10.7612
 -44.0087 10.6544
 -44.0382 10.5473
 -44.0751 10.4611
 -44.04 10.3935
 -43.8773 10.3473
 -43.7419 10.3018
 -43.6178 10.2965
 -43.4588 10.2206
 -43.4055 10.0089
 -43.4528 9.8681
 -43.4174 9.75845
 -43.2167 9.67755
 -43.0189 9.74545
 -42.9062 9.7812
 -42.7586 9.8868
 -42.6436 10.073
 -42.6046 10.1892
 -42.5543 10.346
 -42.5367 10.2185
 -42.4158 10.2097
 -42.2938 10.2038
 -42.1806 10.1203
 -42.0619 10.0808
 -41.9179 10.1003
 -41.6493 10.0441
 -41.4639 9.99625
 -41.4044 10.0373
 -41.2448 10.1192
 -40.9917 10.0622
 -40.8312 9.9482
 -40.8011 9.87015
 -40.7903 9.5453
 -40.7917 9.2374
 -40.8502 9.14905
 -40.8979 9.09175
 -40.909 9.0814
279 43 23
 -38.9102 21.3622
 -39.1769 22.0224
 -39.4993 22.2264
 -39.4013 22.2769
 -39.1978 22.2806
 -38.8478 22.3036
 -38.4094 22.3472
 -38.2934 22.4156
 -38.436 22.4827
 -38.6461 22.7935
 -38.858 23.0422
 -38.8858 23.1076
 -38.922 23.6111
 -39.1309 24.4398
 -39.4195 24.7115
 -39.5702 24.7201
 -39.6992 25.2242
 -39.907 25.5514
 -40.1663 25.2411
 -40.4156 24.8396
 -40.5234 24.7689
 -40.5768 24.7732
 -40.5942 24.7532
280 85 3
 -41.0209 24.5241
 -41.925 24.1767
 -42.3985 24.0349
280 43 3
 -41.0209 24.5241
 -40.5921 24.7415
 -40.5942 24.7532
281 115 12
 -36.2748 56.3852
 -35.1967 55.7716
 -34.4693 55.4358
 -34.2543 54.7401
 -34.0527 54.0331
 -33.8745 53.6485
 -32.8476 52.6207
 -32.1159 51.7858
 -32.2467 50.8622
 -32.1206 49.7253
 -31.9485 49.3589
 -31.9189 49.3689
281 58 7
 -36.2748 56.3852
 -36.6614 56.8535
 -36.5209 57.6376
 -36.3261 58.4253
 -36.3183 58.7145
 -36.333 58.8428
 -36.3265 58.8591
282 110 14
 -36.7996 86.7479
 -38.8828 86.8646
 -40.1524 86.0309
 -42.7291 71.5191
 -43.9881 58.0995
 -43.9232 57.8139
 -43.8536 56.4142
 -43.6651 55.2913
 -43.4471 55.3095
 -43.1606 55.6518
 -42.8414 55.9667
 -42.5293 55.9913
 -42.3711 55.9828
 -42.3518 55.9737
282 143 11
 -36.7996 86.7479
 -33.5303 87.8857
 -32.1535 89.1221
 -31.5192 89.531
 -30.7234 90.1093
 -30.1809 90.7717
 -29.4174 91.5157
 -28.3745 92.4023
 -27.2516 93.049
 -26.6637 93.5419
 -26.6708 93.8081
283 71 24
 -29.6076 71.2729
 -28.5655 69.3396
 -29.8066 69.2547
 -31.7279 69.443
 -32.2781 69.3223
 -32.8054 69.3468
 -33.4553 68.9429
 -34.1376 68.4382
 -34.7278 67.8427
 -34.891 67.177
 -35.1024 67.1038
 -35.409 66.9821
 -35.6355 66.8969
 -36.1872 66.6944
 -36.6451 66.5588
 -37.5813 66.6833
 -38.6788 66.6448
 -38.7674 66.7569
 -38.8532 66.5018
 -39.1363 66.1502
 -40.4417 66.198
 -41.6917 66.5337
 -42.0883 66.5692
 -42.2613 66.632
283 96 17
 -29.6076 71.2729
 -30.322 73.5585
 -29.8427 74.3811
 -29.305 75.2028
 -28.5721 76.289
 -27.8684 77.4873
 -27.4424 78.5726
 -26.967 79.1543
 -26.4487 79.8393
 -25.5206 80.0053
 -24.8682 80.0076
 -23.9673 81.1707
 -23.1514 82.0782
 -22.8799 82.5824
 -22.3089 84.0873
 -22.0181 85.14
 -22.0121 85.1592
284 56 22
 -24.8412 60.4924
 -23.7318 61.0887
 -22.6351 61.5602
 -21.6576 61.8821
 -21.2448 61.909
 -20.4702 62.1297
 -19.8239 62.366
 -19.6513 62.5223
 -19.2478 62.631
 -18.3707 62.4773
 -17.2532 62.4799
 -17.9889 62.7067
 -18.1959 63.4882
 -18.0002 64.4319
 -17.8037 65.6052
 -17.6485 66.4038
 -16.8554 66.9171
 -16.1353 67.4386
 -16.0555 67.8995
 -16.2026 68.1185
 -16.2825 68.1651
 -16.2728 68.1787
284 109 7
 -24.8412 60.4924
 -25.9819 59.7763
 -26.5308 59.3673
 -27.3911 58.802
 -28.0704 58.4618
 -28.1312 58.429
 -28.1462 58.4115
285 115 13
 -29.4025 57.2443
 -30.6012 56.6881
 -30.8581 55.6423
 -31.3923 54.5713
 -32.4427 53.9088
 -33.7233 53.8227
 -33.8745 53.6485
 -32.8476 52.6207
 -32.1159 51.7858
 -32.2467 50.8622
 -32.1206 49.7253
 -31.9485 49.3589
 -31.9189 49.3689
285 109 3
 -29.4025 57.2443
 -28.2628 58.2906
 -28.1462 58.4115
286 152 17
 -13.3202 48.9594
 -13.5228 49.3847
 -13.0723 50.0621
 -12.5961 50.5379
 -11.7934 51.1096
 -10.8393 52.5499
 -10.1583 53.4273
 -9.7905 53.2368
 -9.3035 53.0817
 -8.46705 52.9821
 -7.7105 52.1649
 -7.55525 51.4878
 -7.22635 50.8013
 -6.38975 50.3736
 -5.7864 50.7039
 -5.66535 50.8442
 -5.6416 50.8723
286 68 7
 -13.3202 48.9594
 -12.1849 47.8766
 -11.5489 47.0763
 -11.7495 46.8753
 -11.2584 46.1119
 -10.451 45.6438
 -10.4247 45.7159
287 126 5
 -10.7764 77.0807
 -9.94995 76.924
 -8.8722 76.4125
 -7.71155 75.8534
 -7.5907 75.8227
287 74 6
 -10.7764 77.0807
 -11.9141 77.3215
 -12.3709 77.3314
 -12.543 77.2614
 -12.6091 77.2466
 -12.6106 77.2445
288 108 3
 4.67995 66.9893
 3.9304 66.4818
 3.9521 66.4013
288 46 6
 4.67995 66.9893
 5.57535 67.4234
 6.34045 67.8667
 7.05545 68.4125
 7.1292 68.5389
 7.1289 68.5557
289 57 11
 4.66175 64.9256
 4.93755 63.5634
 4.49635 62.5826
 3.73785 61.5917
 3.1861 61.5776
 3.67955 61.5126
 4.60705 60.9944
 4.6474 60.1921
 4.62045 59.7528
 5.1102 59.5235
 5.0893 59.4461
289 108 3
 4.66175 64.9256
 4.12375 66.3116
 3.9521 66.4013
290 161 14
 -4.39985 65.55
 -5.07345 64.6268
 -5.2173 64.1534
 -5.26325 63.8888
 -5.34415 63.6903
 -5.7347 63.6021
 -6.0453 63.3804
 -6.2036 63.2347
 -6.3551 63.286
 -6.3799 63.3303
 -6.3674 63.4666
 -6.3506 63.6141
 -6.3257 63.6431
 -6.3193 63.6598
290 122 3
 -4.39985 65.55
 -3.75985 66.1126
 -3.7404 66.1388
291 117 13
 -8.5953 42.0886
 -8.09595 40.6684
 -7.33795 40.1029
 -6.607 39.7377
 -7.07725 38.8488
 -7.59965 38.0815
 -7.69565 38.0509
 -7.90555 37.0247
 -9.07525 35.2288
 -10.4685 34.3078
 -10.6086 33.2742
 -10.3533 32.3679
 -10.3088 32.366
291 68 7
 -8.5953 42.0886
 -9.08 43.2579
 -9.1969 43.3055
 -9.63185 43.6948
 -10.1232 44.6723
 -10.3351 45.4723
 -10.4247 45.7159
292 101 22
 -14.1566 13.9172
 -13.0476 13.3334
 -12.2927 13.3403
 -11.7255 13.8116
 -11.573 13.9705
 -11.3972 14.2083
 -11.2863 14.3279
 -11.2624 14.4322
 -11.1683 14.5037
 -11.0218 14.4887
 -11.1117 14.6287
 -11.1779 14.7939
 -11.1373 14.9469
 -11.1436 15.0535
 -11.2027 15.049
 -11.3067 15.1202
 -11.5169 15.2619
 -11.7295 15.3373
 -11.771 15.4999
 -11.7382 15.7507
 -11.7286 15.9508
 -11.7329 16.0494
292 156 7
 -14.1566 13.9172
 -15.7166 14.2916
 -16.6702 14.2017
 -17.2253 13.9334
 -17.4998 13.9739
 -17.6903 14.0122
 -17.8672 14.0384
293 101 22
 -9.60575 17.3169
 -10.232 16.9755
 -10.3114 16.7288
 -10.1922 16.5676
 -10.1882 16.5247
 -10.3433 16.2811
 -10.5886 15.8352
 -10.5211 15.5603
 -10.7808 15.4701
 -10.9187 15.2973
 -11.0465 15.2834
 -11.1773 15.2766
 -11.207 15.1573
 -11.1436 15.0535
 -11.2027 15.049
 -11.3067 15.1202
 -11.5169 15.2619
 -11.7295 15.3373
 -11.771 15.4999
 -11.7382 15.7507
 -11.7286 15.9508
 -11.7329 16.0494
293 92 4
 -9.60575 17.3169
 -8.82585 17.6642
 -8.54235 17.8568
 -8.5663 17.9316
294 76 14
 1.86045 15.8109
 0.82445 15.6926
 0.22145 15.9201
 -0.01145 15.9553
 -0.3404 15.8462
 -0.7899 15.795
 -1.1616 15.8983
 -1.47005 15.9068
 -1.88285 15.8249
 -2.3961 15.9201
 -2.7257 16.1701
 -2.92235 16.1996
 -3.0052 16.1048
 -3.005 16.0874
294 70 8
 1.86045 15.8109
 2.3373 15.6305
 2.2678 14.4632
 2.5779 13.7963
 3.1817 14.1374
 4.06805 15.2001
 4.7855 15.7543
 4.9716 15.5802
295 60 10
 28.7177 33.5752
 27.3257 33.8157
 26.6506 34.2208
 26.4118 34.2228
 26.2198 33.5502
 26.2426 33.0971
 26.3211 32.9585
 26.2517 32.6402
 26.1535 32.3484
 26.127 32.2891
295 160 14
 28.7177 33.5752
 29.6369 33.3681
 29.8532 33.0991
 30.1591 32.5925
 30.3867 32.1447
 30.4473 31.9806
 30.6972 31.8179
 30.9279 31.6673
 31.0942 31.4958
 31.2546 31.2477
 31.2811 31.0274
 31.3809 30.91
 31.4619 30.8848
 31.4699 30.8719
296 61 11
 26.7719 35.289
 26.653 36.5595
 26.3892 37.2782
 26.7455 37.3437
 27.1739 37.7778
 27.2551 38.2789
 27.1581 38.4672
 26.9043 38.5928
 26.6886 38.9998
 26.6185 39.3228
 26.5872 39.3369
296 60 9
 26.7719 35.289
 26.6032 34.6019
 26.4118 34.2228
 26.2198 33.5502
 26.2426 33.0971
 26.3211 32.9585
 26.2517 32.6402
 26.1535 32.3484
 26.127 32.2891
297 157 7
 12.2231 46.8232
 11.0291 47.8208
 10.1352 48.3801
 10.094 48.4861
 9.97925 48.5824
 9.886 48.6748
 9.8873 48.6795
297 23 40
 12.2231 46.8232
 12.5539 46.0576
 12.5957 45.8299
 12.7288 44.7993
 12.8059 43.7665
 12.7932 43.7458
 13.1257 43.536
 13.839 43.6495
 14.3147 43.6699
 14.9172 43.7413
 15.5286 44.1305
 15.6952 44.2299
 15.5665 43.9445
 15.8053 43.6633
 16.208 43.3486
 16.751 43.3414
 17.3447 43.6545
 17.9496 43.4559
 18.2174 43.6392
 18.2087 44.4855
 18.7522 45.0564
 19.3734 45.3232
 19.8895 45.2094
 20.029 44.3606
 20.064 43.78
 20.2193 44.4141
 20.3302 44.9263
 20.7546 44.497
 21.514 44.2892
 21.8322 44.8734
 21.6659 45.4119
 21.7553 45.6097
 21.8936 45.7263
 22.2672 45.6565
 23.0676 45.6437
 23.9077 46.2264
 24.3189 46.7248
 24.5096 47.077
 24.6448 47.4725
 24.608 47.5214
298 89 11
 9.9714 62.2243
 10.0184 63.8177
 9.93375 64.6277
 10.1665 65.2352
 10.9053 65.3111
 12.4741 65.0891
 13.3512 64.8119
 13.5273 64.5388
 14.3107 64.4813
 14.9881 64.7242
 15.0141 64.7242
298 57 15
 9.9714 62.2243
 9.6506 60.6678
 9.83245 60.3386
 10.1129 60.1992
 10.3084 60.1964
 10.0989 59.9223
 8.72035 58.8962
 7.47855 58.248
 7.5754 59.4466
 7.4817 60.8368
 7.0252 61.1532
 6.0746 60.8095
 5.19905 60.0331
 5.1102 59.5235
 5.0893 59.4461
299 91 10
 15.5396 64.0303
 15.9692 62.8911
 16.0587 62.1675
 16.3057 62.0329
 16.541 62.0662
 16.6979 61.5629
 16.5633 60.7297
 16.2491 60.3043
 16.199 60.2106
 16.182 60.2002
299 89 3
 15.5396 64.0303
 15.0956 64.6751
 15.0141 64.7242
300 90 11
 27.6903 88.7991
 27.722 89.5736
 27.3604 90.2776
 27.1898 91.3598
 27.2589 91.8131
 27.2367 91.9264
 27.0827 91.975
 26.9323 91.9411
 26.8833 91.9225
 26.8335 91.9142
 26.7984 91.9302
300 9 5
 27.6903 88.7991
 27.8041 87.5014
 28.2526 86.7147
 28.4212 86.4657
 28.4248 86.43
301 23 6
 25.775 45.9706
 24.9761 47.1773
 24.7443 47.4216
 24.7533 47.4677
 24.676 47.5146
 24.608 47.5214
301 61 12
 25.775 45.9706
 26.2935 44.5893
 26.2537 44.1776
 26.1917 44.127
 26.7254 43.5507
 27.3098 43.0084
 27.024 42.2156
 26.5423 41.0766
 26.4951 40.211
 26.569 39.5986
 26.5397 39.4126
 26.5872 39.3369
302 3 15
 44.5987 48.6609
 44.5724 47.9024
 44.6161 47.4193
 45.9471 47.3129
 47.139 47.8423
 47.4082 48.8511
 47.9437 49.6667
 48.2533 49.5216
 47.8367 50.6748
 47.357 51.5098
 47.2097 51.628
 47.1425 51.7048
 47.0656 51.6876
 47.0058 51.6199
 46.9836 51.5614
302 144 19
 44.5987 48.6609
 44.412 49.5446
 44.2755 49.9313
 43.7325 50.0905
 43.4832 50.7347
 43.8361 51.3608
 43.8998 51.6495
 43.8655 51.851
 43.6884 51.9949
 43.4571 52.0984
 43.1285 52.16
 42.7655 52.3268
 42.6396 52.4243
 42.5243 52.4677
 42.3043 52.6968
 42.1837 53.008
 42.2321 53.2215
 42.2915 53.359
 42.2906 53.4147
303 144 8
 40.1765 54.2334
 40.8237 53.4186
 40.8979 53.4042
 41.4866 53.2741
 42.1197 53.1511
 42.2321 53.2215
 42.2915 53.359
 42.2906 53.4147
303 53 6
 40.1765 54.2334
 39.5163 55.0563
 40.0424 55.1102
 41.1742 55.5891
 41.8676 56.0239
 41.876 56.0379
304 77 3
 34.5625 57.6255
 34.9634 56.9831
 34.9799 56.9426
304 40 3
 34.5625 57.6255
 34.0996 58.2385
 34.0212 58.2497
305 53 27
 39.1791 63.3643
 40.8502 63.7834
 41.0551 64.0971
 41.1399 64.0331
 41.0461 63.6921
 41.0415 62.7421
 41.2576 62.073
 41.2877 61.7128
 41.3139 61.3501
 41.3378 61.1388
 41.0889 60.3893
 39.8362 59.7676
 38.2952 59.742
 37.7112 59.8194
 38.0405 59.5159
 38.1949 58.5497
 38.3381 57.4609
 38.5956 56.9567
 38.7428 56.4415
 39.1496 55.6273
 39.4047 55.1298
 39.0033 54.9138
 39.5163 55.0563
 40.0424 55.1102
 41.1742 55.5891
 41.8676 56.0239
 41.876 56.0379
305 130 3
 39.1791 63.3643
 37.3844 63.5178
 37.0929 63.809
306 145 8
 39.6037 31.3519
 38.9383 31.5733
 38.805 31.5501
 38.8139 31.5379
 38.8923 31.0407
 38.7328 30.2887
 38.3332 29.9306
 38.2105 29.9347
306 140 6
 39.6037 31.3519
 40.3489 31.1072
 40.6068 31.0664
 40.7649 31.0938
 40.8776 31.0219
 40.925 30.9771
307 36 11
 47.3772 15.2408
 46.5581 14.5439
 46.0219 14.1177
 45.7956 14.1827
 46.2739 13.7564
 46.8477 13.3146
 46.4371 12.122
 45.893 11.0195
 45.8768 10.494
 46.0163 9.96585
 46.1616 9.9504
307 104 9
 47.3772 15.2408
 48.1597 15.6293
 48.8402 16.1133
 49.3956 16.4613
 49.7153 16.4295
 49.8985 16.4442
 49.9822 16.4009
 50.0305 16.367
 50.0339 16.3824
308 158 11
 34.8993 12.1128
 35.5128 11.6242
 35.8105 11.5247
 35.912 11.5228
 36.0065 11.4812
 36.1949 11.4182
 36.3752 11.3948
 36.8385 11.143
 37.5014 10.9652
 37.7794 11.0595
 37.7939 11.0806
308 120 25
 34.8993 12.1128
 34.2529 12.3934
 33.9801 12.2495
 33.5367 12.5046
 32.6038 12.7239
 31.9899 12.572
 31.4873 12.4158
 30.9079 12.4948
 30.5546 12.5977
 30.1829 12.8565
 29.6758 13.4601
 29.5403 13.9048
 29.5965 14.0818
 29.317 14.1086
 29.0602 14.1095
 28.9236 14.0939
 28.8398 13.9627
 28.8001 13.664
 28.7654 13.4468
 28.6977 13.404
 28.5599 13.5591
 28.1035 13.8891
 27.562 13.9965
 27.0764 13.8997
 26.7826 13.8606
309 134 4
 20.5418 9.0164
 19.7397 9.97435
 19.1403 10.6003
 19.1395 10.6092
309 69 3
 20.5418 9.0164
 20.7692 8.66755
 20.793 8.6597
310 102 12
 26.5801 16.0835
 27.0623 17.2793
 27.0772 18.0563
 26.8591 19.6459
 27.3835 21.2653
 27.6385 22.1755
 28.1261 22.4787
 28.1036 22.9788
 27.0441 23.7757
 27.1447 24.9559
 27.5632 25.821
 27.5737 25.8324
310 120 4
 26.5801 16.0835
 26.548 14.4385
 26.7602 13.8399
 26.7826 13.8606
311 13 6
 18.2896 15.4159
 18.8976 13.9468
 19.2304 13.252
 19.2032 12.8184
 19.1125 12.63
 19.0661 12.5726
311 59 5
 18.2896 15.4159
 17.9115 16.5764
 17.4609 16.9506
 17.138 17.2591
 17.1799 17.2769
312 95 13
 24.3147 0.294
 25.327 0.57735
 25.4679 0.7311
 26.1315 1.34855
 26.9785 1.85675
 28.2682 1.98155
 29.6467 1.4122
 30.1519 0.58245
 30.3238 0.20155
 30.5167 -0.02445
 30.6531 -0.12095
 30.636 -0.2324
 30.6165 -0.2913
312 21 4
 24.3147 0.294
 22.62 -0.4932
 21.8985 -1.02005
 21.8804 -1.0618
313 50 14
 26.2124 -9.77425
 27.3256 -10.216
 27.8927 -10.433
 28.257 -10.3801
 28.4513 -10.3258
 28.5809 -10.266
 28.6783 -10.168
 28.7192 -10.1643
 28.9057 -10.0924
 29.1227 -10.2712
 29.1833 -10.5198
 29.1771 -10.6123
 29.1481 -10.6694
 29.1298 -10.6788
313 111 4
 26.2124 -9.77425
 25.4874 -8.9472
 25.5088 -8.3367
 25.5223 -8.332
314 148 11
 8.28755 -12.4895
 8.76055 -13.7386
 9.226 -14.8185
 9.93365 -15.6111
 10.3064 -16.6061
 9.88975 -17.4034
 9.67865 -17.5533
 9.91175 -18.0751
 10.0701 -18.7652
 10.0935 -19.0958
 10.0933 -19.1399
314 103 5
 8.28755 -12.4895
 8.0893 -11.4454
 7.51465 -10.7083
 6.7654 -10.2265
 6.6278 -10.1701
315 24 12
 7.3944 -9.9473
 8.548 -9.3805
 9.71035 -8.90735
 10.2301 -8.4288
 10.6553 -8.16455
 11.0873 -8.1904
 10.8526 -7.96995
 10.0002 -7.72615
 9.21555 -7.70545
 8.85625 -7.82495
 8.59065 -7.8972
 8.5438 -7.9061
315 103 3
 7.3944 -9.9473
 6.7654 -10.2265
 6.6278 -10.1701
316 35 12
 7.9314 -24.1852
 7.4184 -24.9264
 7.30295 -25.6141
 6.89055 -25.9489
 6.1904 -26.3071
 5.9771 -26.5335
 5.72755 -26.8997
 5.5712 -27.4248
 5.55565 -27.7435
 5.59055 -28.0259
 5.67005 -28.1664
 5.7081 -28.2012
316 20 7
 7.9314 -24.1852
 8.3182 -23.6797
 8.299 -23.0028
 8.11545 -22.5169
 8.62365 -22.2465
 9.14555 -22.0062
 9.1608 -21.9952
317 148 4
 9.8326 -20.4908
 10.1294 -19.7686
 10.1134 -19.296
 10.0933 -19.1399
317 20 4
 9.8326 -20.4908
 9.2879 -21.25
 9.0983 -21.7992
 9.1608 -21.9952
318 35 12
 8.6486 -29.2369
 7.89575 -28.526
 7.5978 -28.3234
 7.172 -28.188
 6.81215 -27.9731
 6.5378 -27.8305
 6.3149 -27.8633
 5.9984 -27.9296
 5.776 -28.0032
 5.74385 -28.0816
 5.71645 -28.1689
 5.7081 -28.2012
318 93 3
 8.6486 -29.2369
 9.34925 -29.8398
 9.3704 -29.8543
319 138 13
 21.6245 -40.9366
 22.6945 -40.1434
 24.8918 -39.2626
 27.0914 -38.2607
 27.5869 -37.9558
 28.3807 -38.1438
 29.0924 -38.2014
 29.3969 -37.7213
 29.6717 -37.0268
 30.2499 -36.1437
 31.244 -35.3081
 31.6986 -35.1074
 31.7398 -35.0749
319 114 5
 21.6245 -40.9366
 20.0522 -41.9466
 18.9033 -43.02
 18.5594 -43.6898
 18.4784 -43.816
320 138 17
 23.2655 -32.8926
 23.5126 -34.6171
 24.1259 -35.6554
 24.7751 -36.503
 24.705 -37.1315
 25.2362 -36.3899
 26.1898 -35.5292
 27.0894 -35.4733
 26.9459 -35.9921
 28.2813 -37.0101
 29.3723 -37.3983
 29.5661 -37.3098
 29.6717 -37.0268
 30.2499 -36.1437
 31.244 -35.3081
 31.6986 -35.1074
 31.7398 -35.0749
320 131 11
 23.2655 -32.8926
 22.5682 -31.8357
 22.0307 -31.2309
 22.0319 -29.852
 22.2458 -28.6418
 22.2286 -27.6549
 22.6027 -27.0371
 23.02 -27.1059
 23.7006 -27.276
 24.4194 -27.4922
 24.4605 -27.5493
321 95 29
 31.4736 -5.6748
 30.5098 -5.2263
 30.2978 -4.97845
 30.689 -4.91885
 30.8219 -4.2948
 30.6559 -3.5309
 30.6531 -3.25745
 30.9049 -2.61335
 31.4219 -2.03065
 31.7661 -2.11
 31.731 -1.7557
 31.7921 -1.5292
 31.6157 -1.38635
 31.3639 -1.12365
 31.2929 -0.84335
 31.2873 -0.7036
 31.2955 -0.66755
 31.2775 -0.56785
 31.2367 -0.4743
 31.2703 -0.44145
 31.1851 -0.4347
 31.1162 -0.3999
 31.0835 -0.42255
 31.0354 -0.45315
 30.9413 -0.4231
 30.8572 -0.4037
 30.7278 -0.3665
 30.6244 -0.30385
 30.6165 -0.2913
321 47 5
 31.4736 -5.6748
 31.9151 -6.5488
 31.5112 -7.2374
 31.2878 -7.3198
 31.2418 -7.311
322 50 18
 31.4766 -8.81505
 31.7345 -9.7184
 31.9607 -9.9429
 32.0558 -10.0585
 32.0727 -10.1637
 32.0694 -10.4031
 31.8734 -11.1096
 31.6002 -11.6378
 31.3143 -11.7789
 30.9884 -11.8652
 30.4118 -11.7052
 29.8449 -11.2786
 29.5843 -10.9655
 29.3669 -10.9425
 29.277 -10.8639
 29.2346 -10.7948
 29.1781 -10.7198
 29.1298 -10.6788
322 47 4
 31.4766 -8.81505
 31.3418 -7.7295
 31.2734 -7.3587
 31.2418 -7.311
323 83 4
 43.3641 -7.48145
 43.5334 -9.56985
 43.1293 -9.88515
 43.0373 -10.0032
323 14 3
 43.3641 -7.48145
 43.1657 -5.48845
 43.4487 -5.3866
324 72 9
 36.5843 -6.40555
 35.3194 -5.7968
 34.8374 -5.6022
 34.3819 -6.3723
 34.339 -7.1296
 34.4298 -7.2378
 34.6337 -7.2624
 34.7627 -7.2245
 34.8341 -7.1824
324 66 4
 36.5843 -6.40555
 37.7692 -6.8681
 37.7549 -7.0604
 37.8064 -7.1037
325 73 15
 50.3728 -4.16995
 51.094 -4.9365
 50.9227 -5.21125
 51.3706 -5.1176
 51.8396 -5.453
 52.1202 -5.0722
 52.3764 -3.88185
 52.5359 -3.1881
 52.5356 -2.77
 52.7279 -2.45035
 52.958 -2.35845
 53.0273 -2.2029
 53.1082 -1.98815
 53.1571 -1.79355
 53.1401 -1.708
325 107 8
 50.3728 -4.16995
 49.606 -3.50815
 48.457 -3.147
 47.4817 -3.20795
 47.4194 -3.85345
 47.0844 -4.0732
 46.922 -4.0919
 46.9123 -4.1115
326 14 3
 44.5089 -5.33485
 43.4561 -5.3855
 43.4487 -5.3866
326 107 4
 44.5089 -5.33485
 45.9148 -4.49405
 46.5939 -3.90715
 46.9123 -4.1115
331 90 11
 28.003 93.3042
 27.9066 93.1189
 27.6111 92.8363
 27.3509 92.386
 27.2822 91.9358
 27.2367 91.9264
 27.0827 91.975
 26.9323 91.9411
 26.8833 91.9225
 26.8335 91.9142
 26.7984 91.9302
332 42 47
 -46.8222 10.0888
 -46.596 10.3678
 -46.0214 10.8208
 -45.4536 10.8877
 -45.1674 10.7587
 -44.9288 10.736
 -44.7285 10.7334
 -44.6826 10.7213
 -44.6045 10.6483
 -44.4995 10.5744
 -44.412 10.5315
 -44.2745 10.4834
 -44.1259 10.4944
 -44.0751 10.4611
 -44.04 10.3935
 -43.8773 10.3473
 -43.7419 10.3018
 -43.6178 10.2965
 -43.4588 10.2206
 -43.4055 10.0089
 -43.4528 9.8681
 -43.4174 9.75845
 -43.2167 9.67755
 -43.0189 9.74545
 -42.9062 9.7812
 -42.7586 9.8868
 -42.6436 10.073
 -42.6046 10.1892
 -42.5543 10.346
 -42.5367 10.2185
 -42.4158 10.2097
 -42.2938 10.2038
 -42.1806 10.1203
 -42.0619 10.0808
 -41.9179 10.1003
 -41.6493 10.0441
 -41.4639 9.99625
 -41.4044 10.0373
 -41.2448 10.1192
 -40.9917 10.0622
 -40.8312 9.9482
 -40.8011 9.87015
 -40.7903 9.5453
 -40.7917 9.2374
 -40.8502 9.14905
 -40.8979 9.09175
 -40.909 9.0814
