   21.737412603423998     
   1.9267204764250307     
   2.5388092563170019     
   3.3556009494651495     
   5.0023673530976991     
   1.1876859248324552     
   115.31531660653040     
   25.456939165581918     
   7.0691867833191209     
   2.5016129283180240     
   1.9318659998238004     
   1.5863845164733446     
   3.3272042809911819     
   4.3591198385454621     
   2.7893010879417686     
   1.4304050191780155     
   2.2750270910821837     
  0.69611855445094051     
   2.7675042240712835     
   3.9103377818915890     
   2.5958496710881618     
   1.0569986874975135     
   2.4593360855155120     
   2.1300676560712271     
   3.2891854010896204     
   3.8590099749732847     
   3.3282921892450981     
   2.9417370980531166     
   23.058511661518558     
   22.530855854775051     
   16.714051649582633     
   16.838706132526593     
   3.5304817370352990     
   1.5498552109287163     
   3.0686587842211983     
   1.9356555740196950     
  0.95886485066138571     
   1.1306705446194207     
   1.5232406025726317     
   1.2191247465333701     
  0.99325101442544672     
   1.0610957058521375     
   3.0353531330313102     
  0.92293488787539801     
   2.6402214573813820     
   2.1511143788612710     
   6.3689889769603587     
   3.6413389258737938     
   4.6255606595654557     
   1.9631000796632154     
   5.6838755489603505     
   1.1688309688486305     
   3.6209585117683352     
   1.1789546982612968     
   3.6121549756487199     
   1.1107758304632092     
   2.7163482898904503     
  0.98075232755386399     
  0.70432970439408138     
   1.7849117523327636     
   7.3379707631842122     
   1.9708447240449485     
   2.2477046546654011     
  0.78108272861239381     
   5.6317204794742315     
   8.4631522830883039     
   2.1371507065133528     
   3.5706765733370798     
   1.9001148706470088     
   1.0849956735421205     
   8.5683929822507015     
   1.2236617634763687     
   1.5951302982148843     
   1.2758860095129767     
   6.8914823805474210     
   4.1462560798423933     
   1.9275447626870383     
   4.3588258389462293     
   2.2979976941418596     
   1.0354902330277300     
   1.9499939069615677     
  0.87516498523783515     
   4.7516956228690521     
   6.5567559026131113     
   1.3001325259095262     
  0.61138741255060569     
   1.0759009267885884     
  0.94167605175696278     
   1.6764119297171112     
   3.0651664342640799     
   3.4810174796876754     
   7.1624392311496301     
   4.5363419839426680     
   2.5616934708416750     
   1.0622525802455576     
   1.4079099407565780     
   8.7147157758118627     
   1.8770639373284084     
   3.3110062397125546     
   4.4256241024760632     
   6.6955745698882252     
   7.1801494158829806     
   7.6318184076219175     
   2.0775400597751603     
   4.2090104781237532     
   2.2851387980192026     
   4.0411323616528323     
   1.2063849202222356     
  0.91566672244056224     
  0.63630983037168720     
   4.2686547492425930     
   1.0928546203191343     
   4.6766514741711420     
   1.5755067699453951     
   6.6387896928075296     
   2.8632494725694690     
   2.1697154879010627     
   1.0222384384698850     
   7.0103061028399276     
  0.89913523528722983     
   2.9389080548743660     
   3.8195801919285230     
   1.1456464154672512     
  0.45315946288878434     
   4.5553497559974998     
   3.5490481161456300     
   2.1174003030580670     
   1.2501614406442887     
   6.0691204703388415     
   1.4147747769584047     
   1.0733775708158837     
   1.2049940120333227     
   1.0898142637904711     
  0.73493761306584393     
   1.9287472944150688     
   1.3622576953546786     
   2.1333015040747498     
   2.4489105188375953     
   10.271276561976149     
   6.6980107345356945     
   1.3594949097262412     
   1.4124088095194831     
   1.1405553431513586     
   1.8265805812020877     
   2.8885599203869279     
   3.5231767498338611     
   3.5234337271826015     
   1.4112599432854569     
   1.6971268043358396     
   1.1719375157518670     
   4.3337194807088402     
   3.6478911728820242     
   1.9980736680363722     
   1.5021278339418120     
   1.9848529464032196     
   2.6743336496110062     
   5.0284009747483758     
   2.7084740191597358     
   7.4566835692845395     
   4.8546431315350391     
   1.5335581451956153     
  0.82622616310114749     
   3.6400898215966544     
   4.1007778989657631     
   8.9293749721238704     
   1.9159134089533332     
   1.4391141447299576     
   1.9619630557440164     
   2.3671018872973466     
   1.0797905560668126     
   5.9519506849421129     
   1.8598020273823139     
   2.9181084728607227     
  0.68878845162493763     
   4.1110551749805415     
  0.99396342138042459     
   13.531437308919594     
   3.0049075251034774     
   2.3488145182063227     
   1.2358236546628230     
   2.8756908816847511     
   1.0577338274129195     
   11.498320692755749     
   1.8306174397663209     
   2.7519334335729950     
   2.2306146818660340     
   2.1038925546622056     
   1.8780479162349413     
   13.381231802170772     
   10.722956513607805     
   3.1714130522996191     
   4.0619428989316200     
   4.2515222704797244     
   1.5814064684572438     
   2.1070556230001025     
   1.2745594957251076     
   7.6861888313889581     
  0.85368174315552847     
   1.9319843646307606     
   1.3241398408661391     
   6.3593010312666829     
   1.5208157470322121     
   1.2725213863328619     
   3.1799916819465830     
   2.6332837191598810     
  0.83433736104954348     
   1.5491656185370930     
   1.4996989279800816     
   2.2432654615858412     
   1.5557674602006417     
   1.0528123391881681     
  0.66005975543400863     
   1.3207322815311735     
   1.0646957326872115     
   5.5783800610707930     
   1.7220804233027043     
   1.9760761337371411     
  0.46382365932611846     
   2.7768524607784624     
   1.6439865289206501     
   2.9489508537678857     
  0.72108709641928292     
   1.6542096911632609     
  0.57268219783033958     
   5.8062622305882821     
  0.82228674180120309     
   1.5806969190946416     
  0.67531653070143072     
   4.6648096642105026     
   1.3329823490930894     
   2.2224098225443161     
   2.9860261763278153     
   3.5944589832192340     
  0.66566719563513932     
   9.6823934396987994     
   3.6997781497017490     
   1.4628238781511915     
  0.49264907098547417     
   4.7090413196117886     
   1.5653771952069067     
   19.058861509377564     
   7.4748248862756554     
   10.307419285268097     
   9.6164602826314436     
   7.9508999631506567     
   2.4683862597875676     
   6.6235358501148580     
   1.7151110713716384     
   5.9848257478894693     
   2.8628744673912183     
   2.2541568570472030     
   1.3538567960228425     
  0.98857041064817519     
   1.9281976836485617     
   4.5596900320502565     
   1.6804293568006057     
   2.2619013942733366     
  0.88475641581815823     
   6.9544900876734514     
   2.9366484438260620     
   3.6274197742333780     
   2.5939801130682412     
   2.7612202329487712     
   1.0108151527073748     
   2.7949081556121991     
   3.1388030603893693     
   2.5607864128164519     
   2.4643510241677027     
   2.7939850093159193     
   1.9390934644396813     
   1.8057829540186363     
   11.415868695883356     
   4.8996693229104764     
   6.6498306908011857     
   2.5947058541666750     
  0.87802881218633755     
   2.2294020860670170     
   1.6392720217166383     
   1.6308411071430964     
   4.3849406744690826     
   4.6981504242868093     
   3.7074961059039526     
   1.8875067728712820     
   2.3166042933588664     
  0.80096299568775498     
  0.84734009310324598     
   9.6150313032812935     
   2.2132836125057000     
   1.7306340670822922     
   1.0752466611074427     
   3.9569117953551367     
   1.7876225300625366     
   1.9309279183501142     
   5.5056461959045979     
   1.2672846725703919     
  0.44148293551042889     
   5.5551830207358526     
   1.7063131647197112     
   2.1720126630237244     
   1.7126482938631298     
   4.6967360242798799     
   1.9596162342804140     
   2.1645925303080134     
   1.1284243609407791     
   4.2448220643261001     
   2.1022550264378257     
   3.7852083111895203     
  0.83689158845383871     
   2.6792171369768170     
   1.7492893591293728     
   1.0955867555978756     
   1.3458364057688830     
   2.2662882452684587     
  0.94998014561006883     
   6.7382082314818925     
   2.7716354434450312     
   8.1205002612658692     
   4.8760487215543797     
   4.5281677595715113     
   1.2641286056034313     
   3.3962366848619618     
   1.2083226252517705     
   2.3945823422109473     
   2.3036205748788836     
   2.6570791717743405     
   1.4065509554418207     
   3.5261354817210084     
   2.4344813690172811     
   1.0614989866052555     
   2.3948093118264984     
   1.0186426419279377     
   4.1563023151767329     
