272
132 11 6
 -2.56955 -27.6543
 -3.31325 -27.4053
 -4.01315 -27.0705
 -4.4152 -26.6861
 -4.59665 -26.3969
 -4.5922 -26.3787
132 111 5
 -2.56955 -27.6543
 -2.09315 -27.5965
 -0.63065 -27.8757
 0.6227 -28.267
 0.63 -28.2937
133 81 12
 13.5877 -29.1771
 14.5669 -29.5322
 15.2732 -30.0453
 15.5854 -30.8452
 15.8393 -31.736
 15.8124 -32.4296
 15.8951 -32.6522
 15.9425 -32.7316
 15.9976 -33.0831
 16.0021 -33.5095
 15.976 -33.6402
 15.9765 -33.6446
133 30 8
 13.5877 -29.1771
 13.0769 -28.7742
 12.5914 -28.5909
 12.1751 -28.2544
 11.9354 -27.8727
 11.9781 -27.7826
 12.0776 -27.7114
 12.0912 -27.6549
134 100 13
 -16.4137 -16.8379
 -19.4135 -17.7824
 -20.9994 -18.1143
 -21.3386 -17.7072
 -22.2602 -16.3666
 -23.5276 -15.3513
 -23.8223 -14.6687
 -23.5536 -13.575
 -22.6558 -12.9883
 -22.6658 -12.8811
 -23.2341 -12.2997
 -23.32 -11.6734
 -23.2744 -11.6586
134 110 7
 -16.4137 -16.8379
 -14.2285 -16.5698
 -13.7863 -17.3717
 -13.0821 -18.4762
 -12.9768 -19.54
 -13.3243 -20.0151
 -13.3364 -20.0298
135 131 8
 19.0242 63.3858
 18.0896 63.4426
 17.5979 63.4843
 17.15 63.3441
 16.9589 63.2001
 16.839 63.1191
 16.8553 62.9653
 16.8582 62.8904
135 99 14
 19.0242 63.3858
 19.9975 63.4284
 20.131 63.614
 20.4705 63.979
 21.239 64.4316
 21.2347 65.7563
 20.0241 67.0594
 19.1344 67.2621
 18.5685 67.2104
 17.9073 67.0457
 17.61 66.7837
 17.1088 66.4581
 16.7029 66.2896
 16.7014 66.2872
136 68 23
 -3.03845 45.1263
 -4.4819 45.4882
 -5.2982 46.0732
 -6.04245 46.0614
 -7.1478 46.0373
 -8.7759 45.8818
 -9.9643 46.5718
 -9.69745 48.0511
 -9.5872 48.6856
 -9.78135 49.0766
 -10.1904 50.0826
 -10.9022 51.0993
 -11.9829 51.7168
 -13.2635 52.0529
 -14.0736 52.5935
 -14.4839 53.1876
 -14.6017 53.2016
 -14.669 52.9058
 -14.6613 52.5658
 -14.6619 52.4643
 -14.6427 52.3935
 -14.6323 52.3448
 -14.6354 52.3305
136 124 19
 -3.03845 45.1263
 -1.7682 45.016
 -0.45445 45.0714
 0.76615 45.2616
 1.32 44.533
 1.8949 44.4503
 2.17425 44.362
 2.3012 45.0522
 3.03705 45.2607
 3.98355 45.3325
 4.28465 45.345
 4.4355 45.6905
 5.32755 45.9342
 5.40665 46.7253
 4.84015 47.733
 5.6991 48.0006
 6.42115 48.0892
 6.4469 48.2396
 6.4415 48.309
137 67 10
 26.8617 19.9294
 25.4357 19.1292
 24.6612 18.5019
 23.9136 18.5487
 23.1003 18.3946
 21.5535 18.2854
 20.3479 18.3212
 20.2901 18.371
 20.2799 18.6442
 20.2889 18.9049
137 115 17
 26.8617 19.9294
 28.3189 19.8536
 28.6837 20.0761
 28.9227 20.983
 29.5033 21.6532
 30.4059 23.0991
 31.2046 24.36
 31.486 24.2733
 32.1291 23.6557
 33.0718 23.1016
 33.7822 23.1295
 34.2618 23.3706
 34.8979 24.1507
 35.59 24.5935
 36.4314 24.9817
 36.8958 25.554
 36.8146 25.6343
138 125 15
 37.1136 69.2103
 38.9072 69.4585
 38.9227 70.5633
 39.5211 69.0046
 39.9369 68.0264
 40.2868 67.2693
 40.3575 67.1498
 40.7018 67.3798
 41.1383 67.4532
 41.8523 67.5852
 42.7166 67.8008
 43.6451 67.696
 44.358 67.5352
 44.6908 67.6956
 44.8836 67.8032
138 123 5
 37.1136 69.2103
 34.9712 68.623
 33.9779 68.2208
 33.9173 68.2353
 33.9107 68.2442
139 49 13
 59.4948 58.7655
 62.7309 59.1161
 66.0587 58.7824
 66.1618 59.2419
 66.7917 58.0162
 66.1962 56.9434
 66.1872 56.5669
 66.9464 55.9549
 66.7971 55.161
 66.7683 54.9826
 66.6802 54.6376
 66.5423 54.3872
 66.4742 54.3977
139 118 8
 59.4948 58.7655
 58.7243 57.6745
 57.9594 56.8745
 57.3417 56.0465
 56.4934 55.172
 55.7861 54.8685
 55.663 54.9038
 55.6923 54.9603
140 35 38
 55.0226 -3.89005
 55.0654 -2.86965
 54.9313 -1.689
 54.8409 -0.9357
 54.6308 -0.6141
 54.2069 -0.5756
 54.2851 -0.1589
 54.3004 0.7676
 54.1042 1.66005
 54.078 2.5703
 53.9862 3.11835
 54.0899 3.4439
 54.2639 3.87585
 54.4622 4.35115
 54.612 4.78055
 55.0179 5.22325
 55.4794 5.6173
 55.3122 5.95955
 55.1412 6.5437
 55.133 6.9
 55.2209 7.0292
 55.3674 7.09385
 55.4119 7.15905
 55.4519 7.1839
 55.3672 7.1994
 55.2706 7.2725
 55.1683 7.3035
 55.0594 7.2359
 54.9513 7.20905
 54.6292 7.11355
 54.2998 6.949
 54.123 6.8758
 53.901 6.58615
 53.893 6.23295
 54.0615 6.0285
 54.1373 5.8521
 54.1768 5.79955
 54.2097 5.7792
140 18 24
 55.0226 -3.89005
 54.9169 -4.66595
 54.5965 -5.22555
 53.9202 -5.85605
 53.3718 -6.70155
 53.2277 -7.0908
 53.6599 -7.52075
 53.642 -8.08185
 52.5074 -8.67005
 52.0231 -9.12635
 51.8615 -9.45125
 51.4546 -9.60105
 51.1203 -9.60005
 51.0574 -10.0017
 51.094 -10.6143
 51.0009 -11.014
 50.769 -11.8204
 50.5408 -12.6795
 50.5199 -12.8496
 50.3891 -12.8799
 50.5017 -12.9928
 50.5382 -13.1892
 50.5069 -13.3038
 50.4945 -13.3433
141 3 13
 41.9484 11.6099
 43.1099 12.3508
 44.3664 13.4384
 45.409 13.9464
 46.1073 13.9933
 46.7405 13.9123
 47.2413 14.0371
 47.6849 14.2166
 47.9063 14.3446
 48.0266 14.4066
 47.923 14.6088
 47.757 14.7998
 47.71 14.8347
141 71 4
 41.9484 11.6099
 40.0321 11.0635
 38.8095 10.4778
 38.7943 10.4628
142 71 5
 36.3217 12.0903
 37.9613 10.8976
 38.5148 10.4039
 38.7832 10.4553
 38.7943 10.4628
142 72 3
 36.3217 12.0903
 34.9958 12.7752
 35.0132 12.805
143 29 9
 26.3185 5.72385
 25.076 6.19685
 24.7049 6.2453
 24.582 6.25535
 24.4538 6.59525
 24.2593 7.11735
 23.8983 7.5506
 23.6864 7.80485
 23.6609 7.8253
143 88 9
 26.3185 5.72385
 27.4389 4.91785
 27.4679 4.27395
 27.8231 3.7086
 28.5236 3.4062
 28.9058 3.06315
 29.8891 2.0901
 30.6706 1.40415
 30.7107 1.3405
144 45 12
 31.65 -10.3734
 33.1606 -10.229
 34.6225 -10.6333
 35.3848 -10.7255
 35.7011 -10.527
 35.9173 -10.524
 36.0616 -10.6757
 36.1796 -10.7311
 36.3213 -10.7647
 36.4543 -10.7324
 36.5023 -10.7475
 36.5336 -10.792
144 4 6
 31.65 -10.3734
 30.7772 -10.8546
 30.368 -11.0494
 30.1336 -11.2348
 30.1194 -11.349
 30.1443 -11.3846
145 35 29
 39.9669 3.1458
 41.2639 3.3594
 42.3603 3.1977
 43.9317 3.73135
 44.5972 4.41435
 45.132 4.5143
 46.2099 5.4306
 46.7719 6.5444
 46.8094 6.98835
 46.9624 6.8331
 47.5499 6.3245
 48.6231 6.7596
 49.4224 7.4569
 49.6915 7.4423
 50.6166 7.5795
 51.9697 7.92155
 52.887 8.2708
 53.4536 8.30615
 53.5345 8.1736
 53.4795 7.839
 53.7437 7.3184
 54.1455 6.9905
 54.123 6.8758
 53.901 6.58615
 53.893 6.23295
 54.0615 6.0285
 54.1373 5.8521
 54.1768 5.79955
 54.2097 5.7792
145 19 18
 39.9669 3.1458
 38.4251 3.26175
 37.8652 3.5272
 37.1756 3.0364
 36.0983 2.73305
 35.9524 3.7162
 35.837 3.79755
 35.1922 2.7917
 35.1378 2.0227
 35.1749 1.51025
 35.0326 1.24565
 34.7747 1.061
 34.7303 0.9671
 34.8222 0.364
 34.9104 -0.13145
 35.1064 -0.29785
 35.22 -0.45325
 35.1997 -0.4796
146 19 8
 37.3145 -1.7243
 36.0064 -1.28345
 35.7296 -0.93395
 35.2772 -0.8824
 35.1893 -0.70725
 35.2101 -0.60835
 35.2297 -0.50015
 35.1997 -0.4796
146 112 8
 37.3145 -1.7243
 39.0218 -1.206
 39.3011 -0.64305
 39.3441 -0.8633
 39.319 -1.41075
 39.5678 -2.54975
 40.0795 -3.2862
 40.2776 -3.2765
147 105 9
 25.5635 -41.7822
 25.9269 -43.1042
 26.1697 -43.9052
 26.9657 -44.4115
 28.9229 -45.2699
 30.2151 -45.5947
 30.3972 -45.5276
 30.5368 -45.4225
 30.6074 -45.3472
147 84 8
 25.5635 -41.7822
 25.0866 -41.3635
 23.5317 -41.9675
 22.0681 -42.2366
 21.4634 -41.7649
 21.0317 -41.3974
 20.9005 -41.1945
 20.8434 -41.1097
148 43 18
 17.2966 -24.9159
 17.5786 -25.1964
 17.7979 -25.2561
 17.9268 -25.193
 18.0746 -25.1278
 18.2286 -25.2014
 18.271 -25.3843
 18.3176 -25.4659
 18.3895 -25.4757
 18.5238 -25.4833
 18.6745 -25.4692
 18.7661 -25.3863
 18.7867 -25.3005
 18.8076 -25.2448
 18.7642 -25.2557
 18.7076 -25.1889
 18.653 -25.1495
 18.6426 -25.15
148 26 13
 17.2966 -24.9159
 17.0935 -24.6995
 16.9914 -24.6612
 16.9116 -24.5224
 16.6312 -24.147
 16.357 -23.7237
 16.3319 -23.4827
 16.155 -23.1217
 15.865 -22.8776
 15.5346 -22.8529
 15.314 -22.8097
 15.2666 -22.8366
 15.2482 -22.8336
149 10 9
 64.2218 40.416
 62.0471 40.3872
 61.6929 40.3478
 61.5774 40.3119
 61.6977 40.371
 61.9025 40.9958
 62.059 41.6881
 62.0175 41.8126
 61.9493 41.8389
149 33 4
 64.2218 40.416
 65.7868 39.75
 65.3923 39.0349
 65.3239 38.9827
150 75 14
 56.2471 -30.5392
 54.8043 -32.9595
 54.6648 -33.7801
 54.2724 -35.3618
 52.8447 -36.8535
 51.7268 -37.0064
 51.9584 -37.2568
 52.4462 -37.6499
 52.5342 -37.5511
 53.1137 -37.4378
 53.7295 -37.5666
 54.0177 -38.1155
 54.4408 -38.8425
 54.5903 -39.0623
150 13 7
 56.2471 -30.5392
 57.7563 -28.5887
 57.9935 -28.3497
 57.1424 -27.9277
 55.5775 -27.1931
 54.8378 -26.7017
 54.8447 -26.6952
151 43 27
 14.7959 -26.3768
 15.1604 -26.6867
 15.4831 -26.8209
 15.7484 -27.0296
 15.976 -27.0667
 16.2772 -26.9553
 16.2344 -26.8984
 16.6204 -26.4682
 16.9366 -26.0539
 17.2664 -25.7254
 17.6012 -25.4864
 17.7929 -25.3498
 17.9268 -25.193
 18.0746 -25.1278
 18.2286 -25.2014
 18.271 -25.3843
 18.3176 -25.4659
 18.3895 -25.4757
 18.5238 -25.4833
 18.6745 -25.4692
 18.7661 -25.3863
 18.7867 -25.3005
 18.8076 -25.2448
 18.7642 -25.2557
 18.7076 -25.1889
 18.653 -25.1495
 18.6426 -25.15
151 127 5
 14.7959 -26.3768
 14.3764 -26.0718
 13.9669 -25.9911
 13.7738 -25.8428
 13.769 -25.7686
152 20 12
 21.6538 -21.2874
 22.1237 -22.1506
 22.0499 -22.6632
 22.2574 -23.006
 22.7585 -23.7222
 22.9931 -24.4075
 23.0932 -24.7498
 23.257 -24.8588
 23.4051 -24.9464
 23.6589 -25.0109
 23.8139 -25.0076
 23.8111 -25.0178
152 59 13
 21.6538 -21.2874
 21.2733 -20.2558
 21.6027 -19.435
 21.8443 -18.5632
 22.1415 -17.7711
 22.5904 -17.8429
 23.6244 -17.7836
 24.6712 -17.8129
 24.8715 -18.3615
 24.9133 -18.6185
 25.0261 -18.5919
 25.121 -18.5704
 25.1373 -18.5732
153 37 6
 -10.0068 62.3578
 -10.8664 61.2152
 -11.1622 60.5537
 -11.4767 60.6644
 -11.6826 60.8373
 -11.769 60.8383
153 90 3
 -10.0068 62.3578
 -9.25075 63.0365
 -9.2532 63.1726
154 92 6
 -9.3355 70.5891
 -10.0765 72.1688
 -9.97445 72.7556
 -9.6707 73.4866
 -9.73835 73.8134
 -9.9845 74.0105
154 90 9
 -9.3355 70.5891
 -8.3922 68.7499
 -8.0724 68.1832
 -7.62725 67.2934
 -7.4977 66.2585
 -8.0694 65.3617
 -8.60135 63.9911
 -9.01805 63.1114
 -9.2532 63.1726
155 63 9
 19.1518 53.1945
 18.9522 52.287
 18.6306 52.8666
 17.9534 52.8901
 17.6336 52.5582
 17.2044 52.4452
 16.8313 52.4678
 16.792 52.5547
 16.7506 52.5922
155 50 4
 19.1518 53.1945
 19.478 53.9055
 19.7007 54.0771
 19.7069 54.1348
156 115 4
 37.3817 27.7135
 37.3494 26.3862
 36.8644 25.6169
 36.8146 25.6343
156 108 4
 37.3817 27.7135
 36.8518 28.4494
 36.7654 28.6625
 36.8062 28.6805
157 85 7
 62.5169 -9.97635
 62.8926 -10.8062
 62.8354 -11.0443
 63.2699 -11.4513
 63.7561 -11.8085
 63.8781 -11.8226
 63.9118 -11.8159
157 122 11
 62.5169 -9.97635
 62.0197 -8.9036
 61.978 -8.50185
 61.8626 -8.6602
 61.4334 -9.15155
 60.9249 -10.1357
 60.2245 -10.9966
 59.543 -11.3011
 59.3643 -11.5253
 59.353 -11.6882
 59.3585 -11.7125
158 64 15
 26.792 -24.3641
 27.5587 -23.9509
 27.9139 -23.4325
 27.9029 -22.6764
 27.6898 -21.9656
 28.0624 -21.8545
 28.5485 -21.6658
 28.9272 -21.8314
 29.4275 -22.5175
 29.6147 -22.9922
 29.8129 -23.2218
 30.1355 -23.5596
 30.2256 -23.7269
 30.2687 -23.7807
 30.2902 -23.8113
158 20 6
 26.792 -24.3641
 25.8567 -24.6138
 24.8411 -24.9725
 24.0265 -25.0079
 23.8626 -25.0039
 23.8111 -25.0178
159 26 14
 10.7442 -19.7331
 11.8209 -20.4114
 12.5431 -20.2524
 12.6971 -20.2139
 12.559 -20.3416
 12.735 -20.7202
 13.0653 -21.5453
 13.2169 -22.0835
 14.2143 -22.1982
 15.0184 -22.4594
 15.0174 -22.6548
 15.1481 -22.7493
 15.2271 -22.8237
 15.2482 -22.8336
159 25 3
 10.7442 -19.7331
 10.0686 -18.9747
 9.9172 -18.96
160 111 4
 0.30215 -29.5795
 0.6981 -28.6473
 0.63535 -28.3569
 0.63 -28.2937
160 69 4
 0.30215 -29.5795
 -0.1776 -30.4363
 -0.2299 -30.6124
 -0.2558 -30.6367
161 39 14
 14.7894 -34.3729
 14.1161 -35.2952
 14.9738 -35.9941
 15.9755 -37.0898
 15.6035 -38.4083
 15.1774 -39.909
 15.1203 -40.7733
 15.1722 -40.8067
 15.5999 -40.6367
 16.024 -40.4447
 16.1421 -40.4451
 16.334 -40.3934
 16.4487 -40.3698
 16.449 -40.3884
161 81 3
 14.7894 -34.3729
 15.6423 -33.6896
 15.9765 -33.6446
162 84 4
 19.2894 -42.1998
 20.4594 -41.8732
 20.8545 -41.201
 20.8434 -41.1097
162 39 5
 19.2894 -42.1998
 17.8335 -41.3175
 16.8783 -40.5673
 16.5322 -40.4166
 16.449 -40.3884
163 53 11
 4.1699 18.6966
 4.9702 19.9077
 5.7083 18.8175
 7.524 16.8337
 8.8977 15.8636
 8.7876 14.8524
 8.89395 12.7285
 9.0204 11.4893
 8.83385 11.3125
 8.8137 11.1934
 8.8141 11.1888
163 41 3
 4.1699 18.6966
 3.53225 17.4196
 3.4748 17.3665
164 70 27
 -18.3806 21.798
 -18.4088 22.8824
 -18.8074 23.5318
 -19.0797 23.7509
 -19.0315 23.8396
 -18.9236 23.9777
 -18.8734 24.2588
 -18.964 24.4828
 -18.946 24.5758
 -18.8249 24.6603
 -18.7454 24.6942
 -18.7092 24.7303
 -18.7413 24.7254
 -18.8423 24.8334
 -18.9051 24.938
 -18.9276 25.0021
 -18.949 25.1117
 -18.9263 25.1781
 -18.8741 25.1953
 -18.8538 25.2384
 -18.8335 25.2076
 -18.7808 25.2269
 -18.7076 25.2507
 -18.6617 25.2544
 -18.684 25.2226
 -18.6968 25.1811
 -18.7029 25.1669
164 87 19
 -18.3806 21.798
 -18.4772 20.9053
 -18.8928 20.4055
 -19.756 20.2888
 -20.4246 20.7269
 -20.6542 20.6219
 -21.0336 19.8417
 -21.8452 19.549
 -22.2117 19.237
 -22.1852 18.7628
 -23.2197 18.3829
 -24.1803 18.0511
 -23.9235 17.5392
 -24.2017 16.9273
 -24.7336 16.5107
 -24.8419 16.1871
 -25.1511 15.6941
 -25.4293 15.2488
 -25.4969 15.2207
165 87 34
 -10.9566 1.98075
 -10.3918 2.86625
 -10.2471 3.42185
 -10.8733 5.1304
 -11.0156 7.077
 -11.1908 7.97045
 -13.3044 8.86675
 -15.0821 9.8747
 -15.4268 10.7881
 -15.7726 12.1373
 -17.0662 13.1299
 -17.8643 12.7178
 -17.8055 11.6773
 -18.2924 10.9867
 -18.8075 10.3935
 -19.3326 10.8793
 -20.3678 10.8811
 -21.2001 11.4858
 -21.6637 11.8841
 -21.7571 11.9575
 -22.622 11.9547
 -23.7346 11.8261
 -24.3177 11.716
 -25.1129 11.7837
 -25.7119 11.8685
 -26.2866 12.0959
 -26.8609 12.6244
 -26.9836 13.4918
 -27.0725 14.0978
 -27.0471 14.2503
 -26.5282 14.4923
 -25.7397 14.805
 -25.4581 15.1166
 -25.4969 15.2207
165 100 18
 -10.9566 1.98075
 -11.4721 1.50165
 -12.4124 0.5468
 -13.8202 -0.7774
 -14.7472 -1.8917
 -15.0684 -2.73935
 -16.2264 -4.46035
 -18.3243 -5.96945
 -18.5504 -6.3678
 -18.7551 -8.5654
 -19.6632 -10.3977
 -19.7787 -10.6563
 -20.9943 -11.1479
 -22.1845 -12.1295
 -22.6658 -12.8811
 -23.2341 -12.2997
 -23.32 -11.6734
 -23.2744 -11.6586
166 87 6
 -27.5479 15.0439
 -27.0471 14.2503
 -26.5282 14.4923
 -25.7397 14.805
 -25.4581 15.1166
 -25.4969 15.2207
166 98 3
 -27.5479 15.0439
 -28.115 15.7266
 -28.1307 15.7523
167 68 17
 -12.2432 57.2971
 -13.1807 56.8249
 -14.0005 56.2139
 -14.541 55.6311
 -14.9313 55.4983
 -14.875 55.4027
 -15.1138 55.0312
 -15.237 54.2785
 -14.9373 53.5666
 -14.7825 53.2161
 -14.6017 53.2016
 -14.669 52.9058
 -14.6613 52.5658
 -14.6619 52.4643
 -14.6427 52.3935
 -14.6323 52.3448
 -14.6354 52.3305
167 37 7
 -12.2432 57.2971
 -11.5572 58.3048
 -11.3498 59.3061
 -11.4227 60.0916
 -11.4767 60.6644
 -11.6826 60.8373
 -11.769 60.8383
168 65 14
 -13.5083 61.7707
 -14.4953 62.9694
 -14.161 64.2756
 -13.9177 65.1665
 -14.2293 65.4261
 -14.556 65.5144
 -15.0898 65.8208
 -15.3509 66.1276
 -16.302 66.7016
 -17.2458 67.3993
 -17.2481 67.3997
 -17.4122 66.7516
 -17.6681 66.2667
 -17.7398 66.2162
168 37 5
 -13.5083 61.7707
 -12.7312 61.1261
 -12.2743 60.9137
 -11.7866 60.8313
 -11.769 60.8383
169 63 7
 16.659 55.0077
 16.8113 54.0584
 16.6505 53.6575
 16.5063 53.5057
 16.5927 53.0443
 16.7489 52.616
 16.7506 52.5922
169 36 6
 16.659 55.0077
 15.6243 56.0225
 14.8098 56.5731
 14.8223 56.8395
 14.876 56.9289
 14.9005 56.9312
170 124 28
 13.3382 39.6731
 13.7324 41.1657
 13.9124 41.5279
 13.894 42.285
 13.1939 43.382
 12.1143 43.3216
 11.6033 43.1442
 11.5272 44.0969
 11.1718 45.2994
 10.4853 46.462
 10.3268 47.0396
 9.8095 46.8802
 9.379 46.8668
 9.1347 46.8832
 8.0825 46.3377
 6.7599 45.8383
 5.61125 45.1724
 4.58645 44.8352
 3.98355 45.3325
 4.28465 45.345
 4.4355 45.6905
 5.32755 45.9342
 5.40665 46.7253
 4.84015 47.733
 5.6991 48.0006
 6.42115 48.0892
 6.4469 48.2396
 6.4415 48.309
170 34 4
 13.3382 39.6731
 13.0664 38.2259
 12.9067 38.1017
 12.837 38.0629
171 114 31
 1.624 41.4892
 1.36265 40.8598
 1.18295 39.4386
 1.15235 38.4449
 1.57065 38.2142
 1.6177 37.2653
 1.14945 36.1705
 0.99775 36.0808
 -5.00083e-05 35.7768
 -1.17245 35.5265
 -1.5635 35.4836
 -1.30615 34.9771
 -1.22645 33.9352
 -1.48365 32.9894
 -1.6355 32.6452
 -2.4846 31.8783
 -3.14115 31.2204
 -3.9033 31.4949
 -4.94115 31.6862
 -5.13795 31.3704
 -5.14535 30.8748
 -5.3553 30.202
 -5.4321 29.639
 -5.15915 29.3446
 -4.75615 29.0747
 -4.5668 28.922
 -4.37065 28.783
 -4.21535 28.7253
 -3.9031 28.6408
 -3.5453 28.6434
 -3.4939 28.7362
171 124 17
 1.624 41.4892
 1.55385 42.3324
 1.7683 43.3822
 2.07735 43.6549
 2.17425 44.362
 2.3012 45.0522
 3.03705 45.2607
 3.98355 45.3325
 4.28465 45.345
 4.4355 45.6905
 5.32755 45.9342
 5.40665 46.7253
 4.84015 47.733
 5.6991 48.0006
 6.42115 48.0892
 6.4469 48.2396
 6.4415 48.309
172 114 20
 1.8472 31.5668
 -0.1255 31.7982
 -1.5284 32.5574
 -1.6355 32.6452
 -2.4846 31.8783
 -3.14115 31.2204
 -3.9033 31.4949
 -4.94115 31.6862
 -5.13795 31.3704
 -5.14535 30.8748
 -5.3553 30.202
 -5.4321 29.639
 -5.15915 29.3446
 -4.75615 29.0747
 -4.5668 28.922
 -4.37065 28.783
 -4.21535 28.7253
 -3.9031 28.6408
 -3.5453 28.6434
 -3.4939 28.7362
172 66 12
 1.8472 31.5668
 2.90205 31.746
 3.9901 31.5388
 4.5938 31.3931
 4.6937 31.7911
 5.29715 32.758
 5.834 33.2909
 5.9774 33.4275
 6.1992 33.9406
 6.59565 34.8256
 6.867 35.4536
 6.9055 35.4981
173 115 16
 28.5714 23.703
 28.7248 22.5288
 29.1849 21.6339
 29.5033 21.6532
 30.4059 23.0991
 31.2046 24.36
 31.486 24.2733
 32.1291 23.6557
 33.0718 23.1016
 33.7822 23.1295
 34.2618 23.3706
 34.8979 24.1507
 35.59 24.5935
 36.4314 24.9817
 36.8958 25.554
 36.8146 25.6343
173 27 3
 28.5714 23.703
 28.6493 24.7656
 28.5242 25.4268
174 126 15
 39.4544 29.9506
 40.3659 30.2432
 41.6952 30.6825
 42.8568 30.8973
 43.6513 30.8491
 44.3738 30.8078
 44.4084 30.6498
 44.1623 29.9171
 43.9265 29.1406
 44.0769 28.6896
 44.6259 28.1842
 45.338 27.6413
 45.7772 27.4985
 45.809 27.667
 45.8437 27.6524
174 108 4
 39.4544 29.9506
 37.8891 29.2555
 36.8141 28.6775
 36.8062 28.6805
175 86 12
 44.8224 43.8971
 45.8419 44.6376
 47.1432 43.9451
 47.3023 43.5123
 47.6743 42.9688
 48.4931 42.0722
 49.1409 41.5016
 49.2367 41.4176
 49.706 41.1243
 50.6776 40.5063
 50.9554 40.0466
 50.7197 39.92
175 128 7
 44.8224 43.8971
 44.5342 42.5252
 43.3657 42.6655
 42.2964 43.1385
 41.5725 43.584
 41.2689 43.9985
 41.2612 44.0703
176 125 17
 38.7331 61.7559
 39.0199 62.5999
 39.1387 63.03
 39.1881 64.0296
 39.2581 64.8331
 39.5247 65.2286
 39.8507 66.0088
 40.1158 66.7561
 40.3575 67.1498
 40.7018 67.3798
 41.1383 67.4532
 41.8523 67.5852
 42.7166 67.8008
 43.6451 67.696
 44.358 67.5352
 44.6908 67.6956
 44.8836 67.8032
176 54 6
 38.7331 61.7559
 38.4335 60.7866
 38.3396 60.5017
 38.2383 60.1213
 38.1469 59.7539
 38.138 59.6902
177 54 25
 39.4825 52.3561
 38.7088 53.1173
 38.2914 53.5686
 38.0529 53.9338
 37.7103 54.2459
 38.0311 54.6132
 38.4858 55.1647
 38.7643 55.6614
 38.7255 56.2607
 38.6182 56.7724
 38.4864 57.0849
 38.3716 57.2527
 38.3529 57.3609
 38.3571 57.445
 38.1089 57.7698
 37.8 58.3096
 37.6889 58.5962
 37.7012 58.8413
 37.7405 59.189
 37.8545 59.3822
 37.9969 59.4509
 38.131 59.5317
 38.2051 59.6296
 38.158 59.6745
 38.138 59.6902
177 129 4
 39.4825 52.3561
 40.1298 51.6782
 40.2994 51.2843
 40.2174 51.2235
178 120 15
 61.3118 34.7891
 61.7727 34.7262
 61.944 34.7775
 62.0982 34.2433
 62.2958 33.625
 62.4009 33.2833
 62.1236 32.6938
 61.8228 32.2398
 61.761 32.1105
 61.6756 32.1331
 61.5776 32.208
 61.4217 32.3455
 60.8093 33.2041
 60.2662 33.9956
 60.2409 34.0176
178 10 23
 61.3118 34.7891
 60.6849 35.0693
 60.4026 35.4212
 60.6015 35.9192
 60.7858 36.2973
 60.7711 36.4297
 60.7708 36.5542
 60.6787 36.6899
 60.7922 36.9518
 61.0395 37.2338
 61.028 37.4025
 61.0295 37.5597
 61.0124 38.1611
 61.0135 38.7493
 61.1813 38.9039
 61.2447 39.1504
 61.371 39.8009
 61.5774 40.3119
 61.6977 40.371
 61.9025 40.9958
 62.059 41.6881
 62.0175 41.8126
 61.9493 41.8389
179 10 21
 64.0843 49.2172
 63.1088 48.2726
 62.8476 47.7615
 62.799 47.5761
 62.7962 47.2161
 62.7665 46.8717
 62.5615 46.6106
 62.4456 46.3183
 62.2109 46.2051
 62.2534 46.0386
 62.7557 45.3438
 62.7705 44.759
 62.1976 44.5767
 62.556 44.2666
 62.5254 43.7099
 62.4088 43.3738
 62.2916 42.809
 62.1442 42.2287
 61.9753 41.924
 61.9504 41.847
 61.9493 41.8389
179 49 12
 64.0843 49.2172
 65.114 49.6869
 66.0653 49.9587
 66.7411 50.4275
 66.6828 51.1988
 66.7749 51.88
 66.7552 51.9216
 66.6451 53.0012
 66.6718 54.1807
 66.5387 54.3214
 66.4709 54.3842
 66.4742 54.3977
180 9 5
 71.2753 59.7663
 71.8777 59.6664
 72.1254 59.5489
 72.1521 59.4968
 72.1753 59.4456
180 49 17
 71.2753 59.7663
 69.7999 59.6302
 68.6452 59.7403
 68.373 60.494
 67.6455 59.9841
 66.6313 59.5885
 65.9765 60.0431
 66.1618 59.2419
 66.7917 58.0162
 66.1962 56.9434
 66.1872 56.5669
 66.9464 55.9549
 66.7971 55.161
 66.7683 54.9826
 66.6802 54.6376
 66.5423 54.3872
 66.4742 54.3977
181 120 9
 61.9662 30.9742
 61.9916 31.6926
 61.7688 32.0723
 61.6756 32.1331
 61.5776 32.208
 61.4217 32.3455
 60.8093 33.2041
 60.2662 33.9956
 60.2409 34.0176
181 113 5
 61.9662 30.9742
 61.7814 30.2132
 61.83 29.7197
 61.8632 29.6157
 61.8546 29.6173
182 48 23
 60.7057 27.6791
 59.7139 26.6952
 59.2122 26.0181
 58.8403 25.7173
 58.2907 25.2566
 57.6934 24.8644
 57.376 24.7295
 57.0149 24.4039
 56.5733 24.0397
 56.2044 24.0215
 55.9289 24.0564
 55.6699 24.0646
 55.5051 23.987
 55.4194 23.4199
 55.1585 22.8074
 55.105 22.623
 54.4333 22.4955
 53.7719 22.416
 53.5656 22.5532
 53.2401 22.0566
 53.0667 21.4489
 53.0432 21.2626
 52.9391 21.1721
182 113 5
 60.7057 27.6791
 61.6215 28.3093
 61.8861 28.9767
 61.9064 29.5145
 61.8546 29.6173
183 47 9
 57.8951 29.637
 57.46 29.4314
 57.3413 29.104
 56.9991 28.5363
 56.7324 28.195
 56.6327 27.7025
 56.4005 27.0248
 56.216 26.7048
 56.2049 26.6664
183 97 3
 57.8951 29.637
 58.3959 29.8533
 58.4638 29.8688
184 46 6
 64.2914 21.159
 65.371 22.0753
 65.7109 22.0865
 65.659 21.9619
 65.5564 21.8574
 65.5163 21.835
184 17 7
 64.2914 21.159
 63.5945 20.23
 63.6022 20.1887
 63.3554 20.3374
 62.8868 20.1191
 62.7556 19.8085
 62.8919 19.8398
185 61 8
 59.7892 14.2282
 61.001 13.8077
 61.166 13.5373
 61.4422 13.5753
 61.922 13.7878
 62.5997 13.6698
 63.0468 13.5399
 63.0585 13.56
185 78 5
 59.7892 14.2282
 58.6054 14.4211
 58.2899 14.1849
 57.9984 14.091
 57.9239 14.1339
186 35 29
 55.2133 3.73355
 54.5099 3.58455
 54.0899 3.4439
 54.2639 3.87585
 54.4622 4.35115
 54.612 4.78055
 55.0179 5.22325
 55.4794 5.6173
 55.3122 5.95955
 55.1412 6.5437
 55.133 6.9
 55.2209 7.0292
 55.3674 7.09385
 55.4119 7.15905
 55.4519 7.1839
 55.3672 7.1994
 55.2706 7.2725
 55.1683 7.3035
 55.0594 7.2359
 54.9513 7.20905
 54.6292 7.11355
 54.2998 6.949
 54.123 6.8758
 53.901 6.58615
 53.893 6.23295
 54.0615 6.0285
 54.1373 5.8521
 54.1768 5.79955
 54.2097 5.7792
186 55 5
 55.2133 3.73355
 55.8445 3.95405
 56.1519 3.8266
 56.5198 3.55135
 56.7624 3.3094
187 67 8
 23.279 16.5599
 23.3268 17.1167
 22.7739 17.375
 21.4747 17.9909
 20.3479 18.3212
 20.2901 18.371
 20.2799 18.6442
 20.2889 18.9049
187 29 18
 23.279 16.5599
 23.0139 15.3746
 22.9598 14.156
 22.7796 13.4607
 22.6826 13.3043
 22.3284 12.1903
 22.0719 11.1863
 22.2481 10.4531
 22.3945 9.6107
 21.9858 8.84855
 21.551 8.208
 21.2777 8.2746
 21.5556 8.1879
 22.2599 8.04085
 23.2861 7.9647
 23.6715 7.92765
 23.6688 7.83595
 23.6609 7.8253
188 29 11
 27.7833 11.4145
 25.5024 10.5665
 25.0814 10.361
 25.0735 10.2493
 25.1248 9.90305
 24.6898 8.90665
 24.1357 8.1131
 23.9184 7.9705
 23.7391 7.8323
 23.6688 7.83595
 23.6609 7.8253
188 16 6
 27.7833 11.4145
 29.8568 11.7291
 29.4394 10.9864
 29.1782 9.92705
 29.0895 9.81145
 29.0176 9.726
189 2 9
 30.6754 -19.563
 31.8487 -20.0634
 32.4264 -21.3285
 32.9587 -22.9881
 32.831 -23.5829
 32.799 -23.8204
 32.9241 -24.1267
 32.9848 -24.2853
 32.9907 -24.3174
189 64 12
 30.6754 -19.563
 29.3765 -18.6151
 29.451 -20.3395
 29.0252 -21.5289
 28.9272 -21.8314
 29.4275 -22.5175
 29.6147 -22.9922
 29.8129 -23.2218
 30.1355 -23.5596
 30.2256 -23.7269
 30.2687 -23.7807
 30.2902 -23.8113
190 28 20
 22.1883 -15.7499
 22.6131 -15.1723
 22.5617 -14.8778
 22.6436 -14.0103
 22.7992 -13.0597
 22.8694 -12.8512
 22.8749 -12.7454
 22.8153 -12.6831
 22.9354 -12.6982
 23.0915 -12.6572
 23.2179 -12.6311
 23.2559 -12.5772
 23.292 -12.5258
 23.3146 -12.4961
 23.3307 -12.4798
 23.3869 -12.4842
 23.4416 -12.5009
 23.4792 -12.5259
 23.5399 -12.5583
 23.5749 -12.5726
190 59 15
 22.1883 -15.7499
 21.6097 -16.0952
 21.4403 -16.1787
 21.3063 -16.772
 21.646 -17.2409
 21.9626 -17.5342
 22.1415 -17.7711
 22.5904 -17.8429
 23.6244 -17.7836
 24.6712 -17.8129
 24.8715 -18.3615
 24.9133 -18.6185
 25.0261 -18.5919
 25.121 -18.5704
 25.1373 -18.5732
191 43 25
 22.1313 -26.0925
 21.5219 -25.8481
 21.1563 -25.6468
 20.9822 -25.966
 20.594 -25.8377
 20.0956 -25.5312
 19.8085 -25.489
 19.7146 -25.5512
 19.5509 -25.6026
 19.4255 -25.5354
 19.4156 -25.4491
 19.3875 -25.347
 19.3006 -25.293
 19.2041 -25.3287
 19.1406 -25.3654
 19.0519 -25.3409
 18.9526 -25.3178
 18.9035 -25.2887
 18.8799 -25.2419
 18.8541 -25.2128
 18.8076 -25.2448
 18.7642 -25.2557
 18.7076 -25.1889
 18.653 -25.1495
 18.6426 -25.15
191 20 10
 22.1313 -26.0925
 22.4798 -25.8167
 22.649 -25.472
 22.8596 -25.1813
 23.1721 -25.0473
 23.3451 -24.9449
 23.4051 -24.9464
 23.6589 -25.0109
 23.8139 -25.0076
 23.8111 -25.0178
192 18 17
 46.9495 -15.2133
 47.2435 -15.3051
 47.7693 -15.5831
 48.2869 -15.8263
 48.436 -15.8729
 48.7627 -15.3279
 49.278 -14.9527
 49.4875 -14.9934
 49.6283 -14.9343
 49.941 -14.6413
 50.2304 -14.3398
 50.2218 -14.0091
 50.2139 -13.6435
 50.347 -13.5275
 50.4787 -13.4825
 50.5197 -13.4103
 50.4945 -13.3433
192 107 4
 46.9495 -15.2133
 46.6424 -15.1624
 46.4402 -15.0132
 46.4376 -15.0079
193 23 9
 55.5493 -25.9202
 55.1676 -24.836
 55.1874 -24.3813
 55.5275 -23.9238
 55.9949 -23.8993
 56.0256 -23.8366
 56.0196 -23.3735
 56.0967 -22.9132
 56.0829 -22.7897
193 13 3
 55.5493 -25.9202
 55.3975 -26.8071
 54.8447 -26.6952
194 13 12
 63.4925 -35.4348
 65.8282 -25.6017
 64.8346 -24.8937
 62.6637 -26.5386
 60.9832 -28.4049
 60.3261 -28.5035
 58.886 -28.5345
 57.9935 -28.3497
 57.1424 -27.9277
 55.5775 -27.1931
 54.8378 -26.7017
 54.8447 -26.6952
194 116 3
 63.4925 -35.4348
 60.2326 -45.4763
 59.735 -46.226
195 70 35
 -21.9232 29.1809
 -21.5221 28.7214
 -21.0453 28.501
 -21.2821 28.5775
 -21.1753 28.2752
 -21 27.931
 -20.7804 27.531
 -20.4775 27.0028
 -20.279 26.7256
 -20.1649 26.7427
 -20.0668 26.6686
 -19.8661 26.3174
 -19.722 26.0397
 -19.6216 25.8012
 -19.4433 25.6271
 -19.34 25.6128
 -19.2897 25.5163
 -19.2439 25.3907
 -19.184 25.3412
 -19.1451 25.3871
 -19.0775 25.4113
 -19.0082 25.4053
 -18.9147 25.4109
 -18.8562 25.4618
 -18.8823 25.3622
 -18.8839 25.2743
 -18.8758 25.2593
 -18.8538 25.2384
 -18.8335 25.2076
 -18.7808 25.2269
 -18.7076 25.2507
 -18.6617 25.2544
 -18.684 25.2226
 -18.6968 25.1811
 -18.7029 25.1669
195 73 19
 -21.9232 29.1809
 -22.101 29.567
 -22.1035 29.6482
 -22.3331 29.6338
 -22.6545 29.5968
 -22.8067 29.4067
 -22.9719 29.3237
 -23.2453 29.5097
 -23.4796 29.716
 -23.6312 29.8054
 -23.7501 30.1502
 -23.7691 30.5003
 -23.944 30.7137
 -24.1886 30.9169
 -24.3074 30.908
 -24.5502 30.8446
 -24.8028 30.7988
 -24.9053 30.8065
 -24.9117 30.833
196 65 7
 -18.6345 69.3993
 -18.1371 68.5627
 -17.4007 67.8282
 -17.2481 67.3997
 -17.4122 66.7516
 -17.6681 66.2667
 -17.7398 66.2162
196 42 6
 -18.6345 69.3993
 -18.6863 69.9409
 -19.3343 70.0731
 -20.1809 69.9622
 -20.6054 69.9057
 -20.6727 69.8673
197 98 5
 -29.3993 20.8418
 -28.6135 18.0001
 -27.9577 16.2958
 -28.0652 15.7472
 -28.1307 15.7523
197 5 4
 -29.3993 20.8418
 -29.5555 22.6013
 -29.6329 22.7534
 -29.6419 22.837
198 7 14
 15.1886 52.2351
 14.6406 51.8
 14.6234 51.7501
 14.3691 51.613
 14.0774 51.5306
 13.2419 51.8396
 12.4123 52.1522
 12.2136 51.5172
 11.9307 50.8768
 11.9088 50.8069
 11.9907 50.6828
 12.0345 50.5989
 12.075 50.5314
 12.0864 50.4823
198 63 4
 15.1886 52.2351
 16.1539 52.6041
 16.6829 52.5578
 16.7506 52.5922
199 55 3
 57.2395 3.0534
 56.7731 3.3152
 56.7624 3.3094
199 103 5
 57.2395 3.0534
 57.7189 2.68855
 57.7463 2.34585
 57.7442 2.0804
 57.7384 2.0604
200 107 17
 37.9379 -25.3276
 38.5807 -22.9254
 39.4314 -20.8144
 39.3813 -20.2868
 40.8427 -19.231
 42.3629 -18.3006
 42.6898 -18.136
 43.2932 -17.7985
 43.7228 -17.6047
 43.6576 -17.5401
 44.0984 -16.1773
 44.6838 -14.6714
 44.8523 -14.4706
 45.3717 -14.764
 46.0509 -15.0215
 46.3829 -14.9941
 46.4376 -15.0079
200 96 6
 37.9379 -25.3276
 38.2982 -27.607
 38.3148 -29.3345
 37.7011 -29.5216
 37.0991 -29.5662
 37.0912 -29.5568
201 53 9
 12.9534 10.625
 11.6056 10.5506
 11.018 10.2853
 10.6966 10.161
 10.5765 10.3368
 10.3216 10.3978
 9.5455 10.7385
 8.8923 11.1821
 8.8141 11.1888
201 12 10
 12.9534 10.625
 14.6125 10.3774
 15.2243 10.1234
 15.402 9.76955
 15.6554 9.46775
 16.4629 8.8539
 17.2727 8.2818
 17.4471 8.378
 17.5763 8.4407
 17.5767 8.4466
202 44 7
 -11.9612 20.3798
 -11.897 19.6497
 -11.3429 19.8818
 -10.7281 19.9115
 -10.5337 19.4868
 -10.4771 19.2906
 -10.4856 19.2873
202 77 3
 -11.9612 20.3798
 -11.9207 21.2146
 -11.8848 21.3488
203 70 29
 -15.7237 25.4485
 -16.3892 24.792
 -16.5906 24.4814
 -16.6371 24.1159
 -16.4454 23.6561
 -16.3942 23.4687
 -16.8657 23.7661
 -17.6674 24.2087
 -18.0878 24.3716
 -18.2713 24.4887
 -18.4622 24.5396
 -18.6483 24.5381
 -18.733 24.6304
 -18.7092 24.7303
 -18.7413 24.7254
 -18.8423 24.8334
 -18.9051 24.938
 -18.9276 25.0021
 -18.949 25.1117
 -18.9263 25.1781
 -18.8741 25.1953
 -18.8538 25.2384
 -18.8335 25.2076
 -18.7808 25.2269
 -18.7076 25.2507
 -18.6617 25.2544
 -18.684 25.2226
 -18.6968 25.1811
 -18.7029 25.1669
203 82 16
 -15.7237 25.4485
 -15.168 26.3101
 -15.3193 26.9871
 -15.2846 27.5783
 -15.0252 27.7072
 -14.2197 27.2524
 -13.1372 27.0344
 -12.4768 26.5884
 -11.6178 26.5772
 -10.9513 27.0121
 -10.8454 27.3676
 -10.7747 27.7341
 -10.694 27.7964
 -10.2239 27.6715
 -9.816 27.4741
 -9.8099 27.4565
204 14 7
 -17.9331 33.718
 -18.1076 33.188
 -18.349 33.1432
 -18.3931 32.9252
 -18.2159 32.7168
 -18.0979 32.676
 -18.0859 32.6787
204 21 4
 -17.9331 33.718
 -18.0819 34.5422
 -18.2514 34.9211
 -18.2238 35.0142
205 121 11
 -25.2887 35.1764
 -25.367 36.014
 -25.2829 36.7371
 -25.4685 36.732
 -25.9857 36.4655
 -26.5914 36.698
 -26.9589 37.2584
 -27.0117 37.5873
 -27.0122 37.6675
 -27.0527 37.7267
 -27.1012 37.7479
205 73 24
 -25.2887 35.1764
 -24.9858 34.6845
 -25.1577 33.8382
 -25.6549 32.996
 -26.0624 32.9408
 -26.3499 33.0267
 -26.4591 33.0832
 -26.2854 32.7448
 -26.1822 32.3327
 -25.939 32.1662
 -25.6484 32.1738
 -25.4509 32.1951
 -25.098 32.19
 -24.7696 32.2075
 -24.2602 32.1862
 -23.7201 32.231
 -24.0055 31.8729
 -24.1164 31.497
 -24.1483 31.173
 -24.3074 30.908
 -24.5502 30.8446
 -24.8028 30.7988
 -24.9053 30.8065
 -24.9117 30.833
206 125 7
 44.8125 67.1616
 44.9573 67.4501
 45.0304 67.5989
 45.02 67.6718
 44.9594 67.7486
 44.8987 67.7915
 44.8836 67.8032
206 22 6
 44.8125 67.1616
 44.8015 65.9566
 44.9525 64.8855
 45.2679 64.7548
 45.5536 64.6038
 45.6098 64.5503
207 102 10
 31.1616 -29.9338
 30.4881 -28.3289
 29.6204 -27.2477
 29.1293 -28.0299
 28.6793 -28.2099
 27.321 -29.139
 25.7017 -30.4307
 24.9496 -30.6471
 24.8063 -30.7187
 24.7889 -30.7735
207 109 7
 31.1616 -29.9338
 31.6421 -30.133
 31.9912 -30.2376
 32.5791 -30.3699
 33.3703 -30.7171
 33.5852 -30.9921
 33.516 -31.0626
208 52 12
 53.639 -18.4296
 52.7403 -18.9132
 52.4638 -18.9966
 52.822 -19.6348
 53.0199 -20.0247
 53.2444 -20.2393
 53.4342 -20.6789
 53.5116 -21.0928
 53.6072 -21.2961
 53.3701 -21.4115
 53.0901 -21.5275
 53.0551 -21.5419
208 106 4
 53.639 -18.4296
 54.2799 -17.3258
 54.4441 -16.831
 54.4051 -16.7918
209 69 20
 -8.5743 -32.7972
 -6.69255 -32.5789
 -6.12615 -32.7135
 -5.40885 -32.7239
 -5.11025 -32.6582
 -4.3769 -32.7359
 -3.67085 -32.6253
 -3.31365 -32.1473
 -2.89985 -31.7029
 -2.70635 -31.6171
 -2.54145 -31.5217
 -1.92485 -31.0705
 -1.32245 -30.695
 -1.057 -30.6845
 -0.7874 -30.6065
 -0.66665 -30.5
 -0.58845 -30.4415
 -0.43655 -30.5098
 -0.30615 -30.6233
 -0.2558 -30.6367
209 80 19
 -8.5743 -32.7972
 -10.5541 -32.443
 -11.6712 -32.2399
 -12.9176 -32.6387
 -13.4951 -32.8432
 -14.0852 -32.7271
 -14.6334 -31.9823
 -15.253 -31.5701
 -16.5129 -31.5625
 -17.944 -31.3512
 -19.1409 -30.7111
 -19.8389 -30.2144
 -20.4095 -30.7725
 -21.2215 -31.4353
 -20.5775 -31.4245
 -21.0378 -32.7317
 -22.059 -34.8439
 -22.2326 -35.7519
 -22.2404 -35.7619
210 11 9
 -7.3304 -23.6038
 -6.2919 -24.2302
 -5.7669 -24.884
 -5.12015 -25.8308
 -4.71195 -26.2308
 -4.6532 -26.2756
 -4.6401 -26.3139
 -4.60115 -26.3653
 -4.5922 -26.3787
210 110 10
 -7.3304 -23.6038
 -8.3399 -22.9209
 -9.0277 -22.3814
 -9.98555 -22.0247
 -10.5343 -22.1057
 -11.2474 -21.8058
 -12.1343 -20.7271
 -12.8587 -19.9831
 -13.3243 -20.0151
 -13.3364 -20.0298
211 110 18
 -4.98265 -18.1904
 -3.9826 -19.3937
 -4.0267 -20.2148
 -4.9388 -20.9753
 -6.41325 -21.2274
 -7.87115 -20.8773
 -8.2589 -20.0662
 -7.8535 -20.9824
 -7.95805 -22.0546
 -8.5159 -22.7462
 -9.0277 -22.3814
 -9.98555 -22.0247
 -10.5343 -22.1057
 -11.2474 -21.8058
 -12.1343 -20.7271
 -12.8587 -19.9831
 -13.3243 -20.0151
 -13.3364 -20.0298
211 31 4
 -4.98265 -18.1904
 -5.6224 -17.2348
 -5.7471 -17.1564
 -5.8105 -17.1617
212 101 5
 -16.5577 -20.7603
 -17.8819 -22.1688
 -19.1379 -23.187
 -19.8841 -23.6355
 -19.9403 -23.731
212 110 6
 -16.5577 -20.7603
 -14.6611 -18.9449
 -13.0821 -18.4762
 -12.9768 -19.54
 -13.3243 -20.0151
 -13.3364 -20.0298
213 1 17
 1.5198 -30.652
 2.1013 -30.6941
 2.61065 -30.6463
 2.76165 -30.6664
 2.97295 -30.6968
 3.0547 -30.5842
 3.36625 -30.2885
 4.1624 -30.2387
 4.9927 -30.229
 5.96775 -30.4022
 6.8257 -30.2491
 7.09795 -29.6566
 7.89485 -29.1917
 8.8927 -28.895
 9.26105 -28.9124
 9.4104 -28.9073
 9.4162 -28.9451
213 69 6
 1.5198 -30.652
 0.97585 -30.5163
 0.40965 -30.5354
 0.035 -30.6071
 -0.2299 -30.6124
 -0.2558 -30.6367
214 30 6
 11.1833 -27.9148
 11.5386 -27.9079
 11.7293 -27.8475
 11.9781 -27.7826
 12.0776 -27.7114
 12.0912 -27.6549
214 1 9
 11.1833 -27.9148
 10.8122 -28.2897
 10.7547 -28.7087
 10.5165 -28.874
 10.0209 -28.9144
 9.6402 -28.8527
 9.49225 -28.8977
 9.4348 -28.9329
 9.4162 -28.9451
215 30 6
 13.5552 -26.6123
 13.3698 -27.3913
 13.0686 -27.6491
 12.4496 -27.6937
 12.1101 -27.675
 12.0912 -27.6549
215 127 4
 13.5552 -26.6123
 13.7581 -25.9825
 13.7738 -25.8428
 13.769 -25.7686
216 29 14
 18.5527 7.7126
 19.1692 7.2026
 19.7948 7.34185
 19.9687 7.31515
 20.4132 7.54185
 20.7785 7.82805
 20.9068 8.12195
 21.2777 8.2746
 21.5556 8.1879
 22.2599 8.04085
 23.2861 7.9647
 23.6715 7.92765
 23.6688 7.83595
 23.6609 7.8253
216 12 5
 18.5527 7.7126
 18.0822 8.44225
 17.6711 8.47025
 17.5992 8.45655
 17.5767 8.4466
217 28 44
 17.1558 -10.7999
 18.4709 -10.3621
 18.9629 -10.3992
 19.2472 -10.3156
 19.3697 -9.7681
 19.4699 -9.1681
 19.5723 -9.05245
 19.7893 -9.25725
 20.279 -9.56825
 21.148 -9.75565
 20.8037 -10.1081
 20.8708 -10.4834
 20.8477 -10.5786
 20.7642 -10.6728
 20.7188 -10.7898
 20.7118 -10.931
 20.7307 -11.0385
 20.7934 -11.1461
 20.8494 -11.213
 20.9007 -11.2568
 20.9365 -11.4055
 20.9723 -11.6233
 21.0297 -11.7411
 21.1809 -11.7626
 21.5129 -12.0425
 21.8764 -12.2944
 22.106 -12.3824
 22.3472 -12.6234
 22.6266 -12.7493
 22.795 -12.7516
 22.8749 -12.7454
 22.8153 -12.6831
 22.9354 -12.6982
 23.0915 -12.6572
 23.2179 -12.6311
 23.2559 -12.5772
 23.292 -12.5258
 23.3146 -12.4961
 23.3307 -12.4798
 23.3869 -12.4842
 23.4416 -12.5009
 23.4792 -12.5259
 23.5399 -12.5583
 23.5749 -12.5726
217 93 4
 17.1558 -10.7999
 15.2533 -11.8467
 14.5363 -12.5058
 14.5261 -12.5242
218 28 42
 18.0006 -6.8777
 19.0509 -7.91265
 19.4944 -8.7059
 19.3 -8.91515
 19.5723 -9.05245
 19.7893 -9.25725
 20.279 -9.56825
 21.148 -9.75565
 20.8037 -10.1081
 20.8708 -10.4834
 20.8477 -10.5786
 20.7642 -10.6728
 20.7188 -10.7898
 20.7118 -10.931
 20.7307 -11.0385
 20.7934 -11.1461
 20.8494 -11.213
 20.9007 -11.2568
 20.9365 -11.4055
 20.9723 -11.6233
 21.0297 -11.7411
 21.1809 -11.7626
 21.5129 -12.0425
 21.8764 -12.2944
 22.106 -12.3824
 22.3472 -12.6234
 22.6266 -12.7493
 22.795 -12.7516
 22.8749 -12.7454
 22.8153 -12.6831
 22.9354 -12.6982
 23.0915 -12.6572
 23.2179 -12.6311
 23.2559 -12.5772
 23.292 -12.5258
 23.3146 -12.4961
 23.3307 -12.4798
 23.3869 -12.4842
 23.4416 -12.5009
 23.4792 -12.5259
 23.5399 -12.5583
 23.5749 -12.5726
218 6 4
 18.0006 -6.8777
 17.6637 -6.3187
 17.6788 -6.14455
 17.6776 -6.1267
219 58 10
 19.0387 -6.227
 19.862 -5.13905
 19.5863 -4.16215
 19.2089 -3.59315
 19.4266 -3.47515
 19.6093 -3.37205
 19.6524 -3.17095
 19.7096 -2.9881
 19.7701 -2.7717
 19.8052 -2.6116
219 6 5
 19.0387 -6.227
 18.1323 -6.58195
 17.7906 -6.25435
 17.6788 -6.14455
 17.6776 -6.1267
220 38 10
 19.1111 0.2558
 18.5262 0.47755
 18.5201 0.5837
 18.7563 0.9691
 19.0706 1.4636
 19.1525 1.71635
 19.2626 1.9091
 19.4155 2.0267
 19.4874 2.00305
 19.507 1.992
220 58 6
 19.1111 0.2558
 19.6549 -0.08665
 19.6292 -1.1614
 19.5959 -2.2926
 19.6764 -2.5532
 19.8052 -2.6116
221 38 12
 18.0141 4.7978
 17.8335 4.12095
 17.8768 3.9983
 18.3132 3.8159
 19.1576 3.4143
 19.5094 3.0549
 19.4268 2.79445
 19.4824 2.47785
 19.5336 2.19485
 19.5465 2.0879
 19.5331 2.02935
 19.507 1.992
221 29 16
 18.0141 4.7978
 18.3147 5.4216
 18.5531 5.4894
 19.2615 6.1267
 19.8761 7.02995
 19.9687 7.31515
 20.4132 7.54185
 20.7785 7.82805
 20.9068 8.12195
 21.2777 8.2746
 21.5556 8.1879
 22.2599 8.04085
 23.2861 7.9647
 23.6715 7.92765
 23.6688 7.83595
 23.6609 7.8253
222 53 8
 10.7621 17.9024
 9.28845 16.9805
 8.7876 14.8524
 8.89395 12.7285
 9.0204 11.4893
 8.83385 11.3125
 8.8137 11.1934
 8.8141 11.1888
222 56 7
 10.7621 17.9024
 12.1941 18.1129
 12.9667 18.6876
 13.5427 18.876
 13.5964 19.3727
 13.585 19.7974
 13.5966 19.8088
223 53 7
 6.7791 9.13225
 7.7883 10.1756
 7.96605 10.445
 8.18795 10.8848
 8.48745 11.1723
 8.7936 11.1707
 8.8141 11.1888
223 74 5
 6.7791 9.13225
 4.70785 8.9649
 3.4614 9.5764
 3.11285 9.35445
 2.979 9.2603
224 114 20
 5.0385 24.1397
 3.9696 23.3742
 3.5113 23.0177
 3.363 22.9876
 3.05415 22.7857
 2.3587 22.7959
 1.4516 24.115
 0.7382 25.6102
 0.12575 25.9643
 -0.25945 25.6236
 -0.6281 25.3607
 -1.3418 25.5068
 -1.65685 25.6173
 -1.41145 26.5991
 -1.008 28.0737
 -1.79655 27.6754
 -2.8131 28.1134
 -3.35685 28.5707
 -3.4908 28.7145
 -3.4939 28.7362
224 56 13
 5.0385 24.1397
 6.23805 24.5944
 6.7359 24.5074
 7.41405 23.9328
 8.50595 23.4464
 9.16785 23.2343
 10.4703 23.2383
 11.9546 22.9681
 12.1974 21.9137
 11.9231 21.2046
 12.6759 20.6119
 13.4562 19.8512
 13.5966 19.8088
225 70 31
 -13.7423 22.4904
 -14.5972 22.9249
 -15.2708 23.3506
 -15.6754 23.1702
 -16.0731 23.1908
 -16.3378 23.4468
 -16.4454 23.6561
 -16.3942 23.4687
 -16.8657 23.7661
 -17.6674 24.2087
 -18.0878 24.3716
 -18.2713 24.4887
 -18.4622 24.5396
 -18.6483 24.5381
 -18.733 24.6304
 -18.7092 24.7303
 -18.7413 24.7254
 -18.8423 24.8334
 -18.9051 24.938
 -18.9276 25.0021
 -18.949 25.1117
 -18.9263 25.1781
 -18.8741 25.1953
 -18.8538 25.2384
 -18.8335 25.2076
 -18.7808 25.2269
 -18.7076 25.2507
 -18.6617 25.2544
 -18.684 25.2226
 -18.6968 25.1811
 -18.7029 25.1669
225 77 7
 -13.7423 22.4904
 -13.0158 22.3423
 -12.4401 22.1574
 -12.1968 21.879
 -12.0715 21.528
 -11.9014 21.3755
 -11.8848 21.3488
226 70 42
 -20.1627 31.0777
 -20.1084 30.3627
 -20.42 30.1072
 -20.4002 30.0282
 -20.4782 29.5423
 -20.5238 29.0329
 -20.4454 28.8614
 -20.4739 28.6915
 -20.6777 28.5117
 -21.0453 28.501
 -21.2821 28.5775
 -21.1753 28.2752
 -21 27.931
 -20.7804 27.531
 -20.4775 27.0028
 -20.279 26.7256
 -20.1649 26.7427
 -20.0668 26.6686
 -19.8661 26.3174
 -19.722 26.0397
 -19.6216 25.8012
 -19.4433 25.6271
 -19.34 25.6128
 -19.2897 25.5163
 -19.2439 25.3907
 -19.184 25.3412
 -19.1451 25.3871
 -19.0775 25.4113
 -19.0082 25.4053
 -18.9147 25.4109
 -18.8562 25.4618
 -18.8823 25.3622
 -18.8839 25.2743
 -18.8758 25.2593
 -18.8538 25.2384
 -18.8335 25.2076
 -18.7808 25.2269
 -18.7076 25.2507
 -18.6617 25.2544
 -18.684 25.2226
 -18.6968 25.1811
 -18.7029 25.1669
226 15 6
 -20.1627 31.0777
 -20.4859 31.7543
 -20.5295 32.0768
 -20.6017 32.6377
 -20.5946 33.0503
 -20.6103 33.053
227 91 7
 -18.8539 70.6388
 -18.5711 71.3956
 -18.1932 71.6888
 -17.9576 71.9769
 -17.5598 72.5199
 -17.2229 72.9367
 -17.1343 73.0891
227 42 5
 -18.8539 70.6388
 -19.3343 70.0731
 -20.1809 69.9622
 -20.6054 69.9057
 -20.6727 69.8673
228 121 29
 -15.079 42.821
 -15.6494 41.5413
 -16.3261 41.4182
 -16.6945 41.1524
 -17.6817 41.677
 -18.99 42.3647
 -19.4844 42.3309
 -19.6768 42.1969
 -19.8692 42.0866
 -19.9564 42.0861
 -20.1348 41.5831
 -20.4066 41.041
 -20.6784 40.5232
 -21.2814 40.1611
 -22.1397 39.9501
 -22.6486 39.3112
 -22.8552 38.895
 -23.2404 38.7435
 -23.578 38.3392
 -23.8965 37.4778
 -24.7085 36.9594
 -25.4685 36.732
 -25.9857 36.4655
 -26.5914 36.698
 -26.9589 37.2584
 -27.0117 37.5873
 -27.0122 37.6675
 -27.0527 37.7267
 -27.1012 37.7479
228 95 11
 -15.079 42.821
 -15.1149 44.113
 -15.3643 44.3868
 -15.4593 44.6257
 -14.8535 45.0378
 -14.1107 45.3797
 -14.0308 45.754
 -14.0541 46.3262
 -13.9965 46.5796
 -13.9762 46.706
 -13.9848 46.7267
229 14 6
 -18.7367 33.1108
 -18.5236 33.0732
 -18.3931 32.9252
 -18.2159 32.7168
 -18.0979 32.676
 -18.0859 32.6787
229 15 8
 -18.7367 33.1108
 -19.1997 33.2981
 -19.5604 33.3846
 -19.7696 33.2137
 -20.2426 33.0957
 -20.5686 33.075
 -20.5946 33.0503
 -20.6103 33.053
230 8 10
 6.2527 50.0704
 5.62355 50.9287
 4.53465 51.1398
 3.40125 51.0142
 2.7953 50.731
 2.80935 50.8765
 2.0876 51.1006
 1.2067 51.3205
 0.95635 51.4731
 0.9062 51.5324
230 124 5
 6.2527 50.0704
 6.49915 48.8981
 6.55315 48.4171
 6.4625 48.3302
 6.4415 48.309
231 124 22
 12.1052 48.159
 12.9787 47.2595
 11.757 47.4674
 10.6918 47.2382
 10.3268 47.0396
 9.8095 46.8802
 9.379 46.8668
 9.1347 46.8832
 8.0825 46.3377
 6.7599 45.8383
 5.61125 45.1724
 4.58645 44.8352
 3.98355 45.3325
 4.28465 45.345
 4.4355 45.6905
 5.32755 45.9342
 5.40665 46.7253
 4.84015 47.733
 5.6991 48.0006
 6.42115 48.0892
 6.4469 48.2396
 6.4415 48.309
231 7 5
 12.1052 48.159
 11.971 49.4802
 12.2257 50.3641
 12.1227 50.4755
 12.0864 50.4823
232 68 16
 -8.34775 48.7719
 -9.5872 48.6856
 -9.78135 49.0766
 -10.1904 50.0826
 -10.9022 51.0993
 -11.9829 51.7168
 -13.2635 52.0529
 -14.0736 52.5935
 -14.4839 53.1876
 -14.6017 53.2016
 -14.669 52.9058
 -14.6613 52.5658
 -14.6619 52.4643
 -14.6427 52.3935
 -14.6323 52.3448
 -14.6354 52.3305
232 32 5
 -8.34775 48.7719
 -7.31355 49.0075
 -7.11125 49.1178
 -6.9327 49.2264
 -6.901 49.2353
233 114 11
 -7.08085 31.4918
 -5.82835 30.482
 -5.4321 29.639
 -5.15915 29.3446
 -4.75615 29.0747
 -4.5668 28.922
 -4.37065 28.783
 -4.21535 28.7253
 -3.9031 28.6408
 -3.5453 28.6434
 -3.4939 28.7362
233 104 5
 -7.08085 31.4918
 -7.98685 31.764
 -8.25895 31.7596
 -8.5743 31.8854
 -8.6547 32.0192
234 82 9
 -9.88285 30.4826
 -10.124 28.8925
 -10.2376 28.389
 -10.4518 28.3258
 -10.6157 28.0542
 -10.694 27.7964
 -10.2239 27.6715
 -9.816 27.4741
 -9.8099 27.4565
234 104 5
 -9.88285 30.4826
 -9.61955 31.7231
 -9.01895 31.8169
 -8.5743 31.8854
 -8.6547 32.0192
235 27 6
 23.9323 26.996
 25.1521 26.2538
 26.2603 26.0541
 27.496 25.8023
 28.517 25.43
 28.5242 25.4268
235 119 6
 23.9323 26.996
 22.9269 27.5772
 21.7995 27.8326
 20.729 28.0881
 20.1054 28.3945
 20.0966 28.5449
236 128 9
 40.3041 48.8857
 40.7214 47.9347
 40.4471 46.7599
 40.2783 45.8953
 40.8822 45.1743
 41.1358 44.3305
 41.0993 44.1424
 41.2272 44.1
 41.2612 44.0703
236 129 4
 40.3041 48.8857
 40.0642 50.2414
 40.1723 51.1161
 40.2174 51.2235
237 0 8
 34.1615 49.3528
 34.7898 49.8006
 34.8105 49.8619
 34.8159 50.2736
 35.1775 51.1681
 35.5581 51.794
 35.5855 51.8864
 35.5944 51.8897
237 60 16
 34.1615 49.3528
 33.179 48.7432
 32.6583 48.5269
 32.5839 48.3699
 32.4049 48.077
 31.8482 47.55
 31.6291 47.0753
 31.2927 46.7668
 30.6711 46.507
 29.5728 46.1107
 28.6784 45.7613
 28.641 45.5625
 28.57 45.3964
 28.4923 45.3699
 28.4474 45.3463
 28.4461 45.3469
238 40 19
 23.0599 54.4364
 23.7794 53.2898
 24.993 53.5231
 25.563 54.2111
 25.6556 54.6686
 26.0963 54.8618
 26.5341 54.9204
 26.6378 55.0063
 27.2833 55.3792
 27.9422 56.0863
 28.3906 57.0033
 28.7333 57.6358
 28.9071 58.0243
 29.935 58.0443
 30.6408 57.5499
 30.5238 57.254
 30.4916 57.1144
 30.4795 57.0622
 30.475 57.0441
238 50 12
 23.0599 54.4364
 22.8792 55.8068
 22.6992 56.2209
 22.3023 56.0324
 21.2654 55.577
 20.2919 55.3189
 19.8294 55.6717
 19.4043 55.7796
 19.1945 55.515
 19.4284 54.803
 19.6677 54.1334
 19.7069 54.1348
239 54 23
 36.4389 53.8407
 37.4986 54.1707
 37.7103 54.2459
 38.0311 54.6132
 38.4858 55.1647
 38.7643 55.6614
 38.7255 56.2607
 38.6182 56.7724
 38.4864 57.0849
 38.3716 57.2527
 38.3529 57.3609
 38.3571 57.445
 38.1089 57.7698
 37.8 58.3096
 37.6889 58.5962
 37.7012 58.8413
 37.7405 59.189
 37.8545 59.3822
 37.9969 59.4509
 38.131 59.5317
 38.2051 59.6296
 38.158 59.6745
 38.138 59.6902
239 0 7
 36.4389 53.8407
 35.259 53.1973
 35.0441 52.695
 35.2356 52.3621
 35.4926 52.0441
 35.5629 51.9086
 35.5944 51.8897
240 54 19
 34.9799 57.2612
 35.6273 56.952
 35.9516 57.1621
 36.0633 57.2232
 36.188 57.7052
 36.2469 58.2244
 36.2171 58.3042
 36.232 58.2875
 36.9676 58.2292
 37.6897 58.4015
 37.6889 58.5962
 37.7012 58.8413
 37.7405 59.189
 37.8545 59.3822
 37.9969 59.4509
 38.131 59.5317
 38.2051 59.6296
 38.158 59.6745
 38.138 59.6902
240 40 13
 34.9799 57.2612
 34.49 57.4457
 34.0197 57.245
 33.3646 57.1284
 33.0437 56.7918
 32.9946 56.488
 32.8274 56.3769
 32.2169 56.7308
 31.717 57.0491
 31.2628 57.2319
 30.6623 57.2476
 30.4795 57.0622
 30.475 57.0441
241 40 15
 23.6181 61.8414
 25.0066 61.1721
 25.9258 61.2193
 26.3648 60.8369
 27.1031 60.5071
 27.8314 60.162
 28.4225 59.1612
 29.0298 58.3867
 28.9071 58.0243
 29.935 58.0443
 30.6408 57.5499
 30.5238 57.254
 30.4916 57.1144
 30.4795 57.0622
 30.475 57.0441
241 99 19
 23.6181 61.8414
 22.6464 62.701
 22.349 62.7512
 22.1006 62.8703
 21.8358 63.0514
 21.3724 63.516
 20.5984 63.6833
 20.131 63.614
 20.4705 63.979
 21.239 64.4316
 21.2347 65.7563
 20.0241 67.0594
 19.1344 67.2621
 18.5685 67.2104
 17.9073 67.0457
 17.61 66.7837
 17.1088 66.4581
 16.7029 66.2896
 16.7014 66.2872
242 40 14
 29.7455 62.0894
 28.4624 61.7802
 27.6932 61.2885
 27.1031 60.5071
 27.8314 60.162
 28.4225 59.1612
 29.0298 58.3867
 28.9071 58.0243
 29.935 58.0443
 30.6408 57.5499
 30.5238 57.254
 30.4916 57.1144
 30.4795 57.0622
 30.475 57.0441
242 57 6
 29.7455 62.0894
 31.203 63.3322
 32.1616 63.6177
 32.3375 62.826
 32.5327 62.2961
 32.5196 62.2797
243 117 15
 45.4468 63.2114
 45.2239 62.364
 44.9323 62.0127
 44.7582 61.6082
 44.6972 61.3391
 44.7495 61.2439
 44.8246 61.1074
 44.9434 60.9477
 45.0956 60.6413
 45.1907 60.2249
 45.2747 59.7589
 44.4912 59.1586
 43.2853 58.5112
 42.8252 58.2347
 42.7374 58.2746
243 22 5
 45.4468 63.2114
 45.3286 64.202
 45.3355 64.5778
 45.555 64.5882
 45.6098 64.5503
244 51 8
 51.0302 34.2994
 51.8321 35.11
 52.5803 35.7617
 52.7715 36.2215
 52.7822 36.5135
 52.8452 36.6188
 52.8906 36.6694
 52.9314 36.7019
244 62 7
 51.0302 34.2994
 51.7944 33.5991
 53.0351 33.1883
 53.8062 33.4255
 54.6413 33.726
 54.8796 33.5861
 54.8698 33.5071
245 51 6
 52.0642 38.1695
 52.3794 36.9794
 52.6348 36.5552
 52.8452 36.6188
 52.8906 36.6694
 52.9314 36.7019
245 86 4
 52.0642 38.1695
 51.4949 39.5315
 50.9554 40.0466
 50.7197 39.92
246 118 3
 54.6118 55.332
 55.6775 54.9619
 55.6923 54.9603
246 89 3
 54.6118 55.332
 53.4754 55.6884
 53.3899 55.6764
247 94 5
 70.7531 58.0228
 70.2003 57.2139
 70.0363 56.2752
 70.1719 56.091
 70.1547 56.0705
247 9 7
 70.7531 58.0228
 71.3594 58.1001
 71.9516 58.571
 72.2498 59.0664
 72.3394 59.1924
 72.2641 59.3481
 72.1753 59.4456
248 33 10
 74.6832 36.859
 72.3764 37.3764
 71.4708 39.0014
 69.9933 39.1966
 68.64 38.7437
 67.9602 38.6222
 67.223 38.5364
 66.3127 38.829
 65.3923 39.0349
 65.3239 38.9827
248 83 6
 74.6832 36.859
 76.156 38.1067
 76.598 39.3589
 77.2781 39.6826
 77.47 39.5244
 77.4774 39.5075
249 48 16
 56.4901 25.6101
 56.4553 24.5359
 56.2044 24.0215
 55.9289 24.0564
 55.6699 24.0646
 55.5051 23.987
 55.4194 23.4199
 55.1585 22.8074
 55.105 22.623
 54.4333 22.4955
 53.7719 22.416
 53.5656 22.5532
 53.2401 22.0566
 53.0667 21.4489
 53.0432 21.2626
 52.9391 21.1721
249 47 5
 56.4901 25.6101
 56.3619 26.3153
 56.2685 26.5113
 56.2247 26.6072
 56.2049 26.6664
250 62 8
 58.3144 32.9342
 56.6669 32.5628
 56.1062 33.2679
 55.6693 33.5049
 55.2249 33.5514
 54.9394 33.6347
 54.8796 33.5861
 54.8698 33.5071
250 120 6
 58.3144 32.9342
 59.8615 33.9977
 60.1127 34.1932
 60.1754 34.0697
 60.2298 33.9993
 60.2409 34.0176
251 130 34
 46.3101 26.904
 46.4156 26.1166
 46.4882 25.5688
 46.5381 25.2327
 46.6659 25.1247
 46.8621 25.1376
 47.1004 25.0224
 47.2578 24.9563
 47.2664 24.6857
 46.702 24.3234
 46.2389 23.6679
 46.3028 22.9287
 46.4162 22.4948
 46.5492 22.3238
 46.8588 22.5108
 47.3202 21.8004
 47.4487 20.7676
 47.2855 20.5989
 47.6804 20.3596
 48.0105 20.0292
 48.0471 19.9355
 47.9466 19.9142
 47.8098 19.7043
 47.728 19.4478
 47.4252 19.2698
 46.9672 19.1362
 46.6193 18.8807
 46.6158 18.5868
 46.7747 18.5496
 46.9118 18.3017
 47.1651 17.9736
 47.375 17.8665
 47.4578 17.8085
 47.4521 17.7773
251 126 6
 46.3101 26.904
 46.1968 27.3822
 46.0282 27.5913
 45.9215 27.6488
 45.8646 27.6494
 45.8437 27.6524
252 48 18
 49.1202 19.3255
 49.6662 19.2685
 50.1427 19.4848
 50.5435 19.6908
 50.7832 19.777
 51.172 20.1847
 51.5797 20.476
 52.0522 20.5763
 52.4776 20.5163
 52.6554 20.3932
 52.7741 20.4525
 52.9198 20.5078
 53.0592 20.5567
 53.0602 20.6765
 52.9473 20.8913
 52.8992 21.0968
 52.9418 21.1632
 52.9391 21.1721
252 130 16
 49.1202 19.3255
 48.4188 19.5088
 48.0494 19.8016
 47.9466 19.9142
 47.8098 19.7043
 47.728 19.4478
 47.4252 19.2698
 46.9672 19.1362
 46.6193 18.8807
 46.6158 18.5868
 46.7747 18.5496
 46.9118 18.3017
 47.1651 17.9736
 47.375 17.8665
 47.4578 17.8085
 47.4521 17.7773
253 48 25
 61.1457 19.8057
 59.7951 20.1598
 59.3935 21.4334
 59.2924 22.2615
 59.0601 23.7784
 58.7654 25.3787
 58.2907 25.2566
 57.6934 24.8644
 57.376 24.7295
 57.0149 24.4039
 56.5733 24.0397
 56.2044 24.0215
 55.9289 24.0564
 55.6699 24.0646
 55.5051 23.987
 55.4194 23.4199
 55.1585 22.8074
 55.105 22.623
 54.4333 22.4955
 53.7719 22.416
 53.5656 22.5532
 53.2401 22.0566
 53.0667 21.4489
 53.0432 21.2626
 52.9391 21.1721
253 17 6
 61.1457 19.8057
 62.391 19.8404
 62.6001 19.7393
 62.616 19.7589
 62.7556 19.8085
 62.8919 19.8398
254 79 4
 64.5051 13.5683
 65.9107 13.9253
 66.1369 14.2199
 66.1476 14.238
254 61 4
 64.5051 13.5683
 63.2136 13.5329
 63.0852 13.5689
 63.0585 13.56
255 103 6
 59.2787 0.2926
 58.6488 1.3583
 58.536 1.46765
 58.1594 1.7694
 57.8225 2.02855
 57.7384 2.0604
255 24 11
 59.2787 0.2926
 60.5647 -0.88075
 61.2773 -0.84315
 61.9946 -0.57455
 62.6705 -0.47
 63.302 -1.0258
 64.1165 -1.6812
 64.752 -1.6586
 65.2818 -1.67885
 65.4252 -1.83535
 65.4649 -1.8655
256 35 19
 56.1151 10.3253
 55.9935 9.22345
 55.6906 8.4248
 55.2728 7.97215
 55.1922 7.55275
 55.215 7.38755
 55.2706 7.2725
 55.1683 7.3035
 55.0594 7.2359
 54.9513 7.20905
 54.6292 7.11355
 54.2998 6.949
 54.123 6.8758
 53.901 6.58615
 53.893 6.23295
 54.0615 6.0285
 54.1373 5.8521
 54.1768 5.79955
 54.2097 5.7792
256 78 13
 56.1151 10.3253
 56.2413 11.1379
 56.5596 11.4552
 56.9052 11.6455
 57.3346 12.4548
 57.814 13.1396
 57.8746 13.2385
 57.7533 13.5397
 57.5929 13.8599
 57.5647 13.9136
 57.703 14.0392
 57.877 14.1336
 57.9239 14.1339
257 48 30
 56.1503 14.6108
 55.4733 14.9864
 55.2329 15.5297
 55.3155 16.2565
 55.5668 16.7226
 55.673 16.7019
 55.6024 17.11
 54.9389 17.8829
 54.2643 18.3619
 54.2067 18.4447
 54.2654 18.6058
 54.4855 18.7966
 54.6123 18.9716
 54.553 19.1093
 54.5532 19.3152
 54.5896 19.5047
 54.3968 19.7091
 54.1324 19.8897
 53.8102 19.8218
 53.5085 19.819
 53.4211 19.9379
 53.2486 20.2289
 53.0753 20.4809
 52.9198 20.5078
 53.0592 20.5567
 53.0602 20.6765
 52.9473 20.8913
 52.8992 21.0968
 52.9418 21.1632
 52.9391 21.1721
257 78 12
 56.1503 14.6108
 56.6801 14.409
 56.9146 14.0673
 57.1129 13.9521
 57.2382 14.0108
 57.3835 14.0656
 57.3919 14.0434
 57.4514 13.941
 57.5647 13.9136
 57.703 14.0392
 57.877 14.1336
 57.9239 14.1339
258 3 12
 48.2612 16.0447
 48.25 15.337
 48.3341 15.0611
 48.4076 14.7236
 48.3514 14.5983
 48.2752 14.5332
 48.1223 14.4008
 48.0237 14.3409
 48.0266 14.4066
 47.923 14.6088
 47.757 14.7998
 47.71 14.8347
258 130 9
 48.2612 16.0447
 48.0639 16.778
 47.7727 16.739
 47.7896 17.1357
 47.6112 17.3969
 47.6059 17.476
 47.5865 17.6663
 47.4737 17.7677
 47.4521 17.7773
259 19 10
 32.5249 2.852
 34.022 1.8583
 34.6547 1.1196
 34.7747 1.061
 34.7303 0.9671
 34.8222 0.364
 34.9104 -0.13145
 35.1064 -0.29785
 35.22 -0.45325
 35.1997 -0.4796
259 88 4
 32.5249 2.852
 31.1405 2.29115
 30.6706 1.40415
 30.7107 1.3405
260 28 13
 26.5681 -10.8941
 25.334 -11.1558
 24.2719 -11.5221
 24.1576 -11.7712
 24.044 -11.9496
 23.9181 -12.1274
 23.8601 -12.2134
 23.6635 -12.2262
 23.5047 -12.236
 23.5285 -12.3699
 23.5736 -12.5177
 23.5828 -12.559
 23.5749 -12.5726
260 4 8
 26.5681 -10.8941
 27.9412 -11.2111
 29.3465 -11.3429
 29.731 -11.0039
 29.8692 -10.9607
 30.0159 -11.1549
 30.1194 -11.349
 30.1443 -11.3846
261 102 9
 30.2154 -26.5767
 29.6204 -27.2477
 29.1293 -28.0299
 28.6793 -28.2099
 27.321 -29.139
 25.7017 -30.4307
 24.9496 -30.6471
 24.8063 -30.7187
 24.7889 -30.7735
261 2 7
 30.2154 -26.5767
 32.0561 -25.7015
 33.5741 -24.8195
 33.2758 -24.5146
 33.0575 -24.3918
 32.9972 -24.3265
 32.9907 -24.3174
262 45 11
 39.1605 -11.9016
 38.0324 -12.4216
 37.4655 -11.8913
 36.9632 -11.323
 36.9338 -11.1798
 36.8753 -11.1451
 36.791 -11.0247
 36.6663 -10.8899
 36.5946 -10.8534
 36.5558 -10.8189
 36.5336 -10.792
262 76 3
 39.1605 -11.9016
 40.298 -11.3036
 40.3578 -11.3106
263 122 11
 55.1533 -16.2529
 55.7342 -15.7559
 56.4626 -14.9986
 57.4937 -14.3594
 57.869 -13.9415
 58.1507 -13.382
 58.8091 -12.619
 59.1439 -12.2731
 59.2673 -12.0021
 59.3528 -11.7153
 59.3585 -11.7125
263 106 4
 55.1533 -16.2529
 54.5538 -16.5721
 54.391 -16.7835
 54.4051 -16.7918
264 52 15
 51.4848 -16.5281
 51.6739 -17.451
 51.7543 -17.937
 52.0049 -18.2512
 52.2716 -18.6341
 52.4638 -18.9966
 52.822 -19.6348
 53.0199 -20.0247
 53.2444 -20.2393
 53.4342 -20.6789
 53.5116 -21.0928
 53.6072 -21.2961
 53.3701 -21.4115
 53.0901 -21.5275
 53.0551 -21.5419
264 18 13
 51.4848 -16.5281
 51.3834 -15.9713
 51.2086 -15.7468
 50.7238 -15.3459
 50.0656 -14.9984
 49.941 -14.6413
 50.2304 -14.3398
 50.2218 -14.0091
 50.2139 -13.6435
 50.347 -13.5275
 50.4787 -13.4825
 50.5197 -13.4103
 50.4945 -13.3433
265 52 7
 55.0541 -22.4795
 53.8479 -22.1515
 53.4957 -21.9504
 53.2928 -21.7823
 53.1374 -21.6032
 53.0901 -21.5275
 53.0551 -21.5419
265 23 3
 55.0541 -22.4795
 56.0255 -22.7376
 56.0829 -22.7897
269 91 8
 -20.0634 77.4544
 -18.2631 77.4402
 -16.4181 77.0008
 -16.6095 76.4072
 -16.855 74.8875
 -16.9818 73.2933
 -17.1166 73.0699
 -17.1343 73.0891
270 9 6
 74.3213 59.0093
 73.5136 59.1337
 72.5906 59.2363
 72.4142 59.2326
 72.2641 59.3481
 72.1753 59.4456
271 116 3
 60.7302 -44.7266
 60.2326 -45.4763
 59.735 -46.226
272 91 12
 11.6476 83.9197
 12.4283 83.6151
 0.5046 82.4827
 -12.8287 80.3829
 -17.5412 78.5873
 -18.2631 77.4402
 -16.4181 77.0008
 -16.6095 76.4072
 -16.855 74.8875
 -16.9818 73.2933
 -17.1166 73.0699
 -17.1343 73.0891
