   1.3779935904451093     
   1.8205860197666353     
   3.1221400701551412     
   1.4017988538206150     
   7.2127906861671160     
   4.1191391247810385     
   1.7002627067826892     
   4.9946608228035938     
   9.5640816248208509     
   7.0360832594340499     
   4.5328931621822663     
   7.6991084853692175     
   6.9791369620232242     
   2.2948315154109680     
   6.4635887212664338     
   3.2656264631303973     
   7.8440009187531352     
   5.9057950164110338     
   4.1012934422033682     
   2.0353864393218131     
   2.3141897152425299     
   1.5268547193448643     
   2.3736118698580082     
   3.6765116595164784     
   2.8775967724410156     
   1.3824075051362201     
   9.9665151698663799     
   6.3459500318036515     
   2.0095072781887158     
   3.5711787063212972     
   3.9247675111270781     
   2.8941583990518307     
   1.2318462780452972     
   1.7677137730036503     
   3.1576802126212349     
   1.8729037694973565     
   7.9442310456206133     
   4.3137027970435744     
   3.1999341266769163     
  0.83648812583631749     
   2.5876398191991949     
   3.8802301910328620     
   1.9360669122923100     
   1.1521167805613133     
   3.1671321387630220     
   5.3418471457000516     
   2.2018573425602801     
  0.89832220396119800     
   1.4331974562354799     
  0.99601953712644731     
   1.6634540862068612     
   3.4207044861774873     
   3.5129790547443562     
   1.8901124736352772     
   3.4612973919731878     
   1.1677919936967118     
   1.1396567210342701     
   1.0530001933213369     
   4.9497121176937133     
   1.4300734153485226     
   1.3986739752945923     
   2.1677153431246716     
   6.5291360392903917     
   1.5055806224394499     
   2.5446150470566691     
   5.9871128859797178     
   15.460155653032439     
   11.069230098270941     
   2.0088365497117007     
  0.91763044655872306     
   3.5706760077190767     
   2.3631865750624947     
   5.2352058503630543     
   1.5232032021842394     
   1.6505666447342551     
   1.7651922064891066     
   12.215829163589071     
   1.6320457928824090     
   9.8544916063212717     
   5.2031801746091277     
   6.4344621002708404     
   4.1162292674291328     
   6.7599227464433085     
   1.7383821214274384     
   5.2151964580214401     
   1.7295970369011620     
   4.7493807382664261     
   3.1570934514253399     
   5.8268928705909069     
   1.5368400345203370     
   4.7277500138154505     
   1.1414707590189035     
   3.2129387034268082     
   4.3080918975979117     
   4.4840111126077593     
   3.9483249431154914     
  0.72538153515097181     
   6.9316105843535594     
   2.0314388092036557     
  0.90103513818680891     
   6.0558018595120870     
   1.7649804885633065     
   2.0559321125747814     
  0.61516141832123306     
   1.6428717032771603     
   1.9264962216869763     
   2.2958970715336080     
   1.5916331410569262     
   4.4970786806676672     
   1.4707049971351205     
   2.5946479429659917     
   6.1351836702504263     
   3.9761968007525019     
   3.4116569452972469     
   3.4605303591928900     
   4.2885836473113006     
   2.3363729176946331     
   3.5896624326193991     
   2.3794465364341990     
   1.2874555873841975     
   2.8192223906797849     
  0.32309638563613619     
   2.3802865724916713     
   1.4638090396539820     
   16.153980021713007     
   11.457207624919100     
   3.3571493837178537     
   2.4549126914294592     
   2.0641389957361227     
   1.5528732847617688     
   3.5730769197717795     
   1.9345858461318726     
   2.8135073473904399     
   1.1853008881611908     
  0.54702430472364272     
  0.88872725182501944     
   8.1839277420005629     
   2.9738451110850370     
   2.8246239728385723     
   3.2987686092921500     
   1.5617531759764811     
  0.97470070475573323     
   3.4144465724321984     
   5.0321595085186166     
  0.91755800362108320     
   1.0317342622277408     
   2.1334821535332944     
   4.6125800857592427     
  0.48986927656535373     
   1.7016447503822321     
   5.2073469500782883     
   1.5705528228496999     
   2.8234350203799981     
   1.3869645547058733     
   5.6190606547433131     
   10.339950040082012     
   2.5138876135861206     
   4.0909821776472759     
   9.0141416861309924     
   1.2772211677217882     
   2.9146519862250018     
   3.7324860061090019     
   4.5432812078462890     
   1.0130999645945897     
  0.72871988739803628     
   1.2927329461097410     
   1.4765435946262735     
  0.81038718618966199     
   2.9743776645242042     
  0.96598862439317790     
   6.1716585655015113     
   2.2135494669443072     
   5.6411057631572366     
  0.68845401421530994     
   2.7763109211974264     
   1.1480135722705658     
   1.5811291793737223     
   2.0571760696059069     
   2.1967395710633482     
   3.9435192113851580     
   4.1310742921742625     
   2.4945343290548148     
   2.2776831260727444     
   2.6548635015975695     
   7.7107738934965937     
   6.3721391649391093     
   3.8814022658037022     
   1.3710648374555776     
   4.3084597990431437     
   1.3472192244260697     
   1.8922958654590041     
   1.2478874706011234     
   9.0138084733721247     
   3.0904123624822510     
  0.51454316269871458     
   1.1280997499348309     
   3.4139665297311286     
   1.3533402946219797     
   8.8709642728489762     
   1.5166495757968916     
   5.1083620922012072     
   1.3026055456309824     
   2.8831466144066846     
   1.4416210508736422     
   2.5728215327520489     
   1.8741287481969453     
   2.7047080781329447     
   2.5631848300022391     
   2.9804270600082998     
   1.6097324520075995     
   1.9348019934750749     
   4.0078645718672874     
   5.9673466159116693     
   4.0952489368153993     
   4.3160892128870039     
   1.9173588289777597     
   2.8488439796997724     
   2.9709076772380323     
   5.3322415498040332     
   6.7789051296914655     
   4.8862496167486702     
   2.7684112293423864     
   3.6716486472854686     
   1.2840024222157842     
   1.8652272734637916     
   2.1992381920866277     
   1.5552599969421295     
   2.0112896826759816     
   1.1430220870011050     
   1.2773148749367849     
   1.2352374180190699     
   1.4942631135968869     
   5.6732797263970269     
   2.7203609791111751     
   4.0396555188299654     
  0.88461045303874486     
   2.6425009611086860     
   2.0586898657022514     
   6.4050129948627923     
  0.65487427592235359     
   2.7675613125083762     
   2.5000237809413024     
   8.0381444816655776     
   1.5507170303325721     
   1.4922800407968344     
   1.3482736080541526     
   1.9003731500313408     
   4.2460559148302188     
   3.2120942976325439     
   2.6830194420253259     
   4.8350224397843444     
   1.3506104094199498     
   1.6130669413932182     
   1.4110298807365032     
   2.8641116645511304     
   1.6441491679117031     
   2.1445310800943336     
   2.2520886422313779     
   3.6705431372054922     
   2.5647918980524560     
   2.3390930754093464     
   1.3453192924997850     
   3.3910802400475895     
  0.71190559651006413     
   3.2359254973433926     
   2.2352377304694406     
   1.6405981084129908     
   1.0826225972333616     
   4.0755129320273440     
   1.2574176586544470     
   1.7996175704854664     
   17.966157478173727     
