323
154 50 24
 48.8881 10.0368
 49.4483 10.3479
 49.7706 10.4473
 49.9075 10.3699
 50.1916 10.4743
 50.3819 10.6407
 50.2746 10.7062
 50.0356 10.8821
 49.9984 11.3476
 50.5186 11.7891
 51.2591 11.934
 51.7288 11.8246
 51.5904 11.9753
 51.6201 12.2153
 51.7896 12.5638
 51.9985 12.8046
 52.1424 13.4249
 52.4034 13.9648
 51.9515 14.0664
 51.4978 14.5896
 51.0042 15.2939
 50.7591 15.7182
 50.8245 15.8891
 50.8443 15.9416
154 40 6
 48.8881 10.0368
 48.2214 9.57375
 47.8095 9.23105
 47.7132 9.1772
 47.5927 9.18695
 47.5106 9.2204
155 93 25
 -13.0882 14.3123
 -13.9958 13.26
 -14.2771 12.6234
 -14.5244 12.7664
 -14.7705 12.8912
 -14.9424 12.8815
 -15.0357 12.879
 -15.0947 12.803
 -15.2992 12.7754
 -15.4962 12.8063
 -15.5459 12.68
 -15.5523 12.5016
 -15.6079 12.4186
 -15.681 12.2796
 -15.6457 12.2276
 -15.6362 12.2191
 -15.6852 12.1065
 -15.6793 12.0575
 -15.6215 12.0674
 -15.6488 12.0034
 -15.6125 11.9042
 -15.5125 11.7115
 -15.471 11.5397
 -15.5128 11.4962
 -15.505 11.4823
155 90 15
 -13.0882 14.3123
 -12.0262 14.8334
 -11.2936 15.1504
 -10.7095 15.3611
 -10.4248 15.4137
 -10.2686 15.5475
 -10.2202 15.823
 -10.2394 16.0274
 -10.1294 16.2986
 -9.5217 16.748
 -8.6324 16.9035
 -8.036 16.6842
 -7.69775 16.59
 -7.5672 16.6561
 -7.5593 16.6266
156 113 9
 -1.66725 9.69545
 -2.298 10.6936
 -2.83105 11.1067
 -2.8509 11.3888
 -2.92235 11.8057
 -3.36905 12.2211
 -4.34825 12.7899
 -4.9895 13.305
 -5.0204 13.3874
156 118 4
 -1.66725 9.69545
 -1.53685 8.8672
 -1.52465 8.7502
 -1.5189 8.7319
157 8 9
 -0.61045 8.50915
 0.2882 8.2733
 0.41805 8.20485
 0.65405 7.8902
 1.08625 7.65965
 1.3659 7.62895
 1.65875 7.3611
 1.8618 7.05155
 1.8158 6.963
157 118 3
 -0.61045 8.50915
 -1.4689 8.7382
 -1.5189 8.7319
158 65 38
 34.6175 35.4472
 34.0679 36.4987
 34.4981 37.0485
 33.6461 37.1235
 32.9349 37.0084
 32.4267 36.788
 32.1865 36.7663
 31.5297 36.6489
 30.8796 36.7919
 30.7673 37.0701
 30.692 37.2139
 30.6823 37.1411
 30.5798 36.9896
 30.4167 36.9326
 29.7417 37.0219
 29.0938 37.2615
 29.1432 37.424
 29.2134 37.4508
 29.3289 37.6068
 29.4384 37.8484
 29.369 38.0013
 29.2763 38.0548
 29.198 38.0869
 29.1044 38.119
 29.0422 38.1191
 28.9972 38.0277
 28.9614 37.9258
 28.8253 37.9104
 28.6691 37.9056
 28.548 37.8789
 28.4174 37.8903
 28.2831 37.9246
 28.1996 37.7948
 28.2154 37.6287
 28.2452 37.6041
 28.3093 37.5612
 28.3577 37.505
 28.3676 37.4895
158 62 14
 34.6175 35.4472
 35.6478 34.3841
 36.199 33.9098
 36.3957 33.7607
 36.7914 33.712
 37.1143 33.8631
 37.2143 34.0253
 37.2765 34.0613
 37.4717 34.1313
 37.5024 34.3349
 37.4199 34.4944
 37.4752 34.5743
 37.55 34.6134
 37.59 34.6315
159 116 14
 61.1292 3.96605
 62.732 3.90605
 63.6042 3.55405
 63.7531 3.32345
 63.8652 2.96615
 63.7776 2.56265
 63.6176 2.1432
 63.4743 1.79895
 63.2738 1.4086
 63.041 0.72765
 62.931 0.22855
 62.6965 -0.27475
 62.4608 -0.7401
 62.4557 -0.7158
159 26 8
 61.1292 3.96605
 60.1149 3.48515
 59.7975 3.382
 59.4291 3.46955
 59.3662 3.95785
 59.5905 4.523
 59.579 4.77575
 59.5756 4.9566
160 147 34
 59.9926 -11.0721
 60.7658 -10.9454
 60.9863 -10.8008
 61.1031 -10.6467
 61.8519 -10.179
 62.6474 -9.6349
 62.9905 -8.98975
 63.3939 -8.7121
 63.7217 -9.14275
 64.0107 -9.3326
 64.653 -9.19125
 65.1348 -9.0191
 65.3796 -8.7748
 65.702 -8.3497
 65.8504 -8.09845
 66.128 -8.1565
 66.5699 -8.17245
 67.054 -7.7833
 67.5406 -7.50215
 68.0088 -8.0516
 68.327 -8.56785
 68.3618 -8.66815
 68.2542 -8.9973
 68.1983 -9.306
 67.7795 -9.7171
 67.4847 -10.6477
 67.814 -11.3673
 67.9966 -11.592
 68.1292 -11.4718
 68.3185 -11.3432
 68.7197 -11.433
 69.0597 -11.6961
 69.1434 -11.8046
 69.1927 -11.8181
160 101 10
 59.9926 -11.0721
 58.8962 -12.4307
 58.0989 -14.1458
 57.5017 -14.8038
 56.6752 -15.5592
 55.9481 -15.9034
 55.709 -15.9239
 55.6354 -16.1367
 55.5737 -16.2016
 55.5514 -16.2285
161 48 21
 47.3673 -14.2293
 47.7378 -14.6636
 47.9291 -14.958
 48.1229 -15.1828
 48.2335 -15.4525
 48.6483 -15.5448
 49.0015 -15.51
 49.2885 -15.4816
 49.4922 -15.4201
 49.5466 -15.2503
 49.601 -15.0963
 49.6275 -14.934
 49.598 -14.7588
 49.512 -14.5863
 49.5538 -14.3799
 49.6638 -14.3197
 49.726 -14.309
 49.7772 -14.2523
 49.8152 -14.1882
 49.8352 -14.1453
 49.8375 -14.1299
161 12 4
 47.3673 -14.2293
 46.7622 -13.754
 46.516 -13.4321
 46.4606 -13.3692
162 138 6
 19.9233 -58.9395
 19.1091 -58.4736
 18.2719 -57.8372
 17.5863 -56.8356
 17.1431 -56.3792
 17.0784 -56.3064
162 109 3
 19.9233 -58.9395
 20.2528 -59.571
 20.2982 -59.7551
163 41 8
 33.306 -49.6833
 31.3937 -48.5524
 30.8451 -47.7009
 31.0458 -46.6495
 31.0207 -46.2302
 30.8735 -46.0168
 30.83 -45.9883
 30.823 -45.9632
163 63 6
 33.306 -49.6833
 34.6971 -51.0462
 34.9167 -51.3923
 35.037 -51.59
 35.0654 -51.6886
 35.0506 -51.6944
164 64 24
 47.7277 -25.367
 47.4022 -25.0627
 47.2712 -24.6866
 47.0993 -24.5126
 46.884 -24.3727
 46.6946 -24.1679
 46.5494 -24.1898
 46.5507 -23.9099
 46.3688 -23.74
 46.17 -23.7108
 46.0651 -23.7549
 46.0182 -23.7715
 45.9707 -23.7866
 45.8819 -23.7861
 45.8265 -23.7753
 45.8535 -23.8372
 45.8388 -23.9416
 45.8057 -24.0259
 45.8171 -24.0793
 45.8355 -24.1427
 45.8226 -24.1891
 45.7868 -24.2255
 45.768 -24.2661
 45.7688 -24.2727
164 28 6
 47.7277 -25.367
 48.3942 -25.4324
 48.8057 -25.8574
 48.8773 -26.2778
 48.9731 -26.341
 48.9818 -26.3525
165 40 15
 41.2787 9.54795
 42.8207 10.5028
 43.3477 10.4908
 44.1066 9.2551
 44.9118 7.98925
 45.6683 7.9841
 46.2486 8.3369
 46.7196 8.6902
 46.8823 8.837
 47.0773 8.92245
 47.2177 8.97405
 47.2374 9.03345
 47.3595 9.1457
 47.4937 9.2119
 47.5106 9.2204
165 37 6
 41.2787 9.54795
 39.18 9.47525
 37.8384 10.462
 36.9836 10.8155
 36.876 11.0157
 36.858 11.0375
166 2 6
 -36.5033 3.60255
 -36.9939 2.6967
 -37.2464 2.4032
 -37.7858 2.14485
 -38.195 2.14895
 -38.2207 2.1702
166 92 4
 -36.5033 3.60255
 -36.1067 4.86715
 -36.1056 5.2888
 -36.1068 5.2994
167 41 26
 34.6527 -38.5461
 34.3993 -39.5116
 34.3457 -39.6938
 34.389 -39.753
 34.36 -39.8385
 33.757 -40.0975
 32.9779 -40.4291
 32.556 -40.5705
 31.9655 -40.672
 31.4831 -40.7444
 31.5477 -41.3355
 31.7062 -42.0098
 31.5055 -42.2569
 31.3424 -42.51
 31.4706 -42.7349
 31.2375 -42.9885
 30.8601 -43.3107
 31.0163 -43.8034
 31.2807 -44.3314
 31.2643 -44.8464
 31.1848 -45.175
 31.145 -45.2296
 31.0937 -45.3259
 30.9613 -45.6658
 30.8357 -45.9487
 30.823 -45.9632
167 140 6
 34.6527 -38.5461
 35.1782 -37.5521
 35.6975 -37.3358
 35.6725 -37.225
 35.4619 -37.0926
 35.4412 -37.0756
168 153 12
 -0.64955 0.40075
 -1.76655 0.81135
 -2.33145 1.8423
 -2.71865 2.19135
 -3.12745 2.31775
 -3.1959 2.40555
 -3.38155 2.4573
 -3.713 2.48665
 -4.0176 2.4998
 -4.1869 2.4419
 -4.26325 2.41225
 -4.2669 2.4217
168 8 15
 -0.64955 0.40075
 0.03125 0.8019
 0.29405 1.2563
 0.3921 2.0727
 0.83465 2.9031
 1.45245 3.44245
 1.72795 3.8634
 1.84565 4.23655
 1.83025 4.3155
 1.72115 5.32125
 1.50475 6.33245
 1.47565 6.5234
 1.6744 6.86505
 1.7993 7.00155
 1.8158 6.963
169 46 7
 -23.8218 34.2948
 -25.196 33.6067
 -25.312 33.8087
 -25.9281 33.8261
 -26.4957 33.6702
 -26.5738 33.6775
 -26.605 33.6801
169 66 4
 -23.8218 34.2948
 -22.5016 35.2336
 -22.5403 35.5002
 -22.5455 35.5403
170 45 23
 -14.4521 21.3456
 -14.9543 20.0837
 -15.8773 19.2002
 -16.043 18.5608
 -16.15 18.3107
 -16.4235 18.0452
 -16.7477 17.8457
 -16.9403 17.5439
 -17.0076 17.1913
 -17.0693 17.0247
 -17.0588 16.8735
 -17.1367 16.6919
 -17.3602 16.5299
 -17.5532 16.4401
 -17.744 16.5358
 -17.9701 16.7309
 -18.0962 16.8414
 -18.1595 16.9453
 -18.1807 17.0448
 -18.1887 17.1052
 -18.2452 17.1251
 -18.3118 17.1168
 -18.3304 17.1011
170 34 4
 -14.4521 21.3456
 -14.7708 22.2521
 -14.9047 22.3393
 -14.9374 22.387
171 39 6
 14.4429 36.9611
 13.2703 37.0804
 12.7532 37.3822
 12.4704 37.577
 12.313 37.559
 12.3002 37.5519
171 151 9
 14.4429 36.9611
 15.3692 36.5762
 15.7764 35.9759
 16.3582 35.6089
 16.7634 35.4139
 16.8452 35.2709
 16.7836 35.126
 16.8054 35.0032
 16.8729 34.9487
172 65 35
 32.3881 34.4291
 31.9245 34.9454
 31.8762 35.1964
 31.9268 35.8846
 31.3763 36.4823
 30.8796 36.7919
 30.7673 37.0701
 30.692 37.2139
 30.6823 37.1411
 30.5798 36.9896
 30.4167 36.9326
 29.7417 37.0219
 29.0938 37.2615
 29.1432 37.424
 29.2134 37.4508
 29.3289 37.6068
 29.4384 37.8484
 29.369 38.0013
 29.2763 38.0548
 29.198 38.0869
 29.1044 38.119
 29.0422 38.1191
 28.9972 38.0277
 28.9614 37.9258
 28.8253 37.9104
 28.6691 37.9056
 28.548 37.8789
 28.4174 37.8903
 28.2831 37.9246
 28.1996 37.7948
 28.2154 37.6287
 28.2452 37.6041
 28.3093 37.5612
 28.3577 37.505
 28.3676 37.4895
172 60 7
 32.3881 34.4291
 32.7793 33.6068
 32.9328 33.2929
 32.8591 33.1949
 32.6707 32.9998
 32.502 32.854
 32.4358 32.8225
173 48 16
 48.663 -15.6372
 49.0015 -15.51
 49.2885 -15.4816
 49.4922 -15.4201
 49.5466 -15.2503
 49.601 -15.0963
 49.6275 -14.934
 49.598 -14.7588
 49.512 -14.5863
 49.5538 -14.3799
 49.6638 -14.3197
 49.726 -14.309
 49.7772 -14.2523
 49.8152 -14.1882
 49.8352 -14.1453
 49.8375 -14.1299
173 3 10
 48.663 -15.6372
 48.3759 -15.9745
 48.3405 -16.2217
 48.3788 -16.2883
 48.6804 -16.3228
 48.9428 -16.3984
 48.9358 -16.487
 48.8952 -16.5453
 48.8493 -16.6052
 48.8413 -16.619
174 64 29
 47.011 -20.941
 47.4205 -21.3311
 47.6875 -21.4469
 47.7127 -22.0251
 47.4319 -22.747
 47.0911 -22.9874
 46.7889 -22.8911
 46.6084 -22.8742
 46.4949 -22.9465
 46.5217 -23.0403
 46.5014 -23.1748
 46.4139 -23.2309
 46.2705 -23.2243
 46.1248 -23.2641
 46.0097 -23.3748
 45.9102 -23.4268
 45.8885 -23.4373
 45.8881 -23.5723
 45.8525 -23.7308
 45.8265 -23.7753
 45.8535 -23.8372
 45.8388 -23.9416
 45.8057 -24.0259
 45.8171 -24.0793
 45.8355 -24.1427
 45.8226 -24.1891
 45.7868 -24.2255
 45.768 -24.2661
 45.7688 -24.2727
174 29 29
 47.011 -20.941
 46.4053 -20.3611
 45.8246 -19.75
 45.4743 -18.9598
 45.3077 -18.4362
 45.1225 -17.9862
 44.7525 -17.5387
 44.6228 -17.1828
 44.8276 -16.9642
 44.7926 -16.8425
 44.9184 -16.8659
 45.0485 -16.8023
 45.2068 -16.8545
 45.3825 -16.9481
 45.6551 -17.0796
 46.0139 -17.1851
 46.3447 -17.2266
 46.5692 -17.202
 46.6486 -17.192
 46.7066 -17.2358
 46.8402 -17.2509
 46.9584 -17.2252
 46.9599 -17.2631
 46.8997 -17.3427
 46.9518 -17.5117
 46.8945 -17.798
 46.704 -18.0321
 46.6968 -18.1511
 46.7092 -18.2225
175 55 24
 -19.8625 -19.7635
 -18.8859 -21.8191
 -19.1002 -22.1278
 -20.0044 -23.2438
 -20.0708 -24.8342
 -19.7905 -25.647
 -19.8953 -26.7946
 -18.7185 -27.6795
 -20.022 -27.7833
 -21.214 -28.069
 -22.6183 -28.6192
 -22.873 -29.6354
 -22.9598 -28.7769
 -23.0843 -28.5337
 -23.712 -28.137
 -24.7089 -27.867
 -26.04 -28.2175
 -27.1775 -28.4165
 -27.5287 -28.4202
 -27.4072 -28.9042
 -27.1201 -29.3372
 -27.2062 -29.5578
 -27.281 -29.6961
 -27.2711 -29.7097
175 4 5
 -19.8625 -19.7635
 -20.3356 -17.2763
 -20.8706 -16.4833
 -21.6326 -16.2045
 -21.7079 -16.1401
176 91 6
 20.9862 -60.573
 21.5023 -61.2003
 21.7646 -61.3741
 22.3894 -61.7205
 22.8352 -61.9725
 22.8921 -62.0312
176 109 4
 20.9862 -60.573
 20.3173 -59.886
 20.2182 -59.7803
 20.2982 -59.7551
177 53 22
 17.9175 -30.4508
 17.4229 -29.541
 16.5583 -29.3022
 16.2935 -28.8458
 16.9364 -28.1636
 17.6647 -27.8583
 17.9529 -27.6131
 17.6333 -27.1341
 17.2854 -26.7747
 17.677 -26.806
 18.3032 -26.5208
 19.1058 -26.1776
 20.041 -25.5423
 20.6924 -25.0246
 20.7728 -24.8676
 21.1204 -24.4739
 21.4271 -24.2262
 21.4463 -24.1503
 21.3288 -23.8344
 21.1626 -23.542
 21.0991 -23.517
 21.0751 -23.5217
177 110 4
 17.9175 -30.4508
 18.4363 -31.3638
 18.6026 -31.5852
 18.5745 -31.5978
178 103 17
 -32.3318 -3.98065
 -32.4679 -3.64365
 -32.5275 -3.4176
 -32.6077 -3.20115
 -32.6312 -3.10355
 -32.6339 -3.0174
 -32.6524 -2.9359
 -32.6951 -2.82435
 -32.8369 -2.6772
 -32.9624 -2.5582
 -33.1813 -2.4805
 -33.5976 -2.4529
 -33.875 -2.4843
 -34.0949 -2.67435
 -34.3347 -2.9525
 -34.4551 -3.0233
 -34.4809 -3.0002
178 24 4
 -32.3318 -3.98065
 -31.8992 -4.516
 -31.5709 -4.7789
 -31.5361 -4.7998
179 11 21
 -23.2085 -1.89595
 -23.5327 0.3249
 -23.0396 0.9814
 -23.2331 1.12615
 -24.1431 1.6053
 -24.9141 2.4071
 -24.8489 1.92015
 -25.5898 1.711
 -26.5044 1.49
 -26.8463 1.49505
 -27.3235 2.03785
 -27.9403 2.3007
 -28.334 1.85235
 -28.4925 1.5219
 -28.6655 1.2782
 -28.7622 1.0314
 -28.7952 1.255
 -28.9287 1.48345
 -29.1085 1.5541
 -29.211 1.5841
 -29.2639 1.5828
179 7 5
 -23.2085 -1.89595
 -22.0966 -4.40695
 -21.1461 -5.47675
 -19.8955 -5.8839
 -19.2644 -6.0737
180 153 12
 -1.44195 -0.38695
 -1.76655 0.81135
 -2.33145 1.8423
 -2.71865 2.19135
 -3.12745 2.31775
 -3.1959 2.40555
 -3.38155 2.4573
 -3.713 2.48665
 -4.0176 2.4998
 -4.1869 2.4419
 -4.26325 2.41225
 -4.2669 2.4217
180 139 7
 -1.44195 -0.38695
 -1.31575 -1.15005
 -0.7608 -1.9858
 -0.4213 -3.02125
 -0.20485 -3.5455
 -0.11705 -3.5593
 -0.0793 -3.5882
181 35 6
 -44.6123 -5.15005
 -46.1813 -5.08155
 -46.717 -4.47345
 -47.5156 -4.0077
 -48.2556 -3.5285
 -48.2561 -3.4958
181 86 5
 -44.6123 -5.15005
 -43.2547 -3.81305
 -42.9745 -2.96195
 -42.9387 -2.8754
 -42.9177 -2.8233
182 11 19
 -24.7807 4.98385
 -25.9446 4.1056
 -25.4851 3.4001
 -24.9141 2.4071
 -24.8489 1.92015
 -25.5898 1.711
 -26.5044 1.49
 -26.8463 1.49505
 -27.3235 2.03785
 -27.9403 2.3007
 -28.334 1.85235
 -28.4925 1.5219
 -28.6655 1.2782
 -28.7622 1.0314
 -28.7952 1.255
 -28.9287 1.48345
 -29.1085 1.5541
 -29.211 1.5841
 -29.2639 1.5828
182 52 5
 -24.7807 4.98385
 -23.1989 5.0518
 -22.198 4.36905
 -21.6294 4.41295
 -21.6234 4.415
183 93 18
 -15.9288 13.5156
 -15.7214 13.1051
 -15.6037 12.8477
 -15.5459 12.68
 -15.5523 12.5016
 -15.6079 12.4186
 -15.681 12.2796
 -15.6457 12.2276
 -15.6362 12.2191
 -15.6852 12.1065
 -15.6793 12.0575
 -15.6215 12.0674
 -15.6488 12.0034
 -15.6125 11.9042
 -15.5125 11.7115
 -15.471 11.5397
 -15.5128 11.4962
 -15.505 11.4823
183 49 6
 -15.9288 13.5156
 -16.207 14.0245
 -16.4916 14.3934
 -16.6464 14.5393
 -16.6646 14.6353
 -16.6804 14.6445
184 84 24
 -55.4855 34.8208
 -52.8452 31.5355
 -50.0393 28.5699
 -48.924 28.253
 -49.59 27.5235
 -49.4826 26.4436
 -49.3658 25.8377
 -49.0119 25.1252
 -48.9309 24.8954
 -49.1843 23.6993
 -49.3698 21.869
 -49.3257 20.8647
 -49.3438 20.1483
 -49.5339 19.3894
 -49.064 18.6322
 -49.0794 16.2879
 -49.614 14.3249
 -50.4692 13.1344
 -51.8916 12.0082
 -52.4959 12.0342
 -52.64 11.758
 -53.0005 11.1188
 -53.1805 10.6672
 -53.1353 10.586
184 42 4
 -55.4855 34.8208
 -56.0834 35.2892
 -56.4894 35.3988
 -56.493 35.3816
185 59 24
 -16.3965 44.7401
 -16.3212 44.074
 -16.2812 43.8287
 -16.1784 43.5591
 -15.8284 43.4625
 -15.3307 43.5466
 -15.0484 43.6181
 -15.1273 43.1456
 -15.3083 42.6104
 -15.4455 42.519
 -15.4487 42.4975
 -15.4669 42.4046
 -15.5063 42.3064
 -15.4991 42.2386
 -15.4464 42.2094
 -15.5269 42.1611
 -15.5698 42.1293
 -15.6747 42.0827
 -15.7638 41.9948
 -15.7611 41.8643
 -15.7984 41.7349
 -15.8042 41.6531
 -15.7885 41.5942
 -15.793 41.5781
185 80 12
 -16.3965 44.7401
 -16.3361 45.5742
 -16.2878 46.1832
 -16.4542 46.4508
 -16.4487 46.5121
 -16.1638 46.7252
 -15.9005 46.7899
 -15.7514 46.8611
 -15.7223 47.0791
 -15.6896 47.2729
 -15.6665 47.3467
 -15.679 47.3501
186 150 14
 -14.6058 31.5251
 -14.8025 32.8454
 -14.2128 33.4305
 -12.955 34.3862
 -12.6148 34.8806
 -12.36 34.3274
 -10.9447 34.8185
 -9.6661 35.8612
 -9.49025 35.8149
 -9.3631 35.7139
 -9.3784 35.7743
 -9.36845 35.9082
 -9.2505 35.9557
 -9.2064 35.9463
186 115 3
 -14.6058 31.5251
 -14.7174 30.2328
 -14.7186 30.1767
187 33 12
 -4.8959 36.3904
 -6.1031 36.2766
 -6.6662 36.2858
 -6.8721 36.1458
 -7.27675 36.3646
 -7.507 36.8212
 -7.53835 37.0229
 -7.5303 37.1623
 -7.58295 37.1752
 -7.7151 37.1523
 -7.8436 37.1404
 -7.901 37.1275
187 145 28
 -4.8959 36.3904
 -3.8982 36.8121
 -3.13175 37.0589
 -2.5439 36.973
 -2.0813 36.8974
 -1.70845 36.8185
 -0.8483 37.2502
 -0.01475 37.7389
 0.1748 37.8215
 1.0809 37.8491
 2.233 37.6023
 2.63695 37.3543
 2.6742 37.1931
 3.04575 36.906
 3.7343 36.5597
 4.2494 36.2985
 5.01615 36.1185
 5.6561 36.0579
 5.99655 35.6338
 6.5066 35.0413
 7.04625 35.2107
 7.4323 35.2486
 8.2041 34.5199
 9.1136 33.8698
 9.2987 33.5938
 9.19645 33.3902
 9.1299 33.2836
 9.1364 33.2856
188 145 10
 7.27935 36.8403
 7.0744 35.6708
 7.04625 35.2107
 7.4323 35.2486
 8.2041 34.5199
 9.1136 33.8698
 9.2987 33.5938
 9.19645 33.3902
 9.1299 33.2836
 9.1364 33.2856
188 39 10
 7.27935 36.8403
 8.0697 37.7349
 8.61875 37.771
 9.49735 37.8748
 10.5019 37.4815
 11.2736 37.2397
 11.9303 37.3651
 12.2338 37.4473
 12.2908 37.5316
 12.3002 37.5519
189 145 29
 1.9847 40.8878
 0.7555 40.5703
 -0.5657 40.1845
 -1.2064 40.0219
 -1.4112 39.7559
 -1.01995 39.8071
 -0.737 39.2706
 -0.3205 38.3807
 0.0452 37.7934
 0.1748 37.8215
 1.0809 37.8491
 2.233 37.6023
 2.63695 37.3543
 2.6742 37.1931
 3.04575 36.906
 3.7343 36.5597
 4.2494 36.2985
 5.01615 36.1185
 5.6561 36.0579
 5.99655 35.6338
 6.5066 35.0413
 7.04625 35.2107
 7.4323 35.2486
 8.2041 34.5199
 9.1136 33.8698
 9.2987 33.5938
 9.19645 33.3902
 9.1299 33.2836
 9.1364 33.2856
189 9 4
 1.9847 40.8878
 3.2806 40.8024
 3.8852 40.4419
 3.6951 40.2441
190 144 8
 12.6075 48.8576
 13.2265 47.6317
 13.3344 46.9063
 13.7036 46.696
 14.1312 46.4375
 14.3562 46.2668
 14.4634 46.2291
 14.5076 46.2289
190 143 5
 12.6075 48.8576
 11.9388 49.5379
 11.8075 49.7064
 11.6747 49.7799
 11.6194 49.7799
191 83 6
 16.4088 53.5116
 15.8263 54.3832
 15.4607 54.6405
 15.4318 54.7683
 15.4566 54.8769
 15.4574 54.9036
191 70 11
 16.4088 53.5116
 16.7857 52.6496
 17.4036 51.9697
 18.0487 51.2597
 18.0031 50.9769
 17.2449 50.7545
 16.3769 50.3801
 17.3036 50.2114
 17.7947 49.461
 17.5954 49.0345
 17.5423 48.987
192 133 18
 15.6692 44.8572
 17.4878 45.2027
 18.7829 45.9565
 19.0159 45.9221
 19.4996 45.7607
 20.3776 45.8005
 21.1983 45.8617
 21.6565 46.1225
 23.2761 46.5664
 24.824 46.9109
 24.0135 47.5311
 23.3686 48.3648
 23.5558 48.7243
 23.7654 49.1479
 24.4839 49.6266
 24.9882 50.0193
 24.9608 50.2808
 24.9559 50.3364
192 144 5
 15.6692 44.8572
 15.0525 45.2062
 14.8584 45.7744
 14.5378 46.1889
 14.5076 46.2289
193 133 17
 19.3295 43.9793
 19.3513 45.3081
 19.0159 45.9221
 19.4996 45.7607
 20.3776 45.8005
 21.1983 45.8617
 21.6565 46.1225
 23.2761 46.5664
 24.824 46.9109
 24.0135 47.5311
 23.3686 48.3648
 23.5558 48.7243
 23.7654 49.1479
 24.4839 49.6266
 24.9882 50.0193
 24.9608 50.2808
 24.9559 50.3364
193 137 3
 19.3295 43.9793
 19.2938 42.8052
 19.5718 42.6331
194 126 20
 17.9907 27.4165
 17.1923 27.2332
 16.5189 27.0206
 15.4474 26.8341
 14.8151 27.0528
 14.441 28.0062
 14.0757 28.7627
 14.2175 28.8285
 14.6792 29.284
 15.1926 30.2155
 15.547 30.7984
 15.9214 30.9934
 16.3582 31.4295
 16.5702 31.784
 16.6592 31.6537
 17.2967 31.3778
 18.327 31.371
 18.8341 32.0531
 18.8419 32.6857
 18.829 32.7147
194 108 4
 17.9907 27.4165
 19.1363 27.5731
 19.9268 27.4462
 20.1514 27.3294
195 126 16
 12.7396 29.6248
 13.7401 29.7026
 14.1791 29.1932
 14.2175 28.8285
 14.6792 29.284
 15.1926 30.2155
 15.547 30.7984
 15.9214 30.9934
 16.3582 31.4295
 16.5702 31.784
 16.6592 31.6537
 17.2967 31.3778
 18.327 31.371
 18.8341 32.0531
 18.8419 32.6857
 18.829 32.7147
195 71 14
 12.7396 29.6248
 12.0968 29.159
 11.8456 28.5788
 11.52 27.9165
 10.9104 26.8123
 10.5676 26.0651
 10.497 25.9548
 10.26 25.7078
 9.9252 25.552
 9.7406 25.5632
 9.64985 25.6719
 9.44185 25.5499
 9.36515 25.2879
 9.421 25.2482
196 99 11
 7.62765 31.0806
 6.91385 30.7836
 6.14975 30.3488
 5.0267 29.2473
 4.34175 28.4155
 4.2951 28.2738
 4.34605 27.6507
 4.38035 26.9504
 4.3202 26.6192
 4.22245 26.4105
 4.2241 26.3831
196 145 5
 7.62765 31.0806
 8.4571 32.1992
 8.9598 33.1993
 9.1299 33.2836
 9.1364 33.2856
197 90 22
 0.519 19.1754
 -0.99985 19.4511
 -1.67095 19.5012
 -1.7734 19.6311
 -1.93505 19.726
 -2.45625 19.3717
 -3.0747 18.9085
 -3.30055 18.6005
 -3.1217 16.851
 -2.81125 15.2815
 -2.58095 15.1685
 -3.13825 15.2859
 -4.1124 15.1122
 -5.0056 15.9059
 -5.36565 16.9521
 -5.40555 16.995
 -5.474 17.131
 -5.55325 17.2255
 -6.46095 17.0644
 -7.43575 16.775
 -7.54515 16.6289
 -7.5593 16.6266
197 117 5
 0.519 19.1754
 1.44485 18.9091
 1.67675 18.4261
 1.8423 17.8444
 1.8248 17.7787
198 21 8
 3.6915 19.529
 4.8302 19.4438
 4.86595 19.903
 4.67215 20.945
 4.18125 21.4188
 3.14875 21.6467
 2.44875 22.1156
 2.438 22.164
198 117 5
 3.6915 19.529
 2.0642 19.3198
 1.67675 18.4261
 1.8423 17.8444
 1.8248 17.7787
199 21 10
 7.4385 22.5397
 6.35515 21.292
 5.8057 20.3839
 5.18055 19.5989
 4.86595 19.903
 4.67215 20.945
 4.18125 21.4188
 3.14875 21.6467
 2.44875 22.1156
 2.438 22.164
199 71 7
 7.4385 22.5397
 8.6819 23.8162
 9.09985 24.1839
 9.04415 24.6973
 9.0738 25.1518
 9.32265 25.2426
 9.421 25.2482
200 90 22
 -6.295 13.6961
 -7.46415 13.9078
 -7.64745 14.06
 -7.80945 14.1123
 -8.20115 14.1693
 -8.5675 14.5588
 -8.83925 14.8826
 -9.12545 15.057
 -9.4258 15.2416
 -9.77315 15.3869
 -10.1754 15.4862
 -10.4248 15.4137
 -10.2686 15.5475
 -10.2202 15.823
 -10.2394 16.0274
 -10.1294 16.2986
 -9.5217 16.748
 -8.6324 16.9035
 -8.036 16.6842
 -7.69775 16.59
 -7.5672 16.6561
 -7.5593 16.6266
200 113 4
 -6.295 13.6961
 -5.147 13.6418
 -5.0189 13.4772
 -5.0204 13.3874
201 14 5
 4.8536 16.2272
 4.45315 14.7862
 4.6076 13.6837
 4.50015 13.5979
 4.3916 13.5285
201 21 10
 4.8536 16.2272
 5.26415 17.4327
 5.2867 18.8759
 5.1823 19.4979
 4.86595 19.903
 4.67215 20.945
 4.18125 21.4188
 3.14875 21.6467
 2.44875 22.1156
 2.438 22.164
202 43 10
 20.8689 12.4027
 19.7191 12.2722
 19.3158 12.3461
 18.885 12.3695
 18.4897 12.7346
 18.0019 13.1167
 17.2505 13.1421
 16.3475 13.2654
 15.9672 13.4247
 15.9731 13.4528
202 124 19
 20.8689 12.4027
 22.5038 12.4473
 23.2775 12.305
 23.3997 12.2642
 23.5366 11.646
 23.577 10.9058
 23.4928 10.4445
 23.372 10.1064
 23.1469 9.9097
 23.2827 9.34595
 23.8598 8.21665
 24.564 7.71065
 24.1528 7.2749
 24.6741 6.32755
 25.1829 5.28865
 25.5643 5.87905
 25.8435 6.40275
 25.8885 6.6977
 25.9157 6.738
203 20 22
 33.5679 7.15665
 34.7757 6.37005
 35.2702 5.5071
 34.5569 4.85915
 33.7789 4.63455
 33.4223 4.5173
 33.2727 4.46345
 32.7038 4.3868
 32.142 4.36975
 31.4966 4.33175
 30.8944 4.0187
 30.6335 3.836
 30.021 3.99465
 29.5189 4.41255
 29.3888 4.85925
 28.9891 5.42
 28.767 6.03845
 28.9361 6.41965
 28.9099 7.10025
 28.7941 7.62
 28.9484 7.91925
 29.1265 8.1658
203 19 11
 33.5679 7.15665
 32.6347 7.85615
 31.5648 8.58795
 30.6737 9.79255
 30.4822 10.7207
 30.8124 11.2634
 31.1156 11.6275
 31.5652 12.0008
 32.0303 12.3629
 32.2002 12.3951
 32.2448 12.406
204 60 11
 28.5755 31.519
 29.5458 31.8039
 30.4111 32.1008
 30.7468 32.0488
 30.909 32.2004
 31.0078 32.4329
 31.4268 32.6598
 32.0348 32.8442
 32.3198 32.8817
 32.413 32.8324
 32.4358 32.8225
204 79 3
 28.5755 31.519
 28.1803 31.6469
 28.1369 31.6724
205 79 9
 25.7222 26.832
 26.0009 28.6915
 26.4827 29.6678
 26.7425 29.7889
 27.181 29.9027
 27.9343 30.3747
 28.3253 31.2073
 28.1803 31.6469
 28.1369 31.6724
205 89 3
 25.7222 26.832
 25.8932 25.6856
 25.9427 25.4835
206 152 17
 27.1003 51.0317
 27.5052 50.0555
 27.4158 49.5726
 27.235 49.454
 27.2268 49.452
 27.2729 49.2927
 27.3338 49.1079
 27.353 49.0623
 27.6348 48.8704
 28.3994 48.5038
 29.0677 48.1832
 29.1908 47.7033
 29.1041 47.3157
 29.1381 47.257
 29.3247 47.2705
 29.462 47.3004
 29.4689 47.3055
206 25 5
 27.1003 51.0317
 26.7359 51.9038
 26.8199 52.2655
 26.9534 52.3919
 26.9666 52.4052
207 54 9
 36.0868 61.9548
 34.9835 61.9762
 34.951 61.8853
 34.7509 61.9328
 34.3641 61.9721
 33.8218 61.9073
 33.2706 61.8942
 33.0006 61.8067
 32.9544 61.7165
207 122 6
 36.0868 61.9548
 37.3205 61.9498
 38.0907 62.1234
 39.2052 61.3054
 40.0773 60.1333
 40.4703 59.886
208 68 9
 32.5803 55.4197
 32.2774 55.9438
 32.3312 56.6776
 31.8354 57.219
 31.7564 57.678
 31.0688 58.5286
 30.1369 58.977
 29.7619 58.9667
 29.7322 58.9498
208 94 4
 32.5803 55.4197
 33.8347 54.3511
 34.207 53.5255
 34.1994 53.4868
209 82 40
 33.2219 46.0263
 33.2906 45.1645
 33.4197 44.9936
 33.709 44.9893
 33.9831 44.8856
 34.2262 44.6332
 34.4944 44.422
 34.6953 43.8878
 34.9104 43.4832
 35.2788 43.4566
 35.9401 43.2622
 36.5466 43.0466
 36.8488 42.8479
 36.975 42.7037
 37.212 42.4317
 37.4305 41.9729
 37.4254 41.6961
 37.5185 41.6737
 37.8475 41.7355
 38.0904 41.7204
 38.1728 41.6884
 38.3464 41.6074
 38.4995 41.5681
 38.5555 41.6483
 38.6105 41.7046
 38.6281 41.7694
 38.6908 41.9395
 38.7957 42.0627
 38.8399 42.1269
 38.8768 42.2959
 38.8811 42.4492
 38.9262 42.5211
 39.0407 42.5483
 39.1815 42.5371
 39.4457 42.4994
 39.6691 42.4704
 39.7098 42.6968
 39.7129 43.0546
 39.7108 43.1839
 39.7126 43.19
209 152 18
 33.2219 46.0263
 33.3249 46.7244
 33.4466 47.1262
 32.8223 47.5495
 31.8386 47.3493
 31.3564 46.8114
 31.1423 47.283
 30.5732 47.661
 30.0695 47.871
 29.7488 47.7295
 29.7393 47.5535
 29.7751 47.4317
 29.7336 47.3217
 29.658 47.2032
 29.5646 47.1364
 29.5151 47.1577
 29.4896 47.2506
 29.4689 47.3055
210 82 20
 42.9232 44.8001
 41.8174 44.8032
 41.3949 45.2478
 41.665 44.6525
 41.6609 43.7697
 41.6496 43.2553
 41.3573 43.5014
 40.9221 43.661
 40.5336 43.6921
 40.3776 43.7241
 40.2365 43.6935
 40.05 43.7342
 40.0965 43.9166
 39.8694 43.7188
 39.7295 43.6333
 39.7026 43.6134
 39.6788 43.5413
 39.66 43.3842
 39.6776 43.2369
 39.7126 43.19
210 27 20
 42.9232 44.8001
 43.8711 45.2266
 44.1682 45.4827
 44.3842 45.6764
 44.2481 45.9677
 43.9198 46.5929
 44.2299 48.0126
 44.7786 49.1553
 45.4582 49.0469
 46.1838 48.7724
 46.3382 48.6344
 46.7986 48.06
 47.5811 47.2756
 47.9226 46.902
 47.7763 46.6899
 48.1077 46.2178
 48.5806 45.8646
 48.7289 45.7695
 48.8807 45.6894
 48.912 45.6758
211 27 5
 51.011 46.3796
 49.6463 46.8279
 49.2998 46.4322
 49.0146 45.8859
 48.912 45.6758
211 132 11
 51.011 46.3796
 52.6972 45.4961
 53.2583 45.0722
 53.6561 45.1296
 54.6227 45.2799
 56.1632 44.5995
 57.4172 43.6666
 58.821 42.4304
 59.8792 41.344
 59.8855 41.2509
 59.8795 41.2158
212 40 12
 48.2518 5.33345
 48.0814 5.84355
 48.1906 6.34885
 48.0491 6.8013
 47.7897 7.63455
 47.6171 8.2943
 47.4394 8.65955
 47.2766 8.90405
 47.2374 9.03345
 47.3595 9.1457
 47.4937 9.2119
 47.5106 9.2204
212 23 8
 48.2518 5.33345
 48.7343 5.1527
 49.0813 5.089
 49.2108 5.13075
 49.2958 5.5942
 49.5616 6.39135
 49.6672 6.78475
 49.6027 6.8316
213 16 16
 54.9515 -3.66375
 54.5158 -4.62945
 54.4677 -5.60635
 54.0631 -6.3734
 53.0994 -6.4241
 53.2717 -7.2027
 52.5834 -7.9291
 51.7234 -7.84995
 50.7206 -8.23575
 50.5005 -8.77035
 50.4743 -8.73415
 50.3279 -8.43335
 49.9565 -8.3194
 49.5875 -8.4845
 49.4311 -8.5659
 49.4138 -8.5769
213 111 4
 54.9515 -3.66375
 56.3078 -2.7774
 56.9615 -2.4613
 56.8921 -2.3923
214 23 19
 52.1114 1.6804
 51.2845 1.812
 49.7325 1.46945
 48.1929 1.0908
 47.8391 1.01555
 47.8184 1.821
 48.1885 2.95585
 48.3651 3.3756
 48.4147 3.6127
 48.5389 3.99255
 48.3979 4.4507
 48.3642 4.9444
 48.7343 5.1527
 49.0813 5.089
 49.2108 5.13075
 49.2958 5.5942
 49.5616 6.39135
 49.6672 6.78475
 49.6027 6.8316
214 129 5
 52.1114 1.6804
 53.5322 2.39095
 54.0402 3.67355
 53.7995 4.12425
 53.8156 4.1414
215 22 16
 48.3389 -10.7687
 47.8207 -11.3209
 47.4295 -11.4189
 47.0155 -11.3174
 46.512 -10.9015
 46.3773 -10.4305
 46.1847 -10.3031
 45.9388 -10.2243
 45.8773 -10.152
 45.8793 -10.1411
 46.0588 -10.0373
 46.1712 -9.69675
 46.2608 -9.359
 46.3892 -9.1761
 46.4667 -9.02695
 46.5408 -8.9562
215 16 7
 48.3389 -10.7687
 48.6605 -10.0608
 49.0845 -9.55
 49.2927 -9.15065
 49.2445 -8.8506
 49.3489 -8.65975
 49.4138 -8.5769
216 1 16
 27.4792 -32.4092
 28.3325 -32.2332
 28.378 -32.2327
 28.4352 -32.4557
 28.5002 -32.6537
 29.1184 -32.5386
 29.9727 -31.9668
 30.4997 -31.5691
 30.9439 -31.5835
 30.5219 -32.2502
 30.0809 -33.5695
 29.9316 -34.7583
 29.3225 -35.2533
 28.616 -35.1369
 28.5574 -35.0302
 28.5574 -35.0126
216 105 3
 27.4792 -32.4092
 26.6218 -32.5127
 26.58 -32.4964
217 72 35
 22.6381 -46.1085
 21.4439 -45.8759
 20.9782 -45.7141
 21.0752 -45.2617
 20.9453 -44.4004
 20.3654 -43.5089
 19.9821 -42.9762
 19.6199 -42.3291
 19.2584 -41.7607
 19.1301 -41.687
 18.9 -41.4268
 18.6931 -41.1631
 18.6251 -41.0768
 18.4719 -41.0452
 18.2645 -41.259
 18.0947 -41.6297
 17.8923 -41.9528
 17.7096 -42.1275
 17.5938 -42.1313
 17.3349 -42.2017
 17.0593 -42.2724
 16.7395 -42.3212
 16.4704 -42.2729
 16.2986 -42.1055
 16.1083 -41.925
 15.9168 -41.8835
 15.8442 -41.9102
 15.8242 -41.9211
 15.7962 -41.8852
 15.7274 -41.8372
 15.6721 -41.8879
 15.6396 -41.955
 15.6093 -41.9893
 15.602 -42.0317
 15.5973 -42.0429
217 41 17
 22.6381 -46.1085
 24.1848 -46.3671
 25.1862 -46.5046
 25.9688 -46.3368
 27.0765 -45.9092
 28.0384 -45.8734
 28.6866 -46.5303
 29.2199 -47.2385
 29.6894 -47.4759
 29.9169 -47.4636
 30.0062 -47.3483
 30.4653 -46.8441
 30.9945 -46.4393
 31.0207 -46.2302
 30.8735 -46.0168
 30.83 -45.9883
 30.823 -45.9632
218 73 15
 11.7877 -56.4032
 12.4734 -57.0229
 12.6415 -57.0638
 12.8393 -57.1052
 13.2539 -57.0503
 13.636 -56.945
 14.0886 -56.5636
 14.4698 -56.3741
 14.7199 -56.5408
 15.0433 -56.5119
 15.0979 -56.2393
 15.2899 -54.9526
 15.4427 -53.7733
 15.3384 -53.6283
 15.3319 -53.6059
218 6 4
 11.7877 -56.4032
 10.8267 -55.497
 10.3314 -55.1146
 10.2256 -55.0297
219 147 28
 63.9796 -3.94325
 63.8032 -5.92075
 63.9926 -6.513
 63.9529 -6.71565
 64.6338 -6.8992
 65.1977 -7.2832
 65.3789 -7.7805
 65.6478 -8.1424
 65.8504 -8.09845
 66.128 -8.1565
 66.5699 -8.17245
 67.054 -7.7833
 67.5406 -7.50215
 68.0088 -8.0516
 68.327 -8.56785
 68.3618 -8.66815
 68.2542 -8.9973
 68.1983 -9.306
 67.7795 -9.7171
 67.4847 -10.6477
 67.814 -11.3673
 67.9966 -11.592
 68.1292 -11.4718
 68.3185 -11.3432
 68.7197 -11.433
 69.0597 -11.6961
 69.1434 -11.8046
 69.1927 -11.8181
219 116 7
 63.9796 -3.94325
 63.8461 -2.33845
 63.305 -2.05165
 63.1178 -1.8478
 62.7723 -1.2838
 62.4608 -0.7401
 62.4557 -0.7158
220 135 6
 -19.4067 4.79395
 -18.4079 4.6728
 -17.926 5.4893
 -17.8935 6.84305
 -18.1178 7.3849
 -18.1246 7.4589
220 52 5
 -19.4067 4.79395
 -20.6663 4.9556
 -21.3153 4.7832
 -21.5476 4.45795
 -21.6234 4.415
221 80 26
 -26.3272 50.1472
 -27.4926 44.8514
 -26.4859 43.763
 -25.3875 43.4079
 -24.8567 43.7727
 -23.997 43.2998
 -22.4602 41.5975
 -22.4671 43.8622
 -22.1567 45.5264
 -22.5728 45.9655
 -21.2306 46.3567
 -19.7151 46.8645
 -19.3034 47.4366
 -18.5663 48.0224
 -17.3668 49.2797
 -16.7808 50.096
 -16.4464 49.9082
 -16.1944 49.1782
 -16.1732 48.3409
 -16.0772 47.896
 -16.0921 47.7029
 -15.988 47.7561
 -15.8573 47.6593
 -15.7781 47.4393
 -15.7058 47.3373
 -15.679 47.3501
221 88 5
 -26.3272 50.1472
 -24.8073 54.7162
 -24.7055 54.8531
 -24.623 54.8041
 -24.5556 54.7621
222 126 8
 16.7898 32.46
 16.5699 31.9085
 16.6592 31.6537
 17.2967 31.3778
 18.327 31.371
 18.8341 32.0531
 18.8419 32.6857
 18.829 32.7147
222 151 9
 16.7898 32.46
 17.0222 33.0495
 17.2739 33.4329
 17.3403 33.5954
 16.8494 33.8633
 16.6104 34.423
 16.7488 34.7499
 16.8385 34.9263
 16.8729 34.9487
223 82 29
 37.278 39.485
 37.959 40.1926
 38.6671 40.1696
 38.8904 40.4332
 38.9796 40.7365
 38.8851 40.7293
 38.6387 40.7018
 38.5564 40.8703
 38.5573 41.0183
 38.4575 41.1707
 38.444 41.3891
 38.4995 41.5681
 38.5555 41.6483
 38.6105 41.7046
 38.6281 41.7694
 38.6908 41.9395
 38.7957 42.0627
 38.8399 42.1269
 38.8768 42.2959
 38.8811 42.4492
 38.9262 42.5211
 39.0407 42.5483
 39.1815 42.5371
 39.4457 42.4994
 39.6691 42.4704
 39.7098 42.6968
 39.7129 43.0546
 39.7108 43.1839
 39.7126 43.19
223 62 19
 37.278 39.485
 37.4309 38.4515
 37.8751 38.2689
 38.0965 38.2201
 38.229 37.9129
 38.3544 37.3359
 38.4035 36.8865
 38.449 36.7078
 38.2984 36.4088
 37.9831 35.9183
 37.772 35.5989
 37.6277 35.3615
 37.507 35.0669
 37.4603 34.9277
 37.422 34.7506
 37.4145 34.5894
 37.4752 34.5743
 37.55 34.6134
 37.59 34.6315
224 132 4
 56.2373 38.8144
 58.3769 40.9025
 59.8717 41.1653
 59.8795 41.2158
224 38 4
 56.2373 38.8144
 53.472 36.5453
 51.4781 36.7383
 51.597 37.3244
225 3 11
 47.6343 -16.6959
 48.1153 -16.8416
 48.3664 -16.8629
 48.5337 -16.8009
 48.571 -16.7679
 48.6205 -16.751
 48.6713 -16.7324
 48.7034 -16.7115
 48.7866 -16.6771
 48.847 -16.6353
 48.8413 -16.619
225 29 12
 47.6343 -16.6959
 47.1093 -16.76
 46.9529 -17.024
 46.953 -17.1683
 46.9584 -17.2252
 46.9599 -17.2631
 46.8997 -17.3427
 46.9518 -17.5117
 46.8945 -17.798
 46.704 -18.0321
 46.6968 -18.1511
 46.7092 -18.2225
226 44 18
 -6.3014 -29.2585
 -4.45555 -28.5361
 -3.9795 -28.1896
 -2.98475 -27.0858
 -2.6251 -25.5676
 -2.82845 -24.7388
 -3.0273 -24.9558
 -3.77255 -25.139
 -4.7547 -24.3944
 -5.14525 -23.7134
 -5.1054 -23.5932
 -5.2371 -23.3371
 -5.75725 -23.2774
 -6.7559 -23.2015
 -7.7255 -22.867
 -8.0833 -22.7184
 -8.0404 -22.63
 -8.0055 -22.5841
226 123 14
 -6.3014 -29.2585
 -8.32025 -30.225
 -8.77345 -30.7969
 -9.1258 -31.1777
 -9.156 -31.6599
 -8.9628 -32.6423
 -9.19595 -33.5943
 -9.2012 -33.8901
 -8.43275 -33.8055
 -7.903 -33.8267
 -7.51445 -33.6867
 -6.7421 -33.4515
 -6.22895 -33.3839
 -6.1947 -33.3705
227 121 11
 -1.03425 -6.7969
 -1.26865 -8.8812
 -1.5088 -9.60965
 -1.57265 -10.2514
 -1.5191 -10.9718
 -1.18755 -11.6246
 -0.9491 -13.5696
 -1.11565 -15.1997
 -1.1781 -15.8575
 -1.50575 -16.5424
 -1.748 -16.6413
227 139 7
 -1.03425 -6.7969
 -0.512 -4.52855
 -0.1643 -3.7687
 -0.17925 -3.6601
 -0.19125 -3.5584
 -0.11705 -3.5593
 -0.0793 -3.5882
228 57 48
 -34.7237 -12.6976
 -34.4196 -12.3221
 -34.361 -12.1286
 -34.4939 -11.8972
 -34.6466 -11.8271
 -34.6241 -11.7245
 -34.5563 -11.6037
 -34.4863 -11.5203
 -34.3519 -11.3799
 -34.3369 -11.0566
 -34.7365 -10.622
 -34.2931 -10.5035
 -34.4192 -10.0152
 -34.7429 -9.83395
 -34.9643 -9.74645
 -35.2064 -9.4611
 -35.5172 -9.3575
 -35.2777 -8.8235
 -35.3359 -8.20515
 -35.2382 -7.56655
 -35.2123 -7.2328
 -35.4575 -7.2941
 -35.6503 -7.27105
 -35.7968 -7.27295
 -35.9182 -7.34035
 -36.1594 -7.49385
 -36.3296 -7.56465
 -36.3268 -7.60875
 -36.3473 -7.6829
 -36.3856 -7.72545
 -36.4486 -7.6986
 -36.5225 -7.6871
 -36.5882 -7.7349
 -36.7021 -7.7756
 -36.7893 -7.76825
 -36.8195 -7.7737
 -36.8684 -7.8164
 -36.9028 -7.8379
 -36.951 -7.86825
 -37.0204 -7.88335
 -37.071 -7.8362
 -37.1074 -7.79305
 -37.1549 -7.79005
 -37.2698 -7.83895
 -37.3962 -7.9298
 -37.6338 -8.02105
 -37.842 -8.08115
 -37.8641 -8.0987
228 31 8
 -34.7237 -12.6976
 -35.0672 -13.362
 -35.0926 -13.8044
 -35.0513 -14.1025
 -35.0493 -14.3126
 -35.0129 -14.3939
 -34.988 -14.4691
 -34.9733 -14.5128
229 76 6
 -30.0953 12.1056
 -30.2385 11.2945
 -30.3508 10.7498
 -31.0111 10.4665
 -31.5643 10.4225
 -31.6204 10.5611
229 114 8
 -30.0953 12.1056
 -30.6343 13.2565
 -31.5636 13.9212
 -32.2236 13.713
 -32.7041 13.6098
 -32.6021 13.1901
 -32.476 12.7607
 -32.4686 12.7367
230 13 13
 12.2863 55.8752
 11.2608 55.1461
 10.8116 54.6444
 9.53785 54.5195
 8.33935 54.4588
 8.01225 54.1544
 7.11365 53.7984
 5.789 53.5069
 5.00965 53.189
 4.9932 52.9219
 4.9262 52.4237
 4.84525 52.1427
 4.8457 52.1236
230 83 9
 12.2863 55.8752
 13.422 55.8485
 14.0133 55.531
 14.6691 55.3896
 15.2795 55.2278
 15.3787 55.1319
 15.4128 55.0396
 15.4356 54.9399
 15.4574 54.9036
231 108 3
 20.4418 26.4042
 20.156 27.3224
 20.1514 27.3294
231 5 4
 20.4418 26.4042
 20.819 25.5746
 20.9275 25.665
 20.9399 25.6739
232 112 35
 33.4477 -6.49905
 34.7229 -7.26415
 35.7838 -7.59575
 36.2684 -6.73845
 37.2093 -5.79425
 38.5941 -5.49285
 39.5646 -5.30845
 40.2035 -5.34015
 40.659 -6.02735
 41.192 -6.6054
 41.9984 -6.87415
 42.4108 -6.6025
 43.5089 -6.52505
 43.8594 -6.58245
 44.0634 -6.4865
 44.6142 -6.1572
 44.8632 -5.82855
 44.781 -5.72095
 45.2466 -5.3706
 45.9644 -4.77625
 46.5105 -4.5078
 47.2948 -4.5649
 48.0051 -4.675
 48.4619 -4.6935
 48.8549 -4.5736
 48.9611 -4.32285
 48.9081 -4.1323
 48.8728 -4.05915
 48.8941 -3.95725
 48.956 -3.8721
 48.9535 -3.8048
 48.9697 -3.7351
 49.0052 -3.6142
 49.0314 -3.4675
 49.0605 -3.4109
232 120 5
 33.4477 -6.49905
 32.4371 -5.9749
 31.7323 -5.28705
 31.6205 -4.9189
 31.6168 -4.8991
233 64 58
 23.8196 -30.3202
 25.3134 -29.459
 25.9016 -29.5071
 25.8897 -29.4753
 26.4427 -28.7919
 27.066 -28.1473
 27.255 -28.485
 27.8398 -29.0385
 28.6454 -29.1193
 29.4487 -29.0802
 30.3769 -29.3993
 31.3182 -29.2737
 31.8984 -28.7476
 32.0761 -28.4048
 32.2999 -27.8135
 32.5411 -27.3933
 33.1794 -27.5115
 33.9936 -27.8896
 34.8517 -28.4252
 35.5454 -28.2637
 35.6793 -28.8723
 35.8892 -29.0412
 36.6194 -28.9904
 37.3294 -28.9249
 37.56 -29.0206
 37.6761 -28.9683
 38.2225 -28.3573
 38.8579 -27.7453
 39.4939 -27.785
 39.7904 -27.7878
 39.9298 -27.7482
 40.0614 -27.7781
 40.4179 -27.8183
 41.026 -27.5577
 41.595 -27.2416
 41.9627 -26.8336
 42.1825 -26.2
 42.5908 -25.9674
 42.8447 -25.5224
 42.6628 -24.7523
 42.8522 -24.6216
 43.5784 -24.865
 44.104 -24.9402
 44.2817 -24.9184
 44.3185 -24.8426
 44.4648 -24.6133
 44.784 -24.4487
 45.0351 -24.4601
 45.2382 -24.5214
 45.4059 -24.5559
 45.4963 -24.5761
 45.5422 -24.5643
 45.5919 -24.5376
 45.632 -24.5201
 45.6672 -24.5035
 45.722 -24.4002
 45.7619 -24.2922
 45.7688 -24.2727
233 110 12
 23.8196 -30.3202
 22.8295 -31.5516
 22.5805 -31.8969
 22.3131 -31.3567
 22.1196 -30.7804
 21.4511 -30.5648
 20.3153 -30.566
 19.6539 -30.8175
 19.1984 -31.1688
 18.7111 -31.503
 18.6026 -31.5852
 18.5745 -31.5978
234 63 12
 36.4945 -53.3578
 35.7723 -53.4947
 35.9599 -53.1334
 36.1181 -52.7697
 36.0695 -52.337
 35.9201 -51.984
 35.8154 -51.8196
 35.7517 -51.7715
 35.6741 -51.812
 35.3725 -51.7673
 35.1006 -51.7084
 35.0506 -51.6944
234 81 3
 36.4945 -53.3578
 37.1618 -53.465
 37.1984 -53.5554
235 55 7
 -27.1841 -33.4002
 -26.795 -32.3653
 -26.7375 -31.9297
 -26.5891 -31.0578
 -26.9362 -30.0564
 -27.254 -29.7014
 -27.2711 -29.7097
235 130 5
 -27.1841 -33.4002
 -28.4038 -34.8475
 -29.2081 -35.5089
 -29.2938 -35.6026
 -29.2684 -35.6492
236 146 15
 -29.8897 -23.3438
 -30.1669 -22.4921
 -30.9139 -22.031
 -31.6329 -22.0709
 -31.7764 -21.6567
 -32.0152 -21.1069
 -32.3522 -20.8436
 -32.5915 -20.708
 -32.5574 -20.596
 -32.1394 -20.4082
 -31.7507 -20.2801
 -31.6778 -20.1693
 -31.6343 -20.0255
 -31.6728 -19.9629
 -31.6899 -19.964
236 55 15
 -29.8897 -23.3438
 -29.0003 -23.9819
 -28.3293 -24.3324
 -28.286 -24.9387
 -28.5083 -25.7516
 -28.4543 -26.2714
 -28.1625 -26.8384
 -27.9143 -27.7925
 -27.5125 -28.3584
 -27.5287 -28.4202
 -27.4072 -28.9042
 -27.1201 -29.3372
 -27.2062 -29.5578
 -27.281 -29.6961
 -27.2711 -29.7097
237 44 22
 -1.14155 -32.2575
 -2.8098 -31.8631
 -3.24475 -31.2512
 -2.5477 -30.4419
 -2.72845 -29.2084
 -4.0395 -28.6017
 -3.9795 -28.1896
 -2.98475 -27.0858
 -2.6251 -25.5676
 -2.82845 -24.7388
 -3.0273 -24.9558
 -3.77255 -25.139
 -4.7547 -24.3944
 -5.14525 -23.7134
 -5.1054 -23.5932
 -5.2371 -23.3371
 -5.75725 -23.2774
 -6.7559 -23.2015
 -7.7255 -22.867
 -8.0833 -22.7184
 -8.0404 -22.63
 -8.0055 -22.5841
237 47 12
 -1.14155 -32.2575
 0.5659 -32.0468
 1.10675 -31.973
 2.0101 -32.3495
 3.67695 -32.8516
 4.65185 -32.9794
 5.2183 -32.668
 6.6405 -32.6872
 7.90125 -33.5434
 8.32285 -34.9609
 8.4244 -35.9102
 8.4272 -35.963
238 44 15
 -1.38115 -21.1756
 -2.15725 -21.6484
 -2.47385 -21.7959
 -2.7855 -21.9661
 -3.49785 -22.4766
 -4.20865 -22.9806
 -4.66265 -23.2712
 -5.1054 -23.5932
 -5.2371 -23.3371
 -5.75725 -23.2774
 -6.7559 -23.2015
 -7.7255 -22.867
 -8.0833 -22.7184
 -8.0404 -22.63
 -8.0055 -22.5841
238 96 5
 -1.38115 -21.1756
 -0.805 -19.945
 -1.0626 -19.085
 -1.0415 -18.8953
 -0.9514 -18.8118
239 58 18
 2.52 -46.3878
 1.403 -46.2372
 0.60575 -46.1
 -0.2001 -46.0291
 0.46695 -46.8317
 0.83995 -47.5872
 0.85675 -48.2204
 0.90815 -49.0352
 0.91645 -49.2724
 0.88765 -49.4909
 0.81015 -49.4155
 0.61605 -49.5609
 0.4652 -49.6762
 0.33665 -49.7478
 0.2711 -49.7743
 0.1981 -49.8079
 0.0342 -49.7867
 -0.0472 -49.7799
239 17 18
 2.52 -46.3878
 3.84885 -46.3625
 4.6687 -46.5772
 5.36265 -47.3606
 5.7733 -47.6954
 6.1786 -47.502
 6.6556 -47.2194
 6.77995 -46.815
 7.11835 -46.5829
 8.11195 -46.2142
 8.77725 -45.8939
 8.62385 -45.5177
 8.2697 -44.4052
 8.1289 -43.5426
 8.316 -43.4491
 9.05785 -43.3753
 9.6843 -43.3732
 9.7095 -43.4012
240 17 19
 9.07245 -53.5347
 9.99605 -51.6808
 11.4697 -50.5844
 11.6382 -50.1029
 11.5545 -49.0532
 11.2157 -48.1872
 10.5749 -47.6262
 10.0106 -46.9885
 9.7823 -46.5006
 9.5151 -46.1357
 9.97775 -45.9139
 9.1249 -45.8739
 8.62385 -45.5177
 8.2697 -44.4052
 8.1289 -43.5426
 8.316 -43.4491
 9.05785 -43.3753
 9.6843 -43.3732
 9.7095 -43.4012
240 6 4
 9.07245 -53.5347
 9.9026 -54.6562
 10.2077 -55.0021
 10.2256 -55.0297
241 32 4
 10.0338 -43.4742
 10.2756 -43.2499
 10.367 -43.007
 10.37 -43.006
241 17 4
 10.0338 -43.4742
 9.82215 -43.4222
 9.73665 -43.3946
 9.7095 -43.4012
242 72 26
 12.063 -42.9813
 12.4803 -42.3853
 12.7975 -42.1356
 13.1453 -42.1907
 13.2936 -42.3386
 13.5526 -42.3781
 13.759 -42.3462
 13.8408 -42.476
 14.0106 -42.5443
 14.1922 -42.5428
 14.353 -42.4972
 14.5077 -42.52
 14.705 -42.5325
 14.9353 -42.4531
 15.0611 -42.444
 15.1207 -42.3917
 15.1887 -42.2898
 15.2891 -42.1755
 15.3509 -42.0746
 15.3636 -42.0495
 15.3878 -42.0758
 15.4487 -42.0755
 15.5184 -42.071
 15.5511 -42.0718
 15.5845 -42.048
 15.5973 -42.0429
242 32 13
 12.063 -42.9813
 12.1103 -43.5056
 12.5481 -43.7348
 12.1537 -43.8326
 11.584 -43.971
 11.4254 -43.9547
 11.542 -43.6978
 11.2179 -43.2841
 10.7681 -43.2983
 10.4542 -43.4995
 10.2756 -43.2499
 10.367 -43.007
 10.37 -43.006
243 73 6
 16.9271 -55.0644
 16.2129 -53.9624
 15.5785 -53.7026
 15.4202 -53.6619
 15.3384 -53.6283
 15.3319 -53.6059
243 138 4
 16.9271 -55.0644
 17.0713 -56.1087
 17.0655 -56.294
 17.0784 -56.3064
244 53 20
 16.2229 -27.4021
 16.6422 -28.2397
 16.9364 -28.1636
 17.6647 -27.8583
 17.9529 -27.6131
 17.6333 -27.1341
 17.2854 -26.7747
 17.677 -26.806
 18.3032 -26.5208
 19.1058 -26.1776
 20.041 -25.5423
 20.6924 -25.0246
 20.7728 -24.8676
 21.1204 -24.4739
 21.4271 -24.2262
 21.4463 -24.1503
 21.3288 -23.8344
 21.1626 -23.542
 21.0991 -23.517
 21.0751 -23.5217
244 36 4
 16.2229 -27.4021
 15.6546 -26.6501
 15.395 -26.5597
 15.3652 -26.5665
245 72 11
 16.1526 -41.5826
 15.8962 -41.8503
 15.8442 -41.9102
 15.8242 -41.9211
 15.7962 -41.8852
 15.7274 -41.8372
 15.6721 -41.8879
 15.6396 -41.955
 15.6093 -41.9893
 15.602 -42.0317
 15.5973 -42.0429
245 69 12
 16.1526 -41.5826
 16.431 -41.345
 16.5014 -41.2847
 16.493 -41.1286
 16.5022 -41.0051
 16.5881 -40.8371
 16.6622 -40.6499
 16.7524 -40.459
 16.9725 -40.273
 17.1356 -40.2363
 17.1611 -40.2111
 17.166 -40.1987
246 72 28
 11.6982 -39.3761
 12.8049 -39.7281
 13.1738 -40.6298
 13.3694 -41.663
 13.4093 -41.9876
 13.2897 -42.1508
 13.2936 -42.3386
 13.5526 -42.3781
 13.759 -42.3462
 13.8408 -42.476
 14.0106 -42.5443
 14.1922 -42.5428
 14.353 -42.4972
 14.5077 -42.52
 14.705 -42.5325
 14.9353 -42.4531
 15.0611 -42.444
 15.1207 -42.3917
 15.1887 -42.2898
 15.2891 -42.1755
 15.3509 -42.0746
 15.3636 -42.0495
 15.3878 -42.0758
 15.4487 -42.0755
 15.5184 -42.071
 15.5511 -42.0718
 15.5845 -42.048
 15.5973 -42.0429
246 47 6
 11.6982 -39.3761
 10.5315 -38.8759
 9.69685 -37.5264
 8.83015 -36.1936
 8.44905 -35.9663
 8.4272 -35.963
247 97 6
 10.6296 -38.3041
 11.1497 -36.7078
 11.5893 -35.5359
 11.9197 -35.5917
 11.7955 -35.3077
 11.6858 -35.0613
247 47 5
 10.6296 -38.3041
 9.69685 -37.5264
 8.83015 -36.1936
 8.44905 -35.9663
 8.4272 -35.963
248 121 4
 -1.38015 -17.7592
 -1.7252 -16.9756
 -1.75055 -16.6572
 -1.748 -16.6413
248 96 4
 -1.38015 -17.7592
 -1.03455 -18.5142
 -0.97875 -18.7999
 -0.9514 -18.8118
249 36 14
 9.35905 -21.3566
 10.7611 -22.0977
 11.4008 -22.6581
 11.6108 -22.7607
 12.501 -23.2587
 13.1499 -24.117
 12.9844 -24.5862
 13.3819 -24.7665
 14.2838 -24.8363
 14.8701 -24.7347
 14.3774 -24.9694
 14.5744 -25.8204
 15.3245 -26.55
 15.3652 -26.5665
249 128 10
 9.35905 -21.3566
 8.18585 -20.791
 7.3205 -19.8764
 6.73305 -19.1469
 5.98915 -19.1971
 4.99305 -18.5522
 5.2074 -17.8563
 5.7812 -17.7261
 5.7969 -17.4728
 5.7663 -17.4666
250 136 8
 11.3281 -7.8127
 12.1848 -8.83665
 13.0308 -9.72015
 13.6067 -10.5142
 13.6542 -11.3223
 13.6912 -12.0224
 13.8209 -12.0687
 13.8906 -12.1055
250 8 29
 11.3281 -7.8127
 10.1657 -5.8263
 9.486 -4.6437
 9.60285 -4.1399
 9.1933 -5.1632
 7.6156 -5.13555
 6.3024 -5.66545
 5.97085 -4.2181
 5.4811 -3.38545
 5.23325 -2.69545
 4.99955 -2.4164
 4.3086 -2.2399
 2.79975 -1.52355
 1.81735 -0.8977
 1.00435 -0.32515
 0.1908 0.5325
 0.29405 1.2563
 0.3921 2.0727
 0.83465 2.9031
 1.45245 3.44245
 1.72795 3.8634
 1.84565 4.23655
 1.83025 4.3155
 1.72115 5.32125
 1.50475 6.33245
 1.47565 6.5234
 1.6744 6.86505
 1.7993 7.00155
 1.8158 6.963
251 103 22
 -30.704 -0.5373
 -31.4036 -1.4016
 -31.9492 -2.2065
 -32.0993 -2.3292
 -32.2933 -2.4416
 -32.4823 -2.47865
 -32.5404 -2.50125
 -32.4884 -2.6611
 -32.4806 -2.82235
 -32.5851 -2.9278
 -32.6339 -3.0174
 -32.6524 -2.9359
 -32.6951 -2.82435
 -32.8369 -2.6772
 -32.9624 -2.5582
 -33.1813 -2.4805
 -33.5976 -2.4529
 -33.875 -2.4843
 -34.0949 -2.67435
 -34.3347 -2.9525
 -34.4551 -3.0233
 -34.4809 -3.0002
251 11 6
 -30.704 -0.5373
 -30.1989 0.15615
 -29.7932 1.0904
 -29.4667 1.5003
 -29.2799 1.5655
 -29.2639 1.5828
252 2 12
 -35.8082 -0.37675
 -36.4026 0.42015
 -36.7796 0.89495
 -36.7706 0.9515
 -36.7509 1.12635
 -36.858 1.45995
 -37.3308 1.6741
 -37.8115 1.8196
 -38.0749 2.02315
 -38.2111 2.0991
 -38.226 2.13585
 -38.2207 2.1702
252 18 4
 -35.8082 -0.37675
 -35.6737 -0.96935
 -35.734 -1.2482
 -35.7332 -1.2732
253 103 3
 -34.9561 -2.5809
 -34.4835 -2.976
 -34.4809 -3.0002
253 18 6
 -34.9561 -2.5809
 -35.7555 -2.24395
 -35.9357 -2.035
 -35.772 -1.7032
 -35.7453 -1.44375
 -35.7332 -1.2732
254 57 36
 -34.2525 -4.7368
 -34.9053 -5.2945
 -35.3936 -5.76205
 -35.5349 -6.04655
 -35.4688 -6.12395
 -35.1303 -6.3651
 -34.972 -6.82675
 -35.0707 -7.08215
 -35.2123 -7.2328
 -35.4575 -7.2941
 -35.6503 -7.27105
 -35.7968 -7.27295
 -35.9182 -7.34035
 -36.1594 -7.49385
 -36.3296 -7.56465
 -36.3268 -7.60875
 -36.3473 -7.6829
 -36.3856 -7.72545
 -36.4486 -7.6986
 -36.5225 -7.6871
 -36.5882 -7.7349
 -36.7021 -7.7756
 -36.7893 -7.76825
 -36.8195 -7.7737
 -36.8684 -7.8164
 -36.9028 -7.8379
 -36.951 -7.86825
 -37.0204 -7.88335
 -37.071 -7.8362
 -37.1074 -7.79305
 -37.1549 -7.79005
 -37.2698 -7.83895
 -37.3962 -7.9298
 -37.6338 -8.02105
 -37.842 -8.08115
 -37.8641 -8.0987
254 103 21
 -34.2525 -4.7368
 -33.704 -4.2633
 -33.3605 -4.02365
 -33.1939 -3.8688
 -33.1358 -3.74265
 -33.1151 -3.68755
 -32.8351 -3.4495
 -32.6077 -3.20115
 -32.6312 -3.10355
 -32.6339 -3.0174
 -32.6524 -2.9359
 -32.6951 -2.82435
 -32.8369 -2.6772
 -32.9624 -2.5582
 -33.1813 -2.4805
 -33.5976 -2.4529
 -33.875 -2.4843
 -34.0949 -2.67435
 -34.3347 -2.9525
 -34.4551 -3.0233
 -34.4809 -3.0002
255 146 8
 -33.0274 -16.2014
 -32.5076 -17.8939
 -32.3987 -18.8874
 -32.2944 -19.1283
 -31.9474 -19.5154
 -31.6813 -19.849
 -31.6728 -19.9629
 -31.6899 -19.964
255 31 10
 -33.0274 -16.2014
 -33.273 -14.9461
 -33.4361 -14.4038
 -33.9192 -14.3199
 -34.0951 -14.2913
 -34.1994 -14.1954
 -34.5781 -14.1906
 -34.8661 -14.3548
 -34.917 -14.4729
 -34.9733 -14.5128
256 57 47
 -41.5537 -2.05885
 -40.8078 -1.42125
 -39.9809 -1.20785
 -39.4911 -1.2541
 -39.015 -1.3596
 -38.583 -1.6945
 -37.848 -1.98585
 -37.4864 -2.1349
 -37.3532 -2.79475
 -37.1357 -3.3861
 -37.0163 -3.8376
 -36.9719 -4.44565
 -37.3896 -5.3372
 -37.7143 -6.32945
 -37.4736 -6.7023
 -37.2842 -6.8227
 -37.0072 -6.85575
 -36.7854 -6.7597
 -36.6619 -6.87945
 -36.5721 -7.07225
 -36.6116 -7.17395
 -36.6521 -7.23735
 -36.6044 -7.3173
 -36.4953 -7.43285
 -36.4153 -7.5047
 -36.3582 -7.54885
 -36.3268 -7.60875
 -36.3473 -7.6829
 -36.3856 -7.72545
 -36.4486 -7.6986
 -36.5225 -7.6871
 -36.5882 -7.7349
 -36.7021 -7.7756
 -36.7893 -7.76825
 -36.8195 -7.7737
 -36.8684 -7.8164
 -36.9028 -7.8379
 -36.951 -7.86825
 -37.0204 -7.88335
 -37.071 -7.8362
 -37.1074 -7.79305
 -37.1549 -7.79005
 -37.2698 -7.83895
 -37.3962 -7.9298
 -37.6338 -8.02105
 -37.842 -8.08115
 -37.8641 -8.0987
256 86 5
 -41.5537 -2.05885
 -41.8172 -2.6575
 -42.5149 -2.7945
 -42.9159 -2.8119
 -42.9177 -2.8233
257 2 26
 -48.3252 7.976
 -47.8017 7.35475
 -47.4089 6.94625
 -47.1493 6.76225
 -46.601 6.875
 -45.9436 6.9041
 -45.7454 6.88815
 -45.8844 7.15155
 -46.0477 7.50805
 -45.5967 7.65875
 -45.1807 7.58815
 -44.6629 7.3887
 -43.73 7.11315
 -42.8396 7.36935
 -42.1985 7.81705
 -42.4902 7.05915
 -42.2075 5.81235
 -41.5828 4.4964
 -40.5946 3.5384
 -39.5221 3.07215
 -39.1676 2.6787
 -38.8753 2.44265
 -38.5238 2.1835
 -38.3386 2.1143
 -38.2342 2.16875
 -38.2207 2.1702
257 84 8
 -48.3252 7.976
 -49.3549 8.8644
 -50.0607 9.626
 -50.729 10.1306
 -51.5591 10.2273
 -52.4642 10.2859
 -53.1434 10.5273
 -53.1353 10.586
258 76 7
 -36.573 11.9016
 -34.6225 11.6224
 -34.2117 11.1976
 -33.0883 11.1092
 -31.8466 10.784
 -31.6679 10.5555
 -31.6204 10.5611
258 134 4
 -36.573 11.9016
 -38.5958 12.1927
 -39.1892 12.7356
 -39.3123 12.8389
259 76 13
 -23.9429 6.80825
 -24.6414 8.46905
 -25.2404 9.16555
 -25.6064 9.0274
 -25.9159 8.7767
 -26.5162 8.8853
 -27.2885 9.7059
 -28.7727 10.5252
 -30.0393 10.8128
 -30.3508 10.7498
 -31.0111 10.4665
 -31.5643 10.4225
 -31.6204 10.5611
259 52 6
 -23.9429 6.80825
 -22.7784 6.1152
 -21.5831 5.7549
 -21.3371 4.8273
 -21.5476 4.45795
 -21.6234 4.415
260 135 15
 -15.0553 10.215
 -15.8607 9.80785
 -16.6072 9.50135
 -16.7535 9.44785
 -16.8577 9.2747
 -16.9748 9.1213
 -17.0359 9.0362
 -17.1278 9.00705
 -17.2319 9.05925
 -17.3214 9.1399
 -17.3876 9.01905
 -17.507 8.63765
 -17.8791 7.99585
 -18.1387 7.5104
 -18.1246 7.4589
260 93 7
 -15.0553 10.215
 -14.6939 10.2624
 -14.9733 10.5951
 -15.2806 10.9373
 -15.4799 11.2249
 -15.4918 11.465
 -15.505 11.4823
261 45 14
 -17.0093 15.8636
 -17.2339 16.1449
 -17.4617 16.4016
 -17.3602 16.5299
 -17.5532 16.4401
 -17.744 16.5358
 -17.9701 16.7309
 -18.0962 16.8414
 -18.1595 16.9453
 -18.1807 17.0448
 -18.1887 17.1052
 -18.2452 17.1251
 -18.3118 17.1168
 -18.3304 17.1011
261 49 6
 -17.0093 15.8636
 -16.898 15.2926
 -16.7691 14.7864
 -16.7016 14.7377
 -16.6856 14.6865
 -16.6804 14.6445
262 114 6
 -34.9817 15.361
 -33.6115 13.8433
 -32.7041 13.6098
 -32.6021 13.1901
 -32.476 12.7607
 -32.4686 12.7367
262 127 4
 -34.9817 15.361
 -36.2876 17.0631
 -37.1792 17.4697
 -37.2109 17.4726
263 127 5
 -36.7612 19.3953
 -37.0183 18.7816
 -37.2286 18.1018
 -37.1636 17.5821
 -37.2109 17.4726
263 104 4
 -36.7612 19.3953
 -36.6439 20.0531
 -36.4421 20.4102
 -36.4229 20.4535
264 66 10
 -18.9792 29.2067
 -20.0384 30.5831
 -20.1941 31.4136
 -20.4321 32.5378
 -20.5803 33.4032
 -20.4324 33.6287
 -20.2663 34.305
 -21.3074 35.1864
 -22.4603 35.5485
 -22.5455 35.5403
264 34 10
 -18.9792 29.2067
 -17.9822 27.02
 -18.1791 25.4813
 -18.344 25.0635
 -18.1562 24.9526
 -16.9764 24.5816
 -15.7134 24.0755
 -15.0207 23.2907
 -14.7462 22.469
 -14.9374 22.387
265 66 7
 -20.295 36.9965
 -21.6139 36.0731
 -22.7192 35.7458
 -22.7134 35.6727
 -22.6391 35.609
 -22.5555 35.5484
 -22.5455 35.5403
265 59 15
 -20.295 36.9965
 -20.2017 37.9608
 -20.0804 38.6769
 -19.559 39.1898
 -18.9361 39.0199
 -18.3135 38.8652
 -17.4111 39.201
 -16.7563 39.4669
 -16.6782 39.8327
 -16.4418 40.4801
 -16.1895 41.0447
 -16.1968 41.3596
 -16.0642 41.5484
 -15.8301 41.6175
 -15.793 41.5781
266 149 8
 -14.1045 53.3214
 -12.9205 54.8625
 -12.9114 55.2233
 -12.9445 55.3587
 -12.8073 55.2392
 -12.5082 55.2129
 -12.3169 55.2446
 -12.3028 55.2214
266 80 16
 -14.1045 53.3214
 -15.2659 52.0004
 -15.9657 52.0843
 -16.837 51.3396
 -16.9084 50.3017
 -16.7924 50.1166
 -16.4464 49.9082
 -16.1944 49.1782
 -16.1732 48.3409
 -16.0772 47.896
 -16.0921 47.7029
 -15.988 47.7561
 -15.8573 47.6593
 -15.7781 47.4393
 -15.7058 47.3373
 -15.679 47.3501
267 59 12
 -12.5124 39.3899
 -13.4212 40.0697
 -14.5234 40.5629
 -15.0879 40.9526
 -15.1692 41.2124
 -15.3583 41.2154
 -15.5408 41.1816
 -15.6172 41.0512
 -15.6535 41.2163
 -15.7348 41.3862
 -15.7877 41.5241
 -15.793 41.5781
267 150 11
 -12.5124 39.3899
 -11.3662 38.9859
 -10.3233 38.8156
 -9.9728 38.5659
 -9.7182 38.0616
 -9.31235 37.3658
 -9.02515 36.7205
 -8.92925 36.2963
 -9.04395 36.0747
 -9.20165 35.9755
 -9.2064 35.9463
268 150 5
 -8.72615 36.4035
 -8.8524 36.1483
 -9.04395 36.0747
 -9.20165 35.9755
 -9.2064 35.9463
268 33 4
 -8.72615 36.4035
 -8.23155 36.8329
 -7.8628 37.0691
 -7.901 37.1275
269 13 18
 -2.4023 53.4759
 -1.73075 52.7879
 -1.31495 52.6612
 -1.20795 52.7838
 -1.13345 52.8416
 -0.8064 52.558
 -0.06865 52.3358
 0.64455 52.6551
 0.36415 52.2123
 1.00865 51.8047
 1.78175 51.4932
 1.99435 51.1771
 2.36195 51.5653
 3.26505 51.7767
 3.95755 51.9348
 4.53095 52.0112
 4.84805 52.0483
 4.8457 52.1236
269 30 3
 -2.4023 53.4759
 -2.8786 54.0892
 -3.0316 54.2133
270 74 8
 -3.46945 52.3639
 -3.95065 51.5703
 -4.52535 50.7478
 -5.27805 50.4431
 -5.7258 50.0215
 -5.90045 49.5576
 -5.98175 49.379
 -5.9812 49.3779
270 30 4
 -3.46945 52.3639
 -2.9454 53.2348
 -2.8786 54.0892
 -3.0316 54.2133
271 149 16
 -4.43475 54.3428
 -5.1799 54.6773
 -5.364 54.658
 -5.7104 54.5477
 -7.4163 54.5612
 -9.53615 54.7245
 -10.1632 54.9352
 -10.2768 55.1083
 -10.6851 55.1782
 -11.0454 55.2201
 -11.3848 55.2638
 -11.8055 55.3138
 -12.02 55.2515
 -12.1541 55.1701
 -12.2376 55.1873
 -12.3028 55.2214
271 30 4
 -4.43475 54.3428
 -3.38285 54.1185
 -3.05265 54.2196
 -3.0316 54.2133
272 67 9
 18.7891 41.1219
 18.5877 40.548
 18.8267 40.0251
 19.0457 39.3292
 18.8712 38.8037
 18.654 38.2874
 18.8152 37.4493
 19.0587 36.8111
 19.0614 36.7323
272 137 4
 18.7891 41.1219
 19.2971 42.1093
 19.5961 42.6353
 19.5718 42.6331
273 126 13
 20.166 37.148
 21.1076 37.3311
 21.5169 37.1281
 21.9499 36.7448
 22.1672 35.853
 22.1259 35.0078
 21.7422 34.2868
 20.9641 33.8641
 20.1449 33.8274
 19.6286 33.7344
 19.3627 33.3747
 19.0689 32.8498
 18.829 32.7147
273 67 4
 20.166 37.148
 19.3083 36.8455
 19.1696 36.7685
 19.0614 36.7323
274 151 6
 15.5705 33.6884
 16.3012 34.0662
 16.6104 34.423
 16.7488 34.7499
 16.8385 34.9263
 16.8729 34.9487
274 100 4
 15.5705 33.6884
 14.8493 33.2515
 14.5828 33.0179
 14.5329 33.027
275 8 15
 8.19095 9.8135
 7.901 8.5947
 7.0382 9.4833
 5.81 9.87105
 5.18175 9.46925
 4.94865 9.52445
 4.9304 9.45995
 4.7844 9.4149
 4.4358 9.4056
 3.38965 8.25285
 2.515 7.134
 2.30515 7.27035
 2.02055 7.2619
 1.8618 7.05155
 1.8158 6.963
275 107 3
 8.19095 9.8135
 8.58075 11.122
 8.6395 11.2378
276 43 11
 11.1404 12.0265
 13.6658 11.7568
 14.629 11.3478
 14.8333 11.363
 15.1967 11.6699
 15.5499 11.9963
 15.8034 12.2017
 15.8533 12.6505
 15.8288 13.1431
 15.9672 13.4247
 15.9731 13.4528
276 107 5
 11.1404 12.0265
 9.3182 11.3302
 9.05565 10.9777
 8.7727 11.1906
 8.6395 11.2378
277 131 7
 24.6555 11.7934
 25.6175 11.8045
 25.7985 11.7675
 25.7598 12.145
 25.3897 12.8918
 25.0747 13.3265
 25.0559 13.3355
277 124 18
 24.6555 11.7934
 23.6453 12.0021
 23.3997 12.2642
 23.5366 11.646
 23.577 10.9058
 23.4928 10.4445
 23.372 10.1064
 23.1469 9.9097
 23.2827 9.34595
 23.8598 8.21665
 24.564 7.71065
 24.1528 7.2749
 24.6741 6.32755
 25.1829 5.28865
 25.5643 5.87905
 25.8435 6.40275
 25.8885 6.6977
 25.9157 6.738
278 20 6
 26.5578 6.65775
 27.229 6.54815
 27.5444 6.9852
 28.2534 7.5214
 28.9484 7.91925
 29.1265 8.1658
278 124 3
 26.5578 6.65775
 25.9629 6.77875
 25.9157 6.738
279 20 30
 26.6569 -5.22855
 25.6173 -3.3562
 25.0266 -2.4653
 25.2442 -1.87595
 25.6663 -1.6236
 25.6745 -1.59285
 25.8321 -1.08675
 25.9275 -0.3172
 25.7936 0.17485
 25.3419 0.5288
 26.2878 0.52115
 27.1654 0.70795
 28.3965 0.7925
 29.1498 1.43665
 29.0653 2.15615
 29.3393 2.2302
 29.8223 2.6445
 30.0691 3.2931
 30.4532 3.641
 30.6335 3.836
 30.021 3.99465
 29.5189 4.41255
 29.3888 4.85925
 28.9891 5.42
 28.767 6.03845
 28.9361 6.41965
 28.9099 7.10025
 28.7941 7.62
 28.9484 7.91925
 29.1265 8.1658
279 61 3
 26.6569 -5.22855
 27.2316 -6.6392
 27.2423 -6.6878
280 20 20
 32.6764 0.5313
 31.9264 1.44395
 32.1192 1.76545
 31.9117 1.86955
 31.6812 2.16785
 30.8575 2.71785
 29.8223 2.6445
 30.0691 3.2931
 30.4532 3.641
 30.6335 3.836
 30.021 3.99465
 29.5189 4.41255
 29.3888 4.85925
 28.9891 5.42
 28.767 6.03845
 28.9361 6.41965
 28.9099 7.10025
 28.7941 7.62
 28.9484 7.91925
 29.1265 8.1658
280 106 3
 32.6764 0.5313
 33.6103 -0.08235
 33.6264 -0.0939
281 19 7
 36.1003 13.194
 35.0109 13.5057
 33.3751 13.251
 32.8522 12.8214
 32.5274 12.4009
 32.356 12.3599
 32.2448 12.406
281 37 4
 36.1003 13.194
 36.3005 11.8939
 36.8237 11.0506
 36.858 11.0375
282 89 9
 28.8648 21.8032
 27.9522 22.3928
 27.8423 23.118
 27.7969 23.5664
 27.5688 23.9245
 26.8513 24.6952
 26.235 25.2624
 26.0182 25.4338
 25.9427 25.4835
282 87 15
 28.8648 21.8032
 30.2645 21.1199
 29.68 22.2115
 30.3461 23.5089
 31.0782 24.1159
 32.0662 23.4254
 33.0709 22.6875
 33.1831 22.7952
 33.6958 23.3838
 34.5681 23.967
 35.3918 24.2841
 35.7108 24.6489
 34.8344 25.4387
 34.0155 26.0378
 34.0049 26.0467
283 79 8
 25.2142 29.5905
 26.4952 29.7292
 26.7425 29.7889
 27.181 29.9027
 27.9343 30.3747
 28.3253 31.2073
 28.1803 31.6469
 28.1369 31.6724
283 75 4
 25.2142 29.5905
 23.8904 29.7579
 23.7213 30.0486
 23.6643 30.0327
284 25 7
 25.8231 53.9564
 26.6355 53.9501
 27.076 54.2942
 26.7584 53.6884
 26.6293 52.8698
 26.857 52.5023
 26.9666 52.4052
284 119 7
 25.8231 53.9564
 25.187 54.6593
 24.8428 55.4969
 24.6815 55.9421
 24.4892 56.1424
 24.3059 56.3443
 24.3037 56.3639
285 152 15
 26.6213 49.6129
 27.1133 49.4214
 27.2268 49.452
 27.2729 49.2927
 27.3338 49.1079
 27.353 49.0623
 27.6348 48.8704
 28.3994 48.5038
 29.0677 48.1832
 29.1908 47.7033
 29.1041 47.3157
 29.1381 47.257
 29.3247 47.2705
 29.462 47.3004
 29.4689 47.3055
285 133 5
 26.6213 49.6129
 25.9218 49.9477
 25.2862 50.1358
 24.9608 50.2808
 24.9559 50.3364
286 54 6
 31.1031 59.716
 31.7023 60.5416
 31.7097 60.6332
 32.3129 61.1779
 32.9207 61.7138
 32.9544 61.7165
286 68 4
 31.1031 59.716
 30.1369 58.977
 29.7619 58.9667
 29.7322 58.9498
287 119 19
 31.3902 55.5284
 30.712 55.3235
 30.1641 55.3821
 29.7779 55.5451
 29.5667 55.6294
 29.1431 56.0219
 28.4487 56.6509
 28.1263 56.9249
 27.6911 56.6229
 26.6037 56.1956
 25.695 55.9714
 25.4419 55.8768
 25.3166 55.9657
 25.1111 56.0102
 24.8598 56.0627
 24.6985 56.0448
 24.4892 56.1424
 24.3059 56.3443
 24.3037 56.3639
287 68 9
 31.3902 55.5284
 32.2774 55.9438
 32.3312 56.6776
 31.8354 57.219
 31.7564 57.678
 31.0688 58.5286
 30.1369 58.977
 29.7619 58.9667
 29.7322 58.9498
288 82 35
 33.6993 42.5494
 34.6612 43.2038
 34.6953 43.8878
 34.9104 43.4832
 35.2788 43.4566
 35.9401 43.2622
 36.5466 43.0466
 36.8488 42.8479
 36.975 42.7037
 37.212 42.4317
 37.4305 41.9729
 37.4254 41.6961
 37.5185 41.6737
 37.8475 41.7355
 38.0904 41.7204
 38.1728 41.6884
 38.3464 41.6074
 38.4995 41.5681
 38.5555 41.6483
 38.6105 41.7046
 38.6281 41.7694
 38.6908 41.9395
 38.7957 42.0627
 38.8399 42.1269
 38.8768 42.2959
 38.8811 42.4492
 38.9262 42.5211
 39.0407 42.5483
 39.1815 42.5371
 39.4457 42.4994
 39.6691 42.4704
 39.7098 42.6968
 39.7129 43.0546
 39.7108 43.1839
 39.7126 43.19
288 65 30
 33.6993 42.5494
 32.8242 42.14
 32.352 41.7464
 31.8025 41.2085
 31.3818 40.7884
 30.5578 40.5788
 30.3078 40.1362
 30.2534 39.5298
 30.0103 39.264
 30.0268 38.8689
 29.8987 38.4417
 29.6754 38.1483
 29.406 38.0444
 29.2763 38.0548
 29.198 38.0869
 29.1044 38.119
 29.0422 38.1191
 28.9972 38.0277
 28.9614 37.9258
 28.8253 37.9104
 28.6691 37.9056
 28.548 37.8789
 28.4174 37.8903
 28.2831 37.9246
 28.1996 37.7948
 28.2154 37.6287
 28.2452 37.6041
 28.3093 37.5612
 28.3577 37.505
 28.3676 37.4895
289 85 19
 41.4676 30.7294
 42.4489 30.6564
 42.7437 30.5893
 42.6595 30.3418
 42.5684 29.6264
 42.5461 29.0654
 42.3501 28.7153
 42.1819 28.1147
 42.1449 27.544
 42.2978 26.9573
 42.423 26.6252
 42.2782 26.4595
 42.1788 26.285
 42.1532 26.2402
 42.1902 26.0774
 42.272 25.8204
 42.0474 25.459
 41.8348 25.1562
 41.8593 25.1267
289 62 21
 41.4676 30.7294
 40.4212 31.1714
 40.0584 31.3172
 40.0539 31.4961
 39.6848 31.5451
 39.1281 31.7296
 38.8616 31.8459
 38.6412 31.9869
 38.1248 32.5821
 37.7313 33.1373
 37.2941 33.2533
 37.0407 33.4477
 37.1869 33.7802
 37.2143 34.0253
 37.2765 34.0613
 37.4717 34.1313
 37.5024 34.3349
 37.4199 34.4944
 37.4752 34.5743
 37.55 34.6134
 37.59 34.6315
290 141 6
 41.7337 24.6462
 42.2152 24.25
 42.5631 23.9428
 42.8436 23.7192
 43.0265 23.6585
 43.0272 23.7827
290 85 4
 41.7337 24.6462
 41.6586 24.941
 41.8374 25.1175
 41.8593 25.1267
291 51 7
 43.9929 21.9932
 44.3471 21.7542
 44.4714 21.7925
 44.5859 21.7451
 44.6714 21.71
 44.748 21.6554
 44.8235 21.6591
291 141 6
 43.9929 21.9932
 43.5592 22.5457
 43.3848 22.7565
 43.2049 23.1483
 43.0265 23.6585
 43.0272 23.7827
292 102 3
 57.7696 16.8502
 56.8081 16.109
 56.7153 16.0879
292 10 3
 57.7696 16.8502
 58.7185 17.656
 58.7985 17.7418
293 50 6
 54.9551 16.6945
 53.5324 16.598
 52.6477 16.0812
 51.6487 15.9132
 50.9868 15.8736
 50.8443 15.9416
293 102 7
 54.9551 16.6945
 56.0783 15.9548
 56.3158 15.632
 56.4477 15.7575
 56.583 15.9291
 56.7168 16.0601
 56.7153 16.0879
294 98 9
 51.6498 16.9407
 51.7118 17.4436
 51.2547 17.8492
 50.8368 18.5746
 51.002 19.1228
 50.5112 18.4534
 50.1301 17.9042
 50.1311 17.8014
 50.1313 17.7783
294 50 4
 51.6498 16.9407
 51.2257 16.2101
 50.8454 15.9477
 50.8443 15.9416
295 98 13
 46.16 20.9764
 46.714 20.2132
 47.4137 19.6277
 47.6872 19.2781
 47.8995 18.9152
 48.1255 18.3195
 48.5205 17.5877
 48.785 17.2938
 48.7092 17.65
 48.8454 18.2398
 49.5429 18.2762
 50.0768 17.8593
 50.1313 17.7783
295 51 8
 46.16 20.9764
 46.0893 21.6166
 45.7418 21.9827
 45.2929 21.8401
 45.0736 21.7344
 44.9261 21.6678
 44.8333 21.6571
 44.8235 21.6591
296 23 6
 50.2197 7.6423
 49.8736 6.97905
 49.84 6.9042
 49.6775 7.0254
 49.6006 6.89495
 49.6027 6.8316
296 125 4
 50.2197 7.6423
 51.0547 8.0752
 51.5243 8.145
 51.5551 8.182
297 112 32
 46.5149 0.5225
 45.9631 0.44455
 45.5957 0.425
 45.2866 0.2546
 44.597 0.1503
 44.2016 -0.73315
 44.2416 -1.73575
 44.5854 -1.8572
 45.1077 -1.89745
 45.295 -2.0513
 45.2829 -2.5475
 45.0693 -3.28645
 45.0093 -3.5804
 45.1583 -3.5385
 45.3598 -3.1064
 46.1785 -3.20505
 46.8084 -4.10685
 46.5105 -4.5078
 47.2948 -4.5649
 48.0051 -4.675
 48.4619 -4.6935
 48.8549 -4.5736
 48.9611 -4.32285
 48.9081 -4.1323
 48.8728 -4.05915
 48.8941 -3.95725
 48.956 -3.8721
 48.9535 -3.8048
 48.9697 -3.7351
 49.0052 -3.6142
 49.0314 -3.4675
 49.0605 -3.4109
297 23 19
 46.5149 0.5225
 46.958 0.791
 47.6671 0.57035
 48.1098 0.6517
 47.8391 1.01555
 47.8184 1.821
 48.1885 2.95585
 48.3651 3.3756
 48.4147 3.6127
 48.5389 3.99255
 48.3979 4.4507
 48.3642 4.9444
 48.7343 5.1527
 49.0813 5.089
 49.2108 5.13075
 49.2958 5.5942
 49.5616 6.39135
 49.6672 6.78475
 49.6027 6.8316
298 112 26
 42.0527 -1.9103
 42.808 -2.922
 42.9771 -3.36485
 43.0402 -3.43735
 43.6735 -3.4633
 44.5868 -3.5382
 45.0093 -3.5804
 45.1583 -3.5385
 45.3598 -3.1064
 46.1785 -3.20505
 46.8084 -4.10685
 46.5105 -4.5078
 47.2948 -4.5649
 48.0051 -4.675
 48.4619 -4.6935
 48.8549 -4.5736
 48.9611 -4.32285
 48.9081 -4.1323
 48.8728 -4.05915
 48.8941 -3.95725
 48.956 -3.8721
 48.9535 -3.8048
 48.9697 -3.7351
 49.0052 -3.6142
 49.0314 -3.4675
 49.0605 -3.4109
298 15 4
 42.0527 -1.9103
 41.1125 -1.45405
 40.789 -1.50165
 40.7785 -1.3722
299 147 23
 71.8219 -8.1757
 71.3398 -8.37595
 70.6481 -8.112
 69.9602 -7.7931
 69.9187 -7.77485
 69.7821 -7.9046
 69.6377 -8.0418
 68.9878 -7.72525
 68.422 -7.97325
 68.4553 -8.5772
 68.3618 -8.66815
 68.2542 -8.9973
 68.1983 -9.306
 67.7795 -9.7171
 67.4847 -10.6477
 67.814 -11.3673
 67.9966 -11.592
 68.1292 -11.4718
 68.3185 -11.3432
 68.7197 -11.433
 69.0597 -11.6961
 69.1434 -11.8046
 69.1927 -11.8181
299 77 7
 71.8219 -8.1757
 72.4527 -8.10315
 72.6353 -8.13335
 72.9178 -8.0411
 73.6169 -7.8827
 73.9767 -7.6524
 73.9137 -7.556
300 0 9
 56.684 -18.4301
 56.9517 -18.3438
 57.1412 -18.2817
 57.6694 -18.32
 58.0487 -18.3946
 58.118 -18.3906
 58.1745 -18.4729
 58.209 -18.5434
 58.2245 -18.5469
300 56 18
 56.684 -18.4301
 56.3897 -18.4645
 56.3341 -18.3246
 56.1175 -18.3031
 55.8772 -18.3848
 55.5262 -18.7672
 54.8992 -19.3653
 54.5501 -19.4994
 54.4972 -19.398
 54.4626 -19.632
 54.1424 -19.926
 53.7654 -20.0175
 53.6299 -20.0219
 53.512 -19.8623
 53.3496 -19.8108
 53.206 -19.889
 53.1744 -19.8806
 53.1742 -19.8645
301 3 19
 50.9426 -19.1698
 50.4947 -19.0044
 50.2934 -18.8117
 50.15 -18.6227
 49.9889 -18.4846
 49.8169 -18.3275
 49.7721 -18.188
 49.7626 -18.2838
 49.3227 -18.1539
 48.7943 -17.6459
 48.7096 -17.2565
 48.6768 -17.0819
 48.6525 -16.8966
 48.6722 -16.8143
 48.6758 -16.7592
 48.7034 -16.7115
 48.7866 -16.6771
 48.847 -16.6353
 48.8413 -16.619
301 56 19
 50.9426 -19.1698
 51.4902 -19.1648
 51.7873 -19.0264
 51.9617 -18.8552
 52.0726 -18.75
 52.1467 -18.8667
 52.2612 -19.0413
 52.2858 -19.2574
 52.333 -19.321
 52.5647 -19.2845
 52.691 -19.3354
 52.73 -19.3547
 52.8191 -19.4071
 52.8963 -19.4743
 52.9362 -19.667
 53.0002 -19.831
 53.0656 -19.8305
 53.1292 -19.8536
 53.1742 -19.8645
302 56 21
 55.4912 -16.6012
 55.6264 -17.114
 55.9078 -17.5708
 55.9823 -17.8189
 56.1059 -18.0297
 56.2962 -18.2013
 56.1175 -18.3031
 55.8772 -18.3848
 55.5262 -18.7672
 54.8992 -19.3653
 54.5501 -19.4994
 54.4972 -19.398
 54.4626 -19.632
 54.1424 -19.926
 53.7654 -20.0175
 53.6299 -20.0219
 53.512 -19.8623
 53.3496 -19.8108
 53.206 -19.889
 53.1744 -19.8806
 53.1742 -19.8645
302 101 3
 55.4912 -16.6012
 55.5326 -16.297
 55.5514 -16.2285
303 22 15
 47.2586 -11.8981
 47.4295 -11.4189
 47.0155 -11.3174
 46.512 -10.9015
 46.3773 -10.4305
 46.1847 -10.3031
 45.9388 -10.2243
 45.8773 -10.152
 45.8793 -10.1411
 46.0588 -10.0373
 46.1712 -9.69675
 46.2608 -9.359
 46.3892 -9.1761
 46.4667 -9.02695
 46.5408 -8.9562
303 12 8
 47.2586 -11.8981
 46.8326 -12.6336
 46.5089 -12.9962
 46.3371 -13.0616
 46.28 -13.1201
 46.3568 -13.2523
 46.4575 -13.3521
 46.4606 -13.3692
304 120 6
 28.8519 -7.3002
 29.5404 -7.7514
 30.6957 -6.67685
 31.7323 -5.28705
 31.6205 -4.9189
 31.6168 -4.8991
304 61 5
 28.8519 -7.3002
 28.0977 -6.8813
 27.6235 -6.88185
 27.2234 -6.7855
 27.2423 -6.6878
305 112 31
 41.9806 -9.47205
 41.1961 -8.95
 40.6137 -9.1219
 41.1145 -8.90555
 41.639 -7.98505
 42.1088 -7.10805
 41.9984 -6.87415
 42.4108 -6.6025
 43.5089 -6.52505
 43.8594 -6.58245
 44.0634 -6.4865
 44.6142 -6.1572
 44.8632 -5.82855
 44.781 -5.72095
 45.2466 -5.3706
 45.9644 -4.77625
 46.5105 -4.5078
 47.2948 -4.5649
 48.0051 -4.675
 48.4619 -4.6935
 48.8549 -4.5736
 48.9611 -4.32285
 48.9081 -4.1323
 48.8728 -4.05915
 48.8941 -3.95725
 48.956 -3.8721
 48.9535 -3.8048
 48.9697 -3.7351
 49.0052 -3.6142
 49.0314 -3.4675
 49.0605 -3.4109
305 22 19
 41.9806 -9.47205
 42.5168 -10.2803
 42.5594 -10.5263
 42.8572 -10.4575
 43.3037 -10.1609
 43.6595 -9.60335
 44.0919 -9.12185
 44.566 -8.8861
 45.118 -9.18805
 45.4675 -9.78895
 45.6013 -10.1147
 45.8013 -10.149
 45.8793 -10.1411
 46.0588 -10.0373
 46.1712 -9.69675
 46.2608 -9.359
 46.3892 -9.1761
 46.4667 -9.02695
 46.5408 -8.9562
306 64 45
 32.8596 -25.7685
 32.4652 -26.7335
 32.5454 -27.3651
 33.1794 -27.5115
 33.9936 -27.8896
 34.8517 -28.4252
 35.5454 -28.2637
 35.6793 -28.8723
 35.8892 -29.0412
 36.6194 -28.9904
 37.3294 -28.9249
 37.56 -29.0206
 37.6761 -28.9683
 38.2225 -28.3573
 38.8579 -27.7453
 39.4939 -27.785
 39.7904 -27.7878
 39.9298 -27.7482
 40.0614 -27.7781
 40.4179 -27.8183
 41.026 -27.5577
 41.595 -27.2416
 41.9627 -26.8336
 42.1825 -26.2
 42.5908 -25.9674
 42.8447 -25.5224
 42.6628 -24.7523
 42.8522 -24.6216
 43.5784 -24.865
 44.104 -24.9402
 44.2817 -24.9184
 44.3185 -24.8426
 44.4648 -24.6133
 44.784 -24.4487
 45.0351 -24.4601
 45.2382 -24.5214
 45.4059 -24.5559
 45.4963 -24.5761
 45.5422 -24.5643
 45.5919 -24.5376
 45.632 -24.5201
 45.6672 -24.5035
 45.722 -24.4002
 45.7619 -24.2922
 45.7688 -24.2727
306 78 3
 32.8596 -25.7685
 33.3321 -25.4362
 33.3511 -25.4387
307 64 49
 31.0802 -30.6705
 30.9183 -29.7453
 31.3182 -29.2737
 31.8984 -28.7476
 32.0761 -28.4048
 32.2999 -27.8135
 32.5411 -27.3933
 33.1794 -27.5115
 33.9936 -27.8896
 34.8517 -28.4252
 35.5454 -28.2637
 35.6793 -28.8723
 35.8892 -29.0412
 36.6194 -28.9904
 37.3294 -28.9249
 37.56 -29.0206
 37.6761 -28.9683
 38.2225 -28.3573
 38.8579 -27.7453
 39.4939 -27.785
 39.7904 -27.7878
 39.9298 -27.7482
 40.0614 -27.7781
 40.4179 -27.8183
 41.026 -27.5577
 41.595 -27.2416
 41.9627 -26.8336
 42.1825 -26.2
 42.5908 -25.9674
 42.8447 -25.5224
 42.6628 -24.7523
 42.8522 -24.6216
 43.5784 -24.865
 44.104 -24.9402
 44.2817 -24.9184
 44.3185 -24.8426
 44.4648 -24.6133
 44.784 -24.4487
 45.0351 -24.4601
 45.2382 -24.5214
 45.4059 -24.5559
 45.4963 -24.5761
 45.5422 -24.5643
 45.5919 -24.5376
 45.632 -24.5201
 45.6672 -24.5035
 45.722 -24.4002
 45.7619 -24.2922
 45.7688 -24.2727
307 1 11
 31.0802 -30.6705
 31.1725 -31.5374
 31.1046 -31.5788
 30.9439 -31.5835
 30.5219 -32.2502
 30.0809 -33.5695
 29.9316 -34.7583
 29.3225 -35.2533
 28.616 -35.1369
 28.5574 -35.0302
 28.5574 -35.0126
308 1 17
 32.8867 -34.3476
 32.7071 -33.3127
 32.9635 -32.616
 32.6417 -32.5726
 32.2136 -32.827
 31.7639 -32.8294
 31.494 -32.5557
 31.2696 -32.038
 31.1046 -31.5788
 30.9439 -31.5835
 30.5219 -32.2502
 30.0809 -33.5695
 29.9316 -34.7583
 29.3225 -35.2533
 28.616 -35.1369
 28.5574 -35.0302
 28.5574 -35.0126
308 140 8
 32.8867 -34.3476
 33.519 -35.6056
 33.6006 -36.6318
 33.659 -36.8975
 34.2552 -37.2588
 34.9806 -37.3361
 35.2996 -37.0988
 35.4412 -37.0756
309 72 36
 24.065 -39.3532
 23.6423 -40.3853
 23.0639 -40.9508
 23.0984 -41.6995
 22.9454 -41.757
 21.9795 -41.7111
 21.1215 -41.7471
 20.2924 -41.6971
 19.4995 -41.7963
 19.2584 -41.7607
 19.1301 -41.687
 18.9 -41.4268
 18.6931 -41.1631
 18.6251 -41.0768
 18.4719 -41.0452
 18.2645 -41.259
 18.0947 -41.6297
 17.8923 -41.9528
 17.7096 -42.1275
 17.5938 -42.1313
 17.3349 -42.2017
 17.0593 -42.2724
 16.7395 -42.3212
 16.4704 -42.2729
 16.2986 -42.1055
 16.1083 -41.925
 15.9168 -41.8835
 15.8442 -41.9102
 15.8242 -41.9211
 15.7962 -41.8852
 15.7274 -41.8372
 15.6721 -41.8879
 15.6396 -41.955
 15.6093 -41.9893
 15.602 -42.0317
 15.5973 -42.0429
309 1 25
 24.065 -39.3532
 23.5474 -38.147
 23.1095 -37.5813
 23.1872 -37.2404
 23.3287 -37.2349
 24.0183 -37.2863
 24.7084 -37.417
 24.8628 -37.4308
 24.912 -36.9254
 24.8995 -36.3333
 25.1271 -35.9555
 25.4934 -35.6607
 25.7615 -35.7338
 25.8094 -36.0126
 25.9162 -35.8859
 26.1945 -35.7512
 27.0053 -35.2564
 27.5835 -34.834
 27.7706 -34.9489
 28.0754 -35.1056
 28.2221 -35.0211
 28.2999 -35.0106
 28.4581 -35.0613
 28.5574 -35.0302
 28.5574 -35.0126
310 140 5
 35.7084 -35.8194
 35.566 -36.3067
 35.4829 -36.7771
 35.4178 -37.0311
 35.4412 -37.0756
310 148 4
 35.7084 -35.8194
 36.1348 -35.0996
 36.4238 -34.5792
 36.4342 -34.5521
311 81 18
 44.9476 -58.4352
 44.0091 -57.7744
 43.1404 -57.4921
 42.7807 -57.4388
 42.1535 -57.1525
 41.08 -56.5009
 40.2452 -56.0658
 39.9216 -55.809
 39.7057 -55.5616
 39.696 -55.486
 39.4773 -55.2777
 39.2661 -55.1166
 38.6504 -54.8759
 38.0387 -54.4207
 37.8164 -54.0051
 37.4231 -53.7135
 37.2212 -53.5861
 37.1984 -53.5554
311 95 4
 44.9476 -58.4352
 45.2833 -59.1394
 45.5155 -59.6106
 45.5507 -59.7712
312 56 40
 66.7746 -32.8861
 65.9156 -30.465
 65.7085 -29.5345
 65.3783 -28.9361
 64.9937 -28.1465
 64.224 -27.6067
 63.1236 -26.8662
 62.4383 -26.2318
 62.146 -26.0146
 61.916 -25.6508
 61.537 -25.2712
 60.5132 -25.7479
 60.1126 -25.5294
 60.1644 -24.6344
 59.5006 -24.6266
 58.9818 -24.1768
 57.8723 -23.0917
 57.3069 -22.2194
 57.3562 -21.9032
 56.6481 -21.5834
 55.7023 -21.2263
 55.2076 -21.1595
 55.0452 -21.2596
 54.921 -21.4747
 54.8999 -21.4968
 54.8831 -21.5005
 54.6905 -21.2869
 54.4139 -21.0354
 54.2141 -20.8714
 54.017 -20.7354
 53.9046 -20.562
 53.797 -20.4206
 53.6801 -20.288
 53.6696 -20.1006
 53.6299 -20.0219
 53.512 -19.8623
 53.3496 -19.8108
 53.206 -19.889
 53.1744 -19.8806
 53.1742 -19.8645
312 142 17
 66.7746 -32.8861
 68.2247 -35.8143
 68.1524 -37.7523
 67.3783 -39.2329
 65.5561 -41.0158
 63.6047 -41.9248
 63.0999 -41.7728
 62.2009 -41.5243
 61.5933 -42.7253
 61.3889 -43.9614
 60.7595 -44.3277
 60.1651 -44.7522
 60.2449 -44.8183
 59.4958 -46.0929
 58.5595 -47.3357
 58.4325 -47.2993
 58.4201 -47.2847
313 81 21
 49.8613 -53.7207
 48.6117 -54.1152
 47.6469 -54.2649
 45.9851 -56.1055
 44.0091 -57.7744
 43.1404 -57.4921
 42.7807 -57.4388
 42.1535 -57.1525
 41.08 -56.5009
 40.2452 -56.0658
 39.9216 -55.809
 39.7057 -55.5616
 39.696 -55.486
 39.4773 -55.2777
 39.2661 -55.1166
 38.6504 -54.8759
 38.0387 -54.4207
 37.8164 -54.0051
 37.4231 -53.7135
 37.2212 -53.5861
 37.1984 -53.5554
313 142 11
 49.8613 -53.7207
 52.5985 -52.9913
 54.8913 -52.3284
 55.2971 -51.7029
 55.8358 -50.7996
 56.3717 -50.57
 56.6816 -50.5309
 57.638 -49.7155
 58.2961 -48.2506
 58.3251 -47.3578
 58.4201 -47.2847
321 142 9
 60.97 -54.9856
 58.9837 -53.0009
 56.7233 -50.8587
 56.3717 -50.57
 56.6816 -50.5309
 57.638 -49.7155
 58.2961 -48.2506
 58.3251 -47.3578
 58.4201 -47.2847
322 132 4
 59.9593 41.4625
 59.9254 41.3742
 59.8855 41.2509
 59.8795 41.2158
323 58 26
 4.7789 -72.212
 5.19545 -72.0725
 2.40685 -71.9157
 -0.53395 -69.8699
 -1.09115 -68.0826
 -1.08315 -64.9239
 -2.8686 -62.5698
 -4.7487 -63.7099
 -5.7595 -61.383
 -6.86745 -59.4226
 -6.08735 -58.8837
 -4.90095 -58.1087
 -3.94255 -57.6328
 -2.8941 -57.2409
 -2.29545 -56.5704
 -1.6742 -54.8253
 -0.2158 -53.7692
 0.17255 -52.5868
 -0.29055 -50.8675
 -0.197 -50.466
 0.018 -50.177
 0.2535 -49.8761
 0.2711 -49.7743
 0.1981 -49.8079
 0.0342 -49.7867
 -0.0472 -49.7799
