   4.9671997884099994     
   1.0993683064078257     
   2.9037085846626605     
   3.7829980224646014     
   2.9840541921483648     
  0.87681645400783248     
   2.0737226705358136     
  0.93887735997661337     
   5.8285306350443982     
   2.5465149206169504     
   3.9887543400913943     
   2.4709859458419015     
   7.8944999460274028     
   3.7339271661938467     
   2.3812121956244066     
  0.93708916452906532     
   2.3466414117752490     
  0.90190915093117430     
   3.6034157101567397     
   2.2106906615602311     
   1.8769887569119272     
   1.1249948903281421     
   5.0531676665946561     
   3.0815114379129502     
   1.6949438678023707     
   1.3466673448002910     
   5.5018353627586674     
   1.2915177677235488     
   2.3546462548108500     
   4.2555994562994401     
   2.2629440082555816     
   1.7008324531622308     
   3.9186886686673423     
   1.0765559095144197     
   1.5513267230825036     
   2.0671844301784068     
   4.3549631829551343     
   1.3295184972402665     
   1.2947465550662700     
  0.89578932093175245     
   2.6535867707578364     
   4.4157880988657876     
   11.547944291887470     
   3.4422804921727002     
   1.6902237947988894     
   1.1266017963195605     
   6.0152838444930241     
   1.1116971516096594     
   1.8550233679559900     
  0.76947689872524394     
   6.4365310279758390     
   4.7203994374240175     
   2.4060562818325093     
   1.9995718110807761     
   2.5603939969453209     
   2.0552604993771637     
   5.4416826250624251     
   2.1598915282911357     
   1.2957448673916567     
  0.82926474647956849     
   15.600025800836340     
  0.79467353546333730     
   2.7250093654508771     
   1.8948568743857432     
   5.5603163070414281     
   1.3532226392111979     
   2.3643240295986065     
   8.6241250265292315     
   2.9346168425930768     
   3.2462995499274796     
   8.9780065346544422     
   1.8473923982975338     
   2.1690331703182859     
   1.1610053493414920     
   1.2327794495094877     
   4.1741834506683499     
   7.3559833224212401     
   1.2827421970138617     
   6.9492030276813193     
   1.5016019664836695     
   6.5941467505268037     
   1.6625636168570725     
   4.8771102909781190     
   3.2593540432157058     
   3.4544196694041540     
   1.5892148305131870     
   7.3130355391645701     
   1.6361763096352426     
   3.3582636217220347     
   2.3134815265310991     
   4.8722862037251362     
   2.6618120888810330     
   4.7518746534574552     
   1.3289085220109276     
   1.7619494489975231     
   4.1205732095633660     
   3.1770580238253459     
   6.4428593388433617     
   7.2191608904222004     
   4.1031037735629798     
   2.3692275171844868     
  0.46571805463368515     
   3.5690981297572266     
   1.3671569300568320     
   3.0486961479188155     
   1.1477537820353823     
   2.2404935617792163     
   3.5448525797277295     
   2.8425280898364687     
   1.7267331504251089     
   5.6402395343952429     
   3.6548030284719770     
   3.6976026365720949     
   6.1426485722148847     
   2.2865253332709643     
   5.9890690281366723     
   2.1912554389066372     
   1.6510429607263728     
   4.9456521224994336     
   1.8159643808569546     
   5.8894017298692782     
   2.1230399396831383     
   2.7297053148012544     
   1.5506732928653224     
   5.1289233887406969     
  0.90849003386774141     
   6.0485052611554355     
   5.4161960598627505     
   3.7759443919745812     
   1.5921836465811272     
   7.3981439341983686     
   2.5385487474950943     
   2.5088842652091623     
   1.7567412827798010     
   15.609956231481567     
   4.9905389966341946     
   2.2017927229494481     
   1.6567381717106855     
   3.2209787932454206     
   3.3437551719678993     
   3.0918547841517943     
   4.7731852393959873     
  0.86233271290913938     
   1.3347307063221880     
   7.6662013220755663     
   5.4652432981022372     
   6.1340126030182534     
   2.5590654162236603     
   5.3399630707660908     
   1.2301799410113163     
   1.8411991495598914     
   2.4450694006619202     
   4.9204361034496316     
   2.0894776583646828     
  0.97002727840576974     
  0.94185321532107236     
   9.8597232370803418     
   1.5433341476818530     
   14.478989620208731     
   4.2453278622547490     
   2.0035523139879601     
  0.77338389726332357     
   2.4855444869338106     
   2.0727622797100316     
   3.1717583929494095     
   3.9683972930924649     
   9.9109890436893391     
   6.6892580791296972     
   4.3878448514854584     
   1.6725077599080584     
   4.4488337597377372     
   6.4087566577642772     
   7.7096515371794556     
   1.4611103289974701     
  0.33613924571480747     
  0.27382570279924762     
   2.4574307969953275     
   2.2532821703515342     
   1.5232931710991378     
   1.0899953593137734     
   5.3887669618230927     
   1.0037182655712380     
  0.60707408975545085     
   1.1159999890933860     
   3.7929402378359613     
   2.9034196263554644     
   2.5534038248943314     
   1.6802646123243126     
  0.88841221870688747     
  0.88999332196423475     
   4.8884352069607537     
   4.0765156967060365     
   3.1746882408316051     
   13.140116360510273     
   3.0508685243180280     
   1.4290752050560207     
   2.1294911661686480     
  0.65769738808893319     
  0.64033827030508961     
   1.5794536093121017     
   3.4825744980819362     
   2.6083979017444214     
   2.4940319665468897     
   2.3806492589748278     
   6.6332917980712782     
   1.0669935338220278     
   8.0822271209018997     
   3.2228885307473920     
   3.4351622863008107     
   2.3650387411531577     
   5.5205542307788624     
   2.4890410410050023     
   2.4716662153648823     
   1.0865790158718318     
   1.1149955526246509     
  0.74962185073689724     
   2.5268620987176544     
   2.2090130216732948     
   1.3084064869279759     
  0.76290855266735957     
   4.6908477096508792     
   5.5520455033265410     
   1.7994724726486035     
   4.3508478555902643     
   2.4373492271918979     
   4.7611154141167109     
   2.4579956025109109     
   3.1019723992829991     
  0.50061092929106088     
  0.79455914120253368     
   5.1386132314866177     
  0.97353188783587985     
   2.2382728133849676     
   1.4104170260245965     
   4.6039187834725039     
   1.1194933581467141     
   2.6598070198551205     
   1.1592143503381975     
   4.6706929407892313     
   1.1376710140784332     
   1.2596814276072312     
  0.94466065788177023     
   5.1033637997525565     
   1.4951771339247730     
   4.0195990833695028     
   2.4461200719495979     
   1.8992182311373225     
   6.1474309131519851     
   2.1773142001301458     
  0.66943778428282552     
   10.182453908941239     
   1.5729886512419691     
   6.2631202753682711     
   1.1372828104090507     
   2.1064701013772908     
   1.3888568676845214     
   2.9569335281067977     
   6.9392806143161581     
   2.7620260391954981     
   1.4526944212523254     
   2.0751792453213005     
   1.7139309516588794     
   2.3035829666742154     
   1.1875542454647110     
   1.9004827011068228     
   1.2847574241996231     
   4.2317742096793367     
   3.2168272104832605     
   5.1329685187275373     
   4.9696084568539067     
   3.9865742615110258     
   3.9247625529452290     
   1.2306716767271884     
  0.35172336048584896     
  0.72087386539718512     
   1.3819219887103578     
   1.3091947658988843     
   1.3621894686178757     
   2.7547829432862621     
   1.7420502588720699     
   2.2998271424905243     
  0.85716725739646948     
   3.7998103104526031     
   1.2969401349927678     
   1.0776118091782654     
   1.0368300832438206     
   6.4854363164655524     
   4.4348306355323182     
   5.5061163919361560     
   1.3048053554420733     
   5.2991771432224848     
   1.4744928848481007     
  0.97464794113121045     
   2.4256342669374829     
   2.1850216930436943     
   1.8181771456609837     
   3.0697469696390542     
  0.37803725498895541     
   2.3149820508601278     
   1.2214361472316451     
   2.5972645239655350     
   1.3737743174223578     
   7.0274075827912759     
   4.1918530212266782     
   9.8443803405934354     
  0.59681378304432009     
   11.155064485846749     
   3.3478304230681282     
   4.8650606813023636     
   2.6964909728025725     
   6.2464946945908189     
   5.4221717646770333     
  0.82016725615422503     
  0.89467170753054059     
   4.8507417094837395     
   1.1089477238255692     
   12.223375593310630     
   11.636785961432343     
   8.3741990304552374     
   6.4312868785015898     
   5.5328137730991429     
  0.16580208134217495     
   18.302408992877403     
