311
150 26 18
 -2.6767 -15.288
 -3.1014 -14.6866
 -3.34275 -14.6452
 -3.73865 -14.8454
 -4.5142 -15.3044
 -5.22045 -15.7231
 -5.4783 -15.8064
 -5.52085 -15.7397
 -5.5704 -15.5724
 -5.5643 -15.3783
 -5.37665 -15.2758
 -5.3233 -15.0871
 -5.69695 -14.2081
 -6.04915 -13.4296
 -6.0964 -13.2787
 -6.0828 -13.0686
 -6.0112 -12.9599
 -5.9539 -12.9332
150 77 7
 -2.6767 -15.288
 -2.2505 -16.0457
 -2.0398 -16.3942
 -1.8843 -16.6376
 -1.7725 -16.8625
 -1.6054 -17.02
 -1.4844 -17.0653
151 69 15
 9.5887 22.2688
 9.54175 23.7295
 10.0359 24.7265
 9.9329 25.4282
 9.59085 25.4165
 9.5484 25.6581
 9.5209 25.8924
 9.76715 26.1511
 10.0356 26.4179
 10.1278 26.8154
 9.8898 27.5738
 9.28075 28.6245
 8.89845 29.3154
 8.7999 29.3412
 8.773 29.3526
151 120 9
 9.5887 22.2688
 9.76315 20.7079
 9.68755 20.1506
 9.76835 19.9479
 9.80005 19.8053
 10.0068 20.0029
 10.4021 20.0808
 10.606 20.0792
 10.6295 20.0716
152 69 10
 12.5914 30.5508
 11.5879 29.4064
 10.826 28.5991
 10.1733 27.5089
 10.1278 26.8154
 9.8898 27.5738
 9.28075 28.6245
 8.89845 29.3154
 8.7999 29.3412
 8.773 29.3526
152 105 6
 12.5914 30.5508
 13.2086 31.8599
 13.1281 32.8285
 13.3067 33.7068
 13.2989 33.8285
 13.3241 33.8495
153 43 28
 20.0318 25.816
 20.5521 25.8053
 20.8357 25.9411
 21.1359 25.813
 21.3321 25.6348
 21.3297 25.5311
 21.428 25.4468
 21.6299 25.2593
 21.8048 25.0945
 21.9115 25.0033
 21.986 24.9508
 21.9585 24.8778
 22.0209 24.6712
 21.9832 24.3553
 21.7839 24.1049
 21.9678 24.0925
 22.0972 24.0202
 21.9664 23.9566
 21.9948 23.7701
 22.1091 23.5961
 22.1087 23.5247
 22.0826 23.5061
 22.0392 23.4244
 22.0607 23.2679
 22.1303 23.188
 22.1318 23.1643
 22.0984 23.1123
 22.0901 23.0831
153 108 5
 20.0318 25.816
 19.5094 26.4412
 19.2019 26.8715
 19.0561 26.8832
 19.0262 26.8987
154 1 22
 15.9536 -21.2547
 16.5986 -22.1585
 16.5051 -22.6749
 16.6784 -22.7266
 16.7577 -22.8331
 17.2787 -23.3101
 17.9729 -23.6751
 18.3172 -23.5198
 19.332 -23.4382
 20.2793 -23.3502
 20.5147 -23.2961
 21.1275 -23.3647
 21.7385 -23.3907
 22.4534 -23.2813
 23.8804 -23.4802
 25.2011 -23.7303
 25.7329 -23.6459
 25.6168 -23.4144
 25.5377 -23.165
 25.4552 -23.0959
 25.3541 -23.0905
 25.3252 -23.1208
154 17 3
 15.9536 -21.2547
 15.1073 -20.8064
 15.0871 -20.779
155 60 7
 34.925 12.6534
 33.6053 12.3512
 33.4665 12.3379
 32.8183 12.2873
 32.1471 12.7638
 31.8869 13.3825
 31.8197 13.4135
155 137 9
 34.925 12.6534
 36.2676 12.5171
 37.0312 11.8241
 37.814 11.2887
 37.8463 11.2715
 38.0008 11.4734
 38.2386 11.5886
 38.3576 11.7035
 38.3717 11.7151
156 147 13
 69.1588 8.46065
 68.2878 7.9934
 67.6012 8.1132
 66.8115 8.1181
 66.1568 8.0373
 66.0432 7.8822
 66.0142 7.87875
 65.965 7.98095
 65.8577 8.03405
 65.8303 8.03565
 65.8186 8.129
 65.7263 8.17125
 65.6542 8.1386
156 86 12
 69.1588 8.46065
 69.7813 9.30505
 69.6159 8.5559
 70.166 7.9453
 70.6256 7.6223
 71.0011 7.97685
 71.757 8.04605
 72.5479 7.9951
 73.2095 7.98225
 73.9268 8.017
 74.39 8.07715
 74.4031 8.0932
157 122 10
 34.3365 -19.4474
 33.5088 -19.6837
 33.3958 -19.7737
 33.2528 -19.7494
 32.7513 -19.8012
 32.3389 -19.922
 32.2241 -20.2756
 31.6757 -20.5031
 31.226 -20.3805
 31.2157 -20.3786
157 102 3
 34.3365 -19.4474
 35.0905 -19.2402
 35.0814 -19.2184
158 133 8
 21.1539 -31.3162
 19.6747 -32.1392
 19.1915 -32.9161
 19.4464 -33.0672
 19.5896 -33.3817
 19.4834 -33.9001
 19.2636 -34.1079
 19.2435 -34.0937
158 130 6
 21.1539 -31.3162
 21.8615 -31.4342
 22.2096 -31.7889
 22.8741 -32.0386
 23.1681 -32.3113
 23.2286 -32.3922
159 64 4
 41.0551 -34.0664
 41.9896 -32.8653
 42.6203 -32.6236
 42.6835 -32.6234
159 127 3
 41.0551 -34.0664
 40.6861 -35.0495
 40.6843 -35.0731
160 141 11
 -4.52715 10.6395
 -5.25795 8.847
 -5.5055 7.8128
 -5.33995 6.56785
 -5.184 5.999
 -4.8287 5.4697
 -4.4378 4.8054
 -4.396 4.5904
 -4.3311 4.40415
 -4.24745 4.23545
 -4.2361 4.1951
160 140 5
 -4.52715 10.6395
 -3.555 12.732
 -2.93595 13.3567
 -2.7931 13.3726
 -2.7572 13.3998
161 54 8
 8.09505 7.36525
 8.8746 7.599
 8.1795 7.7116
 7.57635 8.96165
 7.0915 10.2101
 6.91015 10.3405
 6.88115 10.4225
 6.8701 10.439
161 16 5
 8.09505 7.36525
 6.86135 6.20095
 5.96985 5.2983
 5.798 5.2702
 5.6501 5.2604
162 145 16
 15.9083 -6.1369
 16.4896 -5.0286
 16.348 -4.4936
 16.4221 -4.20805
 16.485 -3.9461
 16.5281 -3.93005
 16.7673 -4.02285
 17.2442 -3.8222
 17.5602 -3.4205
 17.8882 -3.1758
 18.1658 -2.83235
 17.9483 -2.2089
 17.8741 -1.7869
 17.9878 -1.75445
 18.0371 -1.7033
 18.0473 -1.663
162 99 13
 15.9083 -6.1369
 15.2222 -6.84955
 15.2604 -7.19135
 15.226 -7.55105
 15.014 -7.9872
 14.8811 -8.332
 14.7635 -9.23355
 14.51 -10.2302
 14.3839 -10.357
 14.5217 -10.3244
 15.0422 -10.1277
 15.4282 -9.9561
 15.4404 -9.9702
163 95 6
 70.5197 -9.6216
 69.5551 -10.0385
 68.96 -10.4316
 68.5624 -10.694
 68.37 -10.8284
 68.3587 -10.8364
163 67 6
 70.5197 -9.6216
 71.132 -9.40455
 71.1969 -9.3164
 71.2854 -9.2864
 71.3499 -9.29405
 71.3642 -9.3009
164 70 7
 67.9025 -26.5443
 68.3557 -27.2346
 69.1157 -27.9277
 69.865 -28.5696
 70.0023 -28.6507
 70.0341 -28.6206
 70.0403 -28.6107
164 125 3
 67.9025 -26.5443
 67.4751 -26.1047
 67.3786 -26.203
165 8 42
 -12.8183 -61.1145
 -12.153 -60.4714
 -11.4858 -59.6295
 -11.5884 -58.8237
 -11.5641 -58.6884
 -10.7472 -58.4815
 -10.1242 -58.2876
 -10.0345 -58.4261
 -9.90945 -58.7606
 -9.55565 -58.8586
 -9.26745 -58.6096
 -9.189 -58.5757
 -8.9614 -58.7678
 -8.6486 -58.9489
 -8.48015 -59.0108
 -8.284 -58.8848
 -8.05165 -58.7923
 -7.9182 -58.8106
 -7.8912 -58.667
 -7.84785 -58.551
 -7.7375 -58.6308
 -7.60135 -58.6738
 -7.44405 -58.6398
 -7.1844 -58.6223
 -6.9771 -58.7315
 -6.94575 -58.9883
 -6.94575 -59.1618
 -6.8942 -59.3481
 -6.8478 -59.5487
 -6.9038 -59.6254
 -6.9481 -59.7631
 -6.9675 -59.8995
 -6.9993 -59.928
 -7.01775 -60.0134
 -7.1011 -60.1087
 -7.16315 -60.1256
 -7.1979 -60.1628
 -7.2204 -60.2388
 -7.2096 -60.2861
 -7.1901 -60.3197
 -7.1807 -60.3545
 -7.1824 -60.3736
165 12 4
 -12.8183 -61.1145
 -12.9602 -61.7922
 -12.8259 -62.1239
 -12.7242 -62.2035
166 118 24
 -22.0121 -58.5885
 -21.1601 -57.2582
 -20.5633 -56.8785
 -20.3508 -56.6906
 -20.6348 -56.3392
 -21.4518 -56.1255
 -22.0895 -55.742
 -22.958 -55.2565
 -23.6268 -55.0938
 -23.8329 -54.9091
 -23.8061 -55.1554
 -24.2532 -55.6077
 -24.7584 -56.2503
 -25.204 -56.5204
 -26.313 -56.4968
 -27.3311 -56.4834
 -27.7778 -56.5289
 -28.4283 -56.7835
 -28.849 -57.2912
 -28.8859 -57.923
 -29.2663 -58.4014
 -29.7897 -58.3859
 -29.9987 -58.2754
 -30.0532 -58.2995
166 34 6
 -22.0121 -58.5885
 -22.6901 -59.9636
 -23.1002 -60.8011
 -22.8734 -61.5144
 -22.5685 -61.8562
 -22.5206 -61.89
167 79 19
 -16.1138 -49.8596
 -16.8512 -50.5296
 -17.0803 -49.4804
 -17.7442 -49.0898
 -18.1627 -49.2708
 -18.2465 -49.3268
 -18.387 -49.4098
 -18.5588 -49.9499
 -18.7873 -51.1669
 -19.1427 -52.1192
 -19.7091 -52.5962
 -20.1884 -52.9781
 -19.8544 -53.8605
 -19.2542 -54.7373
 -18.5287 -54.7089
 -17.9325 -54.5637
 -17.5107 -54.3457
 -17.0705 -54.1549
 -17.0486 -54.1787
167 66 7
 -16.1138 -49.8596
 -14.74 -49.7654
 -13.7629 -49.5929
 -13.3429 -49.4281
 -13.1679 -49.5602
 -13.0864 -49.6057
 -13.0624 -49.5909
168 4 10
 17.3214 -56.3585
 15.1681 -57.2104
 14.7813 -57.8139
 14.5789 -57.8857
 14.1231 -57.9671
 13.9364 -58.1784
 13.5275 -58.287
 12.5898 -58.3368
 12.2745 -58.5401
 12.5216 -58.7214
168 76 12
 17.3214 -56.3585
 19.192 -56.0364
 19.3749 -56.0018
 19.4603 -54.988
 19.7367 -53.8449
 19.8856 -53.4575
 20.1272 -53.0733
 20.5019 -52.4878
 20.8518 -51.9736
 21.2444 -51.8595
 21.4078 -51.8737
 21.416 -51.8661
169 63 18
 -1.88945 -55.7247
 -1.5655 -54.6013
 -1.1008 -53.6879
 -0.927 -53.3503
 -0.88065 -53.2502
 -0.9064 -53.1098
 -0.87785 -53.013
 -0.94895 -52.673
 -1.0498 -52.3672
 -0.90655 -52.0183
 -0.82645 -51.4799
 -0.9877 -51.5905
 -1.4504 -51.6791
 -2.14125 -51.4596
 -2.7143 -51.0405
 -3.4434 -50.8494
 -4.12295 -50.4833
 -4.195 -50.2792
169 119 4
 -1.88945 -55.7247
 -1.97725 -56.4728
 -2.1086 -56.701
 -2.1154 -56.7097
170 32 14
 7.8009 -34.6278
 8.2918 -33.8959
 8.47995 -33.1038
 8.2181 -32.9669
 8.509 -33.0923
 9.1431 -33.2417
 9.65565 -32.8965
 9.7472 -32.5856
 10.239 -32.2622
 10.6876 -31.9536
 11.0651 -32.1077
 11.458 -32.0424
 11.4844 -31.8327
 11.4913 -31.8361
170 33 13
 7.8009 -34.6278
 7.49565 -35.3856
 7.289 -36.0305
 7.326 -36.4072
 7.50715 -36.9299
 7.67205 -37.2548
 7.72575 -37.5408
 7.7617 -37.786
 8.0208 -38.2264
 7.90225 -38.685
 7.5998 -39.3036
 7.45945 -39.8066
 7.314 -39.816
171 128 16
 15.9981 -29.5786
 15.7224 -28.6297
 16.063 -27.975
 16.291 -27.6614
 16.2372 -27.3045
 15.8695 -27.0001
 15.3734 -26.5543
 15.1726 -26.2619
 15.1507 -26.2188
 15.1743 -26.0509
 15.2521 -25.9165
 14.943 -25.8481
 14.549 -25.7504
 14.0221 -25.8625
 13.591 -26.0214
 13.5735 -26.027
171 55 3
 15.9981 -29.5786
 16.5674 -30.1492
 16.7265 -30.3389
172 100 14
 -20.7471 -27.8088
 -21.6092 -29.5008
 -22.6225 -30.9744
 -22.5768 -31.6122
 -22.2527 -32.0243
 -21.5092 -33.2526
 -21.3137 -34.4597
 -22.0787 -34.508
 -22.7144 -34.7481
 -22.6246 -35.4927
 -22.5555 -35.9289
 -22.8462 -36.8849
 -23.1225 -37.8101
 -23.2054 -37.8999
172 37 4
 -20.7471 -27.8088
 -21.0528 -26.6506
 -21.1462 -26.1516
 -21.1486 -26.1086
173 39 14
 -20.5532 -15.9497
 -20.0576 -15.6059
 -20.1379 -14.753
 -19.6957 -13.7528
 -19.1779 -13.3708
 -18.8527 -12.883
 -18.9901 -12.6488
 -19.1635 -12.3981
 -19.2716 -12.301
 -19.3115 -12.2253
 -19.3479 -12.1079
 -19.4894 -12.0029
 -19.6434 -11.9572
 -19.6655 -11.9625
173 75 13
 -20.5532 -15.9497
 -20.6661 -16.4715
 -20.4217 -17.411
 -20.3673 -18.4382
 -20.5742 -18.9164
 -20.6484 -19.1013
 -20.7424 -19.3153
 -20.982 -20.231
 -21.1396 -21.1782
 -20.8483 -21.2654
 -20.5422 -21.3232
 -20.4621 -21.3939
 -20.4483 -21.4061
174 45 7
 2.33735 -17.7899
 3.62985 -18.3845
 4.33515 -17.6189
 4.84595 -16.743
 5.1223 -16.5102
 5.5619 -16.4114
 5.815 -16.3622
174 77 6
 2.33735 -17.7899
 1.184 -17.004
 0.3618 -17.3613
 -0.80425 -17.4016
 -1.38885 -17.0157
 -1.4844 -17.0653
175 39 30
 -14.0115 -4.3347
 -15.2856 -5.43715
 -16.7628 -6.3344
 -17.4345 -6.92805
 -18.1644 -7.6031
 -18.4114 -8.31635
 -18.5489 -9.0957
 -19.2644 -9.60125
 -19.7243 -9.8401
 -19.9587 -10.0293
 -20.0925 -10.2487
 -20.1881 -10.2515
 -20.3203 -10.4895
 -20.2866 -10.8685
 -20.136 -11.0516
 -20.0503 -11.1749
 -19.9123 -11.2873
 -19.8664 -11.3594
 -19.8251 -11.2945
 -19.7309 -11.184
 -19.6697 -11.0909
 -19.5535 -11.0424
 -19.4212 -11.1585
 -19.4217 -11.3692
 -19.3923 -11.5449
 -19.3534 -11.8579
 -19.3479 -12.1079
 -19.4894 -12.0029
 -19.6434 -11.9572
 -19.6655 -11.9625
175 59 9
 -14.0115 -4.3347
 -13.34 -3.2826
 -13.1617 -2.37605
 -14.082 -2.4578
 -15.1458 -2.00625
 -15.6798 -1.1571
 -15.7969 -0.9267
 -15.7243 -0.841
 -15.7114 -0.8273
176 39 24
 -22.9069 -9.12635
 -22.326 -9.5709
 -21.6715 -9.7013
 -20.6961 -9.8607
 -20.2093 -10.1953
 -20.1881 -10.2515
 -20.3203 -10.4895
 -20.2866 -10.8685
 -20.136 -11.0516
 -20.0503 -11.1749
 -19.9123 -11.2873
 -19.8664 -11.3594
 -19.8251 -11.2945
 -19.7309 -11.184
 -19.6697 -11.0909
 -19.5535 -11.0424
 -19.4212 -11.1585
 -19.4217 -11.3692
 -19.3923 -11.5449
 -19.3534 -11.8579
 -19.3479 -12.1079
 -19.4894 -12.0029
 -19.6434 -11.9572
 -19.6655 -11.9625
176 149 15
 -22.9069 -9.12635
 -23.4503 -8.6879
 -23.5499 -8.4173
 -23.4905 -8.24345
 -23.368 -7.99845
 -23.2243 -7.84945
 -23.1724 -7.7483
 -23.32 -7.6496
 -23.5292 -7.54155
 -23.642 -7.45425
 -23.6286 -7.4004
 -23.5528 -7.3491
 -23.496 -7.32115
 -23.4907 -7.2921
 -23.4904 -7.2722
177 59 13
 -10.5834 0.33945
 -10.9118 -0.1199
 -11.1146 -0.48325
 -11.2189 -0.6215
 -11.8563 -0.863
 -12.8851 -1.62755
 -13.1617 -2.37605
 -14.082 -2.4578
 -15.1458 -2.00625
 -15.6798 -1.1571
 -15.7969 -0.9267
 -15.7243 -0.841
 -15.7114 -0.8273
177 114 4
 -10.5834 0.33945
 -9.7606 0.72735
 -8.9146 1.0048
 -8.7602 1.0606
178 74 4
 2.42345 37.9931
 3.1242 38.0164
 3.61315 37.8729
 3.6189 37.8488
178 42 5
 2.42345 37.9931
 1.55975 37.8682
 0.8131 37.7328
 0.78545 37.4474
 0.8583 37.3151
179 117 6
 7.36335 30.993
 8.28585 32.1257
 8.2819 32.4293
 8.27525 33.1181
 8.56165 33.8401
 8.8513 33.8849
179 69 8
 7.36335 30.993
 6.08165 30.1639
 5.61555 30.0194
 6.01085 29.5577
 6.9836 29.1462
 8.05115 29.1843
 8.71085 29.3405
 8.773 29.3526
180 49 36
 19.6998 17.7262
 20.2649 16.5599
 20.6048 15.9058
 20.7234 15.9111
 21.1755 15.4235
 21.319 14.7268
 20.8521 14.1294
 20.7815 13.5656
 21.0674 13.3656
 21.2722 13.2734
 21.4655 13.1833
 21.5853 13.0789
 21.7747 12.9277
 21.9263 12.7507
 21.9637 12.6495
 21.8274 12.7109
 21.488 12.5842
 21.2073 12.4305
 21.0281 12.5396
 20.8958 12.5312
 20.8766 12.2872
 20.7833 12.1803
 20.6406 12.1876
 20.5286 12.1502
 20.4564 12.1176
 20.3334 12.1359
 20.1178 12.095
 19.9095 12.0002
 19.8392 11.948
 19.8312 11.907
 19.79 11.845
 19.7882 11.8125
 19.8756 11.75
 19.8523 11.5872
 19.7734 11.4739
 19.7761 11.4644
180 41 6
 19.6998 17.7262
 19.5009 18.3141
 19.3481 19.2337
 19.0666 20.2285
 18.9046 20.2898
 18.8236 20.2517
181 6 8
 17.823 18.822
 16.7854 19.1679
 16.3626 18.6833
 16.1087 18.6523
 15.8639 18.6605
 15.7138 18.672
 15.5956 18.6499
 15.5171 18.6115
181 41 8
 17.823 18.822
 18.7815 18.0442
 19.2294 18.1715
 19.5009 18.3141
 19.3481 19.2337
 19.0666 20.2285
 18.9046 20.2898
 18.8236 20.2517
182 72 13
 12.9133 7.2503
 14.2591 8.51505
 14.4783 9.52665
 14.4003 10.1045
 14.5289 9.5874
 14.9473 8.7885
 15.3456 8.44015
 15.551 8.1339
 15.8905 7.32685
 16.0593 6.65945
 16.0374 6.4154
 16.0326 6.26565
 16.0168 6.2018
182 54 10
 12.9133 7.2503
 10.9403 7.1442
 9.6722 7.6819
 8.8746 7.599
 8.1795 7.7116
 7.57635 8.96165
 7.0915 10.2101
 6.91015 10.3405
 6.88115 10.4225
 6.8701 10.439
183 0 11
 14.8867 -0.8749
 14.0863 -1.29595
 13.8503 -2.23325
 13.5061 -2.21275
 12.9462 -1.94615
 12.5384 -1.9814
 12.4074 -2.01775
 12.3761 -2.04545
 12.3174 -2.12955
 12.247 -2.18075
 12.2479 -2.1975
183 145 8
 14.8867 -0.8749
 15.8366 -1.15535
 16.2691 -1.21995
 16.945 -1.32145
 17.5903 -1.3761
 17.8119 -1.55125
 17.98 -1.67945
 18.0473 -1.663
184 144 10
 20.6127 -0.71715
 21.4976 -1.01565
 22.3675 -1.06135
 22.7835 -0.80255
 23.202 -0.55175
 23.2878 -0.54125
 23.3371 -0.4155
 23.3394 -0.17195
 23.3523 -0.09965
 23.3564 -0.0911
184 145 15
 20.6127 -0.71715
 20.0757 -0.1136
 19.5695 0.6254
 19.4504 0.9354
 19.3265 1.0364
 19.041 0.95255
 18.7281 0.68435
 18.5795 0.59795
 18.2698 0.2587
 18.0592 -0.3112
 17.871 -0.88165
 17.6997 -1.30965
 17.8119 -1.55125
 17.98 -1.67945
 18.0473 -1.663
185 88 17
 25.0576 -8.09345
 25.2247 -9.25645
 24.9767 -9.87185
 25.4804 -9.90665
 26.7097 -9.5767
 27.6093 -9.16565
 28.1973 -9.294
 29.0378 -9.4953
 29.3403 -9.50585
 29.4418 -9.31815
 30.0388 -8.8094
 30.5772 -8.3222
 31.0855 -8.11285
 32.0238 -8.7455
 32.5648 -9.82185
 32.6817 -10.1622
 32.7336 -10.1663
185 92 5
 25.0576 -8.09345
 24.7667 -7.45085
 24.9945 -6.8118
 25.163 -6.1694
 25.107 -6.1192
186 139 10
 28.9022 5.53715
 28.463 6.31555
 27.7624 6.676
 27.9688 7.2605
 27.9715 8.1735
 28.0942 8.52455
 27.6929 8.81415
 27.2 9.45295
 26.9829 9.8534
 26.872 9.8813
186 109 10
 28.9022 5.53715
 29.101 4.8561
 29.8731 4.6478
 30.5553 4.70665
 31.5196 4.2436
 32.8839 4.17055
 33.2719 3.9878
 34.03 3.8022
 34.8243 4.2065
 34.8192 4.2188
187 49 39
 24.8736 11.3535
 24.6819 12.8726
 24.5865 14.0762
 24.3471 13.9501
 23.868 13.3616
 23.5267 12.8897
 23.3605 12.8291
 23.1971 12.9253
 23.0967 13.1985
 22.9632 13.5382
 22.8432 13.7558
 22.7267 13.7425
 22.4866 13.4768
 22.181 13.0675
 22.0136 12.787
 22.1101 12.6255
 22.1019 12.5833
 21.9637 12.6495
 21.8274 12.7109
 21.488 12.5842
 21.2073 12.4305
 21.0281 12.5396
 20.8958 12.5312
 20.8766 12.2872
 20.7833 12.1803
 20.6406 12.1876
 20.5286 12.1502
 20.4564 12.1176
 20.3334 12.1359
 20.1178 12.095
 19.9095 12.0002
 19.8392 11.948
 19.8312 11.907
 19.79 11.845
 19.7882 11.8125
 19.8756 11.75
 19.8523 11.5872
 19.7734 11.4739
 19.7761 11.4644
187 139 6
 24.8736 11.3535
 25.701 10.535
 26.5667 9.9479
 26.7341 9.8466
 26.8119 9.8638
 26.872 9.8813
188 43 25
 26.0558 23.2186
 26.2193 21.7617
 26.3615 21.3363
 25.815 21.3933
 25.2936 21.0012
 25.0046 20.8632
 24.4005 21.1891
 23.874 21.5478
 23.7327 21.6289
 23.6693 21.736
 23.3495 21.7672
 23.0675 21.9461
 23.0442 22.1054
 22.8216 22.0861
 22.5716 22.2986
 22.477 22.4955
 22.4381 22.5858
 22.431 22.7095
 22.4259 22.8284
 22.3211 22.9521
 22.2246 23.1024
 22.183 23.1873
 22.1318 23.1643
 22.0984 23.1123
 22.0901 23.0831
188 44 3
 26.0558 23.2186
 25.8706 24.6042
 25.858 24.6619
189 10 10
 39.6108 11.3612
 40.6999 11.0178
 40.7509 10.4939
 40.8044 10.2504
 41.0315 10.235
 41.9408 9.99385
 42.8296 9.7668
 43.0649 9.70985
 43.2548 9.73895
 43.3209 9.7779
189 137 4
 39.6108 11.3612
 38.513 11.5897
 38.3916 11.7122
 38.3717 11.7151
190 85 5
 45.7901 21.3152
 45.4977 20.4511
 46.3859 19.6776
 47.3665 19.2636
 47.4236 19.2614
190 11 4
 45.7901 21.3152
 46.3165 22.1884
 46.6213 22.6548
 46.6567 22.7503
191 11 11
 48.8502 28.6645
 48.933 27.2757
 48.3799 26.4963
 47.5494 26.3271
 46.6591 26.0615
 46.0033 25.4286
 45.4676 24.5273
 45.7824 23.3988
 46.5401 22.928
 46.6359 22.7793
 46.6567 22.7503
191 116 3
 48.8502 28.6645
 48.5145 29.7863
 48.3867 29.8862
192 25 21
 77.2668 12.14
 77.0528 11.6866
 77.2115 10.9016
 78.1901 10.4337
 78.9529 10.5507
 78.9917 10.4938
 79.2255 10.3766
 79.5024 10.2425
 79.809 10.1496
 79.2089 9.8364
 78.665 9.3368
 78.4688 9.18295
 78.5278 9.1378
 78.2936 8.5343
 77.7944 8.12055
 76.9777 7.92255
 76.4268 7.26905
 76.4563 6.99115
 76.0771 6.63255
 75.6533 6.23095
 75.5641 6.2029
192 107 3
 77.2668 12.14
 77.3956 12.5315
 77.3813 12.638
193 25 10
 78.2164 4.02815
 78.2745 5.0455
 78.0537 5.25835
 77.3674 5.8729
 76.7178 6.5702
 76.5555 6.9242
 76.4563 6.99115
 76.0771 6.63255
 75.6533 6.23095
 75.5641 6.2029
193 104 3
 78.2164 4.02815
 78.1372 2.89885
 78.1924 2.7933
194 25 12
 75.9734 1.3763
 75.64 2.92685
 74.9442 4.14585
 74.8265 4.70335
 74.7456 4.76955
 74.6903 5.02015
 74.7411 5.45925
 75.0838 5.8299
 75.365 6.015
 75.4401 6.0841
 75.5307 6.1737
 75.5641 6.2029
194 57 3
 75.9734 1.3763
 75.7078 0.5285
 75.7411 0.5093
195 101 14
 63.2331 -2.44575
 62.683 -3.26205
 62.3024 -3.24555
 62.2808 -3.3066
 62.337 -3.6276
 62.1081 -4.17095
 61.866 -4.5786
 61.9226 -4.7719
 62.4169 -4.99865
 62.9543 -5.1755
 63.4292 -5.03625
 64.031 -4.7158
 64.2489 -4.49715
 64.2778 -4.484
195 97 7
 63.2331 -2.44575
 63.1488 -1.23005
 62.2121 -0.98285
 61.4995 -0.56525
 61.0729 0.28945
 60.6446 0.69425
 60.586 0.7542
196 27 22
 59.0361 2.10605
 58.0789 2.0629
 57.7998 2.16255
 57.4266 1.8948
 56.9377 1.71585
 56.3787 1.6321
 55.7197 1.6364
 55.3822 1.81565
 55.3214 1.89415
 55.2341 1.92555
 54.8776 1.7567
 54.2859 1.75905
 53.7571 2.06675
 53.6806 2.33885
 54.0495 2.79505
 53.4179 2.66405
 52.7407 2.78695
 52.2892 2.79985
 52.1014 2.9978
 52.2158 3.26315
 52.3621 3.40975
 52.3854 3.4276
196 97 9
 59.0361 2.10605
 59.8416 2.36905
 60.0531 2.34575
 60.2127 1.85985
 60.2669 1.32435
 60.3638 1.1688
 60.5455 1.05895
 60.634 0.86435
 60.586 0.7542
197 148 11
 45.5275 -12.2982
 45.0624 -11.5045
 45.0538 -10.7901
 44.9202 -10.117
 45.0014 -9.5606
 44.7512 -8.37675
 44.5555 -7.84485
 44.5971 -7.8117
 44.5779 -7.66495
 44.545 -7.5103
 44.5099 -7.4836
197 71 6
 45.5275 -12.2982
 46.0572 -13.1264
 46.0713 -13.3904
 46.0187 -13.4743
 45.9585 -13.5744
 45.9525 -13.6684
198 22 7
 67.8386 -5.40105
 67.2579 -6.5963
 67.5867 -7.52035
 67.5094 -7.6405
 67.4019 -7.74495
 67.3669 -7.8175
 67.3329 -7.8458
198 67 14
 67.8386 -5.40105
 68.7571 -4.6525
 69.175 -4.49575
 70.1545 -5.81295
 70.8226 -7.3585
 70.769 -8.0084
 70.5416 -8.31285
 70.5465 -8.4846
 70.8156 -8.68775
 71.0665 -9.10495
 71.1969 -9.3164
 71.2854 -9.2864
 71.3499 -9.29405
 71.3642 -9.3009
199 15 33
 76.6766 -36.5695
 76.1429 -37.2115
 75.962 -37.7167
 75.9321 -38.0101
 75.3304 -38.8736
 74.7971 -39.7569
 74.6698 -40.0697
 74.2372 -40.4526
 73.6033 -40.7708
 73.1637 -40.9584
 73.12 -40.9013
 73.1055 -40.7829
 73.0397 -40.7626
 72.6572 -40.5792
 72.149 -40.3364
 71.95 -40.291
 71.9966 -40.2692
 72.2294 -40.2353
 72.345 -40.0232
 72.2598 -39.5667
 72.3117 -39.2403
 72.3183 -38.9316
 72.1428 -38.697
 71.9738 -38.5558
 72.0899 -38.2913
 72.1063 -37.7197
 71.7455 -37.2521
 71.4657 -36.8606
 71.4251 -36.4667
 71.2995 -36.4032
 70.9462 -36.4063
 70.5973 -36.423
 70.4653 -36.3954
199 2 6
 76.6766 -36.5695
 77.1745 -35.8311
 77.2784 -35.3218
 77.2043 -35.0296
 77.1506 -34.8421
 77.1596 -34.8089
200 36 17
 68.166 -34.6525
 67.8983 -34.1093
 67.7328 -33.5163
 67.5428 -33.3818
 67.4343 -33.32
 67.0973 -33.3932
 66.4743 -33.6575
 66.0675 -33.9127
 65.7764 -34.1179
 65.5553 -34.2142
 65.086 -33.7248
 64.5058 -33.0564
 64.0172 -32.9694
 63.5731 -33.0295
 63.4401 -32.9062
 63.4286 -32.7969
 63.4539 -32.7834
200 15 10
 68.166 -34.6525
 68.7303 -34.9089
 69.2065 -35.1692
 69.5767 -35.2751
 69.8918 -35.2756
 69.9835 -35.3752
 70.1796 -35.8523
 70.3604 -36.2326
 70.4202 -36.3297
 70.4653 -36.3954
201 53 12
 58.269 -23.1253
 56.805 -23.0818
 56.6055 -22.41
 56.7731 -23.0755
 56.1293 -23.8678
 55.3471 -24.7904
 55.1524 -25.3496
 54.9383 -26.031
 54.9638 -27.2225
 55.2776 -27.8567
 55.354 -27.964
 55.3527 -27.9688
201 126 7
 58.269 -23.1253
 59.8312 -22.8151
 60.1736 -23.0119
 61.0815 -23.8358
 61.9793 -24.5275
 62.2579 -24.4347
 62.2811 -24.3371
202 102 9
 35.1975 -20.8904
 35.9281 -20.5243
 36.2735 -20.3825
 36.2515 -20.2331
 36.255 -20.0003
 36.0886 -19.7304
 35.6239 -19.4998
 35.2052 -19.3049
 35.0814 -19.2184
202 121 3
 35.1975 -20.8904
 34.8153 -21.2849
 34.7964 -21.391
203 124 7
 39.4648 -37.2307
 39.3681 -38.3811
 39.4327 -39.2523
 39.1635 -38.6653
 38.1675 -37.866
 37.3863 -36.8465
 37.3652 -36.7533
203 127 8
 39.4648 -37.2307
 39.5575 -35.9696
 39.5268 -35.6813
 39.894 -35.4207
 40.3239 -35.1639
 40.4881 -35.1471
 40.6348 -35.11
 40.6843 -35.0731
204 111 31
 36.3054 -35.0631
 35.7486 -35.2812
 35.6921 -35.7388
 35.6079 -35.8174
 34.9136 -35.8672
 34.0565 -36.1298
 33.8488 -36.4665
 33.7681 -36.6465
 33.5593 -36.7223
 33.2041 -36.4393
 32.8548 -36.3929
 32.7571 -36.6559
 32.9338 -36.7867
 33.0117 -37.4909
 32.9242 -38.0817
 32.6313 -38.5076
 32.2387 -39.0033
 32.1572 -39.1654
 32.2262 -39.7172
 32.2969 -40.2018
 32.3313 -40.2922
 32.3983 -40.5849
 32.4621 -41.02
 32.688 -41.6261
 33.0627 -41.98
 33.1936 -42.0509
 33.3442 -42.4109
 33.5807 -42.5946
 33.9761 -42.1993
 34.2882 -41.8399
 34.265 -41.8117
204 124 6
 36.3054 -35.0631
 36.8563 -35.2363
 36.8673 -35.2565
 37.083 -36.0032
 37.3372 -36.7437
 37.3652 -36.7533
205 111 18
 28.4489 -46.3175
 28.7862 -45.2761
 29.8815 -45.4295
 30.7401 -45.0575
 31.2498 -44.4762
 31.446 -44.4347
 31.5891 -44.0856
 31.8724 -43.734
 32.1163 -43.634
 32.3507 -43.4087
 32.5658 -42.8242
 32.6413 -42.3896
 33.0851 -42.5218
 33.3442 -42.4109
 33.5807 -42.5946
 33.9761 -42.1993
 34.2882 -41.8399
 34.265 -41.8117
205 58 15
 28.4489 -46.3175
 28.82 -47.4895
 29.0717 -47.908
 28.8621 -48.4064
 28.3295 -48.3966
 28.1489 -48.3885
 28.1091 -48.1416
 27.8026 -48.1792
 27.2733 -48.4546
 26.9651 -49.0482
 26.8428 -49.4607
 26.8251 -49.5447
 26.8755 -49.6084
 26.8799 -49.7551
 26.8617 -49.8591
206 58 24
 30.5461 -56.0953
 30.6196 -54.6522
 30.9124 -54.3455
 30.896 -54.2203
 30.6111 -53.6888
 30.0135 -53.1644
 29.57 -53.1307
 29.4044 -53.3755
 29.2412 -52.9075
 28.874 -52.6478
 28.598 -52.6365
 28.3242 -52.4678
 28.1248 -52.3946
 28.0714 -52.1037
 28.121 -51.6738
 28.1493 -51.3726
 28.3261 -51.1488
 27.9599 -51.2375
 27.7956 -50.817
 27.5266 -50.3279
 27.174 -50.2159
 26.9794 -50.0991
 26.9097 -49.9195
 26.8617 -49.8591
206 146 7
 30.5461 -56.0953
 30.7739 -57.394
 30.7817 -57.5991
 30.7892 -57.6927
 30.7747 -57.7889
 30.7766 -57.9072
 30.7926 -57.9435
207 15 25
 68.245 -39.5391
 68.9957 -39.3867
 69.3117 -39.3905
 70.1055 -39.8675
 71.2494 -40.3026
 71.6563 -40.3161
 71.8091 -40.2925
 71.95 -40.291
 71.9966 -40.2692
 72.2294 -40.2353
 72.345 -40.0232
 72.2598 -39.5667
 72.3117 -39.2403
 72.3183 -38.9316
 72.1428 -38.697
 71.9738 -38.5558
 72.0899 -38.2913
 72.1063 -37.7197
 71.7455 -37.2521
 71.4657 -36.8606
 71.4251 -36.4667
 71.2995 -36.4032
 70.9462 -36.4063
 70.5973 -36.423
 70.4653 -36.3954
207 134 4
 68.245 -39.5391
 67.7164 -40.466
 67.6466 -41.3356
 67.6463 -41.3619
208 15 28
 71.4868 -43.5175
 71.5911 -42.0927
 71.8573 -41.6489
 71.8784 -41.4939
 71.7573 -41.438
 71.5959 -41.3603
 71.5395 -41.2598
 71.6721 -40.8698
 71.7399 -40.4072
 71.8091 -40.2925
 71.95 -40.291
 71.9966 -40.2692
 72.2294 -40.2353
 72.345 -40.0232
 72.2598 -39.5667
 72.3117 -39.2403
 72.3183 -38.9316
 72.1428 -38.697
 71.9738 -38.5558
 72.0899 -38.2913
 72.1063 -37.7197
 71.7455 -37.2521
 71.4657 -36.8606
 71.4251 -36.4667
 71.2995 -36.4032
 70.9462 -36.4063
 70.5973 -36.423
 70.4653 -36.3954
208 91 22
 71.4868 -43.5175
 71.6285 -44.9548
 71.8145 -45.8237
 72.049 -46.6918
 72.0939 -47.215
 71.7803 -48.0009
 71.403 -48.764
 70.9743 -49.4865
 71.1389 -50.185
 71.7141 -50.6528
 71.8241 -51.2103
 72.0413 -51.7684
 72.2683 -52.2307
 72.3172 -52.3663
 72.5437 -52.7828
 72.7465 -53.2693
 72.7492 -53.3734
 72.7916 -53.4624
 72.9263 -53.765
 72.9918 -54.6945
 72.9038 -55.4269
 72.8601 -55.4685
209 8 35
 -8.4524 -56.7904
 -8.0551 -56.7906
 -7.75095 -56.9937
 -7.5558 -57.3236
 -7.46285 -57.4949
 -7.49615 -57.5694
 -7.6837 -57.6745
 -7.93145 -57.912
 -7.9703 -58.1883
 -7.88415 -58.3561
 -7.8836 -58.4608
 -7.89035 -58.528
 -7.84785 -58.551
 -7.7375 -58.6308
 -7.60135 -58.6738
 -7.44405 -58.6398
 -7.1844 -58.6223
 -6.9771 -58.7315
 -6.94575 -58.9883
 -6.94575 -59.1618
 -6.8942 -59.3481
 -6.8478 -59.5487
 -6.9038 -59.6254
 -6.9481 -59.7631
 -6.9675 -59.8995
 -6.9993 -59.928
 -7.01775 -60.0134
 -7.1011 -60.1087
 -7.16315 -60.1256
 -7.1979 -60.1628
 -7.2204 -60.2388
 -7.2096 -60.2861
 -7.1901 -60.3197
 -7.1807 -60.3545
 -7.1824 -60.3736
209 19 7
 -8.4524 -56.7904
 -8.62885 -56.5045
 -8.6793 -56.2183
 -8.78805 -56.1633
 -8.84595 -56.0069
 -8.8869 -55.9128
 -8.8984 -55.9114
210 49 28
 18.5871 6.194
 19.3335 6.5017
 19.5933 6.5353
 19.5046 6.75175
 19.4374 7.1736
 19.5797 7.6529
 19.7873 8.0224
 20.0469 8.71375
 19.9605 9.223
 19.7261 9.3393
 19.685 9.53605
 19.7029 9.7239
 19.7569 9.986
 19.7857 10.2635
 19.885 10.3854
 19.9331 10.5931
 19.953 10.8082
 19.9921 10.9417
 20.0577 11.0468
 20.0731 11.1525
 20.0549 11.2293
 20.002 11.2506
 19.9471 11.2619
 19.9162 11.3539
 19.9083 11.4729
 19.8857 11.4671
 19.8106 11.4489
 19.7761 11.4644
210 72 7
 18.5871 6.194
 17.6145 5.27425
 17.0966 4.8283
 16.9413 5.47745
 16.4419 6.1595
 16.0455 6.2228
 16.0168 6.2018
211 29 10
 26.7942 -19.6027
 27.3586 -20.1055
 27.5781 -20.0187
 27.9722 -19.7482
 28.1831 -19.5016
 28.6153 -19.3973
 28.9606 -18.9311
 28.9895 -18.5007
 29.0515 -18.3406
 29.0926 -18.3049
211 1 21
 26.7942 -19.6027
 26.2545 -19.0603
 26.1837 -18.9211
 26.1268 -19.0708
 26.0286 -19.1356
 25.9206 -19.1742
 25.897 -19.4783
 25.68 -19.7913
 25.4175 -19.7446
 25.2655 -19.694
 25.136 -19.8303
 25.0331 -20.388
 24.9505 -20.8258
 25.0301 -20.8645
 25.1442 -21.3237
 25.039 -21.8313
 25.0287 -22.0475
 25.1552 -22.4148
 25.2788 -22.84
 25.3367 -23.0879
 25.3252 -23.1208
212 47 6
 53.784 -63.6153
 52.8396 -62.5891
 52.9468 -61.8259
 52.996 -61.643
 53.0322 -61.5587
 53.0656 -61.5278
212 7 9
 53.784 -63.6153
 55.6937 -63.5975
 56.1939 -63.9316
 56.0908 -64.9809
 56.7041 -65.2663
 57.0334 -65.2799
 57.3001 -65.6006
 57.6505 -65.9236
 57.7511 -65.9594
213 7 12
 47.0091 -71.2301
 50.3387 -70.9464
 51.3029 -70.5997
 52.0433 -69.2219
 53.1384 -68.0373
 53.912 -67.1268
 55.3508 -65.6766
 56.7041 -65.2663
 57.0334 -65.2799
 57.3001 -65.6006
 57.6505 -65.9236
 57.7511 -65.9594
213 38 12
 47.0091 -71.2301
 44.2579 -71.4622
 44.8287 -70.7898
 44.5172 -68.997
 44.0329 -67.2291
 44.0398 -66.7259
 43.8638 -66.2381
 42.5847 -65.5807
 41.2153 -64.7513
 40.8701 -64.1097
 40.7576 -64.0411
 40.7505 -64.0609
214 19 27
 -11.2941 -51.014
 -10.3806 -51.3465
 -9.7334 -51.2834
 -9.65025 -51.4419
 -9.57005 -51.5485
 -9.19005 -52.1303
 -8.1595 -52.4295
 -7.3572 -52.2535
 -7.0933 -52.6208
 -6.8009 -53.1838
 -6.66335 -53.6489
 -6.6711 -53.8634
 -6.47975 -54.0828
 -6.244 -54.2731
 -6.0973 -54.212
 -6.24485 -54.2741
 -6.47155 -54.4259
 -6.6953 -54.6125
 -6.8377 -54.7572
 -6.92635 -55.0422
 -7.0241 -54.8599
 -7.29305 -54.8847
 -7.9701 -55.0505
 -8.77875 -55.3274
 -8.9842 -55.6838
 -8.8904 -55.904
 -8.8984 -55.9114
214 66 7
 -11.2941 -51.014
 -11.7624 -50.7329
 -12.4384 -50.5678
 -12.9445 -50.1443
 -12.9995 -49.8633
 -13.058 -49.6221
 -13.0624 -49.5909
215 63 23
 4.4095 -46.0156
 3.40225 -46.8054
 2.75555 -46.919
 2.7114 -46.9528
 2.5595 -47.0754
 2.4076 -47.2491
 2.27655 -47.5595
 2.14435 -47.8179
 1.9539 -48.5544
 1.5469 -49.4814
 1.14505 -49.7347
 0.9404 -49.8316
 0.00619999 -50.3197
 -0.9119 -50.8401
 -0.9181 -51.1026
 -0.82645 -51.4799
 -0.9877 -51.5905
 -1.4504 -51.6791
 -2.14125 -51.4596
 -2.7143 -51.0405
 -3.4434 -50.8494
 -4.12295 -50.4833
 -4.195 -50.2792
215 33 16
 4.4095 -46.0156
 4.85835 -45.3787
 5.4041 -44.9827
 6.0232 -43.9554
 6.34605 -43.0313
 6.61455 -42.2495
 6.79365 -41.6868
 6.853 -41.4909
 6.97755 -41.129
 7.16145 -40.7415
 7.20265 -40.619
 7.17885 -40.5252
 7.17255 -40.437
 7.2733 -40.1686
 7.33175 -39.8726
 7.314 -39.816
216 63 10
 -3.5283 -45.7693
 -2.9663 -46.7948
 -2.93725 -47.6076
 -3.38315 -47.7831
 -3.6799 -48.1283
 -4.3171 -48.8427
 -4.67705 -49.4633
 -4.3238 -49.9185
 -4.21665 -50.2673
 -4.195 -50.2792
216 136 6
 -3.5283 -45.7693
 -3.54045 -45.6155
 -2.277 -45.9474
 -1.19935 -46.2122
 -0.94325 -46.1433
 -0.8635 -46.04
217 100 9
 -19.3308 -35.1379
 -20.8743 -34.8625
 -22.0787 -34.508
 -22.7144 -34.7481
 -22.6246 -35.4927
 -22.5555 -35.9289
 -22.8462 -36.8849
 -23.1225 -37.8101
 -23.2054 -37.8999
217 73 13
 -19.3308 -35.1379
 -18.101 -35.2242
 -17.0869 -35.5072
 -15.7878 -35.7688
 -14.99 -35.5427
 -14.5161 -34.9235
 -13.3047 -34.5438
 -12.1574 -34.6487
 -11.953 -35.1568
 -11.5223 -35.8524
 -10.5469 -36.4336
 -9.9835 -36.7008
 -9.9404 -36.6206
218 20 12
 -17.8195 2.6624
 -18.7557 3.4331
 -19.2644 4.0319
 -18.5476 4.3105
 -18.0396 5.30645
 -17.7348 5.5682
 -17.5617 5.7122
 -16.7538 6.39955
 -15.5702 7.1747
 -14.5681 7.27765
 -13.9566 7.29455
 -13.8006 7.3883
218 59 9
 -17.8195 2.6624
 -16.3645 1.95075
 -15.7506 1.4282
 -16.0233 0.63785
 -16.3261 0.1354
 -16.0215 -0.272
 -15.7619 -0.6428
 -15.7253 -0.818
 -15.7114 -0.8273
219 142 12
 38.9907 -9.5371
 39.4919 -8.18305
 39.6194 -7.0911
 39.8863 -6.24955
 40.2444 -5.7274
 39.506 -5.8092
 38.9571 -5.7488
 38.6217 -5.34815
 37.9928 -5.09385
 37.4878 -5.0088
 37.3594 -4.73885
 37.3247 -4.6715
219 88 14
 38.9907 -9.5371
 38.1392 -10.66
 37.839 -11.2187
 36.9363 -11.6017
 35.4087 -12.4109
 34.6931 -12.5143
 34.5926 -12.002
 34.3511 -11.5373
 33.7572 -11.3583
 33.1371 -11.4698
 32.6962 -11.107
 32.5522 -10.5089
 32.6817 -10.1622
 32.7336 -10.1663
220 148 12
 41.4076 -7.3131
 42.2169 -7.8215
 42.5739 -7.58595
 42.9232 -7.35805
 43.2595 -7.4922
 43.3936 -7.4173
 43.5853 -7.12885
 43.7431 -6.95695
 43.8247 -7.12805
 44.1413 -7.3572
 44.4851 -7.4921
 44.5099 -7.4836
220 142 12
 41.4076 -7.3131
 40.7968 -6.62955
 40.6935 -6.03445
 40.5782 -5.5785
 40.2444 -5.7274
 39.506 -5.8092
 38.9571 -5.7488
 38.6217 -5.34815
 37.9928 -5.09385
 37.4878 -5.0088
 37.3594 -4.73885
 37.3247 -4.6715
221 46 9
 59.8151 6.47675
 60.431 7.2272
 61.2468 7.3855
 62.1013 6.99395
 62.204 7.0046
 62.4395 6.764
 62.7416 6.30155
 62.9048 6.03025
 62.9066 5.9746
221 94 4
 59.8151 6.47675
 58.9537 6.22415
 58.6759 6.1502
 58.613 6.1327
222 11 25
 56.934 15.346
 56.1583 16.2301
 56.1516 16.659
 56.8965 17.2306
 56.9891 17.9551
 56.2533 18.3246
 54.0638 19.1814
 52.9745 20.7948
 54.1494 21.5475
 54.0165 22.0371
 52.8725 23.1539
 51.9213 24.5891
 51.8442 26.3124
 51.4314 27.1155
 50.4468 27.0608
 49.3619 27.1003
 48.3799 26.4963
 47.5494 26.3271
 46.6591 26.0615
 46.0033 25.4286
 45.4676 24.5273
 45.7824 23.3988
 46.5401 22.928
 46.6359 22.7793
 46.6567 22.7503
222 61 6
 56.934 15.346
 57.7874 14.212
 58.4546 12.5784
 59.0516 11.1432
 59.0964 11.0618
 59.107 11.0666
223 27 20
 46.9591 6.54495
 47.6432 5.8453
 47.8987 5.44225
 48.5763 5.15175
 49.0405 4.8735
 49.1188 4.82055
 49.5665 4.65505
 49.8714 4.38655
 49.9079 4.2298
 49.9095 3.7807
 49.9179 3.3954
 50.0312 2.96885
 50.3608 2.6507
 51.1383 2.81135
 51.8671 2.94525
 52.0823 2.92145
 52.1014 2.9978
 52.2158 3.26315
 52.3621 3.40975
 52.3854 3.4276
223 10 11
 46.9591 6.54495
 46.0308 7.34285
 45.5631 7.96695
 45.4979 8.32955
 45.0564 8.744
 44.541 9.28725
 44.3122 9.7682
 44.0115 10.0259
 43.6834 9.9263
 43.3969 9.78985
 43.3209 9.7779
224 67 17
 66.4478 -4.83405
 67.066 -3.8032
 67.5989 -2.84955
 68.4342 -3.11695
 68.9014 -3.76675
 69.175 -4.49575
 70.1545 -5.81295
 70.8226 -7.3585
 70.769 -8.0084
 70.5416 -8.31285
 70.5465 -8.4846
 70.8156 -8.68775
 71.0665 -9.10495
 71.1969 -9.3164
 71.2854 -9.2864
 71.3499 -9.29405
 71.3642 -9.3009
224 101 5
 66.4478 -4.83405
 65.2837 -5.15805
 64.3434 -5.00055
 64.2489 -4.49715
 64.2778 -4.484
225 29 9
 31.0566 -19.3981
 30.8711 -18.4123
 30.6201 -18.0026
 30.0107 -17.7625
 29.6105 -17.8335
 29.4886 -17.8902
 29.2906 -18.0849
 29.139 -18.2725
 29.0926 -18.3049
225 122 3
 31.0566 -19.3981
 31.2225 -20.3234
 31.2157 -20.3786
226 111 9
 36.7421 -43.8392
 35.9053 -43.3048
 34.6523 -43.0303
 33.5122 -42.703
 33.3442 -42.4109
 33.5807 -42.5946
 33.9761 -42.1993
 34.2882 -41.8399
 34.265 -41.8117
226 113 6
 36.7421 -43.8392
 37.6746 -44.5503
 38.2271 -44.594
 38.6404 -44.4577
 38.7136 -44.4572
 38.7258 -44.4681
227 111 13
 31.1646 -40.2675
 31.9776 -40.2124
 32.3313 -40.2922
 32.3983 -40.5849
 32.4621 -41.02
 32.688 -41.6261
 33.0627 -41.98
 33.1936 -42.0509
 33.3442 -42.4109
 33.5807 -42.5946
 33.9761 -42.1993
 34.2882 -41.8399
 34.265 -41.8117
227 80 6
 31.1646 -40.2675
 30.6204 -40.2425
 30.357 -40.2191
 30.2022 -40.4757
 30.1835 -40.5819
 30.1519 -40.6362
228 48 11
 24.0989 -41.5251
 24.7153 -42.6405
 24.9846 -42.8005
 25.1959 -43.2245
 25.1871 -43.8056
 25.1613 -44.111
 25.3019 -44.2747
 25.93 -44.5886
 26.4928 -44.7705
 26.5329 -44.7495
 26.5497 -44.7411
228 28 14
 24.0989 -41.5251
 23.1743 -40.3577
 22.6256 -40.459
 22.0989 -40.1332
 21.8839 -39.4275
 22.1208 -39.0541
 22.1185 -38.7516
 22.3443 -38.2386
 22.6051 -37.6777
 22.874 -37.4696
 23.4894 -36.9777
 23.8864 -36.1591
 23.9813 -35.7561
 24.0198 -35.74
229 58 8
 26.7192 -47.3017
 27.2411 -48.4341
 26.9651 -49.0482
 26.8428 -49.4607
 26.8251 -49.5447
 26.8755 -49.6084
 26.8799 -49.7551
 26.8617 -49.8591
229 48 7
 26.7192 -47.3017
 26.0264 -46.3161
 26.1144 -45.7939
 26.4131 -45.2524
 26.61 -44.9458
 26.5588 -44.7587
 26.5497 -44.7411
230 5 17
 32.2324 -59.3779
 32.9248 -59.5692
 33.644 -59.7555
 33.8713 -59.8084
 34.0785 -59.7775
 34.2492 -59.8935
 34.3947 -59.9548
 34.4844 -59.9599
 34.6933 -59.9812
 34.8776 -60.0068
 34.9865 -60.0034
 35.173 -60.1508
 35.6766 -59.8998
 36.4644 -59.5956
 36.7429 -59.8836
 36.7282 -60.1006
 36.8006 -60.1277
230 146 9
 32.2324 -59.3779
 31.7437 -59.1308
 31.2063 -58.9768
 31.1211 -58.7617
 30.9884 -58.466
 30.792 -58.3231
 30.7796 -58.1535
 30.7901 -57.9653
 30.7926 -57.9435
231 30 10
 56.0127 -38.927
 55.1522 -37.708
 54.2775 -36.8381
 54.0111 -36.2754
 53.1115 -36.1833
 52.3943 -37.048
 52.354 -37.9464
 52.3726 -37.9897
 52.3613 -38.0594
 52.3437 -38.0958
231 106 14
 56.0127 -38.927
 56.5674 -40.2448
 57.6668 -41.1021
 58.4289 -41.6876
 59.0179 -42.1451
 59.4754 -42.3587
 60.5182 -41.7834
 61.7578 -41.271
 61.9933 -40.3255
 61.8021 -39.1731
 61.5705 -38.9795
 61.4342 -38.8137
 61.5758 -38.6259
 61.7832 -38.596
232 93 3
 -15.9151 -55.4604
 -14.8543 -56.3602
 -14.8609 -56.3798
232 79 3
 -15.9151 -55.4604
 -17.0156 -54.3794
 -17.0486 -54.1787
233 79 8
 -20.1386 -54.6851
 -19.8544 -53.8605
 -19.2542 -54.7373
 -18.5287 -54.7089
 -17.9325 -54.5637
 -17.5107 -54.3457
 -17.0705 -54.1549
 -17.0486 -54.1787
233 118 21
 -20.1386 -54.6851
 -21.1149 -54.9692
 -21.5775 -55.6296
 -22.0895 -55.742
 -22.958 -55.2565
 -23.6268 -55.0938
 -23.8329 -54.9091
 -23.8061 -55.1554
 -24.2532 -55.6077
 -24.7584 -56.2503
 -25.204 -56.5204
 -26.313 -56.4968
 -27.3311 -56.4834
 -27.7778 -56.5289
 -28.4283 -56.7835
 -28.849 -57.2912
 -28.8859 -57.923
 -29.2663 -58.4014
 -29.7897 -58.3859
 -29.9987 -58.2754
 -30.0532 -58.2995
234 118 5
 -33.7895 -54.8268
 -30.5545 -58.5408
 -30.0626 -58.3836
 -30.0535 -58.3119
 -30.0532 -58.2995
234 35 4
 -33.7895 -54.8268
 -36.2007 -50.8838
 -35.8036 -50.7364
 -35.7471 -50.72
235 66 7
 -11.7806 -52.3471
 -11.7404 -51.2485
 -12.4384 -50.5678
 -12.9445 -50.1443
 -12.9995 -49.8633
 -13.058 -49.6221
 -13.0624 -49.5909
235 21 5
 -11.7806 -52.3471
 -11.6852 -53.0857
 -11.3967 -53.0979
 -11.4598 -53.1803
 -11.4828 -53.2186
236 19 32
 -9.3915 -47.7162
 -9.5001 -48.7086
 -9.60175 -49.1679
 -9.6782 -49.442
 -9.7298 -49.5359
 -9.5957 -49.7155
 -9.32705 -50.2717
 -9.4497 -51.0141
 -9.65025 -51.4419
 -9.57005 -51.5485
 -9.19005 -52.1303
 -8.1595 -52.4295
 -7.3572 -52.2535
 -7.0933 -52.6208
 -6.8009 -53.1838
 -6.66335 -53.6489
 -6.6711 -53.8634
 -6.47975 -54.0828
 -6.244 -54.2731
 -6.0973 -54.212
 -6.24485 -54.2741
 -6.47155 -54.4259
 -6.6953 -54.6125
 -6.8377 -54.7572
 -6.92635 -55.0422
 -7.0241 -54.8599
 -7.29305 -54.8847
 -7.9701 -55.0505
 -8.77875 -55.3274
 -8.9842 -55.6838
 -8.8904 -55.904
 -8.8984 -55.9114
236 14 13
 -9.3915 -47.7162
 -9.34815 -46.9383
 -9.77015 -46.6257
 -10.3307 -46.3295
 -10.4484 -45.9964
 -10.3251 -45.3521
 -10.226 -44.9578
 -11.0522 -44.7128
 -12.2883 -44.536
 -12.7759 -44.548
 -12.8862 -44.5829
 -12.9296 -44.6155
 -12.9301 -44.6157
237 8 41
 -0.91445 -63.9572
 -0.77635 -62.6625
 -0.79965 -61.9362
 -0.5454 -61.7682
 -0.69595 -61.803
 -0.85575 -61.6938
 -1.479 -61.4498
 -2.1968 -61.1741
 -2.71915 -61.2566
 -3.27715 -61.4836
 -3.8113 -61.3085
 -4.11865 -61.1266
 -4.1673 -61.0355
 -4.18855 -60.9043
 -4.2085 -60.8094
 -4.23705 -60.7311
 -4.373 -60.5584
 -4.7964 -60.4689
 -5.1003 -60.535
 -5.04935 -60.3117
 -5.1602 -59.9167
 -5.3653 -59.8214
 -5.5933 -59.9744
 -5.9265 -60.105
 -6.11605 -60.1409
 -6.1203 -60.1599
 -6.30715 -60.1882
 -6.4995 -60.1525
 -6.5959 -60.2187
 -6.74695 -60.2245
 -6.8452 -60.1642
 -6.9362 -60.1351
 -7.0096 -60.1403
 -7.09085 -60.1433
 -7.16315 -60.1256
 -7.1979 -60.1628
 -7.2204 -60.2388
 -7.2096 -60.2861
 -7.1901 -60.3197
 -7.1807 -60.3545
 -7.1824 -60.3736
237 23 5
 -0.91445 -63.9572
 0.22005 -65.021
 1.8274 -65.5002
 1.99725 -65.6243
 2.0114 -65.6368
238 8 40
 0.9055 -61.3536
 -0.31145 -61.7483
 -0.5454 -61.7682
 -0.69595 -61.803
 -0.85575 -61.6938
 -1.479 -61.4498
 -2.1968 -61.1741
 -2.71915 -61.2566
 -3.27715 -61.4836
 -3.8113 -61.3085
 -4.11865 -61.1266
 -4.1673 -61.0355
 -4.18855 -60.9043
 -4.2085 -60.8094
 -4.23705 -60.7311
 -4.373 -60.5584
 -4.7964 -60.4689
 -5.1003 -60.535
 -5.04935 -60.3117
 -5.1602 -59.9167
 -5.3653 -59.8214
 -5.5933 -59.9744
 -5.9265 -60.105
 -6.11605 -60.1409
 -6.1203 -60.1599
 -6.30715 -60.1882
 -6.4995 -60.1525
 -6.5959 -60.2187
 -6.74695 -60.2245
 -6.8452 -60.1642
 -6.9362 -60.1351
 -7.0096 -60.1403
 -7.09085 -60.1433
 -7.16315 -60.1256
 -7.1979 -60.1628
 -7.2204 -60.2388
 -7.2096 -60.2861
 -7.1901 -60.3197
 -7.1807 -60.3545
 -7.1824 -60.3736
238 4 26
 0.9055 -61.3536
 2.2336 -61.1784
 2.89265 -61.3817
 3.381 -61.3042
 3.53645 -61.2016
 3.6232 -61.0816
 3.5561 -60.9614
 3.43775 -60.7758
 3.4049 -60.6201
 3.6068 -60.4088
 4.1989 -60.0755
 4.9623 -59.5088
 5.65995 -59.332
 6.19805 -59.2748
 6.59205 -58.9922
 7.1645 -59.5001
 7.7145 -60.2551
 8.45695 -61.0001
 9.0204 -60.4671
 9.04265 -59.3886
 9.1622 -59.1298
 9.92485 -58.4009
 10.9796 -57.9362
 11.6933 -58.1793
 12.2745 -58.5401
 12.5216 -58.7214
239 4 11
 14.4272 -60.9783
 14.4016 -60.9271
 15.2829 -59.8568
 14.9983 -58.3521
 14.5789 -57.8857
 14.1231 -57.9671
 13.9364 -58.1784
 13.5275 -58.287
 12.5898 -58.3368
 12.2745 -58.5401
 12.5216 -58.7214
239 115 5
 14.4272 -60.9783
 15.7562 -61.5645
 17.6387 -61.8206
 19.3012 -61.6063
 19.3353 -61.6538
240 63 9
 -0.49415 -51.5735
 -0.82645 -51.4799
 -0.9877 -51.5905
 -1.4504 -51.6791
 -2.14125 -51.4596
 -2.7143 -51.0405
 -3.4434 -50.8494
 -4.12295 -50.4833
 -4.195 -50.2792
240 65 3
 -0.49415 -51.5735
 0.2078 -51.4771
 0.6395 -51.4801
241 19 21
 -4.443 -51.642
 -4.42675 -52.5102
 -4.41835 -52.703
 -4.7783 -52.9303
 -5.20655 -53.0798
 -5.2233 -53.464
 -5.5612 -53.9851
 -5.9906 -54.1748
 -6.0973 -54.212
 -6.24485 -54.2741
 -6.47155 -54.4259
 -6.6953 -54.6125
 -6.8377 -54.7572
 -6.92635 -55.0422
 -7.0241 -54.8599
 -7.29305 -54.8847
 -7.9701 -55.0505
 -8.77875 -55.3274
 -8.9842 -55.6838
 -8.8904 -55.904
 -8.8984 -55.9114
241 63 4
 -4.443 -51.642
 -4.3734 -50.5506
 -4.25975 -50.2849
 -4.195 -50.2792
242 33 12
 10.9203 -39.0791
 9.52365 -39.9506
 8.81105 -40.1836
 8.2527 -40.3189
 7.7799 -40.4472
 7.54 -40.4222
 7.2594 -40.4862
 7.17885 -40.5252
 7.17255 -40.437
 7.2733 -40.1686
 7.33175 -39.8726
 7.314 -39.816
242 82 10
 10.9203 -39.0791
 11.8461 -38.5455
 12.2968 -38.6315
 12.7369 -38.5669
 13.044 -38.5413
 14.4237 -39.05
 15.6803 -39.7442
 15.7791 -39.8941
 15.8594 -39.8689
 15.8883 -39.8832
243 133 7
 17.1013 -32.1582
 17.0407 -33.2719
 17.3169 -33.4089
 18.3201 -33.292
 19.0076 -33.6026
 19.2483 -34.0633
 19.2435 -34.0937
243 55 5
 17.1013 -32.1582
 16.8464 -30.9763
 16.7678 -30.5939
 16.7232 -30.3764
 16.7265 -30.3389
244 62 10
 7.8425 -26.5672
 7.39215 -25.9257
 7.32275 -25.9048
 7.24755 -25.9534
 7.22895 -26.1731
 6.9462 -26.9613
 6.6456 -27.6129
 6.521 -27.77
 6.3814 -27.8724
 6.3411 -27.8709
244 51 3
 7.8425 -26.5672
 8.31425 -27.1926
 8.341 -27.2161
245 128 7
 10.2647 -27.0606
 10.9981 -26.9884
 11.5885 -26.8941
 12.521 -26.3752
 13.4137 -26.0393
 13.5688 -26.0323
 13.5735 -26.027
245 51 4
 10.2647 -27.0606
 9.1578 -27.2462
 8.36245 -27.2426
 8.341 -27.2161
246 32 18
 7.39425 -30.8168
 6.78575 -31.1507
 6.7553 -31.5959
 7.3322 -31.9876
 7.36345 -32.1425
 7.1604 -32.4275
 7.7142 -32.68
 8.2181 -32.9669
 8.509 -33.0923
 9.1431 -33.2417
 9.65565 -32.8965
 9.7472 -32.5856
 10.239 -32.2622
 10.6876 -31.9536
 11.0651 -32.1077
 11.458 -32.0424
 11.4844 -31.8327
 11.4913 -31.8361
246 62 7
 7.39425 -30.8168
 7.0354 -30.0648
 6.4798 -29.1012
 6.27395 -28.3428
 6.28025 -28.0054
 6.34875 -27.8882
 6.3411 -27.8709
247 31 30
 1.61815 -29.2518
 0.8917 -30.3501
 0.6351 -30.5976
 -0.34545 -30.139
 -1.4869 -29.6127
 -2.15295 -30.1835
 -2.37605 -30.6621
 -2.44035 -30.8136
 -2.51465 -30.9447
 -2.5215 -31.0552
 -2.61965 -31.1052
 -2.7562 -31.1161
 -2.8261 -31.1472
 -2.87525 -31.1496
 -3.00695 -31.1712
 -3.10985 -31.2612
 -3.24125 -31.3318
 -3.5652 -31.3591
 -3.88215 -31.329
 -4.04135 -31.3519
 -4.0847 -31.4183
 -4.1198 -31.4669
 -4.1644 -31.4986
 -4.269 -31.4524
 -4.39775 -31.4049
 -4.4174 -31.3749
 -4.44015 -31.3611
 -4.4952 -31.2831
 -4.5563 -31.2327
 -4.5679 -31.2315
247 32 22
 1.61815 -29.2518
 3.045 -28.9744
 3.6527 -30.301
 4.03555 -31.0951
 5.1394 -31.4834
 6.00575 -31.3842
 6.7553 -31.5959
 7.3322 -31.9876
 7.36345 -32.1425
 7.1604 -32.4275
 7.7142 -32.68
 8.2181 -32.9669
 8.509 -33.0923
 9.1431 -33.2417
 9.65565 -32.8965
 9.7472 -32.5856
 10.239 -32.2622
 10.6876 -31.9536
 11.0651 -32.1077
 11.458 -32.0424
 11.4844 -31.8327
 11.4913 -31.8361
248 32 23
 2.0998 -27.4999
 2.31235 -28.0674
 3.045 -28.9744
 3.6527 -30.301
 4.03555 -31.0951
 5.1394 -31.4834
 6.00575 -31.3842
 6.7553 -31.5959
 7.3322 -31.9876
 7.36345 -32.1425
 7.1604 -32.4275
 7.7142 -32.68
 8.2181 -32.9669
 8.509 -33.0923
 9.1431 -33.2417
 9.65565 -32.8965
 9.7472 -32.5856
 10.239 -32.2622
 10.6876 -31.9536
 11.0651 -32.1077
 11.458 -32.0424
 11.4844 -31.8327
 11.4913 -31.8361
248 77 16
 2.0998 -27.4999
 1.79995 -26.9799
 0.5005 -26.5043
 -0.71105 -26.0753
 -0.76785 -25.8432
 -0.6869 -25.2426
 -0.62595 -24.4063
 -0.64795 -23.9053
 -0.7095 -23.6026
 -0.5596 -22.1131
 -0.3644 -20.7414
 -0.5544 -20.4261
 -0.76075 -19.4114
 -1.1914 -17.9123
 -1.52825 -17.1642
 -1.4844 -17.0653
249 56 23
 -2.7053 -31.7225
 -2.7398 -32.219
 -2.79685 -32.361
 -2.8873 -32.4893
 -2.9925 -32.6157
 -3.07365 -32.7196
 -3.03685 -32.6969
 -3.02655 -32.8107
 -2.97295 -33.1572
 -2.9267 -33.4311
 -2.8748 -33.6496
 -2.6404 -33.9291
 -2.4448 -34.0079
 -2.38845 -34.1297
 -2.403 -34.2706
 -2.4342 -34.3096
 -2.3895 -34.359
 -2.3591 -34.4045
 -2.33005 -34.3852
 -2.2895 -34.3621
 -2.26915 -34.3205
 -2.2653 -34.287
 -2.2685 -34.2798
249 31 20
 -2.7053 -31.7225
 -2.74615 -31.2212
 -2.8261 -31.1472
 -2.87525 -31.1496
 -3.00695 -31.1712
 -3.10985 -31.2612
 -3.24125 -31.3318
 -3.5652 -31.3591
 -3.88215 -31.329
 -4.04135 -31.3519
 -4.0847 -31.4183
 -4.1198 -31.4669
 -4.1644 -31.4986
 -4.269 -31.4524
 -4.39775 -31.4049
 -4.4174 -31.3749
 -4.44015 -31.3611
 -4.4952 -31.2831
 -4.5563 -31.2327
 -4.5679 -31.2315
250 79 18
 -20.0246 -47.1822
 -18.7626 -48.0269
 -18.1248 -48.1999
 -18.24 -48.9095
 -18.2465 -49.3268
 -18.387 -49.4098
 -18.5588 -49.9499
 -18.7873 -51.1669
 -19.1427 -52.1192
 -19.7091 -52.5962
 -20.1884 -52.9781
 -19.8544 -53.8605
 -19.2542 -54.7373
 -18.5287 -54.7089
 -17.9325 -54.5637
 -17.5107 -54.3457
 -17.0705 -54.1549
 -17.0486 -54.1787
250 110 6
 -20.0246 -47.1822
 -20.6132 -46.2342
 -19.6374 -46.182
 -18.5278 -45.8261
 -18.3662 -45.4873
 -18.3499 -45.4459
251 31 28
 -13.0534 -32.257
 -11.6558 -31.2384
 -11.4655 -30.5318
 -11.7945 -30.1791
 -11.6083 -30.0033
 -10.5964 -29.9379
 -9.8285 -29.8932
 -9.35945 -29.8336
 -8.78815 -29.8358
 -8.48485 -30.1012
 -8.0616 -30.3829
 -7.3136 -30.6421
 -6.9338 -31.0343
 -6.602 -31.5445
 -5.85745 -31.2147
 -5.28015 -30.6963
 -5.18365 -30.7106
 -5.06225 -30.798
 -4.9273 -30.861
 -4.86655 -30.8368
 -4.79445 -30.8225
 -4.6636 -30.8864
 -4.53975 -30.9191
 -4.5155 -30.9628
 -4.5002 -31.0728
 -4.51335 -31.1782
 -4.5563 -31.2327
 -4.5679 -31.2315
251 73 13
 -13.0534 -32.257
 -14.4319 -32.7759
 -14.6533 -33.278
 -14.7711 -33.8854
 -14.555 -34.3051
 -14.5161 -34.9235
 -13.3047 -34.5438
 -12.1574 -34.6487
 -11.953 -35.1568
 -11.5223 -35.8524
 -10.5469 -36.4336
 -9.9835 -36.7008
 -9.9404 -36.6206
252 37 9
 -20.927 -22.9734
 -20.6124 -23.9886
 -20.285 -24.3312
 -20.5355 -24.5292
 -20.922 -25.3658
 -21.1782 -25.9095
 -21.0668 -26.0396
 -21.1316 -26.0845
 -21.1486 -26.1086
252 75 5
 -20.927 -22.9734
 -21.1425 -21.7596
 -20.745 -21.4486
 -20.4234 -21.4404
 -20.4483 -21.4061
253 149 23
 -29.4463 -9.6811
 -28.5248 -9.3394
 -27.8412 -9.1328
 -27.2694 -9.41015
 -26.1754 -9.7095
 -25.3149 -9.9067
 -24.737 -9.6772
 -24.124 -9.1497
 -23.7659 -8.8824
 -23.6361 -8.61145
 -23.5499 -8.4173
 -23.4905 -8.24345
 -23.368 -7.99845
 -23.2243 -7.84945
 -23.1724 -7.7483
 -23.32 -7.6496
 -23.5292 -7.54155
 -23.642 -7.45425
 -23.6286 -7.4004
 -23.5528 -7.3491
 -23.496 -7.32115
 -23.4907 -7.2921
 -23.4904 -7.2722
253 40 6
 -29.4463 -9.6811
 -30.1916 -9.90505
 -30.8717 -10.1139
 -31.2467 -10.2402
 -31.4618 -10.2761
 -31.5216 -10.2713
254 149 19
 -26.7841 -1.52545
 -27.3831 -3.71995
 -27.5273 -4.8352
 -26.3451 -5.3699
 -25.4995 -4.7058
 -25.2675 -4.37155
 -24.8313 -5.37265
 -24.4349 -6.65125
 -24.4505 -7.0021
 -24.2411 -7.09635
 -23.9988 -7.19365
 -23.9895 -7.384
 -23.9089 -7.57175
 -23.7324 -7.52835
 -23.6286 -7.4004
 -23.5528 -7.3491
 -23.496 -7.32115
 -23.4907 -7.2921
 -23.4904 -7.2722
254 84 3
 -26.7841 -1.52545
 -26.7585 0.37275
 -26.6514 0.3489
255 20 9
 -12.6311 10.7308
 -13.7059 10.5807
 -14.0903 10.0183
 -14.75 9.5169
 -15.5119 8.7645
 -15.4153 7.9029
 -14.5681 7.27765
 -13.9566 7.29455
 -13.8006 7.3883
255 135 4
 -12.6311 10.7308
 -11.74 10.2053
 -11.7282 10.0224
 -11.7244 10.0146
256 96 13
 -4.81045 30.7138
 -5.32675 29.8652
 -5.33545 29.7978
 -5.43515 30.0212
 -6.9372 30.5717
 -9.1393 31.1729
 -9.85435 31.6832
 -10.1316 30.6386
 -10.3822 29.8596
 -10.3743 29.6039
 -10.5261 29.2225
 -10.6993 29.0694
 -10.7039 29.0503
256 123 6
 -4.81045 30.7138
 -3.97335 32.347
 -3.81115 34.0248
 -3.79655 35.305
 -3.6127 35.7744
 -3.6602 35.8272
257 42 10
 -1.9106 36.3363
 -1.0219 36.7908
 -0.7319 36.1468
 -0.69965 36.1621
 -0.27385 37.2006
 0.38005 37.6562
 0.5082 37.6281
 0.65305 37.5775
 0.78545 37.4474
 0.8583 37.3151
257 123 5
 -1.9106 36.3363
 -3.112 35.8088
 -3.55785 35.8275
 -3.63935 35.8473
 -3.6602 35.8272
258 117 6
 6.34745 36.2706
 6.9529 35.2068
 7.68115 34.7381
 7.9785 34.2537
 8.56165 33.8401
 8.8513 33.8849
258 74 5
 6.34745 36.2706
 5.4568 37.3448
 4.0273 37.8475
 3.61315 37.8729
 3.6189 37.8488
259 54 10
 1.5472 10.4515
 2.89305 11.0858
 4.2296 10.6041
 5.1888 10.7273
 6.03925 11.0526
 6.43155 10.8097
 6.45895 10.7279
 6.607 10.6073
 6.80215 10.4715
 6.8701 10.439
259 140 11
 1.5472 10.4515
 0.83275 9.90305
 0.47565 9.9717
 0.19465 9.78255
 -1.10785 10.3705
 -2.47365 11.2705
 -2.7838 11.6131
 -2.9695 12.5413
 -2.93595 13.3567
 -2.7931 13.3726
 -2.7572 13.3998
260 141 12
 -6.9417 4.41
 -7.11815 5.414
 -6.8883 6.2943
 -6.22135 6.37415
 -5.5751 6.16785
 -5.184 5.999
 -4.8287 5.4697
 -4.4378 4.8054
 -4.396 4.5904
 -4.3311 4.40415
 -4.24745 4.23545
 -4.2361 4.1951
260 114 8
 -6.9417 4.41
 -7.2096 3.75755
 -8.57345 3.3354
 -9.38935 2.9687
 -9.0029 2.09185
 -8.83995 1.37185
 -8.77585 1.1277
 -8.7602 1.0606
261 43 36
 12.4219 25.4033
 13.3008 24.8914
 13.8368 24.8903
 14.3731 24.9309
 14.7098 25.1894
 14.8493 25.5816
 14.8955 26.1677
 15.0095 26.7653
 15.3684 27.0981
 15.7264 27.3545
 16.1641 26.259
 16.8386 25.124
 17.0874 25.0489
 17.1509 25.0127
 17.3188 24.8363
 17.4175 24.596
 17.4175 24.5299
 17.5541 24.3984
 17.944 24.3007
 18.4501 24.2416
 18.8581 24.0289
 19.156 23.7733
 19.3327 23.5116
 19.376 23.2521
 19.5378 23.1602
 19.747 23.1597
 19.802 23.0565
 20.0587 22.8894
 20.6441 22.6923
 21.1464 22.6104
 21.2722 22.4228
 21.4813 22.7537
 21.7789 22.8974
 22.0335 22.9769
 22.1284 23.0681
 22.0901 23.0831
261 69 10
 12.4219 25.4033
 11.1716 25.8927
 10.3694 26.2022
 10.0356 26.4179
 10.1278 26.8154
 9.8898 27.5738
 9.28075 28.6245
 8.89845 29.3154
 8.7999 29.3412
 8.773 29.3526
262 41 6
 20.8311 21.4041
 20.0941 20.8092
 19.4139 20.5449
 19.1644 20.426
 18.9046 20.2898
 18.8236 20.2517
262 43 9
 20.8311 21.4041
 21.078 21.9977
 21.2187 22.2363
 21.2722 22.4228
 21.4813 22.7537
 21.7789 22.8974
 22.0335 22.9769
 22.1284 23.0681
 22.0901 23.0831
263 72 16
 17.6334 2.393
 17.0498 2.7006
 17.7109 2.94135
 18.5303 3.18385
 18.8696 3.22425
 18.9889 3.21975
 18.9354 3.3099
 18.7006 3.34395
 17.7574 3.83125
 16.9331 4.53735
 16.999 4.7562
 17.0966 4.8283
 16.9413 5.47745
 16.4419 6.1595
 16.0455 6.2228
 16.0168 6.2018
263 145 12
 17.6334 2.393
 18.3741 1.5118
 18.6861 0.8894
 18.7281 0.68435
 18.5795 0.59795
 18.2698 0.2587
 18.0592 -0.3112
 17.871 -0.88165
 17.6997 -1.30965
 17.8119 -1.55125
 17.98 -1.67945
 18.0473 -1.663
264 99 12
 11.2859 -12.3181
 13.6379 -11.6826
 14.1479 -11.13
 14.4029 -11.104
 14.497 -11.0254
 14.5028 -10.869
 14.4193 -10.5828
 14.3839 -10.357
 14.5217 -10.3244
 15.0422 -10.1277
 15.4282 -9.9561
 15.4404 -9.9702
264 90 3
 11.2859 -12.3181
 9.05085 -12.2825
 8.8814 -12.1421
265 87 5
 9.22395 -13.8428
 9.70435 -15.7352
 10.1805 -17.1624
 10.2488 -17.2584
 10.2061 -17.2974
265 90 4
 9.22395 -13.8428
 9.0202 -12.8531
 8.9066 -12.2638
 8.8814 -12.1421
266 29 8
 30.8724 -17.4398
 30.4685 -17.6679
 30.0107 -17.7625
 29.6105 -17.8335
 29.4886 -17.8902
 29.2906 -18.0849
 29.139 -18.2725
 29.0926 -18.3049
266 18 5
 30.8724 -17.4398
 31.3867 -17.1819
 31.5452 -17.0527
 31.4785 -16.98
 31.4505 -16.9661
267 18 9
 32.85 -14.5648
 32.9022 -15.5171
 33.0089 -16.3987
 32.6134 -15.7484
 32.0236 -15.3062
 31.7253 -16.0117
 31.5116 -16.7624
 31.4756 -16.9006
 31.4505 -16.9661
267 88 12
 32.85 -14.5648
 33.306 -14.1512
 33.9664 -13.4783
 34.4826 -12.5142
 34.5926 -12.002
 34.3511 -11.5373
 33.7572 -11.3583
 33.1371 -11.4698
 32.6962 -11.107
 32.5522 -10.5089
 32.6817 -10.1622
 32.7336 -10.1663
268 144 21
 27.7367 -0.88045
 27.1863 -1.33885
 27.0035 -1.13545
 26.9875 -1.6912
 26.838 -2.612
 26.7089 -3.3063
 26.3559 -2.80705
 25.9859 -2.5761
 25.8979 -2.57275
 25.202 -2.1866
 24.4724 -1.8447
 24.327 -1.7404
 24.1506 -1.46665
 23.9655 -1.14435
 23.8853 -0.9142
 23.6112 -0.74145
 23.2878 -0.54125
 23.3371 -0.4155
 23.3394 -0.17195
 23.3523 -0.09965
 23.3564 -0.0911
268 132 7
 27.7367 -0.88045
 28.5326 -0.0146
 29.0313 0.09155
 29.5611 0.0034
 30.0149 -0.2036
 30.0188 -0.39655
 30.008 -0.4239
269 144 12
 24.0031 -2.65345
 24.3929 -1.90875
 24.327 -1.7404
 24.1506 -1.46665
 23.9655 -1.14435
 23.8853 -0.9142
 23.6112 -0.74145
 23.2878 -0.54125
 23.3371 -0.4155
 23.3394 -0.17195
 23.3523 -0.09965
 23.3564 -0.0911
269 92 9
 24.0031 -2.65345
 23.7224 -3.88365
 23.7759 -4.8388
 23.7644 -5.4821
 23.9729 -5.8105
 24.3958 -6.21445
 24.8668 -6.3009
 25.093 -6.122
 25.107 -6.1192
270 43 34
 29.389 21.0195
 28.3476 21.179
 28.1767 21.2448
 28.0436 21.4763
 27.8174 21.2051
 27.7835 20.738
 27.8156 20.5134
 27.7873 20.4911
 27.5312 20.6202
 27.0746 20.9137
 26.6726 21.0635
 26.3615 21.3363
 25.815 21.3933
 25.2936 21.0012
 25.0046 20.8632
 24.4005 21.1891
 23.874 21.5478
 23.7327 21.6289
 23.6693 21.736
 23.3495 21.7672
 23.0675 21.9461
 23.0442 22.1054
 22.8216 22.0861
 22.5716 22.2986
 22.477 22.4955
 22.4381 22.5858
 22.431 22.7095
 22.4259 22.8284
 22.3211 22.9521
 22.2246 23.1024
 22.183 23.1873
 22.1318 23.1643
 22.0984 23.1123
 22.0901 23.0831
270 78 8
 29.389 21.0195
 30.6147 20.4974
 31.4047 20.1917
 30.8742 20.1029
 31.0261 19.3199
 31.0877 18.5091
 30.8605 18.2003
 30.8597 18.1137
271 78 8
 31.9818 21.6742
 31.2211 20.8001
 31.4047 20.1917
 30.8742 20.1029
 31.0261 19.3199
 31.0877 18.5091
 30.8605 18.2003
 30.8597 18.1137
271 129 12
 31.9818 21.6742
 32.2736 22.5771
 32.3889 23.2945
 33.1634 23.6683
 33.4143 24.1189
 33.8109 24.284
 34.8806 24.6919
 35.5535 25.443
 35.7492 25.7561
 35.9953 26.1364
 36.31 26.4917
 36.4246 26.5342
272 11 15
 37.4007 27.4688
 38.6758 28.2241
 39.3969 28.7962
 39.9585 29.091
 40.1397 28.9706
 40.7246 28.6817
 40.9923 27.3271
 41.112 25.5788
 42.2782 24.7695
 43.6541 24.5044
 44.6375 24.1364
 45.7824 23.3988
 46.5401 22.928
 46.6359 22.7793
 46.6567 22.7503
272 129 4
 37.4007 27.4688
 36.4034 26.8228
 36.4455 26.5765
 36.4246 26.5342
273 49 47
 29.2341 14.9595
 28.2421 15.3206
 27.6471 15.6684
 27.485 15.5743
 27.0324 15.6007
 26.5632 15.639
 26.5774 15.7189
 26.4261 15.4757
 25.6341 15.0227
 24.7353 14.4422
 24.5722 14.1378
 24.3471 13.9501
 23.868 13.3616
 23.5267 12.8897
 23.3605 12.8291
 23.1971 12.9253
 23.0967 13.1985
 22.9632 13.5382
 22.8432 13.7558
 22.7267 13.7425
 22.4866 13.4768
 22.181 13.0675
 22.0136 12.787
 22.1101 12.6255
 22.1019 12.5833
 21.9637 12.6495
 21.8274 12.7109
 21.488 12.5842
 21.2073 12.4305
 21.0281 12.5396
 20.8958 12.5312
 20.8766 12.2872
 20.7833 12.1803
 20.6406 12.1876
 20.5286 12.1502
 20.4564 12.1176
 20.3334 12.1359
 20.1178 12.095
 19.9095 12.0002
 19.8392 11.948
 19.8312 11.907
 19.79 11.845
 19.7882 11.8125
 19.8756 11.75
 19.8523 11.5872
 19.7734 11.4739
 19.7761 11.4644
273 60 7
 29.2341 14.9595
 29.9522 14.8092
 30.6138 14.0605
 31.3394 13.5215
 31.6858 13.5218
 31.7818 13.457
 31.8197 13.4135
274 81 8
 51.6728 7.32625
 50.9179 8.15205
 50.3876 8.62745
 50.9611 8.4355
 51.1132 8.8251
 51.1797 9.3148
 51.1205 9.43765
 51.1105 9.4378
274 27 11
 51.6728 7.32625
 52.9164 6.9595
 53.5348 7.23115
 53.3936 6.6189
 52.9608 5.5875
 52.6244 4.9311
 52.6747 4.76715
 52.7226 4.7211
 52.7291 3.984
 52.5158 3.3602
 52.3854 3.4276
275 46 9
 59.9133 8.84415
 60.3968 7.78525
 61.2468 7.3855
 62.1013 6.99395
 62.204 7.0046
 62.4395 6.764
 62.7416 6.30155
 62.9048 6.03025
 62.9066 5.9746
275 61 5
 59.9133 8.84415
 59.3356 10.0761
 59.1587 10.5844
 59.0932 10.9912
 59.107 11.0666
276 147 10
 64.1618 7.1271
 64.9875 7.8507
 65.2075 8.0229
 65.2807 8.0921
 65.3235 8.1436
 65.4188 8.1657
 65.5142 8.14355
 65.5959 8.1569
 65.6443 8.15735
 65.6542 8.1386
276 46 5
 64.1618 7.1271
 63.3256 6.3948
 63.084 6.1356
 62.953 5.9879
 62.9066 5.9746
277 27 17
 57.3725 10.2502
 56.355 9.62685
 55.5975 8.8878
 55.0868 8.51825
 54.5432 7.9976
 54.2367 7.91295
 54.1558 7.887
 53.9184 7.5832
 53.5348 7.23115
 53.3936 6.6189
 52.9608 5.5875
 52.6244 4.9311
 52.6747 4.76715
 52.7226 4.7211
 52.7291 3.984
 52.5158 3.3602
 52.3854 3.4276
277 61 5
 57.3725 10.2502
 58.3013 10.6464
 58.9366 11.1411
 59.0964 11.0618
 59.107 11.0666
278 52 3
 86.4967 16.0942
 85.241 14.8223
 85.214 14.8188
278 131 3
 86.4967 16.0942
 87.7299 17.3637
 87.7346 17.3647
279 25 18
 82.9434 13.5884
 82.0202 11.7013
 81.0292 10.5241
 80.2981 10.2437
 80.1326 9.825
 79.809 10.1496
 79.2089 9.8364
 78.665 9.3368
 78.4688 9.18295
 78.5278 9.1378
 78.2936 8.5343
 77.7944 8.12055
 76.9777 7.92255
 76.4268 7.26905
 76.4563 6.99115
 76.0771 6.63255
 75.6533 6.23095
 75.5641 6.2029
279 52 6
 82.9434 13.5884
 83.8901 14.2807
 84.6924 13.9128
 84.5901 14.5856
 84.985 14.9312
 85.214 14.8188
280 25 6
 74.2777 7.16795
 74.862 6.35365
 75.365 6.015
 75.4401 6.0841
 75.5307 6.1737
 75.5641 6.2029
280 86 4
 74.2777 7.16795
 74.2777 7.848
 74.39 8.07715
 74.4031 8.0932
281 67 14
 75.7047 -2.43815
 75.021 -2.8876
 74.5124 -3.55365
 74.0103 -4.0591
 73.4877 -4.384
 72.7127 -5.05345
 72.4251 -6.05425
 72.3756 -6.65085
 72.2134 -7.19415
 72.0851 -7.7445
 72.1525 -8.2791
 71.7881 -9.01255
 71.3632 -9.25675
 71.3642 -9.3009
281 57 4
 75.7047 -2.43815
 76.0367 -0.8537
 75.7232 0.5025
 75.7411 0.5093
282 143 6
 47.253 -14.4281
 47.7617 -15.1273
 48.083 -15.5658
 48.5329 -15.5949
 48.6595 -15.5029
 48.6771 -15.4938
282 71 4
 47.253 -14.4281
 46.2674 -13.9788
 45.8813 -13.7853
 45.9525 -13.6684
283 67 11
 74.6374 -16.278
 73.3515 -14.6894
 72.7699 -13.7445
 72.6171 -13.3277
 72.4029 -11.8724
 71.6821 -10.1982
 71.0887 -9.60105
 71.2888 -9.4693
 71.3871 -9.42435
 71.3517 -9.33735
 71.3642 -9.3009
283 138 5
 74.6374 -16.278
 75.7777 -18.3347
 76.1702 -19.6614
 76.2238 -19.7852
 76.3088 -19.8194
284 2 21
 72.5094 -31.4594
 73.4294 -31.8604
 73.7793 -32.1346
 73.8656 -31.7719
 74.6602 -31.753
 75.5581 -31.6238
 75.8074 -31.5038
 76.1387 -31.8315
 76.6617 -32.2743
 76.9837 -32.3904
 77.1023 -32.6142
 77.112 -33.0536
 76.9941 -33.3609
 77.1267 -33.8043
 77.2269 -34.2772
 77.165 -34.4072
 77.1297 -34.472
 77.146 -34.6248
 77.1719 -34.7561
 77.1582 -34.8018
 77.1596 -34.8089
284 70 6
 72.5094 -31.4594
 71.7139 -30.6709
 71.4095 -29.9214
 70.774 -29.0014
 70.0988 -28.5638
 70.0403 -28.6107
285 2 8
 79.0761 -33.7764
 78.1613 -33.9686
 77.6972 -34.4829
 77.612 -34.6803
 77.524 -34.7598
 77.3789 -34.7553
 77.2317 -34.7848
 77.1596 -34.8089
285 112 9
 79.0761 -33.7764
 79.8577 -34.2017
 80.2516 -34.5553
 80.1346 -34.3144
 80.0012 -33.9614
 79.9018 -32.677
 79.7993 -31.5473
 79.6111 -31.4362
 79.5726 -31.425
286 53 26
 61.4934 -31.8717
 61.0075 -31.7541
 60.7108 -31.6054
 60.1749 -31.301
 59.5075 -31.0802
 59.1119 -30.7778
 59.1163 -30.4335
 59.1589 -30.2775
 59.0892 -30.3377
 58.8613 -30.5329
 58.296 -30.2485
 57.8296 -29.8974
 57.6719 -30.0075
 57.3609 -30.3997
 56.879 -30.5596
 56.2491 -30.1591
 55.8589 -29.8699
 55.8038 -29.8166
 55.7747 -29.7278
 55.6218 -29.5581
 55.327 -29.2759
 55.2409 -28.7021
 55.3458 -28.219
 55.3666 -28.056
 55.3526 -27.9704
 55.3527 -27.9688
286 36 7
 61.4934 -31.8717
 62.2603 -31.6883
 62.6832 -31.7948
 63.1153 -32.4336
 63.4604 -32.6966
 63.4545 -32.7514
 63.4539 -32.7834
287 106 14
 61.2394 -34.5067
 59.4669 -34.9929
 58.6837 -35.7523
 58.7723 -36.6392
 59.1056 -37.1515
 59.4049 -37.343
 59.3797 -37.3458
 59.7883 -37.0922
 60.4145 -36.8381
 61.0697 -37.3004
 61.4727 -37.7659
 61.651 -38.1611
 61.7954 -38.5624
 61.7832 -38.596
287 36 7
 61.2394 -34.5067
 62.2756 -33.7422
 62.7724 -33.0541
 63.2336 -32.8251
 63.3619 -32.7522
 63.4545 -32.7514
 63.4539 -32.7834
288 126 9
 61.7808 -21.1582
 61.5467 -21.7546
 60.6105 -22.1362
 59.8981 -22.7406
 60.1736 -23.0119
 61.0815 -23.8358
 61.9793 -24.5275
 62.2579 -24.4347
 62.2811 -24.3371
288 89 7
 61.7808 -21.1582
 62.7223 -19.9943
 63.8198 -19.5826
 64.095 -19.622
 64.2548 -19.5483
 64.3677 -19.5168
 64.4194 -19.5309
289 98 25
 49.8156 -17.507
 50.6786 -18.8924
 51.5571 -19.1257
 52.6325 -19.9018
 53.0072 -20.9965
 53.2186 -21.832
 53.1603 -22.1877
 52.8166 -22.5107
 52.4871 -23.0179
 51.8504 -23.5409
 51.1576 -24.2639
 50.8364 -24.8651
 50.5475 -25.2424
 50.4054 -25.4678
 50.2636 -25.4165
 49.847 -25.4721
 49.2475 -25.6444
 48.7133 -25.5167
 48.3391 -25.1927
 47.937 -25.1882
 47.4419 -25.1196
 46.798 -25.2255
 46.9558 -26.1115
 47.5359 -26.6843
 47.5502 -26.6717
289 143 5
 49.8156 -17.507
 48.9603 -16.1009
 48.8753 -15.8463
 48.7391 -15.5564
 48.6771 -15.4938
290 98 27
 47.4671 -19.9779
 48.6957 -19.9499
 49.9009 -19.0271
 50.6786 -18.8924
 51.5571 -19.1257
 52.6325 -19.9018
 53.0072 -20.9965
 53.2186 -21.832
 53.1603 -22.1877
 52.8166 -22.5107
 52.4871 -23.0179
 51.8504 -23.5409
 51.1576 -24.2639
 50.8364 -24.8651
 50.5475 -25.2424
 50.4054 -25.4678
 50.2636 -25.4165
 49.847 -25.4721
 49.2475 -25.6444
 48.7133 -25.5167
 48.3391 -25.1927
 47.937 -25.1882
 47.4419 -25.1196
 46.798 -25.2255
 46.9558 -26.1115
 47.5359 -26.6843
 47.5502 -26.6717
290 9 5
 47.4671 -19.9779
 46.4792 -19.1825
 46.1936 -19.1152
 46.1054 -19.0914
 46.0974 -19.0928
291 9 4
 44.9001 -19.875
 45.5781 -19.2177
 46.0255 -19.092
 46.0974 -19.0928
291 50 4
 44.9001 -19.875
 43.8917 -20.4909
 43.1459 -20.534
 43.106 -20.4918
292 98 14
 51.2263 -26.2019
 50.505 -25.5058
 50.4054 -25.4678
 50.2636 -25.4165
 49.847 -25.4721
 49.2475 -25.6444
 48.7133 -25.5167
 48.3391 -25.1927
 47.937 -25.1882
 47.4419 -25.1196
 46.798 -25.2255
 46.9558 -26.1115
 47.5359 -26.6843
 47.5502 -26.6717
292 53 8
 51.2263 -26.2019
 52.104 -26.7215
 52.9051 -26.8635
 53.7056 -27.3479
 54.5696 -27.6528
 55.2776 -27.8567
 55.354 -27.964
 55.3527 -27.9688
293 24 15
 24.2119 -18.1969
 23.8871 -17.6099
 23.8088 -17.5374
 23.3759 -17.4566
 22.7151 -17.2437
 22.3714 -16.9806
 22.0431 -16.5013
 22.0694 -15.6444
 22.2229 -14.8701
 22.3406 -14.3573
 23.1727 -13.8698
 23.778 -13.4902
 23.7889 -13.3265
 23.8604 -13.2552
 23.8943 -13.2131
293 1 17
 24.2119 -18.1969
 24.5103 -18.7819
 24.6574 -18.7817
 24.7118 -19.228
 24.852 -19.6636
 25.0296 -19.7006
 25.136 -19.8303
 25.0331 -20.388
 24.9505 -20.8258
 25.0301 -20.8645
 25.1442 -21.3237
 25.039 -21.8313
 25.0287 -22.0475
 25.1552 -22.4148
 25.2788 -22.84
 25.3367 -23.0879
 25.3252 -23.1208
294 1 8
 24.7771 -24.9087
 25.2983 -23.9653
 25.7329 -23.6459
 25.6168 -23.4144
 25.5377 -23.165
 25.4552 -23.0959
 25.3541 -23.0905
 25.3252 -23.1208
294 3 6
 24.7771 -24.9087
 24.7565 -25.6534
 25.1016 -26.2131
 25.441 -26.8503
 25.4637 -27.0349
 25.4732 -27.0366
295 130 8
 25.4354 -31.4679
 24.6925 -32.9597
 24.5802 -33.1845
 23.9901 -32.9802
 23.3918 -32.6302
 23.2267 -32.4209
 23.2006 -32.3905
 23.2286 -32.3922
295 3 8
 25.4354 -31.4679
 26.607 -29.8477
 27.4803 -29.5895
 26.6333 -29.1616
 25.9902 -28.0075
 25.6423 -27.1159
 25.4993 -27.0567
 25.4732 -27.0366
296 28 8
 25.0049 -33.3862
 25.5206 -33.5756
 25.673 -33.6841
 25.1875 -34.5806
 24.5602 -35.5331
 24.2364 -35.6768
 24.0577 -35.7076
 24.0198 -35.74
296 130 7
 25.0049 -33.3862
 24.5802 -33.1845
 23.9901 -32.9802
 23.3918 -32.6302
 23.2267 -32.4209
 23.2006 -32.3905
 23.2286 -32.3922
297 76 9
 23.7718 -52.3589
 22.1206 -52.2921
 21.7584 -52.1354
 21.6723 -52.049
 21.6394 -51.9187
 21.6432 -51.7943
 21.5442 -51.7761
 21.4407 -51.829
 21.416 -51.8661
297 58 20
 23.7718 -52.3589
 25.4109 -52.4547
 25.838 -52.3623
 25.9393 -51.8849
 26.3801 -51.6083
 27.0297 -51.8421
 27.5196 -52.1347
 27.9451 -52.3153
 28.1248 -52.3946
 28.0714 -52.1037
 28.121 -51.6738
 28.1493 -51.3726
 28.3261 -51.1488
 27.9599 -51.2375
 27.7956 -50.817
 27.5266 -50.3279
 27.174 -50.2159
 26.9794 -50.0991
 26.9097 -49.9195
 26.8617 -49.8591
298 146 14
 30.0935 -62.4843
 30.3592 -62.0368
 30.4684 -61.7341
 30.42 -61.3135
 30.5296 -60.524
 30.8443 -59.9261
 31.0129 -59.6682
 31.0431 -59.2722
 31.1211 -58.7617
 30.9884 -58.466
 30.792 -58.3231
 30.7796 -58.1535
 30.7901 -57.9653
 30.7926 -57.9435
298 68 9
 30.0935 -62.4843
 29.9562 -63.0241
 29.886 -63.7723
 29.8004 -64.1413
 30.0115 -64.367
 30.3706 -64.559
 30.6058 -64.6557
 30.692 -64.8008
 30.7031 -64.8122
299 38 13
 38.6798 -61.467
 39.2326 -62.2076
 39.4352 -62.8907
 39.5943 -63.1405
 39.7972 -63.3475
 39.8756 -63.4152
 39.9984 -63.5258
 40.2431 -63.6398
 40.6235 -63.646
 40.8361 -63.7178
 40.7514 -63.9109
 40.7053 -64.0331
 40.7505 -64.0609
299 5 10
 38.6798 -61.467
 38.2286 -60.8157
 37.9745 -60.2255
 37.8439 -60.0842
 37.7632 -59.9399
 37.5311 -59.7346
 37.1073 -59.6515
 36.7429 -59.8836
 36.7282 -60.1006
 36.8006 -60.1277
300 13 12
 58.8356 -67.7934
 59.5666 -68.2428
 60.0762 -68.2302
 60.052 -68.3636
 60.0844 -69.2487
 60.2467 -70.1111
 60.8678 -70.6245
 61.6037 -70.6909
 61.7253 -70.2117
 61.7916 -69.9953
 61.9214 -69.8893
 62.0288 -69.8532
300 7 5
 58.8356 -67.7934
 57.8213 -66.6985
 57.4883 -66.0345
 57.7783 -65.983
 57.7511 -65.9594
301 91 15
 69.4128 -50.4842
 71.1389 -50.185
 71.7141 -50.6528
 71.8241 -51.2103
 72.0413 -51.7684
 72.2683 -52.2307
 72.3172 -52.3663
 72.5437 -52.7828
 72.7465 -53.2693
 72.7492 -53.3734
 72.7916 -53.4624
 72.9263 -53.765
 72.9918 -54.6945
 72.9038 -55.4269
 72.8601 -55.4685
301 83 4
 69.4128 -50.4842
 68.1055 -50.7957
 68.0321 -50.6492
 68.035 -50.6237
302 91 17
 75.8939 -70.8098
 77.9512 -65.5682
 76.1405 -63.0972
 74.5057 -60.5568
 74.0233 -59.9819
 73.0919 -58.8954
 72.6776 -57.901
 72.5285 -57.435
 72.4569 -57.2986
 72.3377 -57.2149
 72.3867 -57.0931
 72.5383 -56.9236
 72.582 -56.8423
 72.8349 -56.6266
 73.001 -55.9712
 72.8905 -55.5017
 72.8601 -55.4685
302 103 3
 75.8939 -70.8098
 73.8167 -76.0206
 73.8072 -76.0268
307 131 3
 87.7758 17.388
 87.7552 17.3764
 87.7346 17.3647
308 118 5
 -31.0376 -58.6387
 -30.5545 -58.5408
 -30.0626 -58.3836
 -30.0535 -58.3119
 -30.0532 -58.2995
309 96 21
 -15.1318 37.2147
 -14.8308 37.1807
 -13.4804 36.8891
 -11.9822 36.3392
 -11.5235 36.0393
 -11.3561 36.0068
 -10.6546 35.8452
 -9.5716 35.4142
 -8.853 35.0123
 -8.77275 34.8203
 -9.0868 34.7044
 -9.52295 34.0703
 -9.8897 33.1627
 -9.92695 32.4074
 -9.85435 31.6832
 -10.1316 30.6386
 -10.3822 29.8596
 -10.3743 29.6039
 -10.5261 29.2225
 -10.6993 29.0694
 -10.7039 29.0503
310 107 20
 80.4954 23.3601
 79.9047 23.2052
 79.1684 22.0129
 78.4639 20.716
 77.8026 20.3072
 77.7004 20.1521
 77.8387 20.0183
 78.4514 18.9788
 79.1087 17.7389
 79.4389 17.441
 78.811 17.3538
 77.9352 16.9378
 76.7818 16.4309
 76.1252 16.2079
 75.7357 15.6852
 75.4129 14.5292
 75.605 13.8327
 76.4339 13.2889
 77.3098 12.6857
 77.3813 12.638
311 103 5
 74.2153 -80.3793
 74.8291 -79.5316
 75.4258 -78.6628
 74.6079 -77.3343
 73.8072 -76.0268
