   3.6617597535274728     
   1.5170028882085504     
   4.5267362386589731     
   2.3034254534051297     
   4.4356269237746062     
   2.4091815528226590     
   2.5750012189909528     
  0.99467245208701649     
   6.4610232992224139     
  0.99174495755285375     
   2.7492244836537081     
   2.7357911301756812     
   2.2919135328433486     
   3.9394599509553476     
   2.0502118914109095     
  0.80557438476429444     
   2.5674436084984502     
   1.6292780420951118     
   1.6482191043445651     
   1.0737383564913334     
   4.2783924655240471     
   2.4960723855338909     
   2.4648763127048143     
   2.0187085715479416     
   3.3807882749055422     
   3.3311685109092259     
   1.5549093030418681     
  0.77479069174182158     
   1.8678965744123859     
  0.75087255296192323     
   5.4469207783267022     
  0.95069128328305874     
   8.1291102104020379     
   2.3988993136426471     
   6.2517503500436149     
   1.9497382133022367     
   4.3643919680022591     
   4.4568876149388199     
   4.5231784045065346     
  0.77531904161460385     
   3.1104923375649483     
   2.9492968323599906     
   3.2694911160042106     
   1.0536176906715042     
   6.7343696499174523     
   1.2839985036187858     
   2.8950783665130579     
   3.1376038177880732     
   3.1450753611381268     
   2.7777153465973052     
   6.2440587153158420     
   3.3062892727662150     
   3.4148951138346213     
   1.5501050821371309     
   4.0777902533445358     
   1.2379990960923717     
  0.75069015755905733     
   1.3104516160736746     
   2.7358473435553394     
   3.3291569192141184     
   4.7845878951749379     
   1.8335225686670888     
   1.6748400337099827     
   2.7539390137232562     
   4.6045197112929399     
   4.4287826204076524     
   1.8041421560837283     
   2.0949372871976966     
   1.7727873264665661     
   2.9586675621028067     
   6.0162598262326545     
   1.4447152754363433     
   2.9210722248584173     
   3.5675796922693594     
   5.5839237541433642     
   1.4847002040208532     
   4.3458780740915985     
   1.4569818879115215     
   2.7275355849463092     
   1.1615486632382419     
   2.0337857524410752     
   1.2232954833810343     
   4.5343799355932290     
   1.3331648491728811     
   5.3333812223276489     
  0.51959856125953607     
   3.0385970975266350     
   1.2511865484825733     
   3.1079904484000114     
  0.92686884101283395     
   3.1511807034971948     
   2.7177242590462649     
   4.7763906018449385     
   1.8759847335519784     
   3.0715693080071849     
   1.2705136479762218     
   1.5965034201864847     
   4.2622841112815095     
   6.8714253346133249     
   1.2608292607343388     
   3.3764334978849448     
   1.7207228393917453     
   4.7922602848912881     
   3.2126756572032824     
   1.8981422770442549     
  0.65704891827156386     
   3.1801886225832092     
   2.0033158916419067     
   6.3460819470893695     
   1.4139156915795750     
   4.3626678696609753     
   3.2666401736656514     
   5.3477378363281263     
   1.5704124282699281     
   5.1467056794036914     
   1.1196374279604824     
   5.1250232840707444     
   7.1923240868385170     
   2.8409814478986100     
  0.57204240900596315     
   3.7212488386296743     
   2.4430682380287210     
   2.2187373921911981     
   3.4329745442038115     
   1.6750290678471873     
   3.8770564625621011     
   8.1453656960857437     
   7.2926679363259606     
   5.9443957104225902     
   1.4858065332725896     
   6.7084218536465343     
   3.9409334627829598     
   3.2314743239245303     
   1.5249910746351525     
   3.7768377085503673     
   6.0225679724446355     
   4.8155376362284041     
   3.1601732942444083     
   4.2557557957744896     
   4.9859263645218315     
   2.2030154123016867     
   3.3160537187092820     
   2.6197212645320191     
   1.0282510463606234     
   12.245983290535568     
   2.9969298560535580     
   4.4651038269884076     
   3.1316234599317943     
   5.5878925271650575     
   1.7522922070111091     
   2.0903262430044305     
  0.99567199595606315     
   2.9910124060513508     
   1.6406124146194612     
   2.7228106911803569     
  0.97010253233435306     
   2.8208291915179275     
   4.4444913851838237     
   1.9695162164289082     
   2.0369448967775021     
   2.8110251326962290     
   1.2322987753492063     
   3.3661086498026256     
   6.0389415975627649     
   1.4117014068371767     
   1.7460099800823308     
   2.1377465911037783     
   6.4192846171313906     
   5.0100235566346312     
   4.7394748299148963     
   2.0389530833053158     
  0.89319619970431607     
   6.6662466604692883     
   3.4734215383286853     
   5.6886527894410559     
   1.7844734591630032     
   5.5286141359061816     
   9.3040759298814066     
   3.1563457057119133     
   3.1872673551068762     
   2.5146247324698017     
   1.1402488930951784     
   4.2730456734127031     
   1.2236177973164228     
   2.9567767563330896     
   3.2278948067493460     
   2.6759015220687332     
   1.4687453124771339     
   1.9918844656367036     
  0.81897933266740219     
   1.9664390156588334     
   1.1905390090828163     
   4.2549179982304759     
   1.7737392640411216     
   4.6895621351462244     
   6.7679755040728882     
   6.9309861520994325     
   6.6342796427541417     
   1.8704685594442092     
   1.5037672070136980     
   6.5884861797559333     
   2.3701309669014021     
   6.8178363680084999     
   5.3960980148788158     
   2.0914984905374991     
   1.5968713496118789     
   4.4621658633116725     
   1.2939019569696761     
   6.0607193737735612     
   2.0080960552710070     
   3.5745821091796168     
   1.0518620942077104     
   5.1080531315728246     
   3.2575593518089665     
   2.2863356589345853     
   1.4249360496408643     
   2.3785984491212435     
   1.8351124640681742     
   3.2579216279074021     
   4.0104519593568559     
   3.1689352324281375     
   2.4758379203151453     
   7.7927123464271970     
   3.3830149586898917     
   1.4025496193723597     
   1.3401508075406425     
   3.9940565187020787     
   2.8254490616790973     
   3.6714479211633524     
   2.4553913631133524     
   2.1280716514344098     
   1.2590187302177689     
   1.2611837239930963     
  0.70526298805213761     
   2.6937824737551881     
   3.5822911959173864     
   4.3030902856377713     
   1.9355531129080776     
   2.0528117186367378     
   2.7927177088280866     
   5.6064111673650858     
   2.8564893484215008     
   2.6829807003044901     
   3.9443336857490512     
   7.4967460224819735     
   1.2826069123020876     
   7.1455435208370401     
   1.8110679071451401     
   2.2378146003684276     
   3.5349480225808652     
   2.8129552270869040     
   1.8493674916709668     
   1.4216472630318837     
   1.3572203130668250     
   4.7655696216323253     
   1.1998046337869168     
   1.8145457158797760     
   1.7746674854635691     
   6.3670363276156223     
   2.3635537993705942     
   1.1930248002504003     
  0.72148488868090954     
   4.6258174971062882     
   1.6571556279749529     
   1.3551381120467365     
   1.3569315872096974     
   4.6825541931022707     
   2.5781861919177635     
   4.3467563811761369     
   2.3881765758078606     
   1.4469866211241373     
   2.7045115083455884     
   4.9595667551380416     
   1.6468641207527355     
   4.8724411183371403     
   1.9272325696977834     
   3.1949199029015047     
   1.9458319276439400     
   8.9224568018226247     
   2.0542063775045292     
   9.3084470918075208     
   1.3677852106384751     
   1.0881220323050556     
   1.2977629844128615     
   3.7098419604465942     
   2.7023448160903776     
   3.7970315271902968     
   3.1396324931638375     
   1.5281418406499174     
   1.4862397245689971     
   2.6136909706368292     
   3.9713306478948542     
   2.0228784904248012     
   1.2314356495683210     
   2.0597903221662395     
   5.1970918326016333     
   2.5546728850717728     
   1.5276770912988515     
   2.0019312935329490     
   1.8812514917684404     
   3.0630358990906696     
   1.8230666325654523     
   4.5425799706195091     
   1.3952281230574926     
   11.804988030030264     
   5.6209071106014523     
   4.7332204435769999E-002
  0.57759868919967028     
   6.5563134709539801     
   7.9501632084462930     
   4.1398667325841938     
