313
154 73 28
 -36.7589 48.7654
 -36.3982 49.9173
 -36.2216 50.1443
 -36.7023 50.2661
 -37.0435 50.4629
 -37.1283 50.6073
 -37.196 50.7011
 -37.2564 50.9013
 -37.288 51.0928
 -37.2427 51.179
 -37.2221 51.2529
 -37.2675 51.3261
 -37.2383 51.5025
 -37.1523 51.6496
 -37.2835 51.6835
 -37.3682 51.841
 -37.2 51.9682
 -37.035 52.0091
 -36.9989 51.9969
 -36.9813 52.0429
 -36.8645 52.1325
 -36.8099 52.3542
 -36.8638 52.5292
 -36.8501 52.6922
 -36.7724 52.8579
 -36.675 52.953
 -36.6213 53.0088
 -36.6106 53.014
154 113 3
 -36.7589 48.7654
 -36.799 47.7696
 -36.8115 47.7342
155 34 49
 -1.01905 2.13745
 -1.42655 2.20245
 -1.7719 2.09135
 -2.13805 2.0065
 -2.2829 2.04865
 -2.53945 1.9867
 -2.7074 1.8952
 -2.742 1.8519
 -2.87785 1.9122
 -3.01445 1.96735
 -3.08535 1.97215
 -3.0292 1.94885
 -2.99515 1.7408
 -3.04305 1.42055
 -3.29105 1.16255
 -3.53395 1.03935
 -3.44905 0.94855
 -3.3194 0.71825
 -3.1207 0.72515
 -3.19645 0.5681
 -3.1226 0.11335
 -3.1018 -0.394
 -3.04745 -0.40395
 -2.94685 -0.4249
 -2.8176 -0.49035
 -2.7009 -0.4671
 -2.63805 -0.42505
 -2.51065 -0.4939
 -2.4083 -0.58125
 -2.4841 -0.65045
 -2.5397 -0.7404
 -2.5424 -0.79015
 -2.5763 -0.8792
 -2.65585 -1.0744
 -2.74115 -1.22975
 -2.8809 -1.3951
 -3.08825 -1.49345
 -3.2786 -1.4827
 -3.2861 -1.68505
 -3.17655 -1.93685
 -3.1225 -2.059
 -3.04995 -2.04885
 -2.96825 -1.98895
 -2.83905 -1.99785
 -2.68745 -1.997
 -2.5905 -1.96735
 -2.51755 -1.98315
 -2.46185 -2.0375
 -2.4439 -2.062
155 135 4
 -1.01905 2.13745
 -0.37645 2.37195
 -0.1031 2.73675
 -0.1227 2.8391
156 132 4
 -92.9189 -13.7493
 -92.1917 -13.548
 -92.0761 -13.5733
 -92.0581 -13.6048
156 7 6
 -92.9189 -13.7493
 -93.8203 -13.7248
 -94.2236 -13.2536
 -94.5341 -12.9345
 -94.7084 -12.8596
 -94.704 -12.8523
157 94 6
 -54.5873 -15.2859
 -55.7523 -15.4632
 -57.3066 -16.0763
 -57.4643 -16.7761
 -57.1835 -17.0697
 -57.1912 -17.1109
157 56 6
 -54.5873 -15.2859
 -54.1269 -15.1772
 -53.7421 -14.8599
 -53.783 -14.6226
 -53.823 -14.5928
 -53.8412 -14.5799
158 68 14
 -54.937 1.0131
 -55.4246 2.6285
 -55.0908 3.4969
 -55.6749 4.66375
 -56.3929 6.07315
 -56.2015 6.63675
 -56.9293 6.09625
 -57.6597 5.78735
 -58.2402 6.0009
 -58.6693 5.91225
 -58.8489 5.756
 -59.482 5.8395
 -60.0707 5.9051
 -60.0806 5.9005
158 134 11
 -54.937 1.0131
 -53.8325 -0.3157
 -53.3868 -0.60515
 -53.5191 -1.08545
 -53.5415 -1.5004
 -53.753 -2.07
 -53.2968 -2.7613
 -52.5628 -3.78985
 -52.1597 -5.41125
 -51.739 -6.142
 -51.6534 -6.1533
159 79 12
 -69.2287 15.36
 -69.6739 15.1182
 -70.3553 14.4093
 -70.8754 13.7565
 -71.0643 13.3541
 -71.0845 12.9811
 -71.1853 12.7801
 -71.7397 12.0645
 -72.3595 11.5132
 -72.7429 11.6371
 -72.8873 11.7485
 -72.9077 11.7854
159 9 4
 -69.2287 15.36
 -68.831 16.025
 -68.6565 16.6296
 -68.6715 16.6396
160 86 16
 -74.5722 46.579
 -73.9211 45.539
 -73.2219 45.0508
 -72.7346 44.9562
 -72.5033 44.2749
 -72.4011 43.5949
 -72.4214 43.3102
 -72.368 42.571
 -72.2999 42.0377
 -72.4171 41.8644
 -72.8425 41.5347
 -73.155 41.3404
 -73.4014 41.5035
 -73.8597 41.5869
 -74.1283 41.5376
 -74.1677 41.5345
160 42 4
 -74.5722 46.579
 -75.4142 47.1142
 -75.9734 47.2049
 -76.0191 47.3981
161 14 6
 -58.535 43.1476
 -58.17 41.995
 -57.9882 41.7478
 -58.4459 41.7224
 -58.9498 41.5393
 -59.0213 41.3745
161 145 10
 -58.535 43.1476
 -58.0079 44.4167
 -57.0109 44.7739
 -56.5098 45.1096
 -55.7635 45.5111
 -54.8673 45.2875
 -54.4521 45.1275
 -53.8909 45.4785
 -53.3513 45.7114
 -53.2969 45.7233
162 29 41
 -18.9685 25.7371
 -19.4687 23.7589
 -20.8729 22.8843
 -22.0069 22.9221
 -20.9311 22.7612
 -20.2547 22.2414
 -20.5076 21.5056
 -20.7526 21.0947
 -21.1065 20.8137
 -21.1138 20.6421
 -20.7206 20.5608
 -19.8967 20.2025
 -19.3614 19.8538
 -18.9335 20.9577
 -18.3447 20.8359
 -17.9928 19.3092
 -17.466 18.7852
 -17.0341 18.6316
 -16.8279 18.5606
 -16.5037 18.3503
 -16.2289 17.9109
 -15.9811 17.2901
 -16.0006 16.5229
 -16.0831 15.7563
 -15.9687 15.437
 -16.0445 14.5275
 -16.1235 13.5511
 -16.0556 13.3032
 -15.9865 13.1105
 -15.882 12.8515
 -15.7394 12.5049
 -15.662 12.3704
 -15.4309 12.4354
 -15.0496 12.6173
 -14.7996 12.8153
 -14.646 12.8773
 -14.5268 12.8417
 -14.4477 12.7917
 -14.3917 12.7069
 -14.3747 12.6593
 -14.3686 12.6427
162 89 5
 -18.9685 25.7371
 -18.7064 26.96
 -17.5985 26.9342
 -16.5275 27.0507
 -16.402 27.1489
163 66 8
 -7.46995 26.8778
 -8.34725 26.4797
 -8.46365 25.5807
 -8.09595 25.2428
 -8.1976 25.1657
 -8.67865 25.2915
 -9.26645 25.594
 -9.394 25.7567
163 22 14
 -7.46995 26.8778
 -6.62985 26.693
 -6.24675 26.5877
 -5.9814 26.5466
 -5.4232 26.8647
 -4.55545 27.6553
 -3.8151 28.1657
 -3.73315 28.3494
 -4.0532 28.7276
 -4.29305 28.9706
 -4.27135 29.0093
 -4.17065 29.205
 -4.1168 29.3582
 -4.1216 29.3649
164 17 10
 -7.9904 19.6121
 -8.4321 20.4062
 -9.98055 22.0322
 -11.0989 23.0691
 -11.4046 23.0173
 -11.5301 22.9698
 -11.6089 22.9707
 -11.6435 22.9529
 -11.7458 22.8438
 -11.8123 22.7684
164 99 4
 -7.9904 19.6121
 -8.6492 18.6336
 -9.1344 17.8427
 -9.2095 17.8061
165 36 42
 -30.3513 -29.7761
 -28.3635 -30.2416
 -26.9886 -30.1852
 -26.3177 -30.3965
 -26.3015 -31.1443
 -26.536 -31.6056
 -26.2192 -31.9809
 -25.8105 -32.4011
 -25.8317 -32.5891
 -26.2244 -32.4453
 -26.5089 -32.4322
 -26.7083 -32.747
 -27.0126 -33.0205
 -27.2277 -33.1455
 -27.1973 -33.4901
 -26.9118 -33.897
 -26.5172 -33.951
 -26.9564 -34.0191
 -27.4454 -34.1171
 -27.8112 -34.2561
 -27.9264 -34.3702
 -28.0177 -34.5152
 -28.1208 -34.6817
 -28.1642 -34.8942
 -28.2286 -35.1132
 -28.3503 -35.1074
 -28.4851 -35.0743
 -28.5791 -35.1759
 -28.6199 -35.2687
 -28.6828 -35.298
 -28.8393 -35.2605
 -28.9468 -35.209
 -28.9294 -35.1467
 -28.9847 -35.2186
 -29.0274 -35.2654
 -29.0511 -35.3104
 -29.0788 -35.3558
 -29.1019 -35.3577
 -29.1203 -35.3919
 -29.2229 -35.4142
 -29.3004 -35.4267
 -29.3041 -35.4309
165 59 9
 -30.3513 -29.7761
 -31.3773 -29.452
 -31.8896 -29.5063
 -33.0503 -30.1105
 -33.8062 -30.9045
 -34.0062 -31.2904
 -34.5825 -31.066
 -35.0342 -30.6237
 -35.0218 -30.5383
166 118 12
 -36.5034 -35.3088
 -37.9281 -36.2457
 -38.8388 -37.5464
 -39.4278 -37.7654
 -40.0415 -37.9815
 -40.104 -37.8615
 -40.2756 -37.1324
 -41.0666 -36.5452
 -41.7532 -36.714
 -41.9711 -36.7567
 -42.2 -36.6466
 -42.2614 -36.6358
166 102 3
 -36.5034 -35.3088
 -35.9692 -35.504
 -35.9704 -35.3333
167 36 30
 -29.1987 -44.2705
 -29.2952 -43.4541
 -29.5774 -42.3759
 -30.2012 -41.5465
 -31.1103 -41.0362
 -31.0031 -40.4098
 -30.0998 -40.1078
 -31.1767 -40.0889
 -32.2579 -39.7403
 -32.5658 -38.7785
 -32.7804 -38.0168
 -32.5519 -37.7292
 -32.2651 -37.5237
 -31.8599 -37.3945
 -31.3527 -37.0627
 -30.8298 -36.7794
 -30.3447 -36.6107
 -30.1488 -36.5158
 -30.0118 -36.5473
 -29.9326 -36.6003
 -29.9011 -36.4281
 -29.7558 -36.25
 -29.5403 -36.1077
 -29.4139 -35.9426
 -29.3714 -35.8076
 -29.3633 -35.6982
 -29.3955 -35.5716
 -29.3528 -35.4622
 -29.3106 -35.4344
 -29.3041 -35.4309
167 107 5
 -29.1987 -44.2705
 -28.7666 -45.132
 -28.5747 -45.6367
 -28.585 -45.7034
 -28.5772 -45.721
168 148 22
 -14.1641 -18.5224
 -13.8295 -19.8508
 -13.6035 -20.5489
 -13.5646 -20.6258
 -13.5847 -21.2052
 -13.4021 -21.6308
 -13.2966 -21.7583
 -12.9396 -21.7292
 -12.4906 -21.6468
 -12.3359 -21.7058
 -12.0454 -21.5458
 -11.6312 -21.3577
 -11.225 -21.2843
 -10.9625 -21.1911
 -10.7845 -21.1289
 -10.5608 -21.0714
 -9.93315 -21.017
 -9.21945 -21.1264
 -8.984 -21.309
 -8.81015 -21.4445
 -8.6678 -21.5576
 -8.6148 -21.5694
168 43 6
 -14.1641 -18.5224
 -14.2444 -17.8293
 -14.0023 -17.1936
 -14.1073 -16.5438
 -14.2703 -16.3199
 -14.274 -16.2923
169 13 42
 -2.1563 -14.0259
 -1.3329 -13.8991
 -0.7635 -13.9439
 -0.39875 -13.9004
 -0.03855 -13.6035
 0.44425 -13.3768
 0.72455 -13.3738
 0.8591 -13.4401
 1.1352 -13.4128
 1.34175 -13.2794
 1.4278 -13.168
 1.58615 -12.9156
 1.7304 -12.6732
 1.75375 -12.5756
 1.7188 -12.4818
 1.74045 -12.3343
 1.6536 -12.1052
 1.57955 -11.8666
 1.6228 -11.7264
 1.59405 -11.5973
 1.48155 -11.5082
 1.35595 -11.4468
 1.2196 -11.3162
 1.1561 -11.1464
 1.1501 -11.0359
 1.17305 -10.8814
 1.149 -10.5159
 1.1505 -10.3174
 1.2746 -10.209
 1.29565 -9.98085
 1.2385 -9.8779
 1.1556 -9.81545
 1.07765 -9.7231
 1.03165 -9.6473
 0.96215 -9.5454
 0.9281 -9.44485
 0.97525 -9.39435
 1.0152 -9.348
 1.01615 -9.281
 1.0792 -9.1916
 1.13735 -9.10415
 1.1387 -9.0678
169 41 5
 -2.1563 -14.0259
 -3.0025 -13.83
 -3.31405 -13.9755
 -3.3131 -14.5462
 -3.321 -14.6283
170 105 26
 -43.6862 -17.5429
 -42.7766 -17.3768
 -41.8515 -17.7166
 -40.8141 -17.7213
 -40.6991 -17.7361
 -40.129 -18.3028
 -39.4737 -18.7538
 -39.3594 -18.9333
 -39.1265 -19.2771
 -38.7538 -19.735
 -38.4995 -19.9659
 -37.99 -20.6896
 -37.1303 -21.5536
 -36.4587 -21.5377
 -35.6067 -21.2401
 -34.8938 -21.1688
 -34.942 -21.8592
 -34.7515 -23.1254
 -34.0473 -23.8669
 -33.6852 -24.2154
 -33.5986 -24.467
 -32.6096 -25.084
 -31.6476 -25.5461
 -31.5129 -25.3083
 -31.4644 -24.7139
 -31.506 -24.2248
170 111 4
 -43.6862 -17.5429
 -45.1701 -17.7186
 -45.9007 -17.6095
 -46.0334 -17.6392
171 58 6
 1.24175 20.3545
 1.21235 19.7424
 1.2635 19.6517
 1.86815 19.5021
 2.5267 19.3516
 2.5944 19.3295
171 28 8
 1.24175 20.3545
 1.30215 20.9114
 0.8436 20.9111
 -0.21035 21.475
 -1.04645 22.1906
 -1.27515 22.3748
 -1.28765 22.4423
 -1.3058 22.4628
172 17 13
 -10.2963 25.6022
 -11.8244 25.4032
 -12.7437 25.0285
 -12.6371 24.4604
 -12.4318 23.8301
 -12.2498 23.5965
 -12.1269 23.173
 -11.9937 22.8205
 -11.9139 22.7084
 -11.8328 22.6591
 -11.7408 22.6777
 -11.7771 22.7341
 -11.8123 22.7684
172 66 4
 -10.2963 25.6022
 -9.56385 25.5983
 -9.41605 25.7463
 -9.394 25.7567
173 19 17
 -7.9461 5.5251
 -8.49015 5.93175
 -8.62425 6.031
 -8.6276 6.0386
 -8.80695 5.94625
 -9.3031 6.06055
 -9.75945 6.4647
 -10.0408 6.86015
 -10.37 7.061
 -10.5623 7.08155
 -10.5662 7.08805
 -10.36 7.23525
 -10.1581 7.4799
 -10.1642 7.6994
 -10.1584 7.9379
 -10.1427 8.05375
 -10.1419 8.0547
173 110 4
 -7.9461 5.5251
 -7.4949 5.01735
 -7.47285 4.83065
 -7.4952 4.8271
174 43 4
 -14.9074 -14.6777
 -14.9784 -15.7129
 -14.4707 -16.3202
 -14.274 -16.2923
174 72 4
 -14.9074 -14.6777
 -14.3365 -14.2483
 -14.114 -14.217
 -14.0807 -14.215
175 3 23
 -84.4448 -20.4599
 -84.5945 -21.0556
 -84.7383 -21.5172
 -84.9566 -21.557
 -85.1359 -21.5686
 -85.3438 -21.7915
 -85.53 -21.8983
 -85.567 -21.9025
 -85.5161 -21.997
 -85.4611 -22.0882
 -85.4155 -22.1068
 -85.3945 -22.1376
 -85.4085 -22.225
 -85.4214 -22.318
 -85.4645 -22.3384
 -85.5684 -22.3177
 -85.7292 -22.3115
 -85.8324 -22.3162
 -85.8239 -22.3533
 -85.8833 -22.44
 -85.9858 -22.472
 -86.0255 -22.4557
 -86.0402 -22.4543
175 5 9
 -84.4448 -20.4599
 -84.5832 -20.045
 -85.1999 -19.7481
 -85.6384 -19.7036
 -85.252 -19.5148
 -85.0683 -19.2254
 -85.2379 -18.849
 -85.2837 -18.6815
 -85.2863 -18.6823
176 32 10
 -84.5105 -18.4653
 -84.0777 -17.9228
 -83.8071 -17.488
 -83.7626 -17.2752
 -83.6125 -17.5666
 -83.5253 -18.3123
 -83.1528 -18.9107
 -82.565 -19.5561
 -81.9994 -20.2288
 -81.7179 -20.3525
176 5 4
 -84.5105 -18.4653
 -85.0649 -18.7094
 -85.2837 -18.6815
 -85.2863 -18.6823
177 32 5
 -82.716 -18.7041
 -83.1528 -18.9107
 -82.565 -19.5561
 -81.9994 -20.2288
 -81.7179 -20.3525
177 21 4
 -82.716 -18.7041
 -82.3372 -17.9632
 -81.9927 -17.5811
 -81.8938 -17.6368
178 3 18
 -83.1476 -23.4942
 -83.5849 -23.473
 -83.924 -23.4938
 -84.2683 -23.4782
 -84.5805 -23.2945
 -84.9786 -23.1881
 -85.3481 -23.2161
 -85.4666 -23.1867
 -85.5229 -23.1301
 -85.5609 -23.059
 -85.5777 -22.8847
 -85.6621 -22.6917
 -85.7528 -22.6136
 -85.8372 -22.6017
 -85.9393 -22.5679
 -85.9893 -22.4895
 -86.0255 -22.4557
 -86.0402 -22.4543
178 80 9
 -83.1476 -23.4942
 -82.8852 -23.5068
 -82.7446 -23.8773
 -82.6141 -24.3256
 -82.5322 -24.7112
 -82.4639 -25.0681
 -82.4958 -25.2034
 -82.5836 -25.3028
 -82.6481 -25.3124
179 55 27
 -75.9591 -34.9259
 -74.9057 -34.7671
 -74.7344 -36.0244
 -74.4866 -36.8725
 -74.5765 -37.1226
 -74.9697 -37.7785
 -75.0889 -38.2729
 -74.0092 -39.0654
 -71.9933 -39.2715
 -71.1055 -38.145
 -70.8492 -36.9351
 -70.506 -36.3548
 -69.8808 -35.873
 -69.1528 -34.7825
 -68.3537 -33.5587
 -67.3919 -32.6757
 -66.9265 -32.5926
 -66.4184 -33.548
 -66.199 -34.9209
 -66.6913 -35.5079
 -67.2926 -36.2442
 -67.6761 -37.1634
 -67.4671 -37.4202
 -67.0153 -37.4165
 -66.4922 -38.6671
 -66.0252 -39.9992
 -65.9792 -40.0136
179 23 4
 -75.9591 -34.9259
 -77.7393 -34.1926
 -78.565 -32.8038
 -78.5492 -32.7417
180 32 8
 -76.8497 -22.6074
 -78.8418 -21.615
 -79.6613 -21.603
 -79.9991 -21.2393
 -80.5854 -21.0095
 -81.2005 -20.6486
 -81.7149 -20.3511
 -81.7179 -20.3525
180 4 3
 -76.8497 -22.6074
 -75.5357 -23.5563
 -75.5392 -23.7206
181 6 11
 -75.0562 -5.16715
 -74.1227 -4.51165
 -73.5907 -4.2579
 -74.0708 -3.54625
 -74.3169 -2.2637
 -74.1435 -1.4742
 -74.2495 -1.23385
 -73.7699 -0.7545
 -73.1628 -0.04185
 -73.071 0.315
 -73.0154 0.2823
181 16 15
 -75.0562 -5.16715
 -75.7767 -6.0195
 -76.2726 -7.0792
 -77.1 -8.01025
 -78.0445 -8.5276
 -78.368 -8.90965
 -78.5994 -8.90655
 -78.9962 -9.4928
 -79.6308 -10.1275
 -80.0967 -10.1037
 -80.803 -9.93995
 -81.9028 -10.0613
 -82.6676 -10.6056
 -83.0529 -10.9139
 -83.1395 -10.946
182 2 19
 -75.8266 1.71
 -76.4572 2.23175
 -76.6649 2.76165
 -77.3879 3.16755
 -78.063 3.1741
 -77.4113 3.226
 -76.9204 3.71335
 -76.8521 4.38375
 -76.8558 4.4013
 -77.2243 4.823
 -77.4456 5.4281
 -77.6346 5.51615
 -77.44 5.44135
 -77.2693 5.47805
 -76.919 5.68465
 -76.6366 5.85945
 -76.4212 5.93365
 -76.2807 6.0363
 -76.2586 6.067
182 6 8
 -75.8266 1.71
 -74.8811 1.37715
 -74.4397 1.3552
 -73.9151 1.28395
 -73.1461 0.8639
 -72.8707 0.4404
 -72.9538 0.34185
 -73.0154 0.2823
183 68 13
 -52.7686 4.3312
 -54.2924 3.7841
 -55.6749 4.66375
 -56.3929 6.07315
 -56.2015 6.63675
 -56.9293 6.09625
 -57.6597 5.78735
 -58.2402 6.0009
 -58.6693 5.91225
 -58.8489 5.756
 -59.482 5.8395
 -60.0707 5.9051
 -60.0806 5.9005
183 67 3
 -52.7686 4.3312
 -51.9791 4.8097
 -51.9661 4.8062
184 114 8
 -63.7589 7.472
 -64.4182 7.9703
 -64.6647 8.01655
 -64.9958 8.1696
 -65.5217 8.30485
 -66.2742 7.579
 -67.2291 6.96395
 -67.767 7.0444
184 52 5
 -63.7589 7.472
 -62.7554 7.00585
 -61.9462 6.79435
 -61.582 6.59745
 -61.5771 6.5854
185 79 20
 -67.1685 9.3016
 -68.4815 9.43565
 -68.716 9.54135
 -69.4779 9.21035
 -70.5069 8.4139
 -70.9636 7.9643
 -71.3253 8.19555
 -71.8272 8.5126
 -72.3573 8.59815
 -72.8913 8.50565
 -73.0314 8.63485
 -73.0372 9.36045
 -73.2063 10.0349
 -73.2793 10.4403
 -72.8861 10.8566
 -72.5648 11.1954
 -72.8359 11.4501
 -72.9529 11.6354
 -72.8873 11.7485
 -72.9077 11.7854
185 114 8
 -67.1685 9.3016
 -65.9892 8.8953
 -65.5906 8.44025
 -64.9958 8.1696
 -65.5217 8.30485
 -66.2742 7.579
 -67.2291 6.96395
 -67.767 7.0444
186 76 25
 -99.7602 -2.80685
 -100.308 -2.77715
 -100.403 -2.9669
 -100.641 -3.24105
 -101.042 -3.42305
 -101.243 -3.4999
 -101.374 -3.7499
 -101.438 -3.912
 -101.442 -3.9911
 -101.464 -4.11335
 -101.397 -4.21495
 -101.329 -4.2784
 -101.498 -4.55745
 -101.795 -4.812
 -102.183 -5.025
 -102.45 -5.291
 -102.522 -5.40125
 -102.584 -5.4992
 -102.778 -5.53805
 -102.958 -5.5553
 -102.909 -5.6738
 -102.868 -5.8649
 -102.935 -5.9828
 -103.012 -6.06255
 -103.025 -6.1078
186 96 8
 -99.7602 -2.80685
 -99.241 -2.61385
 -99.1494 -2.23595
 -99.1077 -1.9787
 -99.0603 -1.75465
 -98.7112 -1.60595
 -98.3647 -1.4505
 -98.3627 -1.4416
187 39 5
 -105.375 10.4184
 -104.361 10.8631
 -103.776 11.247
 -103.428 11.4103
 -103.372 11.454
187 117 3
 -105.375 10.4184
 -106.129 10.1602
 -106.161 10.0824
188 35 18
 -82.8436 10.5646
 -83.2384 11.1236
 -83.3483 11.2169
 -83.5795 11.4524
 -83.8049 11.6301
 -84.2993 11.6272
 -85.5002 11.5296
 -86.3139 11.3163
 -86.7383 11.1498
 -87.2897 11.4258
 -87.6791 11.7444
 -88.0723 11.7094
 -88.2785 11.7134
 -88.3479 11.7468
 -88.5009 11.6024
 -88.7807 11.632
 -88.9472 11.8139
 -88.9442 11.8217
188 130 15
 -82.8436 10.5646
 -82.284 9.71855
 -82.2195 9.2507
 -82.148 8.98625
 -81.8388 8.71035
 -81.6859 8.43145
 -81.5887 8.2861
 -81.5092 8.21095
 -81.5336 8.2972
 -81.4915 8.3687
 -81.3596 8.5161
 -81.2663 8.66015
 -80.8338 9.0899
 -80.3729 9.51375
 -80.3597 9.5423
189 1 22
 -79.4061 10.3122
 -78.8056 10.265
 -78.5728 10.1709
 -78.4876 10.0411
 -78.2836 10.0961
 -78.1017 10.3205
 -78.0403 10.6189
 -78.1857 10.8077
 -78.382 10.8869
 -78.2591 10.9881
 -78.0813 11.1716
 -77.9171 11.5336
 -77.7418 11.851
 -77.7272 12.2796
 -77.8286 12.6254
 -77.8803 12.6749
 -77.8123 12.7451
 -77.3206 12.9025
 -76.8148 13.0332
 -76.6243 13.1907
 -76.5098 13.3291
 -76.5007 13.341
189 61 8
 -79.4061 10.3122
 -79.8654 10.3853
 -79.9146 10.6132
 -80.127 10.83
 -80.4616 11.0209
 -80.6045 11.2495
 -80.5854 11.3407
 -80.557 11.3522
190 53 18
 -70.3119 21.8213
 -69.6901 22.85
 -68.8634 24.0998
 -68.2126 24.8783
 -67.2925 25.2357
 -66.6237 25.6644
 -66.1359 25.3511
 -65.908 24.9372
 -65.8477 24.2253
 -65.8184 23.9203
 -65.724 23.9226
 -65.6604 23.8988
 -65.3689 23.9151
 -64.9294 23.8498
 -64.4227 23.7715
 -63.6976 23.7584
 -63.162 23.8499
 -63.037 23.9615
190 31 6
 -70.3119 21.8213
 -70.6393 21.3143
 -70.5417 21.0228
 -70.5589 20.9194
 -70.6075 20.8706
 -70.6244 20.841
191 86 19
 -76.9653 38.5525
 -75.0116 38.0382
 -74.28 38.2184
 -73.428 37.9455
 -72.6176 37.4506
 -72.0855 37.6393
 -71.5904 37.7594
 -71.0432 37.7507
 -71.1871 38.099
 -71.7195 39.1116
 -72.3515 39.6585
 -72.4462 40.2299
 -72.7683 40.8404
 -73.056 41.1073
 -73.155 41.3404
 -73.4014 41.5035
 -73.8597 41.5869
 -74.1283 41.5376
 -74.1677 41.5345
191 24 4
 -76.9653 38.5525
 -78.5032 39.2847
 -78.4083 39.4796
 -78.3583 39.5004
192 70 12
 -64.4234 50.3375
 -64.99 49.6309
 -64.5226 49.3498
 -64.1587 49.1621
 -63.9497 48.666
 -63.8323 48.0676
 -63.757 47.7675
 -63.6897 47.6749
 -63.7146 47.3975
 -63.6144 46.9934
 -63.4174 46.796
 -63.3999 46.799
192 57 3
 -64.4234 50.3375
 -63.5552 50.8385
 -63.5107 50.9056
193 149 13
 -65.6351 42.6674
 -65.9579 41.2589
 -66.5464 40.7538
 -66.0614 40.7522
 -65.666 41.0401
 -64.8248 40.564
 -64.1469 39.5719
 -64.1756 39.1942
 -64.2852 39.0142
 -64.3412 38.984
 -64.2792 38.9272
 -64.2898 38.8465
 -64.2842 38.8358
193 70 14
 -65.6351 42.6674
 -65.4241 43.5504
 -65.0817 43.5529
 -64.3725 43.9936
 -63.893 44.5105
 -64.0022 44.8888
 -64.3146 45.4431
 -64.5651 45.766
 -64.4397 45.8672
 -64.1034 46.4004
 -63.7065 46.8204
 -63.4578 46.7825
 -63.4174 46.796
 -63.3999 46.799
194 75 16
 -73.1872 32.0273
 -74.0562 31.938
 -74.704 32.0532
 -74.5792 31.8591
 -74.4985 31.6894
 -74.7057 31.3277
 -74.894 30.9747
 -74.7751 30.7711
 -74.7054 30.5625
 -74.7227 30.4587
 -74.8977 30.4084
 -75.0672 30.5947
 -75.2558 30.9817
 -75.6568 30.7631
 -75.9014 30.3474
 -75.9151 30.3423
194 86 21
 -73.1872 32.0273
 -72.4727 32.2493
 -71.9756 32.3722
 -72.3251 33.1265
 -72.4958 34.009
 -72.26 34.7551
 -72.1528 35.6444
 -71.7681 36.6249
 -71.3288 37.4772
 -71.0432 37.7507
 -71.1871 38.099
 -71.7195 39.1116
 -72.3515 39.6585
 -72.4462 40.2299
 -72.7683 40.8404
 -73.056 41.1073
 -73.155 41.3404
 -73.4014 41.5035
 -73.8597 41.5869
 -74.1283 41.5376
 -74.1677 41.5345
195 121 12
 -55.423 56.8247
 -55.8013 56.2024
 -55.8752 55.9024
 -55.8775 55.5266
 -56.1511 54.8979
 -56.3812 54.5258
 -56.3925 54.4963
 -56.2338 54.4284
 -55.5178 54.3755
 -54.5813 54.4547
 -54.1725 54.423
 -54.1216 54.342
195 37 5
 -55.423 56.8247
 -55.2105 57.3213
 -55.5678 57.5693
 -55.9125 57.8039
 -55.9607 57.8602
196 26 25
 -47.2472 42.1661
 -47.1469 43.1412
 -47.2693 43.4193
 -47.1684 43.5585
 -47.1331 43.7397
 -47.1738 43.8892
 -47.117 43.9671
 -47.1465 44.0028
 -47.2328 44.0616
 -47.2633 44.1068
 -47.273 44.2696
 -47.2247 44.4194
 -47.155 44.4621
 -47.1138 44.5227
 -46.9868 44.5624
 -46.812 44.6098
 -46.7087 44.666
 -46.7522 44.7572
 -46.8221 44.9256
 -46.8177 45.0378
 -46.8818 44.9908
 -46.9486 44.9322
 -46.9771 44.9381
 -47.0445 44.937
 -47.0894 44.9318
196 136 20
 -47.2472 42.1661
 -47.4525 41.0975
 -47.5951 40.5556
 -47.8908 39.8534
 -47.9464 39.144
 -47.6551 38.6666
 -47.3493 38.1081
 -47.1276 37.765
 -47.1479 37.3239
 -47.3853 36.796
 -47.3885 36.5351
 -47.2894 36.3915
 -47.2407 36.3032
 -47.0753 36.1418
 -46.9235 35.6035
 -46.6984 35.1405
 -45.8764 34.9239
 -45.24 34.7504
 -45.1835 34.792
 -45.1465 34.8126
197 92 24
 -54.4035 36.033
 -53.8846 36.2587
 -53.3856 36.1741
 -53.1581 35.4552
 -53.2967 34.8341
 -53.5522 34.1835
 -53.6143 33.4577
 -53.5907 33.1203
 -53.6022 32.993
 -53.6416 32.7498
 -53.4269 32.2943
 -53.3377 31.8284
 -53.5639 31.4741
 -53.6315 31.2317
 -53.3141 31.0436
 -53.0061 30.9128
 -52.9232 30.9289
 -52.813 30.5758
 -52.4836 30.3873
 -52.3503 30.5009
 -52.3311 30.51
 -52.2568 30.4434
 -52.1542 30.3977
 -52.1387 30.412
197 27 17
 -54.4035 36.033
 -54.9855 35.5694
 -55.4854 35.1086
 -55.6642 35.0661
 -55.8106 35.1228
 -55.9792 35.2254
 -56.2206 35.5202
 -56.7491 36.0171
 -57.1936 36.4491
 -57.55 36.139
 -58.4464 35.6495
 -59.4682 35.9034
 -60.1501 36.132
 -60.6543 36.14
 -61.149 35.8045
 -61.453 35.4361
 -61.471 35.4174
198 27 13
 -63.0445 37.6893
 -62.9604 37.1492
 -63.2615 36.3902
 -63.5302 35.8383
 -63.357 35.631
 -63.2051 35.4002
 -62.704 35.1722
 -62.0992 35.241
 -61.8859 35.4984
 -61.7006 35.5424
 -61.5331 35.4979
 -61.453 35.4361
 -61.471 35.4174
198 149 7
 -63.0445 37.6893
 -63.3006 38.2841
 -63.5073 38.5954
 -63.7393 38.7445
 -64.0148 38.9315
 -64.1976 38.8967
 -64.2842 38.8358
199 112 13
 -61.8981 23.881
 -61.554 24.5047
 -61.4894 25.2017
 -61.5852 25.6408
 -61.6861 25.8228
 -61.6795 26.0268
 -61.5296 26.1031
 -61.3432 26.2915
 -61.2725 26.5243
 -61.4104 26.7158
 -61.4322 27.0647
 -61.3307 27.2986
 -61.295 27.2951
199 53 4
 -61.8981 23.881
 -62.4893 23.7704
 -62.9552 23.9842
 -63.037 23.9615
200 53 6
 -62.9393 22.0006
 -63.3512 23.3765
 -63.1219 23.7215
 -63.0045 23.8501
 -63.0246 23.9413
 -63.037 23.9615
200 63 10
 -62.9393 22.0006
 -62.2239 19.9849
 -61.8577 18.4258
 -61.1875 17.0351
 -60.6502 16.3242
 -59.9247 16.1716
 -59.1196 16.0765
 -58.9592 16.1588
 -58.8974 16.1236
 -58.8825 16.1115
201 129 25
 -26.7104 35.6463
 -27.6618 35.0303
 -28.5081 34.841
 -29.3167 34.7056
 -29.3705 34.734
 -29.3973 34.7585
 -29.5038 34.8158
 -29.9592 34.9678
 -30.3628 35.1568
 -30.3709 35.7613
 -30.6279 36.5619
 -30.6245 37.0604
 -31.0107 36.7394
 -31.1163 36.5894
 -31.5531 36.1973
 -31.9949 35.7743
 -32.3848 35.826
 -32.7616 36.0001
 -32.8064 36.0401
 -32.8999 36.0502
 -32.9728 36.0844
 -33.0381 36.1045
 -33.2414 36.2135
 -33.4108 36.3497
 -33.4133 36.3669
201 45 30
 -26.7104 35.6463
 -24.9399 36.2587
 -23.5822 36.7845
 -23.4043 37.9713
 -23.7934 38.8383
 -24.197 39.1541
 -24.7169 39.2421
 -25.0085 39.2063
 -25.0962 39.2433
 -25.0008 39.9352
 -24.55 40.7115
 -24.2073 40.8783
 -23.9276 40.9663
 -23.4465 41.076
 -22.875 41.1141
 -22.5009 40.9062
 -22.4837 40.5379
 -22.4902 40.3195
 -22.0576 40.2618
 -21.5844 40.5138
 -21.6065 41.0378
 -21.5446 41.2591
 -21.5282 41.3322
 -21.6097 41.4292
 -21.6227 41.5863
 -21.5928 41.7542
 -21.5261 41.8317
 -21.4809 41.8604
 -21.4268 41.8746
 -21.4245 41.8794
202 144 4
 -45.0854 41.4565
 -44.4722 41.52
 -44.4102 41.5106
 -44.3867 41.498
202 69 4
 -45.0854 41.4565
 -45.5271 41.8298
 -45.4055 42.2637
 -45.4171 42.2643
203 129 37
 -37.7769 43.5871
 -37.252 42.5191
 -37.1461 41.6369
 -36.8968 41.2655
 -36.6418 40.9517
 -36.525 40.8067
 -36.5511 40.7606
 -36.6164 40.3492
 -36.7982 39.5802
 -36.6772 39.0745
 -36.2758 38.8486
 -35.9614 38.5825
 -35.4211 38.0781
 -35.0588 37.8593
 -34.9536 37.9533
 -34.8276 37.9299
 -34.5098 37.6858
 -34.2006 37.6782
 -34.1464 37.8785
 -34.0288 37.6996
 -33.6315 37.5851
 -33.1861 37.4757
 -32.9855 37.1264
 -32.9261 36.9044
 -32.7413 36.8032
 -32.5294 36.8404
 -32.6614 36.5994
 -32.7456 36.4326
 -32.7522 36.2699
 -32.7704 36.0864
 -32.8064 36.0401
 -32.8999 36.0502
 -32.9728 36.0844
 -33.0381 36.1045
 -33.2414 36.2135
 -33.4108 36.3497
 -33.4133 36.3669
203 113 8
 -37.7769 43.5871
 -37.7162 44.5015
 -37.1956 45.2703
 -37.0391 45.7388
 -36.6421 46.7112
 -36.6296 47.5607
 -36.8067 47.7229
 -36.8115 47.7342
204 73 16
 -33.4857 54.1315
 -33.8017 52.9953
 -33.6439 52.3898
 -33.9483 52.6109
 -34.2943 53.0941
 -34.8638 53.7519
 -35.3904 53.9022
 -35.5581 53.7243
 -35.5801 53.6132
 -35.8024 53.6235
 -36.1771 53.4872
 -36.3825 53.3751
 -36.4136 53.3067
 -36.5335 53.1594
 -36.6229 53.0452
 -36.6106 53.014
204 124 7
 -33.4857 54.1315
 -32.3858 54.8246
 -31.5681 54.7799
 -32.0971 55.5827
 -32.09 56.54
 -31.5184 56.709
 -31.4874 56.7134
205 98 4
 -15.6135 31.0663
 -16.3054 31.4944
 -16.624 31.4156
 -16.616 31.4089
205 81 3
 -15.6135 31.0663
 -15.3105 30.4402
 -15.373 30.3141
206 98 12
 -13.3903 33.8117
 -14.1911 33.8378
 -14.8856 33.9872
 -15.0469 33.7945
 -15.1548 33.6355
 -15.254 33.5286
 -15.1863 32.8662
 -15.4053 32.0148
 -15.8354 31.6928
 -16.3054 31.4944
 -16.624 31.4156
 -16.616 31.4089
206 10 7
 -13.3903 33.8117
 -13.0093 34.1289
 -12.889 34.3092
 -12.6437 34.9216
 -12.2955 35.7197
 -12.1714 36.1378
 -12.1488 36.2498
207 103 15
 -17.9991 33.448
 -18.84 34.2733
 -18.9777 34.6704
 -18.9734 34.9064
 -19.0013 35.1348
 -19.4669 35.3285
 -20.2106 35.1601
 -20.5825 35.2419
 -21.0394 36.0567
 -21.5875 36.6544
 -21.7837 36.8616
 -21.7231 36.9456
 -21.5829 37.1372
 -21.6002 37.362
 -21.6601 37.4283
207 98 7
 -17.9991 33.448
 -17.205 33.0303
 -17.0492 33.082
 -16.904 32.5323
 -16.7247 31.721
 -16.624 31.4156
 -16.616 31.4089
208 147 9
 11.3753 12.0962
 12.7725 11.3309
 13.1555 10.9025
 13.6055 10.8028
 14.0837 10.9095
 14.2308 10.9536
 14.3324 11.0578
 14.4719 11.1299
 14.5274 11.1337
208 104 24
 11.3753 12.0962
 10.0958 12.7065
 9.53035 13.4466
 9.2455 14.4921
 9.33595 14.894
 8.68715 15.4741
 8.0017 15.7731
 7.21715 14.9997
 6.4744 14.4249
 6.2449 13.7766
 6.12 12.9499
 6.0441 12.0673
 5.20985 11.4777
 4.62665 10.6281
 4.1124 9.308
 3.4525 8.9828
 2.9511 9.1315
 2.13995 9.0284
 1.37315 9.3761
 0.3739 10.1547
 -0.55865 10.3041
 -1.1896 10.9776
 -1.5423 11.7731
 -1.6002 11.7736
209 25 3
 -14.7014 13.076
 -14.7256 13.2057
 -14.7557 13.2148
209 29 7
 -14.7014 13.076
 -14.5807 12.9424
 -14.4736 12.8875
 -14.4477 12.7917
 -14.3917 12.7069
 -14.3747 12.6593
 -14.3686 12.6427
210 153 24
 8.21005 -1.78555
 6.9053 -2.3506
 5.43935 -2.25035
 4.9363 -2.26625
 5.0922 -2.4879
 5.1552 -2.84205
 5.02425 -3.0205
 4.9964 -3.0277
 4.80035 -3.1194
 4.53425 -2.99395
 4.34325 -2.7484
 4.19745 -2.6784
 4.09485 -2.6437
 3.9549 -2.63435
 3.86455 -2.5901
 3.7239 -2.45775
 3.53235 -2.2441
 3.44285 -2.1215
 3.29245 -2.0801
 3.1711 -2.09995
 3.16375 -2.16275
 3.0852 -2.14775
 3.00015 -2.12895
 2.9764 -2.1477
210 100 15
 8.21005 -1.78555
 8.66265 -0.94955
 8.85655 -0.08105
 9.13415 0.59025
 9.47295 0.45365
 9.7708 0.2316
 10.3223 -0.10375
 10.9816 -0.4934
 11.7201 -0.6968
 12.1952 -0.77435
 12.5059 -0.59095
 13.2822 -0.0764
 13.8573 0.26065
 13.9328 0.32545
 13.9158 0.3591
211 34 38
 0.2236 -2.26265
 -0.07855 -2.26605
 -0.4175 -2.2801
 -0.7458 -2.12505
 -0.8738 -1.92625
 -1.0109 -1.807
 -1.16095 -1.6824
 -1.2561 -1.62105
 -1.43115 -1.55255
 -1.8792 -1.5325
 -2.2935 -1.4812
 -2.32185 -1.3382
 -2.2036 -1.25605
 -2.1872 -1.1332
 -2.20575 -0.9793
 -2.24805 -0.8001
 -2.34425 -0.62865
 -2.4083 -0.58125
 -2.4841 -0.65045
 -2.5397 -0.7404
 -2.5424 -0.79015
 -2.5763 -0.8792
 -2.65585 -1.0744
 -2.74115 -1.22975
 -2.8809 -1.3951
 -3.08825 -1.49345
 -3.2786 -1.4827
 -3.2861 -1.68505
 -3.17655 -1.93685
 -3.1225 -2.059
 -3.04995 -2.04885
 -2.96825 -1.98895
 -2.83905 -1.99785
 -2.68745 -1.997
 -2.5905 -1.96735
 -2.51755 -1.98315
 -2.46185 -2.0375
 -2.4439 -2.062
211 153 19
 0.2236 -2.26265
 0.53845 -1.9793
 0.73455 -1.646
 1.05155 -1.58825
 1.30765 -1.6433
 1.4382 -1.6855
 1.58875 -1.6287
 1.7786 -1.55345
 1.9825 -1.5213
 2.1533 -1.5574
 2.3639 -1.6368
 2.45405 -1.7628
 2.5264 -1.70935
 2.63555 -1.7766
 2.76645 -1.8644
 2.88045 -1.9345
 2.9443 -2.04785
 2.9736 -2.13315
 2.9764 -2.1477
212 82 9
 -8.37025 -1.08125
 -8.59545 -0.4603
 -8.70815 -0.08675
 -8.51805 0.1784
 -7.92245 0.7131
 -7.51455 1.4342
 -7.82315 2.0163
 -8.08115 2.3528
 -8.0735 2.4509
212 54 4
 -8.37025 -1.08125
 -8.28125 -1.5507
 -8.29125 -1.7153
 -8.3231 -1.7657
213 143 6
 -41.1493 -14.9881
 -42.8055 -14.9738
 -43.0559 -14.4597
 -43.2437 -13.9832
 -43.2973 -13.9238
 -43.3008 -13.9071
213 108 4
 -41.1493 -14.9881
 -39.4909 -14.9847
 -39.3391 -15.0283
 -39.3023 -15.0091
214 105 7
 -31.6371 -26.4561
 -31.6848 -25.802
 -32.6096 -25.084
 -31.6476 -25.5461
 -31.5129 -25.3083
 -31.4644 -24.7139
 -31.506 -24.2248
214 59 9
 -31.6371 -26.4561
 -31.4968 -28.2146
 -31.8896 -29.5063
 -33.0503 -30.1105
 -33.8062 -30.9045
 -34.0062 -31.2904
 -34.5825 -31.066
 -35.0342 -30.6237
 -35.0218 -30.5383
215 15 5
 -44.5352 -38.5776
 -45.1483 -37.7061
 -44.1893 -37.5154
 -43.2363 -37.1653
 -43.199 -37.1342
215 65 4
 -44.5352 -38.5776
 -43.8565 -39.7256
 -43.7569 -40.1275
 -43.7662 -40.1247
216 88 12
 -14.2425 -29.0756
 -13.6718 -28.6814
 -13.5402 -28.4053
 -14.3941 -27.3376
 -15.1084 -26.2033
 -14.8514 -25.8703
 -15.0815 -25.5286
 -15.3735 -25.1118
 -15.3892 -24.9943
 -15.3177 -24.909
 -15.2339 -24.7751
 -15.1911 -24.7252
216 18 11
 -14.2425 -29.0756
 -15.1417 -29.6663
 -15.5806 -30.0462
 -15.6629 -30.2821
 -15.6588 -30.7821
 -15.9079 -31.4299
 -16.7974 -31.722
 -17.4919 -31.9536
 -17.7561 -32.2773
 -18.0323 -32.6196
 -18.1652 -32.8313
217 131 6
 -11.1624 -24.9112
 -10.5247 -25.792
 -10.1985 -26.5028
 -10.1952 -26.6381
 -10.1651 -26.8131
 -10.1241 -26.8723
217 33 5
 -11.1624 -24.9112
 -10.9289 -24.3713
 -9.85415 -24.0794
 -9.32305 -24.1291
 -9.3072 -24.1205
218 80 13
 -79.3418 -29.0121
 -79.0683 -28.0901
 -79.0506 -27.6983
 -79.8109 -27.3997
 -80.6102 -27.0408
 -80.8394 -26.7585
 -81.7046 -26.3929
 -82.4656 -25.9212
 -82.4031 -25.591
 -82.4308 -25.41
 -82.4987 -25.3043
 -82.5836 -25.3028
 -82.6481 -25.3124
218 23 6
 -79.3418 -29.0121
 -79.1197 -30.9781
 -78.7845 -32.4831
 -78.6816 -32.6704
 -78.5569 -32.723
 -78.5492 -32.7417
219 96 11
 -94.5816 -2.40395
 -95.444 -1.95865
 -95.7992 -1.44215
 -96.0459 -1.3168
 -96.9318 -1.58315
 -97.603 -1.72235
 -97.7254 -1.63745
 -97.8912 -1.63855
 -98.1773 -1.5408
 -98.3647 -1.4505
 -98.3627 -1.4416
219 128 4
 -94.5816 -2.40395
 -94.123 -3.3006
 -94.333 -4.05965
 -94.5157 -4.001
220 46 9
 -28.6755 15.2473
 -28.7731 16.0608
 -28.9193 16.2561
 -29.5578 16.3346
 -30.0646 16.6693
 -29.8403 17.4452
 -29.8221 18.1425
 -30.0386 18.316
 -30.05 18.3162
220 109 7
 -28.6755 15.2473
 -28.5764 14.3595
 -28.1973 14.1427
 -27.755 14.1143
 -27.1793 14.1849
 -26.6535 14.2704
 -26.6229 14.1998
221 44 13
 -59.0525 -18.0723
 -60.3018 -19.1385
 -60.7692 -19.6248
 -61.1751 -19.8267
 -61.4314 -19.9994
 -61.8146 -20.2159
 -62.2507 -20.3573
 -62.6033 -20.5994
 -63.2023 -21.1622
 -63.4719 -21.4473
 -63.6454 -21.3004
 -63.8174 -21.2066
 -63.8951 -21.2002
221 94 4
 -59.0525 -18.0723
 -57.6506 -17.2954
 -57.2105 -17.1092
 -57.1912 -17.1109
222 2 24
 -77.2303 9.36225
 -77.4206 9.0927
 -77.3812 8.83695
 -77.1992 8.4134
 -77.5995 8.1347
 -77.9167 8.00245
 -77.5867 7.54755
 -77.8309 7.13475
 -78.2366 6.67635
 -78.1632 6.20475
 -78.185 6.0832
 -78.1602 6.05235
 -78.0948 5.95645
 -78.0895 5.83385
 -77.9695 5.74935
 -77.8246 5.6573
 -77.6346 5.51615
 -77.44 5.44135
 -77.2693 5.47805
 -76.919 5.68465
 -76.6366 5.85945
 -76.4212 5.93365
 -76.2807 6.0363
 -76.2586 6.067
222 1 18
 -77.2303 9.36225
 -77.3312 10.0743
 -77.5254 10.6294
 -77.7102 10.8382
 -77.9939 11.0347
 -78.2591 10.9881
 -78.0813 11.1716
 -77.9171 11.5336
 -77.7418 11.851
 -77.7272 12.2796
 -77.8286 12.6254
 -77.8803 12.6749
 -77.8123 12.7451
 -77.3206 12.9025
 -76.8148 13.0332
 -76.6243 13.1907
 -76.5098 13.3291
 -76.5007 13.341
223 75 36
 -85.7558 36.26
 -85.5179 35.6366
 -85.1167 35.1113
 -84.9499 33.9877
 -85.326 33.0494
 -85.6592 32.6991
 -85.3725 32.3176
 -84.8711 32.2019
 -84.2423 32.2741
 -83.6196 32.3912
 -83.6162 32.2109
 -83.5454 31.5841
 -83.3388 31.2106
 -82.9401 30.958
 -81.5907 30.7453
 -80.3666 30.781
 -79.9861 30.7602
 -79.8076 30.5646
 -79.7001 30.3598
 -79.4323 30.3981
 -78.9385 30.3405
 -78.4626 30.1564
 -77.9833 29.7803
 -77.5528 29.5576
 -77.3349 29.5191
 -77.2953 29.6538
 -76.9579 29.8872
 -76.7523 30.1688
 -76.7305 30.218
 -76.6154 30.2716
 -76.4966 30.3943
 -76.3739 30.4855
 -76.2647 30.4972
 -76.0818 30.4176
 -75.9293 30.3413
 -75.9151 30.3423
223 50 3
 -85.7558 36.26
 -86.3004 37.7501
 -86.7226 38.8318
224 75 17
 -72.3481 25.2353
 -73.0495 26.5933
 -73.4628 27.5171
 -73.3259 27.7809
 -73.8443 27.5704
 -74.1759 28.26
 -74.1443 28.9374
 -74.1306 29.0031
 -74.3856 29.7019
 -74.674 30.4302
 -74.7227 30.4587
 -74.8977 30.4084
 -75.0672 30.5947
 -75.2558 30.9817
 -75.6568 30.7631
 -75.9014 30.3474
 -75.9151 30.3423
224 83 3
 -72.3481 25.2353
 -71.9422 24.7288
 -71.8479 24.6726
225 0 15
 -25.7984 12.289
 -25.4827 11.332
 -24.8241 10.828
 -24.3456 11.0688
 -24.0509 11.2524
 -23.8846 11.0877
 -23.7144 10.7629
 -23.3773 10.3438
 -22.8651 9.8782
 -22.6246 9.60745
 -22.5234 9.59585
 -22.3596 9.5274
 -22.2463 9.3863
 -22.2136 9.26435
 -22.2047 9.2203
225 109 5
 -25.7984 12.289
 -25.8531 12.9623
 -26.3216 13.6396
 -26.6171 14.1485
 -26.6229 14.1998
226 26 27
 -41.4683 45.5056
 -42.8944 45.3142
 -43.8303 44.9304
 -43.9369 44.7727
 -44.045 44.3437
 -44.3733 44.1735
 -44.8563 44.2653
 -45.0633 44.3213
 -45.1833 44.4601
 -45.3407 44.6574
 -45.5331 44.7558
 -45.5334 44.8743
 -45.5508 45.1458
 -45.8586 44.9456
 -46.2635 44.4202
 -46.5023 44.1991
 -46.6852 44.296
 -46.7883 44.5118
 -46.7087 44.666
 -46.7522 44.7572
 -46.8221 44.9256
 -46.8177 45.0378
 -46.8818 44.9908
 -46.9486 44.9322
 -46.9771 44.9381
 -47.0445 44.937
 -47.0894 44.9318
226 113 11
 -41.4683 45.5056
 -40.4979 45.6231
 -39.8323 45.732
 -39.1858 45.8624
 -38.6803 46.3277
 -37.9809 45.8108
 -37.0391 45.7388
 -36.6421 46.7112
 -36.6296 47.5607
 -36.8067 47.7229
 -36.8115 47.7342
227 91 5
 -30.6265 60.9901
 -29.6439 60.4041
 -29.6393 60.3245
 -29.6495 60.2439
 -29.6594 60.1971
227 124 14
 -30.6265 60.9901
 -31.6346 61.5112
 -31.827 61.5396
 -32.3189 61.0518
 -32.9125 60.326
 -33.1798 60.1134
 -33.2506 60.0188
 -32.8041 59.4042
 -32.3183 58.7645
 -32.2694 58.3586
 -32.0777 57.8425
 -31.7201 57.2139
 -31.4823 56.7533
 -31.4874 56.7134
228 93 8
 -35.8552 47.6558
 -34.9973 47.8508
 -34.6051 47.2795
 -34.02 46.9422
 -33.3899 47.236
 -32.6421 47.188
 -32.0658 47.022
 -32.0563 47.0149
228 113 4
 -35.8552 47.6558
 -36.6296 47.5607
 -36.8067 47.7229
 -36.8115 47.7342
229 34 63
 -5.08395 3.652
 -4.5549 3.82015
 -4.2564 3.9142
 -4.11805 3.7796
 -4.07155 3.67725
 -3.7648 3.261
 -3.5201 2.84425
 -3.61235 2.807
 -3.6136 2.8004
 -3.3995 2.78965
 -3.06565 2.87325
 -2.91585 2.9791
 -2.8781 2.886
 -2.86375 2.71665
 -2.8792 2.58215
 -2.84915 2.48525
 -2.89025 2.36235
 -2.9738 2.2741
 -3.00675 2.2406
 -3.0497 2.2023
 -3.0443 2.19215
 -2.9692 2.15495
 -2.94345 2.0599
 -3.01685 1.98895
 -3.08535 1.97215
 -3.0292 1.94885
 -2.99515 1.7408
 -3.04305 1.42055
 -3.29105 1.16255
 -3.53395 1.03935
 -3.44905 0.94855
 -3.3194 0.71825
 -3.1207 0.72515
 -3.19645 0.5681
 -3.1226 0.11335
 -3.1018 -0.394
 -3.04745 -0.40395
 -2.94685 -0.4249
 -2.8176 -0.49035
 -2.7009 -0.4671
 -2.63805 -0.42505
 -2.51065 -0.4939
 -2.4083 -0.58125
 -2.4841 -0.65045
 -2.5397 -0.7404
 -2.5424 -0.79015
 -2.5763 -0.8792
 -2.65585 -1.0744
 -2.74115 -1.22975
 -2.8809 -1.3951
 -3.08825 -1.49345
 -3.2786 -1.4827
 -3.2861 -1.68505
 -3.17655 -1.93685
 -3.1225 -2.059
 -3.04995 -2.04885
 -2.96825 -1.98895
 -2.83905 -1.99785
 -2.68745 -1.997
 -2.5905 -1.96735
 -2.51755 -1.98315
 -2.46185 -2.0375
 -2.4439 -2.062
229 110 14
 -5.08395 3.652
 -5.65295 3.6978
 -6.00665 3.6759
 -6.1173 3.62405
 -6.51325 3.8651
 -7.05615 4.0642
 -7.21715 4.1313
 -7.1411 4.2981
 -7.07435 4.389
 -7.1803 4.41685
 -7.25165 4.61645
 -7.34645 4.81205
 -7.47285 4.83065
 -7.4952 4.8271
230 36 25
 -25.2946 -36.5181
 -26.2449 -36.5744
 -26.6362 -36.9734
 -26.9115 -37.2739
 -26.9519 -37.2642
 -26.9638 -36.9884
 -27.0787 -36.6166
 -27.2076 -36.3129
 -27.3371 -36.1305
 -27.7143 -35.9773
 -28.0823 -35.8886
 -28.3445 -35.7073
 -28.6278 -35.5648
 -28.7806 -35.5754
 -28.9075 -35.5914
 -28.985 -35.5715
 -28.9874 -35.5006
 -29.0219 -35.4387
 -29.0708 -35.37
 -29.0788 -35.3558
 -29.1019 -35.3577
 -29.1203 -35.3919
 -29.2229 -35.4142
 -29.3004 -35.4267
 -29.3041 -35.4309
230 122 13
 -25.2946 -36.5181
 -24.3892 -36.6609
 -24.3198 -36.6013
 -24.2208 -35.9295
 -23.9668 -35.3277
 -23.8046 -35.2625
 -23.5844 -34.6604
 -23.423 -34.1365
 -23.2821 -34.0236
 -23.007 -33.909
 -22.5703 -34.0515
 -22.3363 -34.3465
 -22.3811 -34.4973
231 33 4
 -8.85555 -22.8878
 -9.2537 -23.7878
 -9.2815 -24.0121
 -9.3072 -24.1205
231 148 4
 -8.85555 -22.8878
 -8.55815 -21.8621
 -8.6358 -21.595
 -8.6148 -21.5694
232 3 27
 -91.5466 -19.1291
 -90.9065 -18.9944
 -89.8794 -18.9271
 -88.7533 -18.979
 -88.4425 -19.1244
 -88.3975 -19.8543
 -88.6998 -20.6369
 -88.851 -20.823
 -88.4563 -21.1563
 -88.0382 -21.3885
 -87.4388 -21.4144
 -86.9014 -21.5997
 -86.6447 -21.702
 -86.4548 -21.7599
 -86.3422 -21.9142
 -86.3074 -22.0062
 -86.2404 -22.1043
 -86.1546 -22.1468
 -86.0875 -22.1523
 -86.0319 -22.1855
 -85.9384 -22.2403
 -85.8562 -22.2847
 -85.8239 -22.3533
 -85.8833 -22.44
 -85.9858 -22.472
 -86.0255 -22.4557
 -86.0402 -22.4543
232 11 4
 -91.5466 -19.1291
 -92.6513 -19.5161
 -93.349 -19.8214
 -93.3653 -19.8829
233 7 10
 -94.0713 -18.5253
 -94.5594 -17.8815
 -94.045 -16.7258
 -93.7668 -15.1668
 -93.7951 -14.2202
 -93.8203 -13.7248
 -94.2236 -13.2536
 -94.5341 -12.9345
 -94.7084 -12.8596
 -94.704 -12.8523
233 11 5
 -94.0713 -18.5253
 -93.5303 -19.2971
 -93.4139 -19.7888
 -93.3771 -19.8841
 -93.3653 -19.8829
234 16 16
 -92.2697 -6.45225
 -91.5162 -7.18265
 -91.0912 -7.38335
 -90.5985 -8.5453
 -90.2022 -9.78695
 -89.8602 -9.72615
 -89.2814 -10.6178
 -88.8207 -11.8256
 -88.3398 -12.0511
 -87.5368 -11.9412
 -86.9568 -11.5432
 -86.284 -11.4717
 -85.4637 -11.2817
 -84.2036 -10.9546
 -83.1772 -10.9557
 -83.1395 -10.946
234 128 5
 -92.2697 -6.45225
 -93.4362 -5.24305
 -94.1192 -4.35035
 -94.333 -4.05965
 -94.5157 -4.001
235 32 10
 -85.3348 -16.9062
 -84.4371 -17.4055
 -83.9599 -17.2896
 -83.7626 -17.2752
 -83.6125 -17.5666
 -83.5253 -18.3123
 -83.1528 -18.9107
 -82.565 -19.5561
 -81.9994 -20.2288
 -81.7179 -20.3525
235 20 5
 -85.3348 -16.9062
 -86.2874 -15.9995
 -87.117 -15.694
 -87.4857 -15.749
 -87.4915 -15.7556
236 16 11
 -80.0677 -13.0442
 -80.6882 -12.0703
 -80.2928 -11.2733
 -79.9335 -10.3479
 -79.6308 -10.1275
 -80.0967 -10.1037
 -80.803 -9.93995
 -81.9028 -10.0613
 -82.6676 -10.6056
 -83.0529 -10.9139
 -83.1395 -10.946
236 21 9
 -80.0677 -13.0442
 -79.1975 -14.0675
 -79.7451 -14.6778
 -80.6544 -15.3785
 -80.7449 -15.7698
 -81.3143 -16.6208
 -81.8705 -17.4676
 -81.8922 -17.6264
 -81.8938 -17.6368
237 15 12
 -47.8508 -41.0217
 -47.464 -39.8794
 -47.6638 -38.7274
 -47.8586 -37.7441
 -47.7373 -37.5965
 -47.555 -37.7922
 -47.003 -37.8942
 -45.8978 -37.6905
 -45.1483 -37.7061
 -44.1893 -37.5154
 -43.2363 -37.1653
 -43.199 -37.1342
237 151 13
 -47.8508 -41.0217
 -48.1646 -41.8685
 -48.5872 -43.0836
 -49.0058 -44.3347
 -48.9424 -45.056
 -48.2553 -46.062
 -47.4387 -46.7636
 -47.0883 -47.0355
 -46.8073 -47.0304
 -46.5444 -47.0971
 -46.3841 -47.0806
 -46.3239 -47.0242
 -46.2943 -46.9704
238 56 10
 -48.7789 -17.3247
 -50.0435 -17.0625
 -50.6048 -16.6845
 -51.4204 -16.8636
 -51.8279 -16.0794
 -52.7763 -15.1872
 -53.7421 -14.8599
 -53.783 -14.6226
 -53.823 -14.5928
 -53.8412 -14.5799
238 111 4
 -48.7789 -17.3247
 -46.9068 -17.2899
 -46.0906 -17.594
 -46.0334 -17.6392
239 138 5
 -56.4998 -18.0202
 -56.0358 -18.7014
 -55.7514 -18.9742
 -55.6218 -18.8765
 -55.6013 -18.8766
239 94 4
 -56.4998 -18.0202
 -56.9313 -17.419
 -57.1327 -17.1198
 -57.1912 -17.1109
240 80 28
 -68.1895 -26.4465
 -68.2986 -27.3964
 -68.4149 -28.2053
 -68.6187 -28.5894
 -68.8387 -28.624
 -69.7786 -29.1604
 -70.711 -29.7184
 -71.9998 -29.3631
 -73.9092 -29.4359
 -74.5891 -30.1032
 -74.944 -29.2565
 -75.3344 -28.381
 -75.4466 -27.7055
 -75.4881 -26.8354
 -76.7129 -26.8041
 -78.416 -27.5275
 -78.9123 -27.7791
 -79.0506 -27.6983
 -79.8109 -27.3997
 -80.6102 -27.0408
 -80.8394 -26.7585
 -81.7046 -26.3929
 -82.4656 -25.9212
 -82.4031 -25.591
 -82.4308 -25.41
 -82.4987 -25.3043
 -82.5836 -25.3028
 -82.6481 -25.3124
240 84 6
 -68.1895 -26.4465
 -67.8857 -25.0875
 -68.3272 -24.4748
 -69.9828 -24.9352
 -71.1107 -25.1257
 -71.2411 -25.1777
241 44 8
 -66.6176 -23.4443
 -65.2517 -22.607
 -64.2681 -21.9578
 -63.5456 -21.5021
 -63.4719 -21.4473
 -63.6454 -21.3004
 -63.8174 -21.2066
 -63.8951 -21.2002
241 84 6
 -66.6176 -23.4443
 -67.6191 -24.1231
 -68.3272 -24.4748
 -69.9828 -24.9352
 -71.1107 -25.1257
 -71.2411 -25.1777
242 6 5
 -71.7061 1.6106
 -72.4107 0.55285
 -72.8832 0.31085
 -72.9949 0.27675
 -73.0154 0.2823
242 85 5
 -71.7061 1.6106
 -71.3262 2.60395
 -71.2079 2.84515
 -71.1476 2.9619
 -71.149 2.9754
243 152 9
 -70.4358 2.49265
 -69.9166 2.327
 -69.4942 2.2054
 -69.3093 2.29405
 -69.2917 2.1612
 -69.2084 2.01855
 -69.0668 1.9885
 -68.9798 2.0304
 -68.9838 2.0484
243 85 5
 -70.4358 2.49265
 -70.8671 2.7157
 -71.0683 2.9741
 -71.127 2.9922
 -71.149 2.9754
244 74 7
 -59.4585 -1.9632
 -59.5798 -2.83935
 -59.3442 -3.0053
 -59.1913 -3.41945
 -58.9543 -4.08485
 -58.8182 -4.4687
 -58.8029 -4.5342
244 30 3
 -59.4585 -1.9632
 -59.1369 -1.16425
 -59.1353 -1.1426
245 38 9
 -59.6006 -0.5547
 -60.314 -0.88395
 -61.1946 -1.1529
 -61.7977 -1.0325
 -62.0473 -0.93155
 -62.1552 -0.8455
 -62.2167 -0.80005
 -62.2429 -0.76475
 -62.2632 -0.7369
245 30 4
 -59.6006 -0.5547
 -59.2541 -0.8479
 -59.1408 -1.13825
 -59.1353 -1.1426
246 68 6
 -60.8478 6.2835
 -60.2859 6.4004
 -60.008 6.26695
 -60.0211 6.00425
 -60.0707 5.9051
 -60.0806 5.9005
246 52 4
 -60.8478 6.2835
 -61.2786 6.339
 -61.4879 6.53105
 -61.5771 6.5854
247 30 12
 -59.6786 4.35585
 -59.0619 3.4257
 -59.0231 3.35775
 -58.8779 2.9467
 -58.8988 2.4412
 -59.1031 1.6893
 -59.229 0.7569
 -59.3457 0.0087
 -59.3831 -0.48525
 -59.2541 -0.8479
 -59.1408 -1.13825
 -59.1353 -1.1426
247 68 4
 -59.6786 4.35585
 -60.186 5.41095
 -60.0832 5.7242
 -60.0806 5.9005
248 2 26
 -74.6964 8.4899
 -75.126 8.56
 -75.2288 8.39215
 -75.6024 7.81385
 -76.2496 7.79175
 -76.9092 8.17955
 -77.5995 8.1347
 -77.9167 8.00245
 -77.5867 7.54755
 -77.8309 7.13475
 -78.2366 6.67635
 -78.1632 6.20475
 -78.185 6.0832
 -78.1602 6.05235
 -78.0948 5.95645
 -78.0895 5.83385
 -77.9695 5.74935
 -77.8246 5.6573
 -77.6346 5.51615
 -77.44 5.44135
 -77.2693 5.47805
 -76.919 5.68465
 -76.6366 5.85945
 -76.4212 5.93365
 -76.2807 6.0363
 -76.2586 6.067
248 79 15
 -74.6964 8.4899
 -74.1098 8.3111
 -73.9267 8.2606
 -73.6469 8.3887
 -73.2531 8.4605
 -73.0314 8.63485
 -73.0372 9.36045
 -73.2063 10.0349
 -73.2793 10.4403
 -72.8861 10.8566
 -72.5648 11.1954
 -72.8359 11.4501
 -72.9529 11.6354
 -72.8873 11.7485
 -72.9077 11.7854
249 130 13
 -81.2559 9.5669
 -81.572 8.9473
 -81.6613 8.7304
 -81.6859 8.43145
 -81.5887 8.2861
 -81.5092 8.21095
 -81.5336 8.2972
 -81.4915 8.3687
 -81.3596 8.5161
 -81.2663 8.66015
 -80.8338 9.0899
 -80.3729 9.51375
 -80.3597 9.5423
249 61 6
 -81.2559 9.5669
 -81.0522 10.3363
 -81.0624 10.7985
 -80.789 11.1997
 -80.5854 11.3407
 -80.557 11.3522
250 35 25
 -87.7953 5.13785
 -87.0867 5.59105
 -86.7679 5.64395
 -86.5847 5.70495
 -86.4458 5.84555
 -86.2193 5.9952
 -86.0318 6.19185
 -85.8633 6.60075
 -85.7155 6.9419
 -85.5695 7.29955
 -85.7197 8.2283
 -86.3353 9.27005
 -86.3593 9.9554
 -86.1796 10.5496
 -86.3182 11.0659
 -86.7383 11.1498
 -87.2897 11.4258
 -87.6791 11.7444
 -88.0723 11.7094
 -88.2785 11.7134
 -88.3479 11.7468
 -88.5009 11.6024
 -88.7807 11.632
 -88.9472 11.8139
 -88.9442 11.8217
250 77 17
 -87.7953 5.13785
 -88.8684 4.49695
 -89.6824 4.0107
 -90.0335 3.7191
 -90.3311 3.61825
 -90.5446 3.55135
 -90.9613 3.1875
 -91.5743 3.12115
 -92.0118 2.9039
 -92.4636 2.4109
 -92.8204 2.3609
 -93.0615 2.36845
 -93.2373 2.3433
 -93.2964 2.24015
 -93.3636 2.1303
 -93.4644 2.1021
 -93.5294 2.1098
251 96 9
 -96.927 -0.05105
 -97.0343 -0.65975
 -97.3544 -1.12555
 -97.661 -1.5601
 -97.7254 -1.63745
 -97.8912 -1.63855
 -98.1773 -1.5408
 -98.3647 -1.4505
 -98.3627 -1.4416
251 77 16
 -96.927 -0.05105
 -96.6654 0.54515
 -96.5242 0.73795
 -96.5249 0.96685
 -96.644 1.24375
 -96.424 1.00225
 -95.9897 0.85255
 -95.3186 0.8655
 -94.8889 1.0614
 -94.7816 1.18825
 -94.7401 1.30155
 -94.7288 1.55665
 -94.5686 1.76745
 -94.0665 1.9382
 -93.645 2.082
 -93.5294 2.1098
252 106 13
 -108.961 0.0787
 -109.928 0.5647
 -110.121 0.4856
 -110.271 0.36335
 -110.306 0.2938
 -110.473 0.14905
 -110.6 0.07035
 -110.645 0.24245
 -110.827 0.34425
 -111.001 0.277
 -111.176 -0.00285
 -111.343 -0.22375
 -111.369 -0.2103
252 47 7
 -108.961 0.0787
 -107.963 -0.3617
 -107.628 -0.20705
 -106.571 0.07375
 -105.723 0.1664
 -105.663 0.0704
 -105.661 0.0624
253 76 28
 -102.016 0.22625
 -101.193 -0.92345
 -100.839 -1.7762
 -101.032 -2.4362
 -100.711 -2.90605
 -100.403 -2.9669
 -100.641 -3.24105
 -101.042 -3.42305
 -101.243 -3.4999
 -101.374 -3.7499
 -101.438 -3.912
 -101.442 -3.9911
 -101.464 -4.11335
 -101.397 -4.21495
 -101.329 -4.2784
 -101.498 -4.55745
 -101.795 -4.812
 -102.183 -5.025
 -102.45 -5.291
 -102.522 -5.40125
 -102.584 -5.4992
 -102.778 -5.53805
 -102.958 -5.5553
 -102.909 -5.6738
 -102.868 -5.8649
 -102.935 -5.9828
 -103.012 -6.06255
 -103.025 -6.1078
253 47 15
 -102.016 0.22625
 -102.515 1.332
 -102.738 2.07605
 -102.78 2.09905
 -103.482 2.61865
 -104.225 3.7618
 -104.374 4.34205
 -104.451 4.67
 -105.069 3.9438
 -105.456 2.699
 -105.21 1.81515
 -105.398 1.16745
 -105.608 0.34275
 -105.663 0.0704
 -105.661 0.0624
254 106 7
 -120.523 9.3971
 -117.349 4.2991
 -113.41 0.8298
 -112.325 0.49825
 -111.629 0.07625
 -111.37 -0.2053
 -111.369 -0.2103
254 49 4
 -120.523 9.3971
 -120.544 11.2999
 -120.674 11.4152
 -120.665 11.4425
255 39 9
 -102.148 9.1544
 -101.98 10.5026
 -102.478 11.1852
 -102.529 11.38
 -102.594 11.5316
 -102.831 11.6508
 -103.188 11.533
 -103.362 11.4523
 -103.372 11.454
255 47 18
 -102.148 9.1544
 -103.194 7.80515
 -103.836 7.0086
 -103.821 6.5568
 -104.083 6.69515
 -104.116 6.33745
 -104.158 5.85485
 -104.36 5.5707
 -104.591 5.37945
 -104.574 5.1463
 -104.451 4.67
 -105.069 3.9438
 -105.456 2.699
 -105.21 1.81515
 -105.398 1.16745
 -105.608 0.34275
 -105.663 0.0704
 -105.661 0.0624
256 51 13
 -91.2254 13.1426
 -91.4038 14.1435
 -90.7833 14.4837
 -91.2202 14.8097
 -91.6684 15.1747
 -91.2778 16.0533
 -90.2601 16.9669
 -89.3168 16.9653
 -89.1168 16.9951
 -89.0115 17.7594
 -88.5749 18.9929
 -88.3267 19.6714
 -88.3066 19.7088
256 35 8
 -91.2254 13.1426
 -90.3738 12.3774
 -90.2173 12.1459
 -89.8553 11.3899
 -89.4743 10.8802
 -89.1629 11.3696
 -88.9472 11.8139
 -88.9442 11.8217
257 79 6
 -74.1246 12.716
 -73.942 11.9541
 -73.5424 11.934
 -73.0428 11.8865
 -72.9197 11.7561
 -72.9077 11.7854
257 48 4
 -74.1246 12.716
 -74.2354 13.3437
 -74.1536 13.3397
 -74.1329 13.3374
258 79 14
 -70.4984 16.8524
 -69.8755 15.7405
 -69.487 15.3167
 -69.6739 15.1182
 -70.3553 14.4093
 -70.8754 13.7565
 -71.0643 13.3541
 -71.0845 12.9811
 -71.1853 12.7801
 -71.7397 12.0645
 -72.3595 11.5132
 -72.7429 11.6371
 -72.8873 11.7485
 -72.9077 11.7854
258 31 10
 -70.4984 16.8524
 -70.8223 17.7831
 -70.9949 18.1628
 -70.9362 18.8146
 -71.1665 19.6735
 -71.6123 20.2372
 -71.6144 20.4605
 -71.122 20.6763
 -70.6378 20.851
 -70.6244 20.841
259 53 11
 -65.8445 22.0078
 -65.5677 23.4129
 -65.6753 23.8018
 -65.724 23.9226
 -65.6604 23.8988
 -65.3689 23.9151
 -64.9294 23.8498
 -64.4227 23.7715
 -63.6976 23.7584
 -63.162 23.8499
 -63.037 23.9615
259 62 7
 -65.8445 22.0078
 -66.0549 20.7276
 -65.9356 20.5242
 -65.9241 20.413
 -66.1954 19.8623
 -66.6291 19.2949
 -66.7549 19.2068
260 142 5
 -83.51 23.9467
 -82.6147 25.1811
 -82.5806 25.5434
 -82.6274 25.7939
 -82.6262 25.8081
260 140 4
 -83.51 23.9467
 -84.4004 22.8026
 -84.537 22.7955
 -84.5965 22.8239
261 90 15
 -94.1948 16.7999
 -94.8725 17.6027
 -95.4919 17.7845
 -96.0226 17.6471
 -96.2957 17.4705
 -96.8422 17.1715
 -97.3414 16.9512
 -97.3947 17.0404
 -98.0043 17.6245
 -98.8809 18.0052
 -99.2857 17.9921
 -99.6393 18.116
 -99.979 18.1981
 -100.107 18.3074
 -100.146 18.3578
261 51 12
 -94.1948 16.7999
 -92.7492 16.3764
 -91.5977 16.603
 -91.2054 16.7491
 -91.2778 16.0533
 -90.2601 16.9669
 -89.3168 16.9653
 -89.1168 16.9951
 -89.0115 17.7594
 -88.5749 18.9929
 -88.3267 19.6714
 -88.3066 19.7088
262 75 25
 -80.1907 28.0451
 -79.4025 28.8134
 -79.179 28.774
 -78.9394 28.717
 -78.7965 28.6689
 -78.7421 28.6146
 -78.6498 28.6674
 -78.5556 28.7983
 -78.4768 28.8824
 -78.3539 29.0292
 -78.2096 29.2583
 -77.9135 29.3752
 -77.4923 29.3853
 -77.3349 29.5191
 -77.2953 29.6538
 -76.9579 29.8872
 -76.7523 30.1688
 -76.7305 30.218
 -76.6154 30.2716
 -76.4966 30.3943
 -76.3739 30.4855
 -76.2647 30.4972
 -76.0818 30.4176
 -75.9293 30.3413
 -75.9151 30.3423
262 142 11
 -80.1907 28.0451
 -80.8914 27.2673
 -80.9841 26.924
 -81.217 26.6674
 -81.3759 26.7179
 -81.9315 26.6105
 -82.5424 26.41
 -82.7025 26.1381
 -82.8112 25.9494
 -82.7342 25.8669
 -82.6262 25.8081
263 8 17
 -71.5051 45.4645
 -71.2112 46.4472
 -71.2948 46.8218
 -70.6948 46.6652
 -70.257 46.8127
 -70.0255 47.2163
 -69.7514 47.4352
 -69.4454 47.564
 -69.1072 47.793
 -68.9104 48.0101
 -68.5424 47.6853
 -67.8609 47.2476
 -67.4246 47.174
 -67.2189 47.0276
 -66.985 46.8087
 -66.9692 46.6972
 -66.979 46.6746
263 86 15
 -71.5051 45.4645
 -72.3328 44.9309
 -72.7346 44.9562
 -72.5033 44.2749
 -72.4011 43.5949
 -72.4214 43.3102
 -72.368 42.571
 -72.2999 42.0377
 -72.4171 41.8644
 -72.8425 41.5347
 -73.155 41.3404
 -73.4014 41.5035
 -73.8597 41.5869
 -74.1283 41.5376
 -74.1677 41.5345
264 97 10
 -67.1883 51.6515
 -67.4014 52.7998
 -67.4825 53.6292
 -67.5628 53.7121
 -67.7532 54.29
 -67.6473 55.4066
 -67.4007 55.9017
 -67.3687 55.9943
 -67.3808 56.1253
 -67.3848 56.1707
264 8 18
 -67.1883 51.6515
 -67.1083 50.9123
 -67.4247 50.1298
 -67.8271 49.7115
 -67.9975 49.8214
 -68.0911 49.8344
 -68.3117 49.6762
 -68.7928 49.3408
 -69.2692 48.5684
 -69.2345 47.9735
 -68.9104 48.0101
 -68.5424 47.6853
 -67.8609 47.2476
 -67.4246 47.174
 -67.2189 47.0276
 -66.985 46.8087
 -66.9692 46.6972
 -66.979 46.6746
265 70 14
 -66.1491 49.0889
 -65.4661 49.0226
 -65.0186 49.09
 -64.8002 49.29
 -64.5226 49.3498
 -64.1587 49.1621
 -63.9497 48.666
 -63.8323 48.0676
 -63.757 47.7675
 -63.6897 47.6749
 -63.7146 47.3975
 -63.6144 46.9934
 -63.4174 46.796
 -63.3999 46.799
265 64 3
 -66.1491 49.0889
 -66.5398 49.0678
 -66.544 49.0448
266 8 7
 -66.7869 47.4941
 -66.7988 47.0253
 -66.8088 46.8176
 -66.8555 46.6026
 -66.9157 46.5674
 -66.9577 46.6356
 -66.979 46.6746
266 64 4
 -66.7869 47.4941
 -66.8134 48.4156
 -66.6964 48.9851
 -66.544 49.0448
267 26 20
 -51.6332 44.6841
 -50.8017 44.4369
 -50.2492 44.658
 -49.8606 44.6957
 -49.5802 44.6437
 -49.3605 44.6174
 -49.0695 44.8601
 -48.6244 45.1521
 -48.3934 45.1143
 -48.2142 44.9204
 -48.0854 44.8992
 -47.9484 44.895
 -47.7598 44.9261
 -47.6183 44.9651
 -47.448 44.9043
 -47.2923 44.8005
 -47.2118 44.7682
 -47.143 44.8601
 -47.0925 44.926
 -47.0894 44.9318
267 145 4
 -51.6332 44.6841
 -52.7255 45.4104
 -53.2591 45.6972
 -53.2969 45.7233
268 126 14
 -62.3542 51.971
 -62.3436 52.9098
 -62.4157 53.5088
 -62.0882 53.7407
 -62.5411 53.9396
 -63.076 54.3772
 -63.3816 54.6282
 -63.4108 54.6535
 -63.6777 54.924
 -63.9279 55.2411
 -63.7572 55.2397
 -62.9244 55.6416
 -62.2232 56.0183
 -62.1839 56.0445
268 57 4
 -62.3542 51.971
 -63.0303 51.2189
 -63.5089 50.9688
 -63.5107 50.9056
269 126 13
 -61.4538 53.2453
 -62.1228 53.5872
 -62.0882 53.7407
 -62.5411 53.9396
 -63.076 54.3772
 -63.3816 54.6282
 -63.4108 54.6535
 -63.6777 54.924
 -63.9279 55.2411
 -63.7572 55.2397
 -62.9244 55.6416
 -62.2232 56.0183
 -62.1839 56.0445
269 119 3
 -61.4538 53.2453
 -60.6275 52.8611
 -60.2937 52.6716
270 127 6
 -50.0951 53.7357
 -49.3556 53.392
 -49.1936 53.7528
 -49.1524 54.1959
 -49.2161 54.2994
 -49.2372 54.3059
270 123 3
 -50.0951 53.7357
 -50.8041 54.0623
 -50.8516 54.0304
271 120 13
 -51.5729 58.4547
 -50.1239 58.2342
 -49.7849 58.5311
 -48.9616 58.7584
 -48.098 58.7416
 -47.8512 58.7651
 -47.7087 58.799
 -47.5474 58.9147
 -47.4488 59.4045
 -47.5885 60.3949
 -47.7879 61.0783
 -47.8596 61.1675
 -47.867 61.2065
271 121 9
 -51.5729 58.4547
 -52.922 58.7418
 -53.1742 58.3313
 -53.3858 56.9444
 -53.0228 55.8877
 -52.8468 55.7289
 -53.6668 55.0706
 -54.1725 54.423
 -54.1216 54.342
272 14 10
 -57.0463 37.4207
 -57.0663 38.093
 -57.4806 38.9365
 -57.8102 39.7608
 -57.856 40.54
 -57.9056 41.4303
 -57.9882 41.7478
 -58.4459 41.7224
 -58.9498 41.5393
 -59.0213 41.3745
272 27 10
 -57.0463 37.4207
 -57.2267 36.8144
 -57.55 36.139
 -58.4464 35.6495
 -59.4682 35.9034
 -60.1501 36.132
 -60.6543 36.14
 -61.149 35.8045
 -61.453 35.4361
 -61.471 35.4174
273 27 10
 -63.5243 34.4678
 -63.4053 35.1349
 -63.2051 35.4002
 -62.704 35.1722
 -62.0992 35.241
 -61.8859 35.4984
 -61.7006 35.5424
 -61.5331 35.4979
 -61.453 35.4361
 -61.471 35.4174
273 125 6
 -63.5243 34.4678
 -63.6053 33.7259
 -63.8098 33.3104
 -63.4952 32.5766
 -63.2462 31.8921
 -63.3605 31.7815
274 125 11
 -61.0579 28.5826
 -60.8815 29.3544
 -60.3321 29.6978
 -60.9103 29.9876
 -61.105 30.2985
 -61.2687 30.445
 -61.1666 30.7858
 -61.4403 30.4962
 -62.4458 31.1641
 -63.324 31.783
 -63.3605 31.7815
274 112 4
 -61.0579 28.5826
 -61.2658 27.8053
 -61.3011 27.3149
 -61.295 27.2951
275 68 12
 -56.9542 13.1188
 -57.2143 11.7633
 -57.9931 9.92335
 -58.5899 9.2951
 -58.7231 9.1236
 -59.2058 7.6833
 -59.2725 6.06685
 -58.8316 5.76415
 -58.8489 5.756
 -59.482 5.8395
 -60.0707 5.9051
 -60.0806 5.9005
275 63 7
 -56.9542 13.1188
 -57.464 13.976
 -57.9186 14.8461
 -57.9823 15.1849
 -58.5646 15.6724
 -58.9767 16.0113
 -58.8825 16.1115
276 68 22
 -53.4129 14.3443
 -54.4193 15.364
 -54.5133 14.983
 -54.0786 13.3868
 -54.3884 12.2909
 -55.0592 11.6173
 -55.1473 11.104
 -55.395 10.9834
 -55.6942 10.8815
 -55.9214 10.841
 -56.5076 10.6134
 -57.6731 9.7448
 -58.4525 9.10045
 -58.641 9.1669
 -58.7231 9.1236
 -59.2058 7.6833
 -59.2725 6.06685
 -58.8316 5.76415
 -58.8489 5.756
 -59.482 5.8395
 -60.0707 5.9051
 -60.0806 5.9005
276 141 7
 -53.4129 14.3443
 -51.5263 13.5857
 -50.3007 13.3538
 -49.7937 13.2969
 -48.8089 13.6225
 -48.0946 13.8507
 -48.0421 13.8584
277 146 5
 -50.8315 30.6042
 -50.6262 30.9247
 -50.4211 31.0461
 -50.3278 31.1483
 -50.3205 31.1521
277 92 6
 -50.8315 30.6042
 -51.2308 30.4508
 -51.6887 30.5476
 -51.9821 30.4722
 -52.1348 30.4281
 -52.1387 30.412
278 46 20
 -34.8293 14.2298
 -34.4049 14.2195
 -34.0616 14.2722
 -33.7544 14.6458
 -33.5298 14.9853
 -33.3715 15.0538
 -33.0735 14.9429
 -32.8309 14.8664
 -32.604 14.8085
 -31.5983 14.67
 -30.746 14.6921
 -30.6535 14.7903
 -30.4249 15.4475
 -30.1422 16.2624
 -29.5578 16.3346
 -30.0646 16.6693
 -29.8403 17.4452
 -29.8221 18.1425
 -30.0386 18.316
 -30.05 18.3162
278 115 4
 -34.8293 14.2298
 -35.7195 14.2579
 -36.4248 14.1959
 -36.5031 14.0339
279 109 16
 -24.218 18.8899
 -24.541 18.1969
 -24.6776 17.868
 -24.2687 17.2754
 -23.6655 16.7115
 -23.5568 16.0695
 -23.6753 15.4686
 -23.7123 15.046
 -23.778 14.805
 -23.7206 14.7097
 -23.7474 14.699
 -23.6795 14.3814
 -24.3924 14.102
 -25.8623 14.1305
 -26.6027 14.2069
 -26.6229 14.1998
279 150 6
 -24.218 18.8899
 -24.3858 19.864
 -24.9281 20.2798
 -25.2171 20.3827
 -25.3303 20.3819
 -25.403 20.3479
280 129 41
 -42.3762 24.7818
 -41.4709 26.0938
 -41.4264 27.1189
 -41.0809 28.4804
 -40.3698 29.3505
 -39.9071 29.132
 -39.3357 30.1059
 -38.9072 30.8247
 -38.0682 30.7448
 -37.1833 30.6131
 -36.9788 30.5439
 -35.958 29.9543
 -34.6144 29.5516
 -33.9597 29.7601
 -33.1526 30.3809
 -32.4461 31.0723
 -31.9591 31.1526
 -31.9649 31.2017
 -31.5803 31.7081
 -31.2344 33.1264
 -31.0104 34.0479
 -30.8328 34.6257
 -30.4538 35.1222
 -29.9592 34.9678
 -30.3628 35.1568
 -30.3709 35.7613
 -30.6279 36.5619
 -30.6245 37.0604
 -31.0107 36.7394
 -31.1163 36.5894
 -31.5531 36.1973
 -31.9949 35.7743
 -32.3848 35.826
 -32.7616 36.0001
 -32.8064 36.0401
 -32.8999 36.0502
 -32.9728 36.0844
 -33.0381 36.1045
 -33.2414 36.2135
 -33.4108 36.3497
 -33.4133 36.3669
280 87 16
 -42.3762 24.7818
 -43.5492 24.4752
 -44.1255 24.4773
 -44.5882 24.2413
 -44.428 23.1292
 -43.9576 22.3023
 -45.9226 22.8839
 -47.6469 23.6265
 -47.4154 23.8741
 -47.6686 23.852
 -49.1346 23.7208
 -50.4146 22.9557
 -50.5959 22.1881
 -50.839 22.1495
 -51.047 22.0943
 -51.1337 22.0591
281 12 3
 -44.7472 35.1437
 -44.5057 35.8054
 -44.3966 36.3317
281 136 4
 -44.7472 35.1437
 -45.048 34.9634
 -45.1815 34.8655
 -45.1465 34.8126
282 26 22
 -44.6175 43.5371
 -44.94 44.0346
 -45.0633 44.3213
 -45.1833 44.4601
 -45.3407 44.6574
 -45.5331 44.7558
 -45.5334 44.8743
 -45.5508 45.1458
 -45.8586 44.9456
 -46.2635 44.4202
 -46.5023 44.1991
 -46.6852 44.296
 -46.7883 44.5118
 -46.7087 44.666
 -46.7522 44.7572
 -46.8221 44.9256
 -46.8177 45.0378
 -46.8818 44.9908
 -46.9486 44.9322
 -46.9771 44.9381
 -47.0445 44.937
 -47.0894 44.9318
282 144 6
 -44.6175 43.5371
 -44.231 42.7052
 -44.0867 41.8799
 -44.1878 41.5321
 -44.3487 41.4946
 -44.3867 41.498
283 73 32
 -41.1389 51.9177
 -40.3514 51.9049
 -39.4422 51.8986
 -38.7438 51.6801
 -38.8316 51.3408
 -38.681 51.6093
 -38.3773 51.5524
 -38.0928 51.3046
 -38.0223 51.1292
 -37.8967 51.0386
 -37.687 51.0809
 -37.5597 51.0949
 -37.4557 51.1982
 -37.3431 51.3146
 -37.2596 51.3138
 -37.2675 51.3261
 -37.2383 51.5025
 -37.1523 51.6496
 -37.2835 51.6835
 -37.3682 51.841
 -37.2 51.9682
 -37.035 52.0091
 -36.9989 51.9969
 -36.9813 52.0429
 -36.8645 52.1325
 -36.8099 52.3542
 -36.8638 52.5292
 -36.8501 52.6922
 -36.7724 52.8579
 -36.675 52.953
 -36.6213 53.0088
 -36.6106 53.014
283 127 23
 -41.1389 51.9177
 -42.1045 51.7084
 -42.9347 51.7497
 -43.3705 52.0509
 -43.5596 52.1878
 -43.7787 52.4478
 -44.0465 52.654
 -44.3957 52.7032
 -44.5852 52.6967
 -45.0564 52.5516
 -46.0189 52.6339
 -46.6487 53.059
 -47.4333 53.4269
 -48.3536 53.5241
 -48.6078 53.4503
 -48.6845 53.4799
 -48.6812 53.5548
 -48.756 53.7352
 -48.8419 53.8947
 -48.8922 53.9686
 -49.027 54.1599
 -49.18 54.2981
 -49.2372 54.3059
284 133 7
 -40.2746 61.0738
 -40.2951 61.7867
 -40.1041 61.9857
 -39.879 62.0732
 -39.4056 62.1626
 -39.124 62.2374
 -39.1096 62.2806
284 137 6
 -40.2746 61.0738
 -40.0408 60.398
 -39.2566 60.1975
 -38.4042 60.117
 -38.2817 60.0991
 -38.2687 60.0932
285 137 13
 -44.9594 59.5577
 -44.368 60.3007
 -43.7281 60.3074
 -42.7155 60.0808
 -42.2782 59.5277
 -42.2572 59.5312
 -41.5855 60.1678
 -40.479 60.5019
 -40.0408 60.398
 -39.2566 60.1975
 -38.4042 60.117
 -38.2817 60.0991
 -38.2687 60.0932
285 120 7
 -44.9594 59.5577
 -45.9082 59.5345
 -46.471 60.2947
 -47.197 60.6851
 -47.7879 61.0783
 -47.8596 61.1675
 -47.867 61.2065
286 124 16
 -35.5984 60.4628
 -34.757 60.8278
 -34.5117 61.1444
 -34.1557 60.8795
 -33.711 60.5693
 -33.4889 60.4689
 -33.492 60.3007
 -33.3569 60.1291
 -33.2506 60.0188
 -32.8041 59.4042
 -32.3183 58.7645
 -32.2694 58.3586
 -32.0777 57.8425
 -31.7201 57.2139
 -31.4823 56.7533
 -31.4874 56.7134
286 137 5
 -35.5984 60.4628
 -36.2964 60.3779
 -37.1907 60.4317
 -38.1747 60.3181
 -38.2687 60.0932
287 45 13
 -21.321 39.5076
 -21.4729 40.0832
 -21.5488 40.5482
 -21.6065 41.0378
 -21.5446 41.2591
 -21.5282 41.3322
 -21.6097 41.4292
 -21.6227 41.5863
 -21.5928 41.7542
 -21.5261 41.8317
 -21.4809 41.8604
 -21.4268 41.8746
 -21.4245 41.8794
287 103 11
 -21.321 39.5076
 -21.1923 38.7188
 -21.2267 38.2717
 -21.0978 37.9753
 -20.8069 37.6783
 -20.784 37.5879
 -20.8562 37.6368
 -21.1645 37.7265
 -21.5537 37.6167
 -21.6619 37.4619
 -21.6601 37.4283
288 22 9
 -7.37545 32.6371
 -6.4631 31.4308
 -6.03145 30.7114
 -5.15435 29.7728
 -4.41675 29.0562
 -4.27135 29.0093
 -4.17065 29.205
 -4.1168 29.3582
 -4.1216 29.3649
288 10 8
 -7.37545 32.6371
 -8.20195 34.4355
 -8.65985 35.5047
 -9.25625 35.4696
 -10.4858 35.6351
 -11.802 36.0475
 -12.1395 36.2167
 -12.1488 36.2498
289 22 9
 -3.49165 27.7043
 -3.6533 27.9777
 -3.73315 28.3494
 -4.0532 28.7276
 -4.29305 28.9706
 -4.27135 29.0093
 -4.17065 29.205
 -4.1168 29.3582
 -4.1216 29.3649
289 28 12
 -3.49165 27.7043
 -2.74755 26.6148
 -2.0555 25.2654
 -1.92195 24.7727
 -1.97805 24.3719
 -1.4836 24.2227
 -1.0849 23.8286
 -0.98115 23.6433
 -0.8573 23.2303
 -0.9798 22.7772
 -1.1959 22.5326
 -1.3058 22.4628
290 29 13
 -11.4617 15.3862
 -11.2283 14.419
 -11.1779 14.2069
 -11.2866 13.6483
 -12.1017 13.0146
 -13.2935 12.8143
 -13.8386 12.9076
 -13.9591 12.9513
 -13.9647 12.8135
 -14.0779 12.6764
 -14.295 12.6449
 -14.3652 12.643
 -14.3686 12.6427
290 99 9
 -11.4617 15.3862
 -11.3483 16.8214
 -11.1666 17.3988
 -11.3153 17.4622
 -11.2585 17.7127
 -11.0487 17.9762
 -10.1566 17.9331
 -9.28725 17.8306
 -9.2095 17.8061
291 19 14
 -13.0163 10.9795
 -12.441 10.5428
 -12.2211 10.3482
 -12.1359 10.1807
 -12.2257 9.7338
 -12.1382 9.42415
 -11.6664 8.97665
 -11.2295 8.43475
 -10.8122 8.37595
 -10.5161 8.3551
 -10.3307 8.2908
 -10.1936 8.2428
 -10.1599 8.13505
 -10.1419 8.0547
291 29 10
 -13.0163 10.9795
 -13.5801 11.4453
 -13.8675 11.8491
 -14.0663 12.0919
 -14.1931 12.236
 -14.2215 12.4179
 -14.2775 12.4736
 -14.3582 12.5575
 -14.3652 12.643
 -14.3686 12.6427
292 0 13
 -16.4519 4.19625
 -17.201 5.21365
 -17.5508 5.5741
 -17.6484 5.80055
 -17.9444 6.1946
 -18.6905 6.6661
 -19.8195 6.91435
 -20.8358 7.5029
 -21.1898 7.94125
 -21.8057 8.35705
 -22.2584 8.89955
 -22.154 9.1247
 -22.2047 9.2203
292 116 3
 -16.4519 4.19625
 -15.9183 3.2986
 -15.8734 3.2666
293 110 13
 -6.47095 2.75615
 -6.26365 3.26775
 -6.1173 3.62405
 -6.51325 3.8651
 -7.05615 4.0642
 -7.21715 4.1313
 -7.1411 4.2981
 -7.07435 4.389
 -7.1803 4.41685
 -7.25165 4.61645
 -7.34645 4.81205
 -7.47285 4.83065
 -7.4952 4.8271
293 82 9
 -6.47095 2.75615
 -6.5643 2.15365
 -6.43175 1.6425
 -6.65535 1.739
 -6.97005 1.7945
 -7.5454 2.02885
 -7.9672 2.31985
 -8.0706 2.4409
 -8.0735 2.4509
294 135 10
 1.76425 6.2789
 1.0561 5.906
 0.2107 5.71325
 -0.1533 5.01965
 0.0073 4.0565
 0.22585 3.42335
 0.215 3.3141
 0.0683 3.09615
 -0.0907 2.8926
 -0.1227 2.8391
294 104 13
 1.76425 6.2789
 2.21595 7.1438
 2.89955 8.1319
 3.3537 8.916
 3.4525 8.9828
 2.9511 9.1315
 2.13995 9.0284
 1.37315 9.3761
 0.3739 10.1547
 -0.55865 10.3041
 -1.1896 10.9776
 -1.5423 11.7731
 -1.6002 11.7736
295 13 45
 3.75215 -13.9893
 3.48035 -14.4185
 3.3014 -14.4406
 3.1024 -14.1583
 2.94955 -13.8537
 2.82885 -13.7364
 2.69425 -13.6212
 2.57875 -13.5127
 2.52825 -13.3622
 2.4453 -13.2148
 2.33255 -13.1364
 2.2776 -13.0763
 2.2204 -13.0308
 2.17775 -12.9281
 2.0603 -12.6756
 1.8815 -12.5672
 1.75375 -12.5756
 1.7188 -12.4818
 1.74045 -12.3343
 1.6536 -12.1052
 1.57955 -11.8666
 1.6228 -11.7264
 1.59405 -11.5973
 1.48155 -11.5082
 1.35595 -11.4468
 1.2196 -11.3162
 1.1561 -11.1464
 1.1501 -11.0359
 1.17305 -10.8814
 1.149 -10.5159
 1.1505 -10.3174
 1.2746 -10.209
 1.29565 -9.98085
 1.2385 -9.8779
 1.1556 -9.81545
 1.07765 -9.7231
 1.03165 -9.6473
 0.96215 -9.5454
 0.9281 -9.44485
 0.97525 -9.39435
 1.0152 -9.348
 1.01615 -9.281
 1.0792 -9.1916
 1.13735 -9.10415
 1.1387 -9.0678
295 71 6
 3.75215 -13.9893
 3.9535 -13.5649
 4.0037 -13.372
 4.1356 -12.6445
 4.23705 -12.072
 4.2381 -12.0705
296 153 20
 1.8527 0.75885
 1.68715 0.30145
 1.98145 0.10945
 2.126 -0.03235
 2.26805 -0.2915
 2.47175 -0.4765
 2.46345 -0.5498
 2.2954 -0.68225
 2.2422 -0.8713
 2.19955 -1.0355
 2.36905 -0.9583
 2.58235 -0.94745
 2.64565 -1.11095
 2.71875 -1.45705
 2.7571 -1.73715
 2.76645 -1.8644
 2.88045 -1.9345
 2.9443 -2.04785
 2.9736 -2.13315
 2.9764 -2.1477
296 78 8
 1.8527 0.75885
 2.2446 1.2481
 2.24515 1.4968
 2.15965 1.56255
 2.1534 1.6326
 2.1806 1.704
 2.12705 1.7589
 2.085 1.8049
297 82 6
 -10.3289 1.96355
 -9.4078 1.8792
 -9.00125 1.7927
 -8.5444 2.0471
 -8.08115 2.3528
 -8.0735 2.4509
297 116 10
 -10.3289 1.96355
 -11.3063 1.8242
 -12.1292 1.92755
 -13.1779 2.31035
 -13.9541 3.2989
 -14.1291 4.05865
 -14.239 3.9824
 -15.0611 3.6068
 -15.8665 3.26715
 -15.8734 3.2666
298 0 17
 -20.0577 1.16335
 -20.666 2.51355
 -20.141 3.689
 -19.0533 4.35015
 -18.2987 4.6678
 -17.8092 5.26815
 -17.5508 5.5741
 -17.6484 5.80055
 -17.9444 6.1946
 -18.6905 6.6661
 -19.8195 6.91435
 -20.8358 7.5029
 -21.1898 7.94125
 -21.8057 8.35705
 -22.2584 8.89955
 -22.154 9.1247
 -22.2047 9.2203
298 60 3
 -20.0577 1.16335
 -19.3895 0.10305
 -19.3796 0.0641
299 13 25
 0.8622 -5.058
 0.3889 -5.60715
 0.4201 -5.7835
 0.3569 -6.37345
 0.26225 -7.0206
 0.28325 -7.36315
 0.4429 -7.58825
 0.60725 -7.7508
 0.81925 -7.84265
 1 -7.85625
 1.0195 -7.8722
 1.0475 -7.94575
 1.04655 -8.0741
 1.0926 -8.15495
 1.19415 -8.2286
 1.344 -8.35395
 1.38595 -8.50405
 1.30305 -8.63805
 1.30145 -8.7554
 1.3136 -8.84855
 1.2806 -8.87945
 1.2038 -8.9045
 1.14445 -8.97955
 1.1359 -9.05235
 1.1387 -9.0678
299 153 21
 0.8622 -5.058
 1.37485 -4.2949
 1.66595 -3.8748
 2.13775 -3.60295
 2.38165 -3.3043
 2.4462 -3.051
 2.50075 -2.986
 2.3563 -2.91285
 2.2384 -2.68955
 2.2962 -2.50405
 2.3603 -2.4552
 2.41625 -2.38525
 2.50925 -2.28085
 2.587 -2.2067
 2.6667 -2.0231
 2.70305 -1.8567
 2.76645 -1.8644
 2.88045 -1.9345
 2.9443 -2.04785
 2.9736 -2.13315
 2.9764 -2.1477
300 105 24
 -40.3632 -17.0225
 -40.6832 -17.4884
 -40.6991 -17.7361
 -40.129 -18.3028
 -39.4737 -18.7538
 -39.3594 -18.9333
 -39.1265 -19.2771
 -38.7538 -19.735
 -38.4995 -19.9659
 -37.99 -20.6896
 -37.1303 -21.5536
 -36.4587 -21.5377
 -35.6067 -21.2401
 -34.8938 -21.1688
 -34.942 -21.8592
 -34.7515 -23.1254
 -34.0473 -23.8669
 -33.6852 -24.2154
 -33.5986 -24.467
 -32.6096 -25.084
 -31.6476 -25.5461
 -31.5129 -25.3083
 -31.4644 -24.7139
 -31.506 -24.2248
300 108 5
 -40.3632 -17.0225
 -39.7685 -15.8743
 -39.4375 -15.0967
 -39.3391 -15.0283
 -39.3023 -15.0091
301 36 23
 -33.6708 -37.0361
 -33.5127 -37.9327
 -33.1684 -38.1286
 -32.8345 -37.9907
 -32.5519 -37.7292
 -32.2651 -37.5237
 -31.8599 -37.3945
 -31.3527 -37.0627
 -30.8298 -36.7794
 -30.3447 -36.6107
 -30.1488 -36.5158
 -30.0118 -36.5473
 -29.9326 -36.6003
 -29.9011 -36.4281
 -29.7558 -36.25
 -29.5403 -36.1077
 -29.4139 -35.9426
 -29.3714 -35.8076
 -29.3633 -35.6982
 -29.3955 -35.5716
 -29.3528 -35.4622
 -29.3106 -35.4344
 -29.3041 -35.4309
301 102 7
 -33.6708 -37.0361
 -34.6361 -36.3979
 -35.6135 -36.1229
 -35.8125 -35.7776
 -35.8743 -35.5333
 -35.9138 -35.3444
 -35.9704 -35.3333
302 118 3
 -42.8722 -37.1124
 -42.4585 -36.861
 -42.2614 -36.6358
302 15 3
 -42.8722 -37.1124
 -43.144 -37.1364
 -43.199 -37.1342
303 40 11
 -30.8011 -47.3819
 -31.3193 -47.7341
 -31.6367 -47.8481
 -31.9685 -48.0237
 -32.0891 -48.1131
 -32.515 -48.262
 -32.8793 -48.6359
 -32.9978 -48.7393
 -33.2864 -48.95
 -33.4146 -49.3053
 -33.4177 -49.3155
303 139 4
 -30.8011 -47.3819
 -30.2799 -46.9785
 -30.1765 -46.9185
 -30.1658 -46.9247
304 139 4
 -29.2393 -46.0316
 -29.9483 -46.6325
 -30.1154 -46.9042
 -30.1658 -46.9247
304 107 3
 -29.2393 -46.0316
 -28.6121 -45.7014
 -28.5772 -45.721
305 122 11
 -18.8452 -33.3179
 -19.4151 -33.702
 -18.9505 -34.9548
 -18.9203 -35.7162
 -19.4795 -35.794
 -20.0357 -35.9417
 -21.1105 -35.8029
 -21.7426 -34.7271
 -22.069 -34.2179
 -22.3134 -34.365
 -22.3811 -34.4973
305 18 4
 -18.8452 -33.3179
 -18.2397 -33.0762
 -18.1405 -32.8731
 -18.1652 -32.8313
306 88 18
 -20.653 -22.6388
 -19.6903 -22.7036
 -19.2027 -22.9893
 -18.9368 -24.6247
 -18.677 -26.3365
 -18.3872 -26.4397
 -17.8324 -26.2734
 -17.2407 -25.7126
 -16.7157 -25.0655
 -16.375 -24.8849
 -16.0008 -24.9254
 -15.7397 -24.842
 -15.5633 -24.8257
 -15.4088 -24.9191
 -15.3892 -24.9943
 -15.3177 -24.909
 -15.2339 -24.7751
 -15.1911 -24.7252
306 101 10
 -20.653 -22.6388
 -21.4891 -22.6593
 -22.0388 -22.4795
 -22.3093 -22.5159
 -22.8405 -22.6872
 -23.7195 -22.9487
 -24.5455 -22.7219
 -25.1495 -22.4019
 -25.364 -22.4241
 -25.395 -22.425
307 88 19
 -19.8314 -28.4207
 -19.444 -27.5969
 -18.8964 -27.2204
 -18.3433 -27.2222
 -18.05 -26.8432
 -18.0405 -26.5455
 -18.3872 -26.4397
 -17.8324 -26.2734
 -17.2407 -25.7126
 -16.7157 -25.0655
 -16.375 -24.8849
 -16.0008 -24.9254
 -15.7397 -24.842
 -15.5633 -24.8257
 -15.4088 -24.9191
 -15.3892 -24.9943
 -15.3177 -24.909
 -15.2339 -24.7751
 -15.1911 -24.7252
307 95 4
 -19.8314 -28.4207
 -20.2592 -28.6423
 -20.5639 -28.5873
 -20.6246 -28.588
308 148 18
 -8.32945 -18.7236
 -9.16255 -19.0374
 -9.56525 -19.2381
 -9.83665 -19.3745
 -10.0779 -19.5709
 -10.4818 -19.8787
 -10.9501 -20.1461
 -11.2062 -20.3806
 -11.1174 -20.8519
 -10.9625 -21.1911
 -10.7845 -21.1289
 -10.5608 -21.0714
 -9.93315 -21.017
 -9.21945 -21.1264
 -8.984 -21.309
 -8.81015 -21.4445
 -8.6678 -21.5576
 -8.6148 -21.5694
308 41 19
 -8.32945 -18.7236
 -7.4188 -18.2817
 -6.8131 -17.9439
 -6.5025 -17.6939
 -6.32865 -17.2659
 -5.9183 -16.8373
 -5.62025 -16.6591
 -5.73755 -16.4945
 -5.80585 -16.3305
 -5.7478 -16.3438
 -5.1943 -15.845
 -4.62905 -15.3417
 -4.4793 -15.292
 -4.1685 -15.0866
 -3.8725 -14.9264
 -3.74675 -14.8717
 -3.57495 -14.7832
 -3.37425 -14.682
 -3.321 -14.6283
309 148 22
 -14.3362 -23.5358
 -14.3243 -22.8626
 -14.4549 -22.6999
 -13.9879 -22.4949
 -13.434 -22.0835
 -13.3232 -21.7887
 -13.2966 -21.7583
 -12.9396 -21.7292
 -12.4906 -21.6468
 -12.3359 -21.7058
 -12.0454 -21.5458
 -11.6312 -21.3577
 -11.225 -21.2843
 -10.9625 -21.1911
 -10.7845 -21.1289
 -10.5608 -21.0714
 -9.93315 -21.017
 -9.21945 -21.1264
 -8.984 -21.309
 -8.81015 -21.4445
 -8.6678 -21.5576
 -8.6148 -21.5694
309 88 5
 -14.3362 -23.5358
 -14.6803 -24.0757
 -15.0572 -24.3628
 -15.2015 -24.6862
 -15.1911 -24.7252
313 151 24
 -41.2771 -65.289
 -42.7074 -65.989
 -45.6451 -65.1516
 -47.4387 -63.3159
 -48.2542 -62.3888
 -48.6686 -61.4015
 -49.2627 -60.1241
 -50.0665 -58.8332
 -50.1579 -58.4548
 -49.88 -58.5717
 -49.3058 -58.4637
 -49.498 -57.5626
 -49.7015 -55.9752
 -49.5308 -54.4149
 -49.6468 -52.6404
 -49.1598 -51.0323
 -48.2472 -50.5737
 -47.6161 -50.7195
 -47.954 -49.5715
 -47.3542 -47.888
 -46.5176 -47.1539
 -46.3841 -47.0806
 -46.3239 -47.0242
 -46.2943 -46.9704
