   3.3833212027151691     
   1.0341491786999668     
   4.6824569408466274     
  0.89247004485202697     
  0.82710755483663478     
   1.3640158466068792     
   1.9795898580501086     
  0.75847299673133972     
   5.4790907632146162     
   5.0268203137032161     
   3.1073104261881919     
  0.81090407215189608     
   4.2742210240471543     
   1.3947617389648246     
   2.0267011970751958     
   3.6743351641935647     
   12.965756902988559     
   2.4873431147723464     
   2.3734805349717423     
   3.0817551085539399     
   2.8079263589415540     
   1.3466976153512069     
   7.3390957222829378     
   3.5376463404843945     
   3.8007128716836238     
  0.73945080467701607     
   6.9623314314842606     
   1.0505323419887689     
   4.4584272844352100     
   1.4116586447166004     
   4.5060435546052569     
   1.5217600195385490     
   10.046130777295737     
   1.7662316328636924     
   1.3781192290908530     
   2.1039028937839670     
   3.0031037340048479     
  0.78121948460214963     
   2.4664859985375216     
  0.72451841088242763     
   1.4349695783963474     
  0.78108068420018273     
   1.7878611967073135     
   1.3972757658362560     
   3.1500889024368495     
  0.61119975652041247     
   1.6695545897238455     
   1.0591319070668064     
   1.8156528025738732     
   1.2908217179282715     
   13.534054240057376     
   2.0534727351147062     
   3.4417598731998136     
   1.7851417698264029     
   3.9184816384033119     
   5.7289720190413647     
   4.4623191662758934     
   2.2083204334016591     
   5.5671870373181189     
  0.93664897127133517     
   3.3244748889637128     
   1.5335111438988152     
   5.8349373050833222     
   4.0340971720819896     
   2.9365160055948780     
   1.2122132356132700     
   1.5626709259460507     
  0.88110779539384187     
   3.7364483669254631     
   2.6279921753292244     
   3.1353258096816927     
   1.0994561982493212     
   5.3626085448589285     
  0.77651308572258881     
   6.7504984261592424     
   1.8116142735067955     
   2.4912995647244385     
   1.0828982475408726     
   3.4324880742566726     
   3.4627321060998333     
   2.6000058670300357     
   6.5344708962107587     
   2.8453574268002479     
   1.0312291913046490     
   2.2345327080978574     
   5.0613555534987151     
   4.3510935070570174     
   4.3837817553608343     
   2.3630223267273092     
   1.2153240606166464     
   2.1577169300979833     
  0.77123896591657404     
   1.6577651210974280     
   4.6426999660072603     
   5.1800238817971689     
   7.2265859020292353     
  0.66980864904486348     
  0.60154907503085941     
   5.9186706232289943     
   2.2845067509666137     
   3.3836478004787711     
   2.8888554195113607     
  0.83450096109683614     
  0.83630364814465641     
   2.6085044812521629     
   1.7058465182134885     
   3.5287023505345516     
   1.7978181596208211     
   2.4202049200780604     
   10.936090276287318     
  0.16338386524193119     
  0.34751776118437405     
   3.5181821448369224     
   4.3643621496642373     
   3.2742963506760550     
   1.7837589490715970     
   2.3376755948791073     
  0.59705263397664832     
   2.2025602939762066     
   1.7414186646182195     
   2.8103085302835629     
   4.2257618081422370     
   2.1293905765611987     
   1.3530429964811339     
   3.2331001694047674     
   3.4416464140390102     
   1.3667773461536363     
   1.1396829636524908     
   3.3707375334432035     
   2.2326568108808442     
   2.3157285996001362     
   1.3908883679085902     
   2.5591561839248849     
   1.9461771098944736     
   3.6298648940412690     
   1.6415274212604705     
   3.3441254045786115     
   2.9586015940186625     
   8.2893529505727592     
   2.7476767010225691     
   4.5508039455684264     
  0.75885072989700786     
   3.0261716539108807     
   1.3156172791962308     
   3.9309473690423480     
   3.8094383034305532     
   1.2731496361482566     
   4.1412642907304829     
   2.3282031683630766     
  0.80477194387888173     
   5.8261668808203915     
   1.8267841570804171     
   3.1346674079556305     
   3.1505269339546453     
   1.2069456603807220     
   1.1341679950954258     
   4.5127851784893220     
   1.2977728353244089     
   3.3498619506647089     
   1.0565457369886033     
   6.8183333363942307     
   2.2328838012896814     
   3.4637332879682492     
   1.6966902289508714     
   4.3062796443685833     
   3.6859546227102435     
   4.6745965788589237     
   4.2992448260302245     
   3.7140513783729161     
   2.0182298633698093     
   1.0070151749312739     
  0.85836903475655935     
   11.010483263181953     
   3.3917378616314560     
   2.8395784745486443     
   3.2090593922661275     
   1.4089701673699389     
   1.2084919504036074     
   1.0302318056608544     
  0.57467078573137664     
   1.8005074804900996     
  0.88295677774110770     
   1.6171484258545186     
  0.46792823432326686     
  0.85879079927407487     
  0.64326759885560902     
   3.4873030452300053     
   1.5234033778526019     
   4.4420897302768614     
   3.0158688629348336     
   2.0171460162483359     
   1.3426870433048608     
   5.5681743558080097     
   3.7455695030448166     
   1.5328562687420071     
   3.0675036049949500     
   2.1673923515032905     
   2.3059675911539204     
   4.7954042596904101     
   5.2253738314178673     
   7.5275055220402214     
   1.9604063992876923     
   2.0272269806653482     
   5.8394102887012762     
   5.0030606707255636     
   2.5798669590431689     
   1.3486530474870952     
  0.67905882716063604     
   4.1478169157399272     
   2.9296177636753833     
   3.0779506506189249     
   2.2769185905746054     
   1.7939800801733969     
   1.5816113419289697     
   3.8880801945288859     
   4.8882112978678158     
   3.2309476020322467     
   2.5106510705247493     
   3.9357912371092301     
   3.6736446829256932     
   2.5940561202027781     
   3.9037498176036149     
   2.5679346733213939     
  0.41464967818578508     
  0.81349707373205060     
   1.2492330616182079     
   2.8744411466242052     
   1.4035988027892934     
   3.4929724118129570     
   1.1377700083469122     
   3.0353453015292415     
   1.2950920224315476     
   1.3046374379527150     
  0.83782546908067990     
   3.9205475038644551     
   3.9366319583416813     
   3.2697201827680917     
   3.0227580262386420     
   1.7876767386923902     
   1.8628039671718613     
   3.1675175718176138     
  0.84605940532492152     
   4.9610135028016735     
   2.0131575031894906     
   8.9116441584452133     
   3.3465154714450165     
  0.52722811127386371     
  0.76381710138406023     
   4.6753973320690534     
   1.2505038639995827     
   4.5089403613593824     
   1.4557349558399828     
   13.438589533940833     
   6.7392512853581916     
   1.2418818152180360     
  0.47755820174186214     
   2.6896792258002247     
   1.3558000633194653     
   3.7843176935702583     
   5.0195360689181596     
   1.2916048494520875     
   1.5998451980498811     
   4.1119096313974888     
   1.9275346025065916     
   3.7951904363082023     
   1.9374340618007055     
   1.4843536292550061     
   1.7592991218113814     
   3.1204997978768163     
   4.0247192235680815     
   1.0280591890694064     
   3.2884234793266560     
   3.1521675086248302     
   2.8950360969973419     
   2.5348341193937163     
   1.3524740218655815     
   4.6665372537996008     
   1.0994085119346142     
   1.6651161162070640     
   1.6440825050428178     
   2.6408534883783412     
   5.1193349387160536     
   3.8563680701907250     
   1.2127640190094420     
   2.2023519991080884     
  0.93576824843397388     
   1.6446563514608272     
   3.8009914990313640     
   6.9315005693819209     
   1.2934750735491700     
   2.8623074056994358     
   2.6876084176721822     
   8.6492893311908539     
   1.4544159848211802     
   3.6481510102221244     
   1.8063988221559115     
  0.78336826842501983     
  0.32790152766432901     
   1.9987910890587910     
  0.68380884210862225     
   1.0382071681969660     
  0.74883730196621334     
   3.7063560190934366     
  0.74906261386823147     
   4.8276394710324793     
   2.7719207093116274     
   4.0287213890464733     
  0.60319578480646729     
   3.7039611486650861     
   3.8328758260808731     
   4.0374918948742673     
   1.0347275169085277     
   13.933000710051379     
