286
138 4 21
 57.1293 76.3174
 55.6423 74.7538
 54.5454 73.645
 52.9007 71.8457
 51.1108 69.5711
 50.2311 69.0905
 49.6762 69.4201
 48.9338 69.7807
 48.051 70.0457
 47.2246 70.5053
 47.6194 71.3237
 47.186 71.7001
 45.1413 72.1264
 44.1896 73.1847
 43.6259 73.6367
 42.1106 74.3043
 40.4914 75.179
 39.1928 75.6074
 37.99 75.6364
 37.4609 75.2835
 37.3373 75.244
138 73 5
 57.1293 76.3174
 57.9845 76.9596
 58.0443 79.0578
 57.5047 82.0215
 56.9356 82.9117
139 62 8
 -19.0915 -19.1546
 -20.3428 -19.9034
 -20.614 -20.2167
 -20.7096 -20.2618
 -20.7666 -20.1135
 -20.8281 -19.9922
 -20.8636 -19.8972
 -20.8678 -19.8493
139 76 5
 -19.0915 -19.1546
 -17.7955 -18.4701
 -17.5075 -18.3267
 -17.4113 -18.3108
 -17.3559 -18.3084
140 121 16
 -43.8281 14.1121
 -44.6339 12.9315
 -45.8287 12.9626
 -46.4909 12.9412
 -46.7197 12.4997
 -47.5354 12.5519
 -48.3599 12.6508
 -48.8521 11.8752
 -49.4201 10.6807
 -49.798 10.2282
 -50.0883 10.1793
 -50.6693 10.7332
 -51.2493 11.2842
 -51.743 10.8076
 -52.2745 10.2858
 -52.3239 10.2372
140 93 5
 -43.8281 14.1121
 -43.6324 15.896
 -43.4334 17.3344
 -43.4129 17.8972
 -43.4556 17.9823
141 0 6
 -26.3616 57.7559
 -27.1005 57.2913
 -27.3587 56.9061
 -27.5471 56.4624
 -27.497 56.3738
 -27.4747 56.3473
141 30 4
 -26.3616 57.7559
 -25.3885 58.2505
 -25.0392 58.3838
 -24.9664 58.4835
142 26 25
 -19.5979 49.5595
 -19.6256 50.6032
 -19.7727 52.1646
 -20.3395 52.6574
 -20.5571 52.7673
 -20.8547 52.3017
 -21.7261 52.2568
 -22.8222 52.1243
 -23.1739 52.1996
 -23.2956 52.2938
 -23.382 52.1618
 -23.3936 52.0733
 -23.4131 51.9053
 -23.543 51.2933
 -23.5043 50.567
 -23.5257 50.1677
 -23.7888 49.798
 -23.8922 49.5225
 -23.8889 49.2999
 -23.8278 48.8901
 -23.689 48.5416
 -23.7384 48.36
 -23.9608 48.2505
 -24.0863 48.1928
 -24.1101 48.1927
142 127 5
 -19.5979 49.5595
 -19.892 48.9123
 -19.9621 48.4012
 -19.6434 48.1878
 -19.5409 48.186
143 38 19
 9.0764 71.4818
 8.78065 73.0887
 8.1507 73.3717
 8.01825 73.4394
 7.85525 73.4456
 7.56555 73.7217
 6.5019 74.0928
 5.3361 74.1333
 4.98555 74.1557
 4.6678 74.372
 4.4712 74.7486
 3.67765 74.8087
 2.54465 74.735
 2.12945 74.8256
 1.9264 74.898
 1.7701 74.9702
 1.69355 75.0089
 1.70175 75.1071
 1.7462 75.147
143 97 4
 9.0764 71.4818
 8.8428 69.9131
 8.25685 69.5674
 7.6909 69.3983
144 66 5
 6.48415 20.1165
 6.19225 20.2952
 6.31335 20.6119
 6.39685 20.9472
 6.4234 20.9851
144 41 4
 6.48415 20.1165
 6.56125 19.7059
 6.43875 19.3934
 6.4669 19.2935
145 84 7
 13.5992 5.2947
 12.5726 6.37615
 11.9867 6.97565
 11.8006 7.12915
 11.7606 7.16565
 11.7487 7.205
 11.712 7.1981
145 137 19
 13.5992 5.2947
 14.1981 4.61715
 14.57 4.55845
 15.1435 4.5434
 15.5656 4.48045
 15.3281 4.5029
 14.9581 4.2846
 14.5679 3.7955
 14.5357 3.4502
 14.532 3.4202
 14.398 3.2277
 14.43 2.9614
 14.5844 2.79545
 14.6353 2.72125
 14.7265 2.59905
 14.7943 2.4275
 14.781 2.373
 14.7765 2.3386
 14.7795 2.32
146 80 8
 3.1523 -9.64005
 1.84375 -9.39125
 0.877 -9.51735
 0.78485 -9.9195
 0.57455 -10.5604
 0.44975 -10.8093
 0.47025 -10.8995
 0.4704 -10.9671
146 39 7
 3.1523 -9.64005
 3.7349 -10.446
 3.9545 -10.8979
 4.5358 -11.3538
 5.12445 -11.7938
 5.1622 -11.8318
 5.1868 -11.8524
147 11 38
 30.1669 66.1121
 28.792 66.4783
 27.5569 67.0982
 26.9999 67.0439
 26.962 67.1527
 26.6864 67.4014
 26.4096 67.664
 26.2073 68.2072
 25.9636 69.3166
 25.7085 69.8935
 25.2292 69.9324
 24.7454 70.2121
 24.4948 70.2834
 24.3964 71.083
 24.1412 71.9136
 23.9781 72.0851
 23.7153 71.8843
 23.44 71.4942
 23.2825 71.1621
 23.2027 70.7572
 22.9419 69.9861
 22.6681 69.3397
 22.3622 69.4855
 21.9062 69.8629
 21.7374 70.5719
 21.5691 71.2983
 21.077 71.3736
 20.7139 71.4401
 20.629 71.4967
 20.5629 71.5054
 20.3764 71.4708
 20.1674 71.4888
 20.0231 71.4581
 19.9305 71.3705
 19.8466 71.2934
 19.7591 71.2778
 19.6955 71.3085
 19.7009 71.3251
147 112 10
 30.1669 66.1121
 30.9531 66.3902
 31.0692 66.2227
 31.4301 65.8356
 31.8228 65.4611
 32.1117 65.0614
 32.8218 64.2527
 33.5183 63.5953
 33.7262 63.4019
 33.728 63.41
148 11 32
 19.89 75.6411
 20.08 75.3626
 20.298 75.1317
 19.9895 74.979
 20.1491 74.5869
 20.1959 74.4525
 19.7855 73.9521
 19.594 73.4321
 19.4971 73.2124
 19.3987 73.0499
 19.3499 72.8441
 19.3533 72.6386
 19.3818 72.5702
 19.3543 72.5152
 19.2485 72.3227
 19.1427 72.1071
 19.1161 72.0522
 19.1695 71.9086
 19.2445 71.7287
 19.2996 71.6183
 19.3456 71.518
 19.3538 71.4593
 19.3249 71.43
 19.3693 71.4436
 19.4199 71.4259
 19.459 71.4138
 19.4772 71.436
 19.5055 71.4407
 19.5507 71.4136
 19.6323 71.3672
 19.6932 71.3294
 19.7009 71.3251
148 43 4
 19.89 75.6411
 19.4443 76.0317
 19.1232 76.2332
 19.0939 76.2609
149 125 11
 -54.2085 4.33925
 -53.9168 2.86395
 -54.347 1.85845
 -54.1236 1.7076
 -53.6895 1.36215
 -53.6885 0.8332
 -54.1682 0.308
 -54.6325 0.0486
 -54.8733 0.00195
 -54.9327 -0.01905
 -54.9615 -0.039
149 121 9
 -54.2085 4.33925
 -55.1728 5.503
 -54.7545 6.0874
 -53.6058 7.39485
 -53.1332 8.80715
 -52.1908 9.3241
 -51.7533 10.0338
 -52.2756 10.2228
 -52.3239 10.2372
150 65 15
 -21.6475 2.1777
 -22.3023 3.39755
 -22.6841 4.5287
 -23.8235 5.5892
 -25.0535 6.31165
 -25.614 6.20065
 -25.4062 7.1278
 -25.8087 8.5054
 -26.6974 9.29895
 -26.7549 9.6542
 -26.2477 10.2739
 -26.0431 10.6059
 -26.1 10.7441
 -26.1908 10.9988
 -26.1808 11.1112
150 78 7
 -21.6475 2.1777
 -20.9548 1.561
 -20.07 1.4
 -20.5222 0.5805
 -20.1729 -0.7657
 -20.0175 -1.2445
 -19.854 -1.3281
151 136 13
 -15.4522 -18.86
 -14.3517 -17.6514
 -13.5759 -16.6768
 -13.3506 -16.2883
 -13.0837 -16.2202
 -13.3024 -16.1238
 -13.5096 -15.9314
 -13.5344 -15.8004
 -13.6238 -15.657
 -13.6114 -15.6108
 -13.4365 -15.6206
 -13.3363 -15.5856
 -13.3038 -15.5751
151 76 6
 -15.4522 -18.86
 -15.8302 -19.478
 -16.3668 -19.3749
 -17.1286 -18.7873
 -17.3816 -18.3233
 -17.3559 -18.3084
152 92 25
 -7.43425 -8.84295
 -6.9799 -9.7508
 -6.8593 -10.3916
 -6.95165 -10.6483
 -7.22055 -10.9074
 -7.4779 -10.8971
 -7.6316 -10.9798
 -7.8908 -11.1523
 -8.23505 -11.2964
 -8.51355 -11.3907
 -8.5784 -11.6384
 -8.43545 -11.8911
 -8.5887 -11.8678
 -8.79285 -11.9583
 -8.95595 -12.0107
 -9.0178 -11.9983
 -9.07315 -12.0371
 -9.13695 -12.0867
 -9.1913 -12.1203
 -9.2366 -12.1457
 -9.3029 -12.1968
 -9.3886 -12.2351
 -9.4609 -12.1647
 -9.48555 -12.069
 -9.48 -12.0554
152 90 12
 -7.43425 -8.84295
 -8.0761 -8.46775
 -8.38505 -8.2521
 -8.154 -8.1649
 -7.30305 -7.7869
 -6.5673 -7.4124
 -6.0368 -7.56755
 -5.62615 -7.68685
 -5.4296 -7.80765
 -5.1903 -7.9632
 -5.10905 -8.0476
 -5.081 -8.1033
153 92 17
 -13.1631 -6.602
 -12.4014 -7.2562
 -11.9515 -7.5019
 -11.3685 -7.80175
 -11.2682 -7.96155
 -11.7435 -8.4561
 -11.5244 -9.13215
 -10.49 -9.50525
 -9.93665 -9.7008
 -9.5888 -10.3886
 -9.27365 -11.1793
 -9.1922 -11.4948
 -9.29665 -11.7094
 -9.42185 -11.7931
 -9.40395 -11.9408
 -9.4362 -12.0681
 -9.48 -12.0554
153 42 3
 -13.1631 -6.602
 -13.8295 -5.9544
 -13.8277 -5.9253
154 120 14
 -0.7625 23.8508
 2.0977 23.9943
 2.61595 24.559
 3.1463 25.021
 3.6232 25.046
 4.1189 24.5134
 4.4282 24.1584
 4.5542 24.0624
 5.16135 23.9538
 5.75775 23.8974
 6.50085 24.0068
 7.41095 23.7662
 7.6543 23.4071
 7.6333 23.3494
154 129 5
 -0.7625 23.8508
 -4.10975 24.6225
 -4.8195 25.4615
 -4.8079 25.8224
 -4.8341 25.8614
155 1 11
 -24.2432 37.4937
 -24.0906 37.8976
 -23.9506 38.4968
 -23.9571 38.715
 -24.1688 38.9569
 -24.354 39.3635
 -24.3273 39.5719
 -24.3728 39.5505
 -24.4973 39.4393
 -24.6111 39.3533
 -24.6466 39.3145
155 83 13
 -24.2432 37.4937
 -24.2992 37.3892
 -24.5298 37.2075
 -24.8523 36.8842
 -25.019 36.6638
 -25.3174 36.5461
 -25.7891 36.357
 -26.0078 36.2145
 -26.1138 36.0468
 -26.1516 35.8642
 -26.0366 35.507
 -25.9681 35.2227
 -25.9662 35.2053
156 36 12
 -26.9693 36.8829
 -27.2706 37.0998
 -27.5088 37.4321
 -27.5357 37.7258
 -27.5987 37.4608
 -27.6329 37.149
 -27.7926 36.8769
 -28.0125 36.6786
 -28.283 36.4515
 -28.5248 36.1348
 -28.5833 35.9527
 -28.6207 35.9432
156 83 8
 -26.9693 36.8829
 -26.5139 36.5156
 -26.0973 36.1779
 -26.1138 36.0468
 -26.1516 35.8642
 -26.0366 35.507
 -25.9681 35.2227
 -25.9662 35.2053
157 54 13
 -42.6179 23.3513
 -41.6767 22.8052
 -41.2115 22.8229
 -40.9291 22.8568
 -40.7872 22.8288
 -40.687 22.8052
 -40.3754 22.8715
 -39.6096 22.8808
 -38.9095 22.6706
 -38.4545 22.1916
 -37.8672 21.4866
 -37.5404 21.0965
 -37.5004 21.0637
157 93 12
 -42.6179 23.3513
 -43.3045 23.8632
 -43.4669 23.7842
 -43.3194 23.3524
 -43.0269 22.4974
 -43.0445 21.9292
 -43.034 21.7598
 -43.1072 21.0399
 -43.1875 20.1195
 -43.222 18.8871
 -43.3885 17.9746
 -43.4556 17.9823
158 29 21
 -45.1675 24.2265
 -45.5332 24.8182
 -46.0533 25.2132
 -47.0611 25.581
 -47.6366 25.5447
 -47.6472 25.5577
 -47.9329 25.7936
 -48.1915 26.1234
 -48.2709 26.2437
 -48.6504 26.2682
 -48.9302 26.4765
 -49.0388 26.6627
 -49.554 26.7492
 -50.0544 26.7534
 -50.2379 26.6033
 -50.4024 26.4494
 -50.5563 26.4569
 -50.6654 26.5202
 -50.7244 26.5345
 -50.7826 26.5253
 -50.8075 26.5188
158 93 14
 -45.1675 24.2265
 -44.4897 23.6551
 -44.0305 23.6301
 -43.7658 23.6655
 -43.4669 23.7842
 -43.3194 23.3524
 -43.0269 22.4974
 -43.0445 21.9292
 -43.034 21.7598
 -43.1072 21.0399
 -43.1875 20.1195
 -43.222 18.8871
 -43.3885 17.9746
 -43.4556 17.9823
159 37 12
 -59.8 18.5859
 -59.372 27.7206
 -58.3977 26.5888
 -57.6567 26.45
 -57.3234 26.9608
 -56.3874 27.6487
 -55.9263 29.082
 -56.1643 30.313
 -55.7263 30.643
 -55.3469 30.8964
 -55.384 31.0218
 -55.399 31.053
159 109 4
 -59.8 18.5859
 -59.4977 8.81265
 -59.1213 8.96075
 -59.1091 8.9508
160 63 12
 -47.5766 28.348
 -47.0452 29.1132
 -46.8906 29.416
 -47.088 29.4837
 -47.0427 29.6301
 -46.8297 29.6735
 -46.4386 29.8546
 -45.9464 30.1674
 -45.8137 30.4039
 -45.7702 30.5113
 -45.6201 30.4699
 -45.4954 30.42
160 29 13
 -47.5766 28.348
 -48.6213 27.4969
 -49.1945 26.9298
 -49.0388 26.6627
 -49.554 26.7492
 -50.0544 26.7534
 -50.2379 26.6033
 -50.4024 26.4494
 -50.5563 26.4569
 -50.6654 26.5202
 -50.7244 26.5345
 -50.7826 26.5253
 -50.8075 26.5188
161 86 6
 -53.7048 41.6458
 -53.6787 42.8513
 -53.6676 43.1413
 -53.821 43.4945
 -53.9007 43.7271
 -53.9287 43.7539
161 69 7
 -53.7048 41.6458
 -54.1313 40.7302
 -54.8287 40.6825
 -55.0083 40.3592
 -54.1199 40.1555
 -53.1322 40.0341
 -53.0283 39.9882
162 34 12
 -29.5422 48.3698
 -31.1659 47.9914
 -32.4211 48.3884
 -33.094 49.2677
 -33.7522 49.631
 -34.6319 48.6294
 -35.3016 47.8936
 -35.4167 47.9388
 -35.5233 47.9994
 -35.6959 47.9601
 -35.8329 47.9141
 -35.8362 47.9076
162 19 4
 -29.5422 48.3698
 -28.742 49.6317
 -28.5821 50.3788
 -28.5816 50.4046
163 26 14
 -27.6555 50.4187
 -26.4944 50.1795
 -26.4552 49.73
 -26.6854 49.5117
 -26.443 49.6754
 -25.8127 49.521
 -25.3122 48.9123
 -24.8171 48.5224
 -24.3958 48.4044
 -24.3319 48.3445
 -24.2635 48.2756
 -24.2006 48.2016
 -24.1343 48.1842
 -24.1101 48.1927
163 19 3
 -27.6555 50.4187
 -28.5756 50.4054
 -28.5816 50.4046
164 110 7
 -26.0986 55.5501
 -25.2113 55.3067
 -24.788 55.2319
 -24.7927 55.4964
 -24.247 55.7372
 -23.6895 55.7
 -23.6751 55.6678
164 0 6
 -26.0986 55.5501
 -26.7486 55.794
 -26.9391 56.0662
 -27.1931 56.3031
 -27.462 56.3546
 -27.4747 56.3473
165 26 20
 -24.3286 53.5475
 -23.9175 52.9752
 -23.3373 52.7055
 -23.2126 52.4208
 -23.2956 52.2938
 -23.382 52.1618
 -23.3936 52.0733
 -23.4131 51.9053
 -23.543 51.2933
 -23.5043 50.567
 -23.5257 50.1677
 -23.7888 49.798
 -23.8922 49.5225
 -23.8889 49.2999
 -23.8278 48.8901
 -23.689 48.5416
 -23.7384 48.36
 -23.9608 48.2505
 -24.0863 48.1928
 -24.1101 48.1927
165 110 10
 -24.3286 53.5475
 -24.5882 54.1599
 -24.8605 54.2773
 -24.7958 54.6881
 -24.7579 55.1474
 -24.788 55.2319
 -24.7927 55.4964
 -24.247 55.7372
 -23.6895 55.7
 -23.6751 55.6678
166 9 27
 -23.046 76.2156
 -22.8876 76.5467
 -22.5015 76.747
 -22.393 76.6816
 -22.1838 76.6644
 -21.9423 76.7792
 -21.8409 76.8517
 -21.7587 76.9243
 -21.6565 77.0159
 -21.5958 77.1091
 -21.6158 77.2039
 -21.6608 77.2715
 -21.5531 77.3572
 -21.4058 77.4314
 -21.3633 77.434
 -21.3438 77.4596
 -21.328 77.4946
 -21.3163 77.5475
 -21.316 77.5986
 -21.2778 77.64
 -21.2214 77.7013
 -21.2263 77.7757
 -21.2027 77.8369
 -21.1558 77.8194
 -21.0661 77.7627
 -20.992 77.716
 -21.004 77.6954
166 49 11
 -23.046 76.2156
 -23.2574 75.8988
 -23.6504 75.6779
 -23.8407 75.5142
 -23.9864 75.3557
 -23.9999 75.2987
 -24.1264 75.2656
 -24.3417 75.299
 -24.5002 75.4332
 -24.5411 75.4904
 -24.5525 75.4785
167 57 10
 -24.0398 65.4997
 -24.2583 65.1297
 -24.3405 64.6663
 -24.4132 64.2881
 -24.3692 63.8424
 -24.2251 63.4138
 -24.0922 63.3045
 -23.9128 63.3019
 -23.8629 63.3418
 -23.8729 63.3533
167 68 5
 -24.0398 65.4997
 -23.8587 65.8882
 -23.903 66.1868
 -24.0177 66.3454
 -24.0291 66.4047
168 9 52
 -14.4412 76.1732
 -14.6962 77.1445
 -14.6995 77.4282
 -14.6914 77.5753
 -14.8678 77.527
 -15.061 77.7214
 -15.8744 78.1653
 -16.6192 78.6422
 -16.7435 78.7579
 -17.2364 79.099
 -17.787 79.6079
 -17.9746 79.7654
 -17.996 79.9823
 -18.0247 80.049
 -18.2183 80.2453
 -18.4697 80.4855
 -18.6777 80.7397
 -18.8473 81.0345
 -19.0198 81.0932
 -19.187 81.0533
 -19.209 80.996
 -19.1582 80.8873
 -19.1511 80.6474
 -19.1087 80.4428
 -19.0721 80.3565
 -19.1858 80.2493
 -19.3733 80.1644
 -19.5644 80.0701
 -19.7101 79.9296
 -19.8088 79.7738
 -19.9158 79.5624
 -19.9767 79.3989
 -19.9832 79.3367
 -19.9845 79.2128
 -20.0084 79.0217
 -20.0443 78.8582
 -20.2597 78.6405
 -20.5749 78.4476
 -20.7831 78.4768
 -20.8905 78.56
 -20.9235 78.4562
 -20.965 78.3083
 -20.9326 78.2289
 -20.8582 78.2076
 -20.9808 78.1873
 -21.0995 78.0235
 -21.1471 77.8698
 -21.2027 77.8369
 -21.1558 77.8194
 -21.0661 77.7627
 -20.992 77.716
 -21.004 77.6954
168 101 3
 -14.4412 76.1732
 -14.2284 75.1461
 -14.1876 74.9461
169 66 6
 4.5142 20.8836
 5.56635 20.9401
 6.1299 20.8166
 6.27965 20.9577
 6.4063 20.9878
 6.4234 20.9851
169 106 7
 4.5142 20.8836
 3.8661 20.4501
 3.72325 20.2062
 3.58275 20.1614
 2.7736 20.6039
 2.07115 21.0025
 2.0609 21.0125
170 31 8
 10.2393 24.7661
 10.8271 24.1622
 11.1511 23.6376
 11.2887 23.4305
 11.24 23.2843
 11.0852 23.163
 10.8983 23.0995
 10.884 23.0727
170 120 7
 10.2393 24.7661
 9.3387 24.7873
 8.59875 24.3051
 8.09005 24.0365
 7.782 23.7554
 7.6543 23.4071
 7.6333 23.3494
171 58 35
 4.57685 32.0686
 3.90705 33.2803
 3.28215 33.591
 2.85215 34.6443
 2.9423 35.4629
 2.2249 36.2581
 0.78385 37.2638
 -0.52185 37.687
 -1.0857 38.4235
 -1.13695 39.1174
 -1.1606 39.2359
 -0.4356 39.7825
 0.43975 39.9505
 0.17405 40.9138
 0.00605 41.562
 0.0293 41.8901
 -0.4074 42.8649
 -0.288 44.0159
 0.71395 44.4715
 0.9638 44.7124
 0.91285 45.7253
 0.94475 46.9534
 1.1636 47.3408
 1.73015 47.8415
 2.0578 48.6236
 2.54045 49.7519
 3.08795 50.8083
 3.78555 51.0766
 5.2815 51.951
 5.6425 52.8756
 4.93155 52.9891
 5.3693 53.1921
 6.259 53.86
 6.9357 54.46
 7.0066 54.525
171 120 19
 4.57685 32.0686
 5.1007 29.8434
 4.954 28.7976
 4.9338 28.7156
 4.81055 28.0889
 4.75865 26.8794
 4.38335 26.194
 4.1639 25.9606
 4.4011 25.7182
 4.50175 25.0235
 4.50225 24.3193
 4.4282 24.1584
 4.5542 24.0624
 5.16135 23.9538
 5.75775 23.8974
 6.50085 24.0068
 7.41095 23.7662
 7.6543 23.4071
 7.6333 23.3494
172 105 24
 -0.2332 55.2374
 0.05545 56.8314
 -0.42905 57.4437
 -1.0847 57.9635
 -2.1245 57.7281
 -2.9587 57.4506
 -3.23155 57.7785
 -3.5798 58.0764
 -4.123 58.7683
 -4.2622 59.3965
 -4.4088 59.7808
 -4.58895 61.4134
 -4.40645 62.9831
 -3.2864 63.4232
 -3.83065 64.2666
 -3.86435 65.6224
 -4.41795 65.9753
 -4.6501 66.152
 -4.89965 66.5002
 -4.96195 67.599
 -4.93415 68.7854
 -5.01045 69.8633
 -5.00955 70.6074
 -5.0102 70.6111
172 58 16
 -0.2332 55.2374
 -0.1922 53.7401
 0.35695 53.139
 -0.3746 52.1452
 -0.29935 51.5803
 1.14845 51.5714
 2.4458 51.0781
 3.08795 50.8083
 3.78555 51.0766
 5.2815 51.951
 5.6425 52.8756
 4.93155 52.9891
 5.3693 53.1921
 6.259 53.86
 6.9357 54.46
 7.0066 54.525
173 11 37
 27.0075 77.4044
 27.025 76.2372
 27.0511 75.6255
 26.5576 74.9926
 26.3097 74.3699
 26.2511 73.8766
 25.6082 73.5797
 24.9389 73.38
 24.7132 73.1592
 24.6921 72.989
 24.6264 72.5264
 24.5229 72.2167
 24.278 72.1395
 24.1412 71.9136
 23.9781 72.0851
 23.7153 71.8843
 23.44 71.4942
 23.2825 71.1621
 23.2027 70.7572
 22.9419 69.9861
 22.6681 69.3397
 22.3622 69.4855
 21.9062 69.8629
 21.7374 70.5719
 21.5691 71.2983
 21.077 71.3736
 20.7139 71.4401
 20.629 71.4967
 20.5629 71.5054
 20.3764 71.4708
 20.1674 71.4888
 20.0231 71.4581
 19.9305 71.3705
 19.8466 71.2934
 19.7591 71.2778
 19.6955 71.3085
 19.7009 71.3251
173 64 4
 27.0075 77.4044
 28.1645 78.5287
 29.1911 78.9404
 29.1998 78.969
174 11 17
 17.9693 70.8885
 18.3557 71.0396
 18.6003 71.1051
 18.7219 71.004
 18.8953 70.9996
 19.0508 71.0121
 19.1909 71.0189
 19.2683 71.1017
 19.3375 71.1931
 19.4177 71.2389
 19.4725 71.2711
 19.5366 71.328
 19.5415 71.395
 19.5507 71.4136
 19.6323 71.3672
 19.6932 71.3294
 19.7009 71.3251
174 52 8
 17.9693 70.8885
 17.7143 70.9473
 17.6322 71.0283
 17.6222 71.1352
 17.6941 71.4256
 17.5507 71.6076
 17.3248 71.5936
 17.3181 71.582
175 21 27
 30.3561 50.6216
 29.7961 50.06
 28.9813 49.359
 27.9325 48.3157
 27.513 47.5145
 27.0602 47.2675
 26.7326 46.4589
 26.6124 45.5469
 26.1693 45.1775
 26.7139 43.859
 27.7108 42.539
 28.5497 41.7504
 29.0937 41.2057
 29.4155 41.4317
 30.2308 41.6787
 30.934 41.5393
 30.6586 40.6174
 30.1326 39.4069
 30.0903 38.1071
 30.4879 37.1172
 30.8759 36.8165
 30.515 37.0692
 29.5613 37.1188
 29.0199 36.5954
 29.0731 36.0765
 29.0355 35.9343
 29.0291 35.8619
175 118 5
 30.3561 50.6216
 31.0962 51.3442
 32.1351 51.9064
 32.7744 52.0572
 32.825 52.0748
176 133 9
 38.1317 65.9417
 39.0754 66.0947
 39.7192 66.0131
 39.996 66.1221
 40.1825 66.1666
 40.5073 66.1223
 40.8014 66.065
 40.9458 66.0499
 40.9531 66.014
176 60 5
 38.1317 65.9417
 37.4524 65.4216
 36.9132 64.7699
 36.458 64.2637
 36.4209 64.2219
177 45 4
 34.6357 79.0271
 34.1897 79.2838
 34.0287 79.3172
 34.0163 79.3189
177 128 4
 34.6357 79.0271
 35.2094 78.674
 35.5215 78.4904
 35.5572 78.4352
178 60 3
 35.7698 63.5749
 36.4425 64.1559
 36.4209 64.2219
178 123 4
 35.7698 63.5749
 35.0311 63.0536
 34.9648 63.0553
 34.943 63.0631
179 118 6
 38.7311 52.1503
 35.9151 51.4603
 33.5017 51.233
 33.0766 51.5382
 32.8167 52.0233
 32.825 52.0748
179 51 8
 38.7311 52.1503
 38.8164 53.8387
 38.4814 55.209
 39.3744 55.2476
 40.844 55.187
 42.2161 55.6861
 42.9623 55.9416
 43.0524 55.872
180 116 11
 25.5801 37.2075
 24.0698 37.8758
 23.0067 38.156
 23.0764 38.4691
 23.2565 39.2631
 23.2563 39.7974
 23.2732 40.1038
 23.0616 40.0711
 22.7439 40.1604
 22.5336 40.0237
 22.4965 40.0365
180 21 11
 25.5801 37.2075
 26.0158 36.5489
 26.5778 35.5414
 27.293 34.559
 27.8342 34.594
 28.4446 34.9669
 28.7472 35.2958
 28.9343 35.5722
 28.9883 35.7407
 29.0182 35.8563
 29.0291 35.8619
181 75 5
 22.6185 19.4963
 22.8303 18.8828
 23.2638 18.6964
 23.5719 18.694
 23.6254 18.6408
181 135 5
 22.6185 19.4963
 22.4299 19.9041
 22.26 20.0147
 22.2454 20.1065
 22.2451 20.119
182 21 20
 36.6774 33.2769
 36.08 34.2994
 35.7184 34.6873
 35.0967 35.1732
 34.7636 35.4272
 34.5145 35.7447
 34.8016 36.4129
 34.8096 36.7654
 34.0769 37.0066
 33.3118 36.7341
 32.5473 36.2509
 31.8299 36.4786
 31.1669 36.6672
 30.8759 36.8165
 30.515 37.0692
 29.5613 37.1188
 29.0199 36.5954
 29.0731 36.0765
 29.0355 35.9343
 29.0291 35.8619
182 72 5
 36.6774 33.2769
 37.7724 32.5377
 38.4922 32.7215
 38.8499 32.674
 38.9495 32.6004
183 72 3
 39.9005 31.4065
 38.9406 32.3974
 38.9495 32.6004
183 18 4
 39.9005 31.4065
 40.9229 30.3409
 40.8905 29.7803
 40.8046 29.4971
184 33 4
 36.7284 10.3039
 35.8075 10.9449
 35.2026 11.4014
 35.2125 11.4715
184 5 5
 36.7284 10.3039
 37.3216 9.941
 37.9939 9.6128
 38.3791 9.37645
 38.3794 9.36
185 33 6
 35.3405 8.742
 34.968 9.82685
 34.1896 10.4567
 34.8802 10.9098
 35.1889 11.376
 35.2125 11.4715
185 124 4
 35.3405 8.742
 35.4238 7.75
 35.5002 7.1173
 35.493 7.104
186 31 15
 10.5028 17.369
 10.6501 18.8902
 10.9382 19.0845
 10.2698 19.4972
 9.84735 19.875
 10.5066 20.1537
 10.9263 20.7276
 10.9436 20.8663
 11.2147 21.4486
 11.4384 22.0568
 11.5245 22.2301
 11.3516 22.6629
 10.9889 22.9818
 10.8911 23.0346
 10.884 23.0727
186 134 8
 10.5028 17.369
 9.9281 15.744
 9.51755 15.2954
 9.21525 15.2736
 8.88595 15.005
 8.63365 14.8477
 8.5552 14.8615
 8.5385 14.8455
187 32 19
 7.67995 7.77075
 7.47615 7.72425
 7.2313 7.65005
 6.86985 7.55735
 6.4929 7.8181
 5.9762 8.0477
 5.4034 7.88905
 4.8935 7.93205
 4.6253 8.02595
 4.4121 7.97885
 3.8729 7.7561
 3.4954 7.50155
 3.45135 7.4233
 3.3111 7.02525
 2.7919 6.34645
 2.70675 5.16485
 3.0482 4.0256
 3.0279 3.68725
 2.9997 3.646
187 25 7
 7.67995 7.77075
 8.4099 7.7126
 9.02375 7.54735
 9.1669 7.3302
 9.27395 7.15925
 9.3246 7.1642
 9.3512 7.1823
188 111 19
 36.3389 -26.0471
 34.3987 -23.7094
 33.9766 -23.584
 33.2631 -22.6573
 32.449 -21.7857
 33.0109 -21.499
 33.2737 -20.9869
 33.0032 -20.7388
 32.5294 -20.3368
 32.0133 -19.8153
 31.8699 -19.6231
 31.759 -19.212
 31.7624 -18.0847
 32.1065 -17.5214
 33.1522 -17.9219
 33.9247 -17.7827
 34.5255 -17.0438
 35.1701 -16.555
 35.1958 -16.4813
188 35 5
 36.3389 -26.0471
 34.3921 -30.3344
 30.8194 -32.1774
 30.7155 -31.9422
 30.7156 -31.8967
189 92 12
 -11.9527 -12.2304
 -11.2705 -12.2
 -10.8163 -12.4216
 -10.5917 -12.5721
 -10.3387 -12.8389
 -10.0326 -12.746
 -9.6754 -12.3509
 -9.4765 -12.2622
 -9.3886 -12.2351
 -9.4609 -12.1647
 -9.48555 -12.069
 -9.48 -12.0554
189 136 14
 -11.9527 -12.2304
 -12.9755 -12.7145
 -13.7879 -13.397
 -14.0616 -13.7978
 -13.9042 -14.2314
 -13.9694 -14.7099
 -14.107 -14.9305
 -14.2073 -15.3444
 -14.0028 -15.5629
 -13.757 -15.5913
 -13.6114 -15.6108
 -13.4365 -15.6206
 -13.3363 -15.5856
 -13.3038 -15.5751
190 70 9
 -9.5257 7.8255
 -7.256 7.0194
 -6.4513 7.6247
 -6.3198 7.66795
 -6.08135 7.64615
 -5.8256 7.61535
 -5.72565 7.59595
 -5.66925 7.69815
 -5.6652 7.7812
190 56 3
 -9.5257 7.8255
 -11.1253 9.1523
 -11.1588 9.1405
191 24 9
 17.7734 25.9141
 16.8237 27.0502
 16.7145 27.0777
 16.319 27.6518
 14.971 28.3876
 13.8899 28.6119
 13.7759 28.6234
 13.7346 28.6204
 13.7008 28.6545
191 17 4
 17.7734 25.9141
 18.5946 24.673
 18.5494 24.5259
 18.5455 24.4972
192 122 43
 24.8038 0.75875
 26.3708 -0.6646
 26.6505 -1.5188
 26.8168 -1.1478
 27.3172 -1.00945
 28.5537 -0.99985
 29.7355 -0.68695
 30.153 -0.53495
 30.2957 -1.3868
 30.4236 -2.15355
 31.4012 -2.07415
 32.3832 -2.0315
 32.8225 -2.27895
 32.8214 -2.58935
 33.3728 -2.7219
 33.6252 -3.1531
 33.4593 -3.798
 33.8332 -3.27655
 34.5471 -3.37505
 35.0133 -3.5022
 35.1035 -3.5052
 35.3178 -3.5125
 35.7448 -3.5097
 36.2179 -3.3323
 36.8688 -3.2641
 37.8587 -3.03055
 38.9003 -3.05645
 39.3663 -3.8617
 39.4622 -4.53
 39.6357 -4.8633
 39.8933 -5.07075
 40.5663 -5.0377
 41.7354 -4.65425
 42.5577 -4.39645
 42.8013 -4.34255
 42.9835 -4.324
 43.2565 -4.24565
 43.5938 -4.18205
 43.7216 -4.23705
 43.6692 -4.1089
 43.6938 -3.89585
 43.758 -3.7377
 43.7683 -3.7118
192 53 12
 24.8038 0.75875
 22.6307 0.7991
 21.6718 0.0086
 21.4517 -0.0551
 21.3701 0.12865
 21.3321 0.3241
 20.8757 0.9998
 20.1747 2.07295
 19.7843 2.48965
 19.6812 2.6445
 19.7503 2.87645
 19.8042 2.9401
193 90 8
 -4.28285 -7.8204
 -4.6128 -8.2014
 -4.70455 -8.2569
 -4.83335 -8.25295
 -4.9193 -8.16975
 -4.9807 -8.1394
 -5.05605 -8.1093
 -5.081 -8.1033
193 47 9
 -4.28285 -7.8204
 -3.58815 -7.48255
 -3.57785 -7.45395
 -3.75945 -6.94285
 -3.356 -6.44405
 -3.1179 -6.33875
 -2.97475 -6.21535
 -2.83215 -6.13125
 -2.7873 -6.1422
194 83 25
 -16.1084 25.2901
 -15.3766 28.5708
 -15.5449 29.4529
 -16.1884 30.097
 -16.3529 30.9436
 -16.0467 31.5854
 -16.7064 31.3507
 -17.5075 32.0947
 -18.1245 32.6872
 -18.6697 32.7318
 -18.6897 32.7629
 -19.3317 33.0571
 -20.2319 33.3632
 -20.8688 33.8773
 -21.1462 34.6392
 -21.7115 34.8596
 -22.7546 34.8659
 -23.4515 34.8943
 -23.8489 34.764
 -23.8259 35.0004
 -24.3181 35.0159
 -25.1917 35.0278
 -25.7984 35.1678
 -25.9588 35.2052
 -25.9662 35.2053
194 107 4
 -16.1084 25.2901
 -16.9074 22.8329
 -17.0117 22.7618
 -17.1125 22.693
195 29 13
 -55.187 29.275
 -54.0555 27.8737
 -53.1813 27.39
 -53.4714 26.8244
 -53.0285 27.1642
 -52.1339 27.1986
 -51.3783 27.097
 -51.0304 27.151
 -50.9537 26.9304
 -50.9444 26.7814
 -50.8802 26.6474
 -50.8223 26.5268
 -50.8075 26.5188
195 37 5
 -55.187 29.275
 -55.2617 30.7517
 -55.3469 30.8964
 -55.384 31.0218
 -55.399 31.053
196 63 11
 -48.3189 31.3427
 -47.9532 29.5328
 -47.2666 29.5909
 -47.0427 29.6301
 -46.8297 29.6735
 -46.4386 29.8546
 -45.9464 30.1674
 -45.8137 30.4039
 -45.7702 30.5113
 -45.6201 30.4699
 -45.4954 30.42
196 69 10
 -48.3189 31.3427
 -47.9211 34.3895
 -48.2076 35.4257
 -48.2866 36.7407
 -47.9625 38.3186
 -48.9733 38.6687
 -51.3667 39.45
 -52.8714 39.9737
 -53.0183 39.968
 -53.0283 39.9882
197 89 6
 -44.7586 54.3535
 -43.7774 54.1352
 -42.5458 54.6753
 -41.5454 54.497
 -41.3454 54.2999
 -41.328 54.2349
197 113 4
 -44.7586 54.3535
 -45.3346 55.1984
 -45.3899 55.2765
 -45.4364 55.3141
198 10 5
 -45.9401 58.6302
 -45.7936 59.6069
 -45.4917 60.2495
 -45.5154 60.2805
 -45.5292 60.2983
198 113 4
 -45.9401 58.6302
 -45.6267 56.93
 -45.4575 55.4457
 -45.4364 55.3141
199 99 32
 -22.9495 73.2108
 -22.6499 72.7733
 -22.5378 72.3727
 -22.455 72.1741
 -22.4469 72.0637
 -22.4627 71.9622
 -22.4529 71.8488
 -22.4039 71.7267
 -22.3096 71.6391
 -22.1872 71.599
 -22.118 71.5061
 -22.2696 71.1432
 -22.4946 70.8323
 -22.694 70.8022
 -22.8549 70.8143
 -22.7826 70.7318
 -22.7729 70.6731
 -22.7333 70.5119
 -22.7244 70.3027
 -22.7551 70.2336
 -22.7281 70.2331
 -22.6744 70.2973
 -22.5478 70.3176
 -22.4627 70.2341
 -22.4395 70.1734
 -22.421 70.1161
 -22.4212 70.0303
 -22.4375 69.9096
 -22.4167 69.834
 -22.3919 69.7337
 -22.4473 69.5926
 -22.4767 69.5535
199 49 20
 -22.9495 73.2108
 -23.2951 73.4145
 -23.4683 73.4204
 -23.5883 73.5867
 -23.8428 73.7991
 -24.111 73.9142
 -24.1868 74.0694
 -24.2161 74.174
 -24.2915 74.2971
 -24.2109 74.4594
 -24.1577 74.646
 -24.3918 74.7871
 -24.4891 74.8775
 -24.35 75.0333
 -24.2474 75.196
 -24.1264 75.2656
 -24.3417 75.299
 -24.5002 75.4332
 -24.5411 75.4904
 -24.5525 75.4785
200 99 18
 -23.795 66.7396
 -23.9509 67.0677
 -24.4015 67.1026
 -24.5405 67.1638
 -24.7479 67.2453
 -24.917 67.4091
 -24.9067 67.5277
 -24.8769 67.5387
 -24.5546 67.6222
 -24.1463 67.8823
 -23.9514 68.0706
 -23.8486 68.1311
 -23.5913 68.263
 -23.067 68.5211
 -22.6179 68.7387
 -22.4262 69.1654
 -22.4389 69.5494
 -22.4767 69.5535
200 68 3
 -23.795 66.7396
 -24.0079 66.4055
 -24.0291 66.4047
201 26 31
 -12.7194 52.4887
 -14.9778 53.1936
 -17.2845 53.8805
 -18.2014 54.3088
 -18.5849 54.4082
 -19.1123 54.6444
 -18.9153 54.1751
 -19.3446 53.9677
 -19.6773 54.0602
 -20.0578 53.6795
 -20.5571 52.7673
 -20.8547 52.3017
 -21.7261 52.2568
 -22.8222 52.1243
 -23.1739 52.1996
 -23.2956 52.2938
 -23.382 52.1618
 -23.3936 52.0733
 -23.4131 51.9053
 -23.543 51.2933
 -23.5043 50.567
 -23.5257 50.1677
 -23.7888 49.798
 -23.8922 49.5225
 -23.8889 49.2999
 -23.8278 48.8901
 -23.689 48.5416
 -23.7384 48.36
 -23.9608 48.2505
 -24.0863 48.1928
 -24.1101 48.1927
201 71 4
 -12.7194 52.4887
 -11.3258 51.4474
 -9.9561 49.8733
 -9.3799 48.9752
202 21 21
 35.3895 41.3553
 35.4712 40.0373
 35.102 39.6329
 34.6158 39.5198
 34.335 39.3152
 34.2455 39.262
 34.1769 39.1666
 33.9807 38.294
 33.7829 37.3695
 34.0769 37.0066
 33.3118 36.7341
 32.5473 36.2509
 31.8299 36.4786
 31.1669 36.6672
 30.8759 36.8165
 30.515 37.0692
 29.5613 37.1188
 29.0199 36.5954
 29.0731 36.0765
 29.0355 35.9343
 29.0291 35.8619
202 48 5
 35.3895 41.3553
 35.1768 42.2642
 35.7269 42.7546
 36.2455 43.1965
 36.208 43.236
203 32 10
 1.24255 7.4066
 2.5136 7.4733
 3.4663 7.54915
 3.45135 7.4233
 3.3111 7.02525
 2.7919 6.34645
 2.70675 5.16485
 3.0482 4.0256
 3.0279 3.68725
 2.9997 3.646
203 8 7
 1.24255 7.4066
 0.8338 7.4735
 0.70595 7.5196
 0.2508 7.5526
 -0.24345 7.43775
 -0.39825 7.36415
 -0.4517 7.3829
204 6 6
 36.3858 6.4339
 36.8489 5.70795
 36.9591 5.1817
 36.9688 4.7954
 36.9829 4.68675
 36.979 4.6847
204 124 4
 36.3858 6.4339
 35.8169 6.9024
 35.5429 6.99775
 35.493 7.104
205 61 7
 -41.3307 -2.26605
 -41.0371 -0.4741
 -41.021 0.92395
 -41.6698 1.8664
 -42.8583 2.95055
 -43.6158 3.62205
 -43.8346 3.8343
205 119 5
 -41.3307 -2.26605
 -42.1554 -3.41745
 -43.202 -3.76875
 -43.7971 -3.6984
 -43.8918 -3.7167
206 61 8
 -37.4848 -1.78565
 -38.616 -0.4411
 -39.9293 0.37225
 -41.021 0.92395
 -41.6698 1.8664
 -42.8583 2.95055
 -43.6158 3.62205
 -43.8346 3.8343
206 131 7
 -37.4848 -1.78565
 -36.2702 -1.5938
 -34.6692 0.6081
 -32.8348 1.5018
 -32.3824 0.4904
 -32.4146 -0.18235
 -32.362 -0.1947
207 65 20
 -30.5985 0.9292
 -29.3178 1.0105
 -28.1722 2.2511
 -27.2453 3.11325
 -27.2338 3.8256
 -27.3669 5.12585
 -26.9793 5.71645
 -26.4944 5.7004
 -26.3583 5.7623
 -25.9995 5.86635
 -25.614 6.20065
 -25.4062 7.1278
 -25.8087 8.5054
 -26.6974 9.29895
 -26.7549 9.6542
 -26.2477 10.2739
 -26.0431 10.6059
 -26.1 10.7441
 -26.1908 10.9988
 -26.1808 11.1112
207 131 4
 -30.5985 0.9292
 -31.9664 0.58305
 -32.3593 -0.1472
 -32.362 -0.1947
208 59 24
 -31.951 -1.1178
 -31.4564 -2.11825
 -31.5453 -2.96285
 -31.5585 -3.93115
 -32.0603 -4.97795
 -32.5626 -5.927
 -31.9375 -6.5346
 -31.5224 -6.9987
 -31.1369 -8.27615
 -30.1767 -9.06615
 -29.6535 -9.12975
 -29.2572 -9.6091
 -28.9587 -9.92115
 -28.9053 -10.0392
 -29.0436 -10.2766
 -28.9674 -10.8002
 -28.6861 -11.1406
 -28.3605 -11.2786
 -28.0299 -11.568
 -27.9692 -11.7627
 -27.5815 -11.8321
 -27.1158 -12.24
 -27.0797 -12.661
 -27.1353 -12.6931
208 131 4
 -31.951 -1.1178
 -32.4331 -0.42635
 -32.3699 -0.24285
 -32.362 -0.1947
209 44 6
 -54.9895 -1.11395
 -54.9007 -1.7518
 -54.8661 -2.5567
 -54.8858 -3.19175
 -54.7589 -3.16715
 -54.6777 -3.1451
209 125 4
 -54.9895 -1.11395
 -54.9239 -0.3705
 -54.9154 -0.0683
 -54.9615 -0.039
210 125 22
 -41.4831 0.99315
 -42.6684 0.7061
 -43.4122 0.65465
 -44.5361 -0.371
 -46.3666 -1.561
 -47.3902 -1.5231
 -48.1011 -1.20565
 -48.8086 -1.0344
 -49.1582 -0.99795
 -49.2098 -0.9896
 -49.977 -0.7287
 -51.2618 -0.83365
 -51.6659 -1.2752
 -51.8654 -1.04185
 -52.189 -0.58295
 -52.8262 0.23315
 -53.5731 0.61455
 -54.1682 0.308
 -54.6325 0.0486
 -54.8733 0.00195
 -54.9327 -0.01905
 -54.9615 -0.039
210 61 5
 -41.4831 0.99315
 -41.6698 1.8664
 -42.8583 2.95055
 -43.6158 3.62205
 -43.8346 3.8343
211 42 8
 -18.0619 -3.01025
 -17.106 -3.8246
 -15.5625 -4.4569
 -14.9941 -4.7229
 -14.6955 -5.35075
 -14.1239 -5.83545
 -13.8429 -5.91425
 -13.8277 -5.9253
211 78 4
 -18.0619 -3.01025
 -19.0227 -2.24615
 -19.9247 -1.52365
 -19.854 -1.3281
212 59 15
 -21.3419 -14.6888
 -23.012 -15.2237
 -24.4585 -15.1573
 -24.6796 -15.0163
 -24.6945 -15.1653
 -24.8259 -14.9021
 -25.2983 -14.5928
 -25.7179 -14.2733
 -25.8077 -14.1213
 -25.888 -13.8346
 -26.1229 -13.4997
 -26.4053 -13.213
 -26.7994 -12.8752
 -27.1233 -12.696
 -27.1353 -12.6931
212 77 9
 -21.3419 -14.6888
 -20.9332 -14.1898
 -20.404 -14.2157
 -19.2854 -13.491
 -18.6372 -12.9018
 -18.4061 -13.4618
 -18.194 -14.0542
 -18.1473 -14.2246
 -18.127 -14.2118
213 76 8
 -17.879 -15.3312
 -17.7015 -16.0957
 -17.5889 -16.2105
 -17.499 -16.6936
 -17.3631 -17.5281
 -17.3242 -17.9561
 -17.3959 -18.1802
 -17.3559 -18.3084
213 77 4
 -17.879 -15.3312
 -18.0937 -14.4767
 -18.1329 -14.232
 -18.127 -14.2118
214 136 17
 -7.8868 -19.0112
 -8.36825 -17.5665
 -8.8687 -16.5201
 -8.8091 -16.3134
 -9.0841 -16.3218
 -10.469 -16.2086
 -11.9511 -15.9157
 -12.345 -15.7585
 -12.4503 -15.508
 -12.6194 -15.4351
 -12.8328 -15.6118
 -13.0301 -15.7606
 -13.1305 -15.7304
 -13.1827 -15.6936
 -13.2587 -15.6358
 -13.3048 -15.5814
 -13.3038 -15.5751
214 55 13
 -7.8868 -19.0112
 -7.9556 -19.9257
 -7.98465 -21.2793
 -8.0129 -22.1658
 -8.01935 -22.1855
 -9.45445 -22.3982
 -11.1499 -22.3301
 -10.9018 -22.6418
 -10.0683 -23.8316
 -9.1282 -25.1392
 -9.41725 -25.8312
 -9.82255 -26.3651
 -9.8685 -26.366
215 47 9
 -2.84875 -7.9862
 -3.12225 -7.6407
 -3.57785 -7.45395
 -3.75945 -6.94285
 -3.356 -6.44405
 -3.1179 -6.33875
 -2.97475 -6.21535
 -2.83215 -6.13125
 -2.7873 -6.1422
215 50 5
 -2.84875 -7.9862
 -2.56655 -8.30195
 -2.4209 -8.4488
 -2.2258 -8.5546
 -2.1044 -8.5813
216 65 4
 -25.5009 13.4176
 -26.5221 11.7854
 -26.3368 11.1537
 -26.1808 11.1112
216 15 3
 -25.5009 13.4176
 -24.2698 14.4377
 -24.0894 14.415
217 65 28
 -18.803 20.4019
 -18.547 19.1577
 -17.8598 18.6674
 -17.4837 17.4736
 -17.2934 15.8666
 -17.1644 14.0943
 -17.3111 13.2177
 -17.2104 13.0777
 -17.3442 12.6287
 -18.0891 11.6575
 -19.0986 10.57
 -19.6492 9.0468
 -19.9665 7.8067
 -21.2987 6.6598
 -22.3932 4.8806
 -22.6841 4.5287
 -23.8235 5.5892
 -25.0535 6.31165
 -25.614 6.20065
 -25.4062 7.1278
 -25.8087 8.5054
 -26.6974 9.29895
 -26.7549 9.6542
 -26.2477 10.2739
 -26.0431 10.6059
 -26.1 10.7441
 -26.1908 10.9988
 -26.1808 11.1112
217 107 4
 -18.803 20.4019
 -18.2056 22.0892
 -17.1604 22.6468
 -17.1125 22.693
218 8 17
 -5.9022 18.3864
 -4.9098 18.042
 -4.04345 17.481
 -3.9312 15.8286
 -3.8764 13.9049
 -3.7645 13.2246
 -2.92245 13.0129
 -2.0808 12.2563
 -1.72625 11.5603
 -1.40055 11.3984
 -1.67585 10.6781
 -1.326 9.56955
 -0.8287 8.8226
 -0.9275 8.37975
 -0.72345 7.88715
 -0.4711 7.43015
 -0.4517 7.3829
218 115 4
 -5.9022 18.3864
 -5.69435 19.4038
 -5.2193 20.2201
 -5.1603 20.2207
219 8 10
 -3.8486 9.31105
 -2.65785 10.1438
 -1.9987 9.987
 -1.67585 10.6781
 -1.326 9.56955
 -0.8287 8.8226
 -0.9275 8.37975
 -0.72345 7.88715
 -0.4711 7.43015
 -0.4517 7.3829
219 70 5
 -3.8486 9.31105
 -4.7001 8.43725
 -5.28305 8.21295
 -5.6584 7.84235
 -5.6652 7.7812
220 115 13
 -11.6604 25.1847
 -11.9396 24.6322
 -11.3129 23.3302
 -10.3412 21.1905
 -9.96245 20.3582
 -9.6342 20.6238
 -8.4908 20.2174
 -7.38265 19.5562
 -7.04365 19.6701
 -6.2414 20.0199
 -5.40495 20.237
 -5.2193 20.2201
 -5.1603 20.2207
220 95 4
 -11.6604 25.1847
 -10.913 26.3441
 -10.31 26.8169
 -10.1881 26.6763
221 83 35
 -11.5834 28.5365
 -12.4626 29.0022
 -12.776 29.3875
 -12.8034 29.8923
 -13.7638 30.4475
 -14.5287 30.4394
 -14.6471 30.2409
 -14.6132 30.4618
 -14.1685 31.1474
 -13.9485 32.3016
 -14.498 32.7952
 -15.0793 32.5405
 -15.378 32.6896
 -15.7509 32.4745
 -16.0553 32.0061
 -16.0467 31.5854
 -16.7064 31.3507
 -17.5075 32.0947
 -18.1245 32.6872
 -18.6697 32.7318
 -18.6897 32.7629
 -19.3317 33.0571
 -20.2319 33.3632
 -20.8688 33.8773
 -21.1462 34.6392
 -21.7115 34.8596
 -22.7546 34.8659
 -23.4515 34.8943
 -23.8489 34.764
 -23.8259 35.0004
 -24.3181 35.0159
 -25.1917 35.0278
 -25.7984 35.1678
 -25.9588 35.2052
 -25.9662 35.2053
221 95 4
 -11.5834 28.5365
 -10.8419 27.6329
 -10.31 26.8169
 -10.1881 26.6763
222 82 14
 -29.5685 33.8096
 -29.7402 31.9242
 -29.8787 30.5875
 -30.1542 29.4452
 -30.9009 28.4261
 -31.4724 28.2128
 -31.6486 27.4816
 -31.7577 27.0204
 -31.8154 26.854
 -31.8315 26.6565
 -31.9408 26.7043
 -32.447 26.6629
 -32.8771 26.5005
 -32.906 26.4677
222 36 4
 -29.5685 33.8096
 -29.0955 35.1731
 -28.6317 35.9369
 -28.6207 35.9432
223 54 9
 -39.0182 24.5316
 -39.923 23.2013
 -40.3754 22.8715
 -39.6096 22.8808
 -38.9095 22.6706
 -38.4545 22.1916
 -37.8672 21.4866
 -37.5404 21.0965
 -37.5004 21.0637
223 3 7
 -39.0182 24.5316
 -37.7391 25.1791
 -37.1214 24.7826
 -37.6219 25.3183
 -38.2568 26.9288
 -38.4213 28.0642
 -38.4627 28.0801
224 3 7
 -35.7032 24.6977
 -36.7706 24.6877
 -37.1214 24.7826
 -37.6219 25.3183
 -38.2568 26.9288
 -38.4213 28.0642
 -38.4627 28.0801
224 82 6
 -35.7032 24.6977
 -34.4132 25.7447
 -33.6801 26.7358
 -33.2868 26.6686
 -32.974 26.5325
 -32.906 26.4677
225 91 9
 -46.328 27.3507
 -45.5573 27.5521
 -44.6874 27.5103
 -44.2165 27.2636
 -44.0566 27.2155
 -44.0395 27.1166
 -44.0071 26.6251
 -43.9524 26.1843
 -43.9354 26.1561
225 63 14
 -46.328 27.3507
 -46.5353 27.597
 -46.2663 28.3218
 -46.4359 29.1164
 -46.8906 29.416
 -47.088 29.4837
 -47.0427 29.6301
 -46.8297 29.6735
 -46.4386 29.8546
 -45.9464 30.1674
 -45.8137 30.4039
 -45.7702 30.5113
 -45.6201 30.4699
 -45.4954 30.42
226 79 5
 -58.2648 31.0982
 -58.6933 32.1785
 -57.314 33.3055
 -55.7983 33.6426
 -55.7812 33.5759
226 37 7
 -58.2648 31.0982
 -57.0782 30.4416
 -56.1643 30.313
 -55.7263 30.643
 -55.3469 30.8964
 -55.384 31.0218
 -55.399 31.053
227 113 8
 -48.0449 49.9303
 -47.4538 51.7543
 -47.2411 52.6098
 -47.1031 52.9012
 -46.562 53.7576
 -45.8042 54.7949
 -45.4424 55.2866
 -45.4364 55.3141
227 16 4
 -48.0449 49.9303
 -48.9009 48.7739
 -49.3792 48.5866
 -49.3787 48.5794
228 1 17
 -23.6625 42.4799
 -23.6094 42.1736
 -23.3714 42.0792
 -23.178 41.9086
 -23.4579 41.9749
 -24.035 41.7547
 -24.2956 41.3605
 -24.3083 40.9714
 -24.4086 40.68
 -24.5784 40.2796
 -24.828 39.9296
 -24.9999 39.9741
 -25.1388 39.7113
 -25.0648 39.3571
 -24.8281 39.3026
 -24.6829 39.3078
 -24.6466 39.3145
228 26 24
 -23.6625 42.4799
 -23.6071 42.8867
 -23.4373 43.053
 -23.4309 43.1566
 -23.4942 43.4062
 -23.4136 43.7044
 -23.508 44.1259
 -23.5597 44.4869
 -23.2568 44.76
 -22.8871 45.1572
 -22.5263 45.8428
 -22.4471 46.4448
 -22.7983 46.6829
 -22.9529 46.9302
 -22.9837 47.1056
 -23.041 47.4125
 -23.2423 47.6361
 -23.3579 47.6388
 -23.4253 47.6792
 -23.5375 47.9195
 -23.815 48.1019
 -24.0538 48.1504
 -24.0863 48.1928
 -24.1101 48.1927
229 126 4
 -38.0459 48.5604
 -40.1086 49.1149
 -40.2336 49.1303
 -40.3191 49.0876
229 34 5
 -38.0459 48.5604
 -35.9621 48.0517
 -35.8656 47.9799
 -35.8329 47.9141
 -35.8362 47.9076
230 28 8
 -40.3642 50.0481
 -41.3399 50.3262
 -42.2914 50.6001
 -42.3471 50.736
 -42.8144 50.6221
 -43.3165 50.0516
 -43.2598 49.5424
 -43.107 49.4283
230 126 4
 -40.3642 50.0481
 -40.2469 49.5712
 -40.2336 49.1303
 -40.3191 49.0876
231 16 6
 -46.9226 49.6479
 -47.6825 49.3488
 -48.2238 48.9366
 -48.9009 48.7739
 -49.3792 48.5866
 -49.3787 48.5794
231 28 6
 -46.9226 49.6479
 -45.7942 49.4771
 -44.7318 49.3139
 -43.8966 49.4238
 -43.2598 49.5424
 -43.107 49.4283
232 57 12
 -23.878 60.6562
 -23.9269 61.5016
 -24.0493 62.1867
 -24.2108 62.5633
 -24.2262 62.6046
 -24.1412 62.7271
 -23.9398 62.8977
 -23.858 63.0073
 -23.9183 63.11
 -23.9007 63.2426
 -23.8629 63.3418
 -23.8729 63.3533
232 30 9
 -23.878 60.6562
 -23.9432 59.9321
 -23.9867 59.5128
 -23.9883 59.116
 -24.2042 59.362
 -24.5456 59.2118
 -24.7009 58.7687
 -24.8987 58.5015
 -24.9664 58.4835
233 57 43
 -40.1012 77.2306
 -40.5457 75.8949
 -39.3995 74.6843
 -41.0218 73.4604
 -41.5323 71.2908
 -40.6003 70.3295
 -39.4623 69.2648
 -38.6323 68.5813
 -37.9624 67.9493
 -37.4895 67.5956
 -36.5743 67.7975
 -35.7467 68.1973
 -35.1059 69.3372
 -34.0485 70.6732
 -32.8923 71.6872
 -32.111 72.3097
 -31.044 71.5407
 -29.6894 70.7723
 -29.1605 70.3461
 -29.0653 69.7101
 -29.3657 69.2926
 -29.2935 68.1608
 -29.2265 67.0444
 -28.7972 65.8284
 -28.1884 64.6446
 -28.1084 64.3072
 -27.9312 64.1589
 -27.895 64.0165
 -27.8027 63.8819
 -27.6001 63.8663
 -27.3309 63.72
 -26.0781 63.2734
 -24.9976 62.861
 -24.7045 62.7214
 -24.3316 62.6375
 -24.2262 62.6046
 -24.1412 62.7271
 -23.9398 62.8977
 -23.858 63.0073
 -23.9183 63.11
 -23.9007 63.2426
 -23.8629 63.3418
 -23.8729 63.3533
233 96 4
 -40.1012 77.2306
 -38.8447 79.506
 -38.3371 81.0385
 -38.2724 81.0424
234 132 4
 -2.4332 79.2849
 -3.4622 78.7986
 -3.6848 78.5507
 -3.7298 78.5473
234 12 4
 -2.4332 79.2849
 -1.34045 79.6136
 -1.0948 79.73
 -1.0905 79.7594
235 85 15
 -3.7544 77.2876
 -4.1016 76.6829
 -4.29285 76.3527
 -4.2132 76.1885
 -4.0938 76.0798
 -3.9129 75.9215
 -3.47075 75.6891
 -3.0334 75.4976
 -2.65435 75.4906
 -2.31865 75.3962
 -2.0796 74.8644
 -1.89055 74.3087
 -1.9877 73.9068
 -2.16875 73.7135
 -2.2084 73.6925
235 132 6
 -3.7544 77.2876
 -3.44045 77.8644
 -3.30845 78.1998
 -3.52475 78.3643
 -3.72305 78.4942
 -3.7298 78.5473
236 85 21
 -4.73855 72.4376
 -5.233 73.4713
 -5.47475 73.77
 -5.70945 73.921
 -5.94815 73.7871
 -5.72055 74.0155
 -5.3884 74.6634
 -4.761 75.788
 -4.36 76.3133
 -4.2132 76.1885
 -4.0938 76.0798
 -3.9129 75.9215
 -3.47075 75.6891
 -3.0334 75.4976
 -2.65435 75.4906
 -2.31865 75.3962
 -2.0796 74.8644
 -1.89055 74.3087
 -1.9877 73.9068
 -2.16875 73.7135
 -2.2084 73.6925
236 105 5
 -4.73855 72.4376
 -4.2302 71.3079
 -4.56385 70.8391
 -4.9898 70.628
 -5.0102 70.6111
237 105 4
 -5.81935 69.3702
 -5.01045 69.8633
 -5.00955 70.6074
 -5.0102 70.6111
237 67 3
 -5.81935 69.3702
 -6.65285 69.5297
 -6.679 69.4419
238 9 61
 -9.9959 76.2191
 -10.2489 77.0656
 -10.2605 77.2427
 -10.5199 77.1353
 -10.7775 76.9848
 -11.3598 77.0156
 -12.0709 77.2665
 -12.595 77.6528
 -13.5051 77.6755
 -14.0542 77.4886
 -14.3375 77.5067
 -14.6066 77.5582
 -14.6914 77.5753
 -14.8678 77.527
 -15.061 77.7214
 -15.8744 78.1653
 -16.6192 78.6422
 -16.7435 78.7579
 -17.2364 79.099
 -17.787 79.6079
 -17.9746 79.7654
 -17.996 79.9823
 -18.0247 80.049
 -18.2183 80.2453
 -18.4697 80.4855
 -18.6777 80.7397
 -18.8473 81.0345
 -19.0198 81.0932
 -19.187 81.0533
 -19.209 80.996
 -19.1582 80.8873
 -19.1511 80.6474
 -19.1087 80.4428
 -19.0721 80.3565
 -19.1858 80.2493
 -19.3733 80.1644
 -19.5644 80.0701
 -19.7101 79.9296
 -19.8088 79.7738
 -19.9158 79.5624
 -19.9767 79.3989
 -19.9832 79.3367
 -19.9845 79.2128
 -20.0084 79.0217
 -20.0443 78.8582
 -20.2597 78.6405
 -20.5749 78.4476
 -20.7831 78.4768
 -20.8905 78.56
 -20.9235 78.4562
 -20.965 78.3083
 -20.9326 78.2289
 -20.8582 78.2076
 -20.9808 78.1873
 -21.0995 78.0235
 -21.1471 77.8698
 -21.2027 77.8369
 -21.1558 77.8194
 -21.0661 77.7627
 -20.992 77.716
 -21.004 77.6954
238 85 29
 -9.9959 76.2191
 -9.6844 75.274
 -9.43305 74.9074
 -8.9935 74.6593
 -8.52285 74.5333
 -8.16525 74.4688
 -7.9783 74.4947
 -7.61095 74.6479
 -7.184 74.5551
 -6.65265 74.0137
 -6.2804 73.5441
 -6.2326 73.5449
 -5.94815 73.7871
 -5.72055 74.0155
 -5.3884 74.6634
 -4.761 75.788
 -4.36 76.3133
 -4.2132 76.1885
 -4.0938 76.0798
 -3.9129 75.9215
 -3.47075 75.6891
 -3.0334 75.4976
 -2.65435 75.4906
 -2.31865 75.3962
 -2.0796 74.8644
 -1.89055 74.3087
 -1.9877 73.9068
 -2.16875 73.7135
 -2.2084 73.6925
239 26 22
 -21.4821 43.3326
 -21.85 43.7254
 -22.0038 43.959
 -22.6877 44.1309
 -23.3561 44.3169
 -23.5597 44.4869
 -23.2568 44.76
 -22.8871 45.1572
 -22.5263 45.8428
 -22.4471 46.4448
 -22.7983 46.6829
 -22.9529 46.9302
 -22.9837 47.1056
 -23.041 47.4125
 -23.2423 47.6361
 -23.3579 47.6388
 -23.4253 47.6792
 -23.5375 47.9195
 -23.815 48.1019
 -24.0538 48.1504
 -24.0863 48.1928
 -24.1101 48.1927
239 102 6
 -21.4821 43.3326
 -20.6264 43.13
 -19.841 42.9834
 -19.3505 42.4007
 -19.1496 42.053
 -19.1198 42.045
240 102 7
 -11.5089 44.1354
 -13.941 44.1354
 -15.8954 43.9199
 -16.723 42.6766
 -18.1498 41.8155
 -19.0315 42.0961
 -19.1198 42.045
240 46 3
 -11.5089 44.1354
 -10.3154 43.4018
 -9.794 42.8334
241 22 4
 8.5806 26.2355
 7.4921 26.7632
 6.9514 26.8936
 6.9384 26.8793
241 120 7
 8.5806 26.2355
 8.8404 25.4363
 8.4154 24.5236
 8.09005 24.0365
 7.782 23.7554
 7.6543 23.4071
 7.6333 23.3494
242 31 9
 10.8282 25.6614
 10.6417 24.9986
 10.8271 24.1622
 11.1511 23.6376
 11.2887 23.4305
 11.24 23.2843
 11.0852 23.163
 10.8983 23.0995
 10.884 23.0727
242 24 8
 10.8282 25.6614
 11.464 26.1594
 12.3043 26.6018
 12.8406 27.2971
 13.191 28.1986
 13.5424 28.6067
 13.6619 28.6567
 13.7008 28.6545
243 98 6
 16.701 63.3829
 15.5461 63.8479
 14.7206 63.9298
 14.4436 63.2991
 13.8904 62.8644
 13.8831 62.8669
243 87 6
 16.701 63.3829
 17.6897 62.4661
 18.4013 62.1148
 19.0391 62.5947
 19.2532 63.1071
 19.1507 63.1286
244 105 19
 2.40185 66.4557
 1.39005 64.5392
 1.18575 64.4637
 1.0982 64.6497
 0.5517 65.1508
 -0.03805 65.5281
 -0.89325 64.9227
 -2.01835 63.9752
 -3.2864 63.4232
 -3.83065 64.2666
 -3.86435 65.6224
 -4.41795 65.9753
 -4.6501 66.152
 -4.89965 66.5002
 -4.96195 67.599
 -4.93415 68.7854
 -5.01045 69.8633
 -5.00955 70.6074
 -5.0102 70.6111
244 94 4
 2.40185 66.4557
 3.2386 69.6483
 3.2221 71.0596
 3.2226 71.0858
245 52 17
 11.1452 69.2294
 12.8015 69.3454
 14.0451 69.5133
 14.9688 69.6913
 15.8032 70.0159
 16.4767 70.677
 16.711 70.942
 16.8034 71.0236
 16.8396 71.0378
 17.099 71.0557
 17.3772 71.085
 17.5266 71.0598
 17.6222 71.1352
 17.6941 71.4256
 17.5507 71.6076
 17.3248 71.5936
 17.3181 71.582
245 97 5
 11.1452 69.2294
 9.8518 69.1478
 9.2048 69.531
 8.25685 69.5674
 7.6909 69.3983
246 38 7
 -0.79655 74.7502
 0.46095 74.5565
 1.2917 74.782
 1.51135 75.1077
 1.63405 75.0914
 1.70175 75.1071
 1.7462 75.147
246 85 6
 -0.79655 74.7502
 -1.5062 74.651
 -1.7576 74.2648
 -1.9877 73.9068
 -2.16875 73.7135
 -2.2084 73.6925
247 38 10
 1.66535 78.8716
 0.61955 78.1525
 0.6365 77.6452
 0.90655 77.0522
 1.20865 76.5443
 1.41425 75.8054
 1.5261 75.1772
 1.63405 75.0914
 1.70175 75.1071
 1.7462 75.147
247 88 4
 1.66535 78.8716
 2.3661 80.1004
 2.03795 80.9006
 1.9254 80.941
248 87 18
 21.5068 51.1564
 21.8201 51.9913
 21.1685 53.2392
 21.0445 55.0546
 21.4686 55.3099
 21.3111 55.3721
 21.0343 55.8901
 20.6357 56.6412
 20.1043 57.1148
 19.68 58.2731
 19.0837 59.5312
 18.4088 60.4105
 18.245 60.9705
 18.1078 61.2815
 18.3638 61.8472
 19.0391 62.5947
 19.2532 63.1071
 19.1507 63.1286
248 103 6
 21.5068 51.1564
 20.712 50.1565
 20.0308 49.5976
 20.1849 48.8195
 20.2742 48.1091
 20.2345 48.0522
249 87 29
 29.7277 63.1134
 28.4317 62.1453
 29.6435 61.7692
 29.9318 60.9121
 29.2717 59.3726
 28.7852 57.9725
 28.0666 56.5516
 27.2865 55.192
 27.0954 55.0584
 26.9519 54.9224
 26.3236 55.0221
 25.2326 55.2195
 25.163 55.6878
 24.4662 55.4403
 22.8862 55.4154
 21.4686 55.3099
 21.3111 55.3721
 21.0343 55.8901
 20.6357 56.6412
 20.1043 57.1148
 19.68 58.2731
 19.0837 59.5312
 18.4088 60.4105
 18.245 60.9705
 18.1078 61.2815
 18.3638 61.8472
 19.0391 62.5947
 19.2532 63.1071
 19.1507 63.1286
249 112 8
 29.7277 63.1134
 31.0169 64.6536
 31.8228 65.4611
 32.1117 65.0614
 32.8218 64.2527
 33.5183 63.5953
 33.7262 63.4019
 33.728 63.41
250 45 4
 31.8694 79.0294
 33.8256 79.2155
 34.0255 79.3036
 34.0163 79.3189
250 64 6
 31.8694 79.0294
 29.8711 78.9618
 29.4517 79.0119
 29.2448 78.9895
 29.2031 78.9658
 29.1998 78.969
251 128 9
 37.2246 77.0473
 36.9416 78.0079
 36.8358 78.134
 36.7423 78.2491
 36.6153 78.2969
 36.3769 78.351
 35.9273 78.4118
 35.583 78.4321
 35.5572 78.4352
251 4 4
 37.2246 77.0473
 37.53 75.7292
 37.4609 75.2835
 37.3373 75.244
252 112 4
 34.714 63.2518
 34.1445 63.4305
 33.7299 63.408
 33.728 63.41
252 123 3
 34.714 63.2518
 34.9069 63.0558
 34.943 63.0631
253 116 13
 22.2239 44.6807
 22.3563 43.1606
 22.7449 42.4801
 23.6921 41.651
 23.7979 40.7153
 23.5844 40.5206
 23.4716 40.4627
 23.3979 40.4206
 23.2732 40.1038
 23.0616 40.0711
 22.7439 40.1604
 22.5336 40.0237
 22.4965 40.0365
253 103 9
 22.2239 44.6807
 21.7406 45.6002
 21.7589 46.1647
 21.9506 47.1525
 22.1173 47.7703
 21.8648 47.9111
 20.959 48.0381
 20.2742 48.1091
 20.2345 48.0522
254 14 30
 27.161 24.2557
 26.7947 22.7597
 26.0775 21.8719
 26.3259 21.415
 26.7403 20.7809
 26.9948 20.3819
 27.9303 19.7711
 28.3063 18.909
 28.2652 18.1385
 28.7124 17.3988
 28.4242 16.8492
 29.4565 16.8617
 30.2155 16.5457
 30.4987 16.2998
 31.0029 16.2829
 31.6904 16.2204
 31.9951 15.7683
 31.7097 15.4669
 31.5765 15.3811
 31.5987 15.2741
 32.0551 14.6704
 32.4807 14.0921
 32.4913 13.7255
 32.6163 12.9413
 32.7689 12.3307
 32.7837 12.0625
 32.8326 11.9514
 32.7147 11.7357
 32.5479 11.5521
 32.543 11.5419
254 21 29
 27.161 24.2557
 26.8115 25.0208
 26.1605 25.7097
 25.4261 26.7444
 25.7216 27.8405
 26.5958 28.9092
 27.316 29.3674
 27.5042 29.4466
 27.5108 29.6766
 27.605 29.8648
 27.8011 29.837
 27.6739 29.8874
 27.5303 30.0196
 27.2628 30.5919
 27.1101 31.109
 27.1912 31.1625
 27.3376 31.4006
 27.5369 31.7831
 27.3731 32.4471
 27.3284 33.0703
 27.6053 33.2306
 27.508 33.7981
 27.8342 34.594
 28.4446 34.9669
 28.7472 35.2958
 28.9343 35.5722
 28.9883 35.7407
 29.0182 35.8563
 29.0291 35.8619
255 13 54
 35.0611 26.5122
 35.1516 25.346
 35.393 25.0542
 35.9771 24.4913
 36.6413 23.9524
 36.6655 23.6535
 36.5439 23.437
 36.7397 22.948
 37.0085 22.2323
 37.0513 21.8652
 36.7023 21.857
 36.338 21.6768
 36.3806 21.4581
 36.56 21.3954
 36.438 21.3344
 36.3242 21.3121
 36.1276 21.2792
 35.6984 20.9014
 35.3357 20.4801
 35.4666 20.3456
 35.6681 20.1962
 35.756 19.8569
 35.8925 19.3162
 36.0208 19.0247
 36.1953 18.7745
 36.1227 18.1826
 35.8693 17.8278
 35.8739 17.7459
 35.842 17.6551
 35.7002 17.5808
 35.6639 17.4916
 35.682 17.4189
 35.6742 17.3032
 35.686 17.1838
 35.7229 17.1343
 35.7382 17.1181
 35.774 17.0745
 35.786 16.9628
 35.776 16.8715
 35.7386 16.8379
 35.69 16.7821
 35.7115 16.7369
 35.8389 16.6872
 35.9538 16.6467
 36.0138 16.6509
 36.0902 16.6392
 36.1262 16.6478
 36.091 16.7415
 36.0697 16.827
 36.0975 16.8699
 36.1301 16.8953
 36.2087 16.8678
 36.2912 16.8394
 36.319 16.8347
255 2 4
 35.0611 26.5122
 35.8602 27.3608
 36.7277 27.2701
 36.9401 27.3945
256 13 20
 33.9602 14.6608
 34.38 15.1501
 34.8885 15.6556
 35.4647 16.214
 35.8229 16.2989
 36.0911 16.3496
 36.1765 16.3293
 36.1856 16.3294
 36.1655 16.4294
 36.1834 16.5055
 36.2059 16.5513
 36.1633 16.6024
 36.1262 16.6478
 36.091 16.7415
 36.0697 16.827
 36.0975 16.8699
 36.1301 16.8953
 36.2087 16.8678
 36.2912 16.8394
 36.319 16.8347
256 33 9
 33.9602 14.6608
 34.0928 13.6702
 34.5938 13.1191
 34.9935 12.6104
 35.3767 12.0334
 35.3718 11.8054
 35.303 11.6269
 35.2335 11.5163
 35.2125 11.4715
257 14 28
 28.3866 14.8147
 27.7289 15.4806
 27.4813 15.7437
 27.1556 16.0882
 27.437 16.3636
 28.0261 16.364
 28.0993 16.4319
 28.1501 16.5522
 28.4242 16.8492
 29.4565 16.8617
 30.2155 16.5457
 30.4987 16.2998
 31.0029 16.2829
 31.6904 16.2204
 31.9951 15.7683
 31.7097 15.4669
 31.5765 15.3811
 31.5987 15.2741
 32.0551 14.6704
 32.4807 14.0921
 32.4913 13.7255
 32.6163 12.9413
 32.7689 12.3307
 32.7837 12.0625
 32.8326 11.9514
 32.7147 11.7357
 32.5479 11.5521
 32.543 11.5419
257 40 9
 28.3866 14.8147
 28.5648 14.2022
 28.2802 13.9717
 28.4303 13.7173
 28.5672 13.4918
 28.4293 13.0117
 28.087 12.4227
 27.8882 12.2815
 27.891 12.2511
258 13 24
 32.2934 16.1947
 32.9021 16.49
 33.5665 16.7139
 34.0527 16.9155
 34.4384 17.0921
 34.5966 17.0102
 34.8549 16.8279
 35.1706 16.8201
 35.4705 16.8997
 35.6308 16.8417
 35.6637 16.757
 35.7115 16.7369
 35.8389 16.6872
 35.9538 16.6467
 36.0138 16.6509
 36.0902 16.6392
 36.1262 16.6478
 36.091 16.7415
 36.0697 16.827
 36.0975 16.8699
 36.1301 16.8953
 36.2087 16.8678
 36.2912 16.8394
 36.319 16.8347
258 14 15
 32.2934 16.1947
 31.9951 15.7683
 31.7097 15.4669
 31.5765 15.3811
 31.5987 15.2741
 32.0551 14.6704
 32.4807 14.0921
 32.4913 13.7255
 32.6163 12.9413
 32.7689 12.3307
 32.7837 12.0625
 32.8326 11.9514
 32.7147 11.7357
 32.5479 11.5521
 32.543 11.5419
259 13 33
 35.4512 18.7696
 35.8073 18.9881
 36.0208 19.0247
 36.1953 18.7745
 36.1227 18.1826
 35.8693 17.8278
 35.8739 17.7459
 35.842 17.6551
 35.7002 17.5808
 35.6639 17.4916
 35.682 17.4189
 35.6742 17.3032
 35.686 17.1838
 35.7229 17.1343
 35.7382 17.1181
 35.774 17.0745
 35.786 16.9628
 35.776 16.8715
 35.7386 16.8379
 35.69 16.7821
 35.7115 16.7369
 35.8389 16.6872
 35.9538 16.6467
 36.0138 16.6509
 36.0902 16.6392
 36.1262 16.6478
 36.091 16.7415
 36.0697 16.827
 36.0975 16.8699
 36.1301 16.8953
 36.2087 16.8678
 36.2912 16.8394
 36.319 16.8347
259 117 6
 35.4512 18.7696
 34.9709 18.7412
 34.6729 18.9637
 34.629 19.2701
 34.609 19.5106
 34.6177 19.5152
260 135 12
 19.85 18.2309
 20.2422 19.1772
 20.352 19.8797
 20.3404 20.2508
 20.544 20.4184
 20.7094 20.2173
 21.3053 20.0142
 21.8998 20.0247
 21.9891 20.0898
 22.0614 20.0924
 22.1794 20.1073
 22.2451 20.119
260 7 4
 19.85 18.2309
 19.4615 17.4333
 19.159 16.9917
 19.0832 16.9539
261 7 10
 16.6016 15.5789
 17.3263 15.0914
 17.9194 14.7493
 18.2711 14.7769
 18.375 15.7527
 18.5772 16.9353
 18.7677 17.0901
 18.9141 16.9848
 19.0569 16.9729
 19.0832 16.9539
261 108 9
 16.6016 15.5789
 15.64 15.6168
 14.7864 15.3573
 14.1473 15.4846
 13.7674 15.7086
 13.3295 15.4107
 12.7656 15.0249
 12.5634 14.9039
 12.541 14.8934
262 14 39
 20.5855 15.7261
 20.9604 15.1028
 21.6021 15.2421
 22.0868 15.1828
 22.4989 15.0248
 23.1458 15.0133
 24.0359 14.9226
 24.4379 14.7206
 24.791 14.5649
 25.6213 14.6209
 26.2034 14.6549
 26.8074 14.936
 27.4471 15.5135
 27.4813 15.7437
 27.1556 16.0882
 27.437 16.3636
 28.0261 16.364
 28.0993 16.4319
 28.1501 16.5522
 28.4242 16.8492
 29.4565 16.8617
 30.2155 16.5457
 30.4987 16.2998
 31.0029 16.2829
 31.6904 16.2204
 31.9951 15.7683
 31.7097 15.4669
 31.5765 15.3811
 31.5987 15.2741
 32.0551 14.6704
 32.4807 14.0921
 32.4913 13.7255
 32.6163 12.9413
 32.7689 12.3307
 32.7837 12.0625
 32.8326 11.9514
 32.7147 11.7357
 32.5479 11.5521
 32.543 11.5419
262 7 5
 20.5855 15.7261
 20.0247 16.6497
 19.3051 16.9255
 19.1516 16.9585
 19.0832 16.9539
263 108 3
 12.7674 14.0399
 12.5331 14.8764
 12.541 14.8934
263 130 3
 12.7674 14.0399
 12.9552 13.1224
 12.9006 13.0244
264 134 12
 12.2053 14.8173
 11.7168 14.8866
 11.104 15.0217
 10.3964 15.014
 10.0935 15.0079
 9.8677 15.1343
 9.51755 15.2954
 9.21525 15.2736
 8.88595 15.005
 8.63365 14.8477
 8.5552 14.8615
 8.5385 14.8455
264 108 3
 12.2053 14.8173
 12.5331 14.8764
 12.541 14.8934
265 31 15
 7.71905 19.5107
 8.8267 19.6581
 9.25925 19.9334
 9.61245 20.0984
 9.84735 19.875
 10.5066 20.1537
 10.9263 20.7276
 10.9436 20.8663
 11.2147 21.4486
 11.4384 22.0568
 11.5245 22.2301
 11.3516 22.6629
 10.9889 22.9818
 10.8911 23.0346
 10.884 23.0727
265 41 3
 7.71905 19.5107
 6.58505 19.3594
 6.4669 19.2935
266 74 32
 4.3111 13.6611
 4.62265 13.5658
 4.9023 13.4759
 5.61825 13.3724
 6.18015 12.8871
 6.39035 12.1947
 6.65455 11.7857
 6.809 11.5427
 6.9868 11.3392
 7.2878 11.0746
 7.67535 11.1479
 7.9681 11.5278
 8.1199 11.6611
 8.2282 11.6548
 8.32105 11.5869
 8.4106 11.4965
 8.4677 11.5254
 8.49575 11.5951
 8.55215 11.6889
 8.61735 11.7438
 8.70945 11.7148
 8.81105 11.6716
 8.86465 11.7297
 8.89915 11.8589
 8.957 11.9445
 9.03945 12.0068
 9.06565 12.081
 9.02665 12.1431
 9.07955 12.2401
 9.19615 12.4256
 9.20255 12.5555
 9.169 12.5769
266 104 7
 4.3111 13.6611
 3.2899 14.0907
 2.3069 14.7246
 2.0461 14.8465
 2.15995 15.4531
 2.196 15.9146
 2.1959 15.9153
267 74 8
 8.84845 13.5152
 9.0287 13.3127
 9.2552 13.2228
 9.0839 12.9317
 9.07235 12.6248
 9.11765 12.5811
 9.16675 12.5835
 9.169 12.5769
267 134 9
 8.84845 13.5152
 8.768 13.9092
 8.97405 14.225
 9.0721 14.3081
 8.8441 14.4361
 8.68195 14.5501
 8.6286 14.6832
 8.56065 14.795
 8.5385 14.8455
268 74 30
 5.01935 10.2232
 5.5621 11.2126
 5.7248 11.6162
 6.0057 11.7803
 6.48895 11.7084
 6.809 11.5427
 6.9868 11.3392
 7.2878 11.0746
 7.67535 11.1479
 7.9681 11.5278
 8.1199 11.6611
 8.2282 11.6548
 8.32105 11.5869
 8.4106 11.4965
 8.4677 11.5254
 8.49575 11.5951
 8.55215 11.6889
 8.61735 11.7438
 8.70945 11.7148
 8.81105 11.6716
 8.86465 11.7297
 8.89915 11.8589
 8.957 11.9445
 9.03945 12.0068
 9.06565 12.081
 9.02665 12.1431
 9.07955 12.2401
 9.19615 12.4256
 9.20255 12.5555
 9.169 12.5769
268 32 13
 5.01935 10.2232
 4.6296 8.7828
 4.6253 8.02595
 4.4121 7.97885
 3.8729 7.7561
 3.4954 7.50155
 3.45135 7.4233
 3.3111 7.02525
 2.7919 6.34645
 2.70675 5.16485
 3.0482 4.0256
 3.0279 3.68725
 2.9997 3.646
269 137 17
 18.0296 3.17
 17.0878 3.54615
 16.6797 3.60435
 16.5766 3.2227
 16.3971 2.9747
 16.246 2.7682
 15.7858 2.52
 15.3461 2.3437
 15.1736 2.16655
 15.0849 2.0376
 15.1553 1.93005
 15.0631 1.9875
 15.0229 2.0267
 14.9123 2.0682
 14.7968 2.144
 14.7726 2.2692
 14.7795 2.32
269 53 5
 18.0296 3.17
 18.6862 2.8324
 19.2715 2.72735
 19.7503 2.87645
 19.8042 2.9401
270 25 8
 10.4949 6.10485
 10.1433 6.23455
 10.0836 6.33705
 9.75595 6.76265
 9.4862 7.16695
 9.4488 7.175
 9.3852 7.18175
 9.3512 7.1823
270 84 8
 10.4949 6.10485
 11.0273 6.3956
 11.2645 6.9068
 11.3272 7.2044
 11.3965 7.2637
 11.5861 7.1853
 11.7093 7.1866
 11.712 7.1981
271 50 10
 -0.99005 -10.5714
 -1.27675 -10.5135
 -1.4852 -9.8678
 -1.5654 -9.06045
 -1.701 -8.7933
 -1.76705 -8.71975
 -1.91885 -8.69065
 -2.0647 -8.64735
 -2.092 -8.60245
 -2.1044 -8.5813
271 80 5
 -0.99005 -10.5714
 -0.2824 -10.6677
 0.39935 -10.8617
 0.45595 -10.9715
 0.4704 -10.9671
272 122 45
 24.7829 -3.095
 25.6966 -1.85945
 25.9564 -1.43535
 26.3737 -1.56575
 26.6505 -1.5188
 26.8168 -1.1478
 27.3172 -1.00945
 28.5537 -0.99985
 29.7355 -0.68695
 30.153 -0.53495
 30.2957 -1.3868
 30.4236 -2.15355
 31.4012 -2.07415
 32.3832 -2.0315
 32.8225 -2.27895
 32.8214 -2.58935
 33.3728 -2.7219
 33.6252 -3.1531
 33.4593 -3.798
 33.8332 -3.27655
 34.5471 -3.37505
 35.0133 -3.5022
 35.1035 -3.5052
 35.3178 -3.5125
 35.7448 -3.5097
 36.2179 -3.3323
 36.8688 -3.2641
 37.8587 -3.03055
 38.9003 -3.05645
 39.3663 -3.8617
 39.4622 -4.53
 39.6357 -4.8633
 39.8933 -5.07075
 40.5663 -5.0377
 41.7354 -4.65425
 42.5577 -4.39645
 42.8013 -4.34255
 42.9835 -4.324
 43.2565 -4.24565
 43.5938 -4.18205
 43.7216 -4.23705
 43.6692 -4.1089
 43.6938 -3.89585
 43.758 -3.7377
 43.7683 -3.7118
272 114 6
 24.7829 -3.095
 23.6897 -4.0754
 23.4363 -4.41475
 23.6051 -4.6681
 23.6168 -4.8842
 23.5809 -5.017
273 27 11
 31.4373 -16.6719
 31.0567 -15.7395
 30.8773 -15.1617
 30.655 -14.8701
 30.6554 -14.8511
 30.8438 -14.8646
 31.4165 -14.986
 32.1052 -15.0138
 32.5247 -15.0252
 32.6495 -15.1208
 32.6495 -15.1314
273 111 7
 31.4373 -16.6719
 32.1065 -17.5214
 33.1522 -17.9219
 33.9247 -17.7827
 34.5255 -17.0438
 35.1701 -16.555
 35.1958 -16.4813
274 27 20
 34.6061 -13.4061
 33.7985 -13.2361
 33.3242 -12.9207
 33.246 -12.7999
 33.1634 -12.7862
 32.5954 -13.1915
 32.0476 -13.5518
 31.86 -13.6574
 31.4897 -13.9249
 31.0128 -14.342
 30.6401 -14.6568
 30.5813 -14.7882
 30.6371 -14.8426
 30.6554 -14.8511
 30.8438 -14.8646
 31.4165 -14.986
 32.1052 -15.0138
 32.5247 -15.0252
 32.6495 -15.1208
 32.6495 -15.1314
274 20 7
 34.6061 -13.4061
 35.3731 -13.037
 35.8327 -12.8015
 36.1516 -12.3854
 36.5705 -11.7768
 36.7643 -11.5925
 36.7881 -11.5823
275 122 17
 40.3422 -7.7175
 40.4711 -6.95265
 40.5853 -6.693
 40.3418 -5.92875
 39.8933 -5.07075
 40.5663 -5.0377
 41.7354 -4.65425
 42.5577 -4.39645
 42.8013 -4.34255
 42.9835 -4.324
 43.2565 -4.24565
 43.5938 -4.18205
 43.7216 -4.23705
 43.6692 -4.1089
 43.6938 -3.89585
 43.758 -3.7377
 43.7683 -3.7118
275 23 5
 40.3422 -7.7175
 40.1456 -9.1885
 39.9481 -10.267
 39.9295 -10.4981
 39.9068 -10.5752
276 111 4
 36.7049 -16.8782
 35.799 -16.5818
 35.1701 -16.555
 35.1958 -16.4813
276 100 3
 36.7049 -16.8782
 36.9927 -17.3302
 37.0291 -17.4388
277 20 11
 40.2354 -12.0948
 39.6549 -12.7127
 39.2254 -13.1502
 37.8684 -13.2674
 36.2117 -13.3309
 35.8215 -13.0823
 35.8327 -12.8015
 36.1516 -12.3854
 36.5705 -11.7768
 36.7643 -11.5925
 36.7881 -11.5823
277 23 4
 40.2354 -12.0948
 40.1591 -11.2149
 39.9033 -10.5975
 39.9068 -10.5752
278 81 5
 41.0622 -13.2934
 41.1057 -14.4893
 41.0756 -14.5744
 40.8665 -14.7304
 40.7383 -14.8352
278 23 5
 41.0622 -13.2934
 40.7441 -11.9708
 40.1591 -11.2149
 39.9033 -10.5975
 39.9068 -10.5752
283 9 52
 -20.3883 85.8138
 -20.4021 85.7717
 -20.8772 85.4164
 -20.8989 83.9982
 -20.2628 82.7223
 -19.8911 82.5596
 -19.6309 82.627
 -19.4518 82.7072
 -19.041 82.7468
 -18.7283 82.6714
 -18.9146 82.2952
 -19.0775 81.9763
 -19.0779 81.8463
 -19.063 81.6795
 -19.034 81.5148
 -19.1148 81.4155
 -19.2184 81.3598
 -19.2508 81.2847
 -19.2154 81.1804
 -19.2052 81.0746
 -19.209 80.996
 -19.1582 80.8873
 -19.1511 80.6474
 -19.1087 80.4428
 -19.0721 80.3565
 -19.1858 80.2493
 -19.3733 80.1644
 -19.5644 80.0701
 -19.7101 79.9296
 -19.8088 79.7738
 -19.9158 79.5624
 -19.9767 79.3989
 -19.9832 79.3367
 -19.9845 79.2128
 -20.0084 79.0217
 -20.0443 78.8582
 -20.2597 78.6405
 -20.5749 78.4476
 -20.7831 78.4768
 -20.8905 78.56
 -20.9235 78.4562
 -20.965 78.3083
 -20.9326 78.2289
 -20.8582 78.2076
 -20.9808 78.1873
 -21.0995 78.0235
 -21.1471 77.8698
 -21.2027 77.8369
 -21.1558 77.8194
 -21.0661 77.7627
 -20.992 77.716
 -21.004 77.6954
284 73 2
 56.9356 82.9117
 56.9356 82.9117
285 35 4
 30.9235 -32.3673
 30.8194 -32.1774
 30.7155 -31.9422
 30.7156 -31.8967
286 109 4
 -59.8619 8.6546
 -59.4977 8.81265
 -59.1213 8.96075
 -59.1091 8.9508
