   13.155224594142007     
   5.1384677077005048     
   1.7961078121634437     
   1.6186160707443111     
   6.0449700945490044     
   2.4529874810403145     
   1.4241371584616958     
   1.3384829131708993     
   5.7791910213952802     
   1.1969526745566883     
   5.2849577616300838     
   2.7673430387878257     
  0.73407115736423667     
  0.62535663966231914     
   1.8108113031720845     
   2.9686526708158909     
   2.1582011042982603     
   1.8188755644870738     
   8.9918173551471341     
   2.8306996472984576     
   2.6383937168443570     
  0.67327743650977701     
   2.9322598339569041     
   4.9324569880872264     
   6.0807296186634474     
   2.5504478688838308     
   2.6441265695662013     
   1.7459379695443851     
   3.0677955577508293     
   2.6537732615316574     
   4.8693467974913336     
  0.95838902143373972     
   6.1163803264129113     
   3.8431248632910466     
   1.3423664336810186     
   1.6534221628658305     
   1.7515866176106087     
   1.1274595802840881     
   3.4626626089791555     
   3.9727690482530411     
   3.7365999583715910     
   4.2699183168320891     
   12.839477941631603     
   9.8094101873072894     
   2.3253704573987237     
   2.5931488081858181     
   1.6683737504779226     
   2.4886185383987374     
   4.4227655210002936     
   1.5458357930546529     
   3.0178676452225592     
  0.92624921878059863     
   1.7786334271860325     
   1.0708793388774793     
   3.4166872334103635     
   1.8377294804230684     
   1.6068969049693529     
  0.99512843159440023     
   1.4768981684493210     
  0.68475212146081932     
   6.5922912707627379     
   1.2530320704871123     
   1.2940425524780206     
   1.7491669052021088     
   1.3487976612806887     
   1.9084820135461358     
   15.836845845295597     
   6.6436217616714304     
   11.120052557965895     
   8.6338153117150114     
   7.6463360176801887     
   1.6730763674636775     
   1.1216909884836983     
  0.62755575729834534     
   11.196123687275565     
   1.7447774411352719     
   1.7631397438027323     
   1.5922001503516359     
  0.53962977394486078     
  0.80513186880556953     
  0.95831263654549859     
  0.95042592121413427     
   3.5269452988272092     
   4.2721447895807891     
   3.0108007804559325     
   3.1855610350810766     
   1.0325891326373131     
  0.55475769640418571     
   6.2433151457559593     
   1.8058348082341729     
   1.5827930695149268     
   2.0686368427880653     
   1.2636152219117058     
   1.1637834057126959     
   2.1697369370844690     
   1.0257389252616427     
   4.4333657844665630     
   2.3702907532902318     
   4.3285820507632424     
   1.0754164349188657     
   8.6969286856790173     
   5.0112331373563936     
   1.6211980821126390     
   3.0166358238229254     
   3.0045021786876496     
   2.1137663387574630     
   3.3714508692725031     
   1.5461139036031484     
   13.341392441510232     
   4.2363769862557703     
  0.75268654625444720     
   1.7869651365515200     
   10.735440741700337     
   2.8279233238715666     
   3.9839702663386816     
   1.6439796345774329     
   3.0659801834303280     
   7.0980535971252534     
   2.1559328308377337     
   1.1421609928100573     
   1.0491705501230846     
   1.9954050160529249     
   2.6408541436483408     
   2.0503571906434437     
   2.5139252326385355     
  0.41738326033148176     
   8.9548011723777687     
   3.8737575004642215     
   6.2923446363584450     
   1.6692598708197719     
   3.5433865416599017     
   1.0985825767370949     
   1.2563173150285656     
  0.97174854721041348     
   4.2771427929179175     
   2.1119768207121137     
   5.1986594291828485     
   3.9977291508825590     
   8.0324740079823940     
   1.5061707957672155     
   7.6099705239852584     
  0.94051311802731952     
   1.4476383094171417     
  0.85558508119999888     
   8.1618566932702006     
   2.2101025049782805     
   2.6703378550482415     
   1.6434697448233588     
   3.9201442159897506     
   2.7843398708373095     
   1.9745837073516976     
  0.92314778534889408     
   4.1243782233873478     
   5.9799337247455844     
   1.4551188086404943     
  0.76972161171439590     
   2.2487092687499728     
   1.7806381462060850     
   14.273431029536708     
   1.9230344194417150     
   7.0808669051090121     
   1.1564204612703128     
   3.7485405004323553     
   1.8090771535378165     
   5.8023222458088730     
   1.7515974906243659     
   10.902343790839183     
   1.5410667089876688     
   4.9456674799032925     
   1.4685648411315313     
   3.5959762582409978     
   3.3583799530498957     
   2.9921765376070790     
   2.2482795067735166     
   1.9056652598145047     
   2.5281750026741658     
   2.7837702407413727     
   2.0699428859758893     
   3.5807279908140943     
   1.4531830809810087     
   2.7322868223433354     
   3.6137146018922368     
   2.3270701826290425     
   2.2257608668699977     
   2.3028149472940718     
  0.68225304954420141     
   1.5274527835710645     
   2.3650537637049460     
   1.7066853378808808     
   1.8993111468926247     
   17.656984022053479     
   2.7289111961388848     
   1.2283815999162104     
   1.2005418146496549     
   2.8430194436320582     
   1.0355067618272624     
   5.1910736394567865     
   1.7406885601569833     
  0.95486057568123506     
  0.94023536187449586     
   8.7391535768005397     
   6.8337464213127461     
   3.9343766522388246     
   1.7027299376002083     
   4.9529520894421442     
   2.1722535465581059     
   1.2483209649257625     
   1.8585052500746009     
   1.6869943404872998     
   2.3021837581052562     
   1.9492779717883657     
   2.3559929953768770     
   8.5670460176901493     
   3.3528406224295861     
   4.6184951780455101     
   2.8352927725765840     
   1.7944029552723584     
   1.2318557871618996     
   2.9450965819241235     
   1.6537294649928105     
   7.6297915198421133     
   2.2092789901516583     
   13.594912333732651     
   3.4760678559967859     
   2.0007382480999194     
   2.2167455948311687     
   1.7650556922326714     
   1.6125342037796873     
  0.60239574253803863     
  0.31183325734582257     
   3.6626682393368108     
   3.0919624049895846     
   9.0097292615811941     
   7.5836538570510479     
   7.0763042271036012     
   1.6579226304911896     
   2.1647185120581418     
   2.0545330588993647     
   6.8010408108807061     
   1.7071589600000749     
   2.4091450955911302     
   2.8125212580009329     
   2.2301326329252356     
  0.81035033733993389     
   2.4564248733317458     
   1.0565900472710523     
   2.6711798391135497     
   2.4040028217243723     
   9.1053994596493038     
   1.3060863566678718     
  0.88743963034836004     
   1.0487064716322871     
   2.1064636695484493     
  0.35183098209137997     
   3.6267610568729167     
   1.2793345584084599     
   4.0566913299344209     
   1.8593787272522739     
  0.68575227518093884     
  0.91484495816967448     
   3.8101769110099828     
   4.1614696472830728     
   2.7011328767382814     
   1.3231909589453787     
   1.0181374297963575     
   1.1395466028985104     
   1.4038419507346618     
  0.85280719923001813     
   13.198351884403349     
   2.0479915939983648     
   2.4197113102001229     
   2.7533895420425769     
   3.7062372540691721     
   1.6687731575395426     
   3.9767067637101041     
   1.7962992591439104     
   1.1092615760397810     
  0.65038563089659873     
   3.4901085709144142     
  0.92834794420911937     
   1.6231563750400169     
   2.0511821813453723     
   5.7335782444520049     
   0.0000000000000000     
  0.30756157367302744     
  0.42850169899328139     
