320
150 53 10
 -52.61 -35.4508
 -52.4644 -34.7397
 -52.5253 -33.8124
 -52.9888 -32.6695
 -53.3696 -32.2128
 -53.4372 -32.0746
 -53.5582 -31.8831
 -53.9314 -31.5308
 -54.261 -31.2885
 -54.2712 -31.2969
150 107 7
 -52.61 -35.4508
 -52.7381 -35.9788
 -52.8497 -36.1614
 -53.297 -36.8493
 -53.5641 -37.9493
 -53.4426 -38.5634
 -53.394 -38.5923
151 110 12
 -22.818 -0.65995
 -24.6501 -0.39325
 -26.5014 -0.51755
 -29.1248 -0.15495
 -31.1323 0.03965
 -31.5111 -0.85685
 -30.8414 -2.50105
 -30.3573 -3.63005
 -30.1945 -4.35515
 -30.2241 -5.25125
 -30.5424 -5.7774
 -30.5984 -5.7589
151 108 5
 -22.818 -0.65995
 -21.6549 -1.8782
 -20.8582 -3.2125
 -20.1044 -3.9101
 -20.0751 -3.9403
152 147 7
 -48.8148 30.6835
 -46.5772 31.1068
 -45.9093 31.063
 -45.7599 31.0629
 -45.6846 31.192
 -45.7213 31.3475
 -45.7586 31.3889
152 57 6
 -48.8148 30.6835
 -51.5382 29.7572
 -52.5798 29.1609
 -52.0551 28.4646
 -51.6635 27.7022
 -51.7591 27.5145
153 84 34
 -37.7282 21.2295
 -38.6778 22.2465
 -38.6607 22.709
 -38.5002 23.7461
 -38.3592 24.7687
 -39.0235 24.76
 -40.0313 24.7527
 -40.9371 24.0406
 -41.3969 23.1956
 -41.6814 23.7933
 -42.571 24.1046
 -43.6467 24.0964
 -44.2789 24.0991
 -44.585 23.6138
 -44.8839 22.9672
 -45.4807 22.4487
 -45.9589 22.1343
 -46.1023 22.0213
 -46.2639 21.8986
 -46.312 21.3491
 -46.1988 20.4014
 -46.1209 19.6367
 -46.5309 19.4701
 -47.1366 18.8797
 -47.2388 18.1045
 -47.1332 17.9304
 -46.9165 17.5445
 -46.5572 16.9608
 -46.4726 16.4396
 -46.5281 16.1203
 -46.535 15.94
 -46.5984 15.8429
 -46.5927 15.8134
 -46.5849 15.8108
153 106 6
 -37.7282 21.2295
 -37.2592 19.7759
 -37.913 18.9491
 -38.4293 18.5255
 -38.6819 18.0466
 -38.6279 18.0129
154 18 61
 -41.9178 13.319
 -41.7538 12.9408
 -41.6666 12.7551
 -41.5597 12.6757
 -41.4318 12.615
 -41.2381 12.585
 -41.0947 12.542
 -40.9874 12.517
 -40.7168 12.3403
 -40.4848 12.1165
 -40.1692 12.1639
 -39.7915 12.1996
 -39.7136 11.9506
 -39.6358 11.7524
 -39.5518 11.7752
 -39.529 11.9457
 -39.4328 12.0684
 -39.3099 12.0387
 -39.2588 12.0676
 -39.2554 12.1498
 -39.2524 12.2153
 -39.211 12.2047
 -39.1464 12.2029
 -39.0369 12.1751
 -38.9222 12.1945
 -38.8802 12.2489
 -38.8381 12.3032
 -38.811 12.2894
 -38.7737 12.2367
 -38.7131 12.2424
 -38.68 12.2684
 -38.6481 12.264
 -38.5813 12.2424
 -38.4431 12.202
 -38.2432 12.16
 -38.1907 12.2182
 -38.2362 12.3282
 -38.2681 12.4326
 -38.3475 12.4862
 -38.3722 12.5455
 -38.3372 12.751
 -38.3269 12.92
 -38.3469 13.013
 -38.156 13.101
 -37.9137 13.202
 -37.8281 13.402
 -37.8089 13.5581
 -37.8192 13.604
 -37.7768 13.6214
 -37.7247 13.5774
 -37.6869 13.5436
 -37.6164 13.5642
 -37.5636 13.549
 -37.5201 13.4969
 -37.4369 13.4494
 -37.4244 13.4
 -37.4798 13.3354
 -37.5134 13.2566
 -37.5108 13.1773
 -37.5324 13.1308
 -37.5574 13.1166
154 84 38
 -41.9178 13.319
 -42.2873 13.5289
 -42.5747 13.6767
 -42.7632 13.8545
 -42.8822 13.9682
 -42.8713 14.1434
 -42.8396 14.3244
 -42.9145 14.5023
 -43.0574 14.5259
 -43.2555 14.5013
 -43.4545 14.5964
 -43.5623 14.8502
 -43.6792 15.0419
 -43.7225 15.0196
 -43.6817 15.0802
 -43.6066 15.2168
 -43.5244 15.3165
 -43.6965 15.3366
 -43.8463 15.3649
 -43.9717 15.3246
 -44.148 15.2022
 -44.2728 15.1409
 -44.3287 15.1671
 -44.4462 15.1884
 -44.5735 15.2041
 -44.6668 15.2489
 -44.8097 15.3214
 -44.9098 15.3885
 -44.9881 15.4795
 -45.0516 15.6014
 -45.1977 15.6639
 -45.4445 15.6362
 -45.6002 15.6061
 -45.7606 15.6545
 -45.9803 15.6789
 -46.3379 15.7353
 -46.5844 15.8123
 -46.5849 15.8108
155 4 5
 11.4248 26.8155
 11.6766 27.0382
 11.2028 27.3037
 10.7545 27.5
 10.712 27.5531
155 60 9
 11.4248 26.8155
 11.3549 26.2057
 11.6064 25.6816
 11.7339 25.2673
 11.8388 25.0548
 11.9595 24.9321
 11.9445 24.8193
 11.9041 24.7397
 11.8844 24.7078
156 35 9
 13.5359 39.1112
 11.7711 38.7636
 11.4536 38.3451
 11.0659 37.5588
 10.5999 37.1887
 10.4745 37.0505
 10.3837 36.6144
 10.2144 36.3256
 10.1887 36.3438
156 93 20
 13.5359 39.1112
 15.1368 38.7534
 15.2239 38.039
 15.6493 37.6766
 16.347 37.8875
 17.0185 38.7933
 20.4694 38.7523
 27.6616 38.031
 31.7732 37.4075
 31.6798 37.0943
 31.4501 36.844
 31.5798 35.2995
 32.2312 33.9085
 32.6466 33.8254
 33.0847 33.5942
 33.7688 33.2561
 34.3061 33.5177
 34.8657 33.8365
 35.1866 33.7823
 35.2138 33.7992
157 93 15
 25.7508 30.6236
 27.2369 30.8202
 27.7418 30.7651
 27.9358 30.5761
 28.5813 30.4448
 29.5198 30.7783
 30.6787 31.639
 32.0224 33.0018
 32.6466 33.8254
 33.0847 33.5942
 33.7688 33.2561
 34.3061 33.5177
 34.8657 33.8365
 35.1866 33.7823
 35.2138 33.7992
157 101 8
 25.7508 30.6236
 24.4627 30.3984
 23.7728 30.1991
 23.1882 30.0567
 22.0919 30.7677
 21.6627 31.9233
 22.1292 32.459
 22.108 32.4909
158 10 13
 35.5272 10.4361
 36.0001 9.4268
 36.124 9.23105
 36.7108 9.20315
 37.2766 9.2945
 37.8837 9.15495
 38.9828 8.65175
 40.1521 8.2686
 41.4564 7.6542
 42.2519 6.8597
 42.3385 6.40965
 42.3498 6.1441
 42.387 6.1143
158 144 5
 35.5272 10.4361
 33.9958 11.3535
 32.6934 11.3434
 32.409 11.3507
 32.3217 11.3676
159 83 13
 50.7814 -4.9196
 49.0205 -5.8589
 48.5321 -6.211
 48.1022 -7.2784
 49.0153 -8.0989
 49.7606 -9.02425
 49.3685 -10.0631
 48.9031 -10.4368
 48.6274 -10.7887
 48.5259 -10.614
 48.2268 -10.7088
 48.0138 -10.7886
 48.0124 -10.7894
159 43 11
 50.7814 -4.9196
 52.5859 -3.79315
 52.7892 -3.5164
 52.9274 -3.50665
 53.0476 -3.66
 53.18 -3.8433
 53.283 -3.95365
 53.4659 -4.14005
 53.7269 -4.4226
 53.8147 -4.5608
 53.8186 -4.596
160 25 23
 42.3334 -21.7379
 43.1484 -20.7223
 43.5335 -19.9417
 43.3346 -19.71
 43.1141 -19.2201
 42.9278 -18.0535
 42.8115 -17.1727
 43.0308 -16.8872
 43.2122 -16.5182
 43.445 -16.2398
 43.7773 -16.1804
 43.9506 -16.2359
 44.1417 -16.1786
 44.243 -16.0823
 44.1811 -15.9285
 44.13 -15.7531
 44.187 -15.6243
 44.3304 -15.4466
 44.3996 -15.2585
 44.4224 -15.1681
 44.4781 -15.1111
 44.4755 -15.0624
 44.4679 -15.0546
160 85 6
 42.3334 -21.7379
 42.1687 -23.3396
 42.4447 -24.6525
 42.5869 -24.7272
 42.6821 -24.765
 42.6722 -24.7771
161 54 41
 14.1551 -29.2593
 15.3566 -29.05
 15.5742 -28.9296
 15.7138 -28.813
 15.7752 -28.8064
 15.8927 -28.8129
 16.0657 -28.8802
 16.1598 -28.9986
 16.2132 -29.0882
 16.2607 -29.1885
 16.3669 -29.2232
 16.5499 -29.2392
 16.8494 -29.2473
 17.104 -29.0043
 17.2247 -28.7857
 17.7105 -28.7589
 18.316 -28.684
 18.5257 -28.6357
 18.5392 -28.6777
 18.5767 -28.7787
 18.6367 -28.9341
 18.7468 -29.1602
 18.9805 -29.2334
 19.1221 -29.228
 19.1445 -29.3072
 19.1755 -29.3704
 19.1767 -29.4774
 19.1805 -29.5725
 19.123 -29.54
 19.0533 -29.6382
 19.006 -29.7519
 18.9598 -29.7717
 18.913 -29.7863
 18.8535 -29.8195
 18.7667 -29.8528
 18.7554 -29.9012
 18.6977 -29.8715
 18.5941 -29.9348
 18.4059 -29.9693
 18.281 -29.9611
 18.2687 -29.9661
161 119 4
 14.1551 -29.2593
 12.6275 -29.6869
 12.108 -29.9338
 12.0485 -29.937
162 58 7
 31.0566 21.265
 32.1674 21.705
 32.4223 21.3637
 32.3707 21.789
 32.7122 21.945
 32.9739 21.9725
 33.0112 21.9567
162 131 8
 31.0566 21.265
 29.7617 20.6058
 29.2097 20.2171
 29.1399 19.7366
 29.5415 18.8525
 29.1595 17.5281
 28.5716 16.7642
 28.5555 16.723
163 111 6
 -71.0041 -19.2589
 -70.6306 -20.0625
 -69.8612 -20.7639
 -68.6193 -22.2793
 -67.5932 -23.577
 -67.3717 -23.8766
163 41 8
 -71.0041 -19.2589
 -71.3738 -18.3651
 -71.8198 -17.664
 -72.2532 -15.3899
 -72.1539 -12.3637
 -71.8018 -11.0921
 -71.8999 -10.8487
 -71.9354 -10.6978
164 5 9
 9.50215 16.4058
 10.3008 17.5518
 10.7039 17.9547
 10.814 18.2179
 11.0268 18.5016
 11.1875 18.6822
 11.2307 18.7602
 11.2605 18.8227
 11.2613 18.8612
164 90 24
 9.50215 16.4058
 9.02635 15.4227
 8.73595 15.3679
 8.1985 15.3799
 7.67415 15.3888
 6.809 15.1236
 6.1064 14.6573
 6.0081 14.4898
 6.00715 14.5035
 5.8958 14.8224
 5.48865 14.74
 5.0112 14.7933
 4.94735 14.3111
 4.86465 13.9511
 4.87465 13.1894
 4.5584 12.7346
 4.1578 12.7415
 3.6228 12.1306
 3.06465 10.6588
 2.8301 9.52285
 2.6824 9.2059
 2.3704 9.0735
 2.29795 8.8768
 2.3446 8.7468
165 101 10
 20.7373 27.363
 19.8223 28.1264
 19.364 28.1644
 19.5144 29.1409
 19.7559 30.0606
 20.1982 29.9477
 20.8906 30.5817
 21.6627 31.9233
 22.1292 32.459
 22.108 32.4909
165 100 5
 20.7373 27.363
 21.1622 26.0627
 21.3442 24.0751
 21.6269 22.4879
 21.6388 22.461
166 140 11
 -54.9317 -40.107
 -55.7097 -41.6329
 -56.3431 -42.1716
 -56.4972 -42.3518
 -56.4417 -42.3644
 -56.1284 -42.622
 -55.7346 -43.0827
 -55.6378 -43.4132
 -55.6351 -43.7924
 -55.4907 -44.1324
 -55.3709 -44.208
166 107 7
 -54.9317 -40.107
 -54.4868 -38.7624
 -54.0144 -38.5597
 -53.666 -38.5261
 -53.5588 -38.5263
 -53.4426 -38.5634
 -53.394 -38.5923
167 97 28
 -43.0696 -29.0503
 -42.9624 -29.391
 -42.9613 -29.6049
 -42.9152 -29.6735
 -42.8938 -29.748
 -42.8979 -29.8327
 -42.9262 -29.8979
 -42.9721 -30.005
 -43.0649 -30.1495
 -43.2038 -30.2384
 -43.3305 -30.2742
 -43.4268 -30.3288
 -43.4705 -30.4019
 -43.4905 -30.421
 -43.5422 -30.4464
 -43.5874 -30.4727
 -43.6003 -30.5029
 -43.612 -30.5516
 -43.6287 -30.6016
 -43.6078 -30.6474
 -43.5745 -30.6733
 -43.5012 -30.7206
 -43.4124 -30.8163
 -43.3594 -30.7992
 -43.2588 -30.6875
 -43.1502 -30.6496
 -43.1146 -30.6552
 -43.1176 -30.6627
167 55 6
 -43.0696 -29.0503
 -43.1525 -28.8169
 -43.0632 -28.7001
 -43.0235 -28.5806
 -43.0114 -28.4959
 -43.0027 -28.4912
168 79 13
 -33.7961 -30.6678
 -35.0917 -31.2062
 -35.6195 -31.3468
 -35.8971 -31.2775
 -36.3787 -31.4331
 -36.86 -31.673
 -37.2355 -31.8278
 -37.9606 -31.959
 -38.4575 -31.6049
 -38.0795 -30.8595
 -37.6694 -30.1172
 -37.5081 -29.6597
 -37.499 -29.6507
168 45 12
 -33.7961 -30.6678
 -33.0058 -30.8074
 -32.9422 -31.232
 -32.5135 -31.0213
 -32.0241 -30.7076
 -31.8102 -30.6372
 -31.6603 -30.891
 -31.3673 -31.2515
 -30.9128 -31.4284
 -30.6033 -31.4426
 -30.4949 -31.423
 -30.4866 -31.4208
169 9 6
 -50.604 -9.81305
 -51.2029 -11.0479
 -51.3313 -11.1347
 -51.4911 -11.2234
 -51.5573 -11.2668
 -51.5649 -11.3026
169 11 5
 -50.604 -9.81305
 -49.9254 -8.51435
 -49.793 -8.44625
 -49.7412 -8.45735
 -49.7146 -8.4671
170 74 8
 0.71515 7.59395
 0.99725 6.5985
 0.93605 6.25095
 0.85085 6.1436
 0.75345 5.97085
 0.87345 5.7682
 1.0643 5.56615
 1.1209 5.496
170 90 6
 0.71515 7.59395
 0.37525 8.50435
 1.0475 8.73945
 1.98485 8.8621
 2.29795 8.8768
 2.3446 8.7468
171 61 12
 6.7542 26.9956
 6.41515 27.3812
 6.2381 27.7626
 6.05635 28.1099
 6.0705 28.2473
 5.9429 28.4921
 5.63145 28.5744
 4.9631 28.69
 4.4568 28.8431
 4.38005 28.8071
 4.2491 28.7882
 4.1797 28.8084
171 4 8
 6.7542 26.9956
 7.91605 26.9118
 8.75635 27.1562
 8.96735 27.351
 9.70965 27.5098
 10.4572 27.5018
 10.6778 27.5481
 10.712 27.5531
172 0 11
 -2.1765 -31.5964
 -2.92355 -32.7459
 -4.11185 -33.0098
 -4.46575 -33.4253
 -4.77925 -33.9249
 -5.27205 -33.9198
 -5.66305 -34.229
 -6.5368 -34.2039
 -6.6778 -34.1561
 -6.73735 -34.0576
 -6.734 -34.0287
172 67 4
 -2.1765 -31.5964
 -2.48365 -30.3297
 -2.52615 -30.2125
 -2.5742 -30.2097
173 138 18
 3.08155 -27.334
 3.28245 -26.4304
 3.1997 -25.8407
 3.00365 -25.2884
 3.04235 -24.9731
 3.11375 -24.7376
 3.25475 -24.7686
 4.17385 -24.6283
 5.18105 -24.1944
 5.4043 -23.8586
 5.45675 -23.7552
 5.49825 -23.7519
 5.8732 -23.7331
 6.26355 -23.6872
 6.43585 -23.9465
 6.8574 -24.1695
 7.2541 -24.1213
 7.3395 -24.1546
173 27 8
 3.08155 -27.334
 3.5446 -28.1431
 4.08865 -28.2014
 4.22805 -28.2167
 4.4888 -28.3452
 4.6588 -28.6092
 4.69725 -28.7556
 4.7009 -28.7713
174 121 10
 18.1165 -54.0043
 18.6376 -53.4006
 19.0116 -53.2231
 18.8742 -52.889
 18.783 -52.7148
 18.9181 -52.3389
 19.3567 -51.8536
 19.5129 -51.3934
 19.412 -51.1234
 19.4418 -51.1048
174 12 3
 18.1165 -54.0043
 17.9095 -54.1785
 17.9124 -54.1854
175 105 16
 -45.9035 -41.2699
 -45.5272 -40.729
 -45.4962 -40.1853
 -45.1618 -39.5476
 -44.8412 -39.0058
 -44.702 -38.6912
 -44.3417 -38.3366
 -44.1402 -38.0445
 -43.993 -37.5913
 -43.7402 -37.2172
 -43.4959 -37.0118
 -43.2793 -36.9569
 -43.1574 -36.9819
 -42.995 -37.158
 -42.8511 -37.366
 -42.8201 -37.4068
175 146 5
 -45.9035 -41.2699
 -47.1203 -41.4953
 -48.0466 -41.5427
 -48.1126 -41.472
 -48.124 -41.4475
176 72 37
 1.204 -54.1367
 2.25235 -54.4216
 2.6142 -54.7214
 3.63535 -55.5826
 4.92425 -56.4275
 5.79685 -56.8535
 6.31315 -56.9177
 7.11625 -57.1702
 8.04385 -57.3063
 8.3165 -57.1486
 8.39235 -57.0707
 8.46015 -56.9543
 8.5464 -56.9287
 8.8292 -56.7552
 9.2546 -56.2488
 9.59695 -56.0494
 9.92185 -56.3559
 10.2815 -56.7032
 10.5896 -56.9422
 10.827 -57.0024
 11.2451 -56.8861
 11.7103 -56.7565
 12.0056 -56.7617
 12.2583 -56.7213
 12.4189 -56.651
 12.5441 -56.7061
 12.64 -56.8036
 12.6982 -56.8599
 12.7749 -56.8851
 12.8386 -56.9006
 12.8614 -56.932
 12.8417 -57.0047
 12.7901 -57.0994
 12.8052 -57.1601
 12.8687 -57.2272
 12.9007 -57.2841
 12.9017 -57.2863
176 3 6
 1.204 -54.1367
 0.24235 -53.9811
 -0.3338 -54.3102
 -1.4253 -54.5163
 -2.01215 -54.5468
 -2.0248 -54.5413
177 109 7
 -21.7506 -35.5023
 -22.6941 -35.6252
 -23.2033 -35.1692
 -23.6823 -33.8148
 -24.2518 -32.7943
 -24.7944 -32.7058
 -24.9017 -32.7162
177 123 8
 -21.7506 -35.5023
 -20.9632 -35.3599
 -20.1915 -35.3153
 -19.1262 -35.3781
 -18.0746 -35.5773
 -17.3754 -35.8662
 -17.4187 -36.0813
 -17.4115 -36.0951
178 109 11
 -25.5356 -40.9656
 -26.636 -39.3717
 -27.3847 -38.4532
 -27.6017 -38.0883
 -27.0555 -37.1122
 -26.6647 -35.6656
 -26.5031 -34.852
 -26.0099 -33.8232
 -25.4234 -32.8762
 -24.9799 -32.7397
 -24.9017 -32.7162
178 80 3
 -25.5356 -40.9656
 -24.9184 -41.8606
 -24.9152 -41.8639
179 129 11
 -35.6371 -40.7597
 -36.7048 -41.2273
 -37.2948 -40.9911
 -38.2003 -40.7901
 -38.6964 -40.416
 -39.1365 -39.2177
 -39.5666 -38.4416
 -39.5977 -38.3333
 -39.6668 -38.3229
 -39.6888 -38.2461
 -39.7239 -38.2555
179 66 3
 -35.6371 -40.7597
 -34.6165 -40.3446
 -34.606 -40.3521
180 110 26
 -17.2533 -13.6352
 -18.7764 -13.8075
 -19.6436 -13.2577
 -20.2496 -13.4588
 -21.1731 -13.6505
 -22.7493 -13.3286
 -24.0508 -13.0622
 -25.68 -12.6992
 -27.2861 -11.9112
 -27.6072 -11.577
 -27.9978 -11.1546
 -28.2633 -10.5555
 -28.3771 -10.3118
 -28.4867 -10.1489
 -28.6894 -9.8745
 -29.0289 -9.5201
 -29.4417 -9.0531
 -30.1581 -8.49465
 -30.6881 -7.9042
 -30.8381 -7.56035
 -31.2891 -7.33765
 -31.7605 -6.7372
 -31.7892 -6.2058
 -31.3983 -6.0658
 -30.8489 -5.9195
 -30.5984 -5.7589
180 104 14
 -17.2533 -13.6352
 -15.8406 -13.0468
 -14.1992 -13.9643
 -13.463 -15.3366
 -12.629 -16.7424
 -10.8932 -18.012
 -9.4421 -18.2416
 -8.27395 -17.8074
 -7.6041 -17.8321
 -6.92645 -18.1494
 -5.7291 -18.445
 -4.2454 -19.2078
 -3.7624 -20.0307
 -3.912 -20.2821
181 92 20
 -43.3303 -11.4415
 -44.0234 -12.0716
 -44.3317 -12.2617
 -44.286 -12.4072
 -44.2016 -12.493
 -44.2645 -12.5522
 -44.3736 -12.7211
 -44.4414 -12.8642
 -44.4068 -13.2065
 -44.4565 -14.4031
 -44.2361 -15.3236
 -43.86 -15.5237
 -43.8053 -15.819
 -43.6626 -16.0299
 -43.4486 -16.1856
 -43.4404 -16.6025
 -43.275 -17.604
 -43.2109 -18.5145
 -43.3998 -18.8324
 -43.4262 -18.9246
181 148 24
 -43.3303 -11.4415
 -42.7831 -10.8495
 -42.3519 -10.1512
 -42.0156 -9.49315
 -42.1857 -9.4034
 -42.5253 -9.0148
 -42.7505 -8.58255
 -42.83 -8.4591
 -43.3092 -8.252
 -43.8568 -7.983
 -44.229 -8.04025
 -44.9844 -8.2005
 -45.555 -7.6599
 -45.2529 -6.81785
 -44.814 -6.4099
 -44.8903 -6.25155
 -45.3596 -6.3396
 -46.0294 -5.92295
 -46.3694 -5.21885
 -46.49 -5.13265
 -47.1965 -5.54885
 -47.9737 -5.9363
 -48.1273 -6.0138
 -48.134 -6.0323
182 126 9
 -71.5334 -8.94185
 -70.632 -7.4738
 -70.3007 -7.33915
 -70.2125 -7.32365
 -70.0892 -7.3122
 -69.575 -6.79175
 -69.0382 -5.9933
 -69.0134 -5.72455
 -69.0653 -5.7129
182 41 4
 -71.5334 -8.94185
 -72.0361 -10.4272
 -71.9425 -10.6469
 -71.9354 -10.6978
183 30 19
 -43.8521 13.2442
 -43.9937 13.0637
 -44.1546 12.7732
 -44.3345 12.5552
 -44.2939 12.3249
 -44.0822 12.1038
 -43.9105 12.0926
 -43.944 11.9707
 -43.9928 11.8076
 -43.9997 11.6614
 -44.0234 11.5196
 -43.9624 11.4256
 -44.007 11.5198
 -43.9 11.5639
 -43.8008 11.5696
 -43.729 11.5935
 -43.5903 11.57
 -43.4914 11.5035
 -43.4771 11.4848
183 84 37
 -43.8521 13.2442
 -43.6633 13.6154
 -43.7454 13.9181
 -43.9246 14.0398
 -44.083 14.1017
 -44.0288 14.184
 -44.1341 14.3455
 -44.1285 14.4746
 -43.9723 14.6233
 -43.8393 14.7764
 -43.8083 14.8078
 -43.7567 14.9083
 -43.7225 15.0196
 -43.6817 15.0802
 -43.6066 15.2168
 -43.5244 15.3165
 -43.6965 15.3366
 -43.8463 15.3649
 -43.9717 15.3246
 -44.148 15.2022
 -44.2728 15.1409
 -44.3287 15.1671
 -44.4462 15.1884
 -44.5735 15.2041
 -44.6668 15.2489
 -44.8097 15.3214
 -44.9098 15.3885
 -44.9881 15.4795
 -45.0516 15.6014
 -45.1977 15.6639
 -45.4445 15.6362
 -45.6002 15.6061
 -45.7606 15.6545
 -45.9803 15.6789
 -46.3379 15.7353
 -46.5844 15.8123
 -46.5849 15.8108
184 18 28
 -39.0173 16.2835
 -38.7169 15.2633
 -38.5674 15.0441
 -38.4908 14.9638
 -38.182 14.716
 -37.7796 14.3749
 -37.5006 14.2409
 -37.3543 14.2271
 -37.4992 14.194
 -37.6076 14.0804
 -37.5826 13.9746
 -37.6056 13.9304
 -37.6369 13.8941
 -37.5857 13.8454
 -37.5355 13.7789
 -37.5459 13.725
 -37.5881 13.6697
 -37.5968 13.6024
 -37.6164 13.5642
 -37.5636 13.549
 -37.5201 13.4969
 -37.4369 13.4494
 -37.4244 13.4
 -37.4798 13.3354
 -37.5134 13.2566
 -37.5108 13.1773
 -37.5324 13.1308
 -37.5574 13.1166
184 106 3
 -39.0173 16.2835
 -38.9138 17.576
 -38.6279 18.0129
185 73 9
 -2.0162 25.4985
 -0.81765 25.6992
 0.2916 25.8839
 0.581 25.7379
 0.7413 25.631
 0.8453 25.6343
 0.9655 25.7416
 1.05835 25.8424
 1.0523 25.8692
185 96 14
 -2.0162 25.4985
 -3.15865 25.4578
 -4.08405 25.1006
 -4.2612 24.3032
 -4.95065 24.2057
 -6.5069 24.848
 -7.5368 25.0677
 -8.07135 24.7537
 -9.04835 24.5299
 -9.7883 24.3657
 -10.3069 23.913
 -10.8982 23.7959
 -11.2019 23.8656
 -11.2053 23.8676
186 134 11
 -32.8638 12.4123
 -32.6702 12.6287
 -32.4584 12.672
 -32.2815 12.661
 -32.2208 12.6821
 -32.1791 12.6697
 -32.028 12.5212
 -31.8518 12.3295
 -31.6626 12.2486
 -31.5191 12.2046
 -31.5193 12.1952
186 50 12
 -32.8638 12.4123
 -33.0777 12.2011
 -33.2808 12.2218
 -33.3612 12.0654
 -33.5869 11.8772
 -33.5884 11.622
 -33.5206 11.4039
 -33.3991 11.2852
 -33.2852 11.2288
 -32.9501 10.9767
 -32.6381 10.7538
 -32.6367 10.7509
187 112 22
 -12.4271 10.8911
 -12.5939 10.6132
 -12.6875 10.2573
 -12.8814 9.8706
 -13.0513 9.34165
 -13.0282 8.96735
 -12.8363 8.77995
 -12.7813 8.38865
 -13.0098 7.83755
 -12.9269 7.3226
 -12.3902 7.1734
 -11.9641 7.3511
 -11.5455 7.3401
 -10.7528 7.94555
 -10.1544 8.626
 -10.2222 8.83545
 -10.1951 9.23225
 -9.69345 9.97455
 -8.80795 10.8249
 -8.1618 11.2224
 -8.02315 11.2945
 -7.9996 11.2743
187 14 4
 -12.4271 10.8911
 -11.7604 11.4339
 -11.2755 11.9338
 -11.2748 11.9401
188 74 29
 -3.4517 9.25575
 -4.51135 9.4132
 -5.4691 9.74715
 -5.72965 9.7382
 -5.6642 9.64485
 -4.74005 9.0946
 -4.0909 8.4443
 -3.9999 7.9459
 -3.42975 7.2803
 -3.1637 6.50385
 -3.55215 5.8563
 -3.4618 5.6479
 -3.0891 5.3295
 -2.97875 5.02045
 -2.6017 4.8904
 -2.2192 4.8227
 -2.13545 4.8234
 -1.74855 4.81635
 -1.12545 4.8226
 -0.7298 4.91435
 -0.35465 5.04935
 -0.01275 5.21015
 0.22 5.44765
 0.4786 5.60935
 0.65625 5.7771
 0.75345 5.97085
 0.87345 5.7682
 1.0643 5.56615
 1.1209 5.496
188 127 8
 -3.4517 9.25575
 -3.03765 9.94305
 -2.67305 10.113
 -2.125 9.6299
 -1.5649 9.69645
 -1.532 9.4033
 -1.34735 9.23695
 -1.3287 9.224
189 102 4
 1.3535 -8.64875
 3.8078 -7.21465
 5.3472 -7.8062
 5.4575 -7.9427
189 142 3
 1.3535 -8.64875
 0.19985 -10.7192
 0.0714 -10.9004
190 65 12
 12.7649 -13.5896
 14.4058 -13.2374
 14.9424 -13.6142
 15.8536 -13.3862
 16.4224 -12.7369
 16.8857 -12.4723
 17.2643 -12.4194
 17.2179 -12.339
 17.1861 -12.1953
 17.2438 -11.8996
 17.2686 -11.6656
 17.2532 -11.6355
190 86 3
 12.7649 -13.5896
 11.2001 -13.9447
 11.1697 -13.7522
191 16 16
 14.3362 14.941
 14.1765 15.5791
 14.0864 16.6194
 14.1442 18.6841
 14.155 20.2865
 14.5696 20.7504
 14.9796 21.2567
 15.1333 21.4263
 15.3185 21.5632
 15.4452 21.5883
 15.6106 21.5918
 15.7458 21.6669
 15.8889 21.7874
 15.9606 21.8739
 15.9834 21.9451
 16.0092 21.9883
191 89 5
 14.3362 14.941
 13.6937 14.2119
 13.1853 13.1017
 13.3628 12.5732
 13.3848 12.5109
192 149 14
 11.6761 28.5476
 11.7177 29.5224
 11.2271 29.9137
 10.8144 30.5625
 10.7619 31.2592
 10.8456 31.8621
 10.8029 32.3316
 10.719 32.5881
 10.585 32.5526
 10.421 32.5516
 10.3239 32.5997
 10.3062 32.6455
 10.3057 32.7037
 10.3096 32.7512
192 4 5
 11.6761 28.5476
 11.2728 27.6549
 10.983 27.6631
 10.7705 27.5848
 10.712 27.5531
193 16 25
 20.2311 22.4125
 19.5954 23.3685
 18.8456 23.8818
 17.9808 23.7394
 17.243 23.8736
 17.0976 23.9867
 17.0397 24.1252
 16.9145 23.9681
 16.7501 23.7872
 16.7281 23.6765
 16.7964 23.5945
 16.8234 23.5166
 16.8012 23.431
 16.6527 23.2437
 16.5322 22.9742
 16.5585 22.826
 16.5368 22.7799
 16.4746 22.6973
 16.3692 22.5356
 16.2445 22.3748
 16.2507 22.225
 16.2973 22.1185
 16.2025 22.059
 16.0588 21.995
 16.0092 21.9883
193 100 4
 20.2311 22.4125
 20.9621 22.3666
 21.6269 22.4879
 21.6388 22.461
194 1 20
 36.3633 -4.90325
 34.7735 -5.00735
 34.5276 -5.10695
 34.0103 -5.0392
 33.2447 -4.3331
 32.9364 -3.53615
 32.5066 -3.88095
 31.5774 -4.88185
 30.861 -5.7985
 30.5254 -5.67405
 29.772 -5.72725
 28.8135 -6.0115
 27.5754 -5.98775
 26.6462 -5.94765
 26.4342 -6.0239
 26.3852 -6.02685
 26.3062 -6.02115
 26.2408 -6.01205
 26.2112 -6.02395
 26.2047 -6.026
194 21 3
 36.3633 -4.90325
 38.1015 -5.0406
 38.2507 -5.2807
195 1 24
 30.2764 2.0209
 30.6325 0.4022
 30.6515 0.31625
 31.6208 -0.5008
 32.6003 -1.2464
 32.7249 -1.5532
 32.8452 -2.38945
 32.9448 -3.0157
 33.0699 -3.2009
 32.9364 -3.53615
 32.5066 -3.88095
 31.5774 -4.88185
 30.861 -5.7985
 30.5254 -5.67405
 29.772 -5.72725
 28.8135 -6.0115
 27.5754 -5.98775
 26.6462 -5.94765
 26.4342 -6.0239
 26.3852 -6.02685
 26.3062 -6.02115
 26.2408 -6.01205
 26.2112 -6.02395
 26.2047 -6.026
195 2 5
 30.2764 2.0209
 29.5948 3.66745
 30.2425 3.76165
 30.6716 3.9769
 30.7775 4.0456
196 83 21
 47.8546 -14.7075
 48.3171 -13.5121
 48.5454 -13.1638
 48.5286 -12.8907
 48.646 -12.6595
 48.6513 -12.4936
 48.5693 -12.3267
 48.547 -12.1952
 48.611 -12.1021
 48.7661 -11.9319
 48.9144 -11.7971
 48.9012 -11.702
 48.8619 -11.6143
 48.91 -11.5198
 48.8972 -11.3322
 48.7467 -11.094
 48.6274 -10.7887
 48.5259 -10.614
 48.2268 -10.7088
 48.0138 -10.7886
 48.0124 -10.7894
196 37 9
 47.8546 -14.7075
 47.8867 -15.7829
 48.2956 -15.8369
 49.2396 -16.4363
 50.5582 -16.9829
 51.2296 -16.8995
 51.6305 -16.7843
 51.9621 -16.6621
 51.963 -16.6467
197 25 13
 46.2287 -13.2391
 45.9098 -13.6329
 45.5779 -13.6243
 45.5522 -13.8848
 45.2267 -14.307
 44.8771 -14.596
 44.7294 -14.7252
 44.7026 -14.8145
 44.6332 -14.8554
 44.5658 -14.9268
 44.5385 -15.0375
 44.4864 -15.065
 44.4679 -15.0546
197 83 7
 46.2287 -13.2391
 46.3274 -12.7383
 46.6189 -11.8136
 46.9363 -10.8937
 47.3565 -10.663
 47.8593 -10.68
 48.0124 -10.7894
198 83 25
 54.281 -11.6756
 53.6701 -8.9786
 53.1972 -9.24205
 52.7373 -9.5969
 52.5117 -10.0802
 51.3689 -10.9295
 50.1301 -11.3966
 49.6822 -11.4977
 49.5096 -11.7484
 49.4776 -11.966
 49.4494 -11.957
 49.3892 -11.7276
 49.2547 -11.4721
 49.1774 -11.4503
 49.0804 -11.6069
 48.9121 -11.6738
 48.8619 -11.6143
 48.91 -11.5198
 48.8972 -11.3322
 48.7467 -11.094
 48.6274 -10.7887
 48.5259 -10.614
 48.2268 -10.7088
 48.0138 -10.7886
 48.0124 -10.7894
198 69 12
 54.281 -11.6756
 55.0845 -14.7048
 55.3765 -15.0211
 55.7806 -15.7262
 56.4775 -16.6417
 57.4623 -16.5116
 58.4034 -16.3506
 58.9498 -16.6192
 59.2382 -16.7993
 59.466 -16.9235
 59.7982 -17.0131
 59.9456 -17.0424
199 54 47
 30.2585 -22.2413
 28.7808 -22.5975
 28.0524 -22.5186
 27.715 -22.572
 27.2456 -23.1035
 27.0765 -23.8674
 27.1459 -24.3348
 27.2592 -24.6945
 27.2944 -24.8767
 27.2369 -24.8928
 26.791 -24.6432
 26.328 -24.4158
 26.0356 -24.8843
 25.84 -25.4721
 25.7248 -25.5863
 24.8119 -25.8055
 23.8583 -26.7141
 23.0887 -27.4163
 22.6519 -27.7845
 22.3516 -27.974
 21.7855 -28.0073
 21.7383 -28.4531
 21.4044 -28.563
 21.71 -28.812
 21.2488 -29.0341
 20.6105 -29.1981
 20.3353 -29.1986
 19.8791 -29.192
 19.3189 -29.2224
 19.1679 -29.256
 19.1445 -29.3072
 19.1755 -29.3704
 19.1767 -29.4774
 19.1805 -29.5725
 19.123 -29.54
 19.0533 -29.6382
 19.006 -29.7519
 18.9598 -29.7717
 18.913 -29.7863
 18.8535 -29.8195
 18.7667 -29.8528
 18.7554 -29.9012
 18.6977 -29.8715
 18.5941 -29.9348
 18.4059 -29.9693
 18.281 -29.9611
 18.2687 -29.9661
199 48 11
 30.2585 -22.2413
 31.2333 -21.2542
 32.5317 -20.7813
 33.726 -20.7782
 33.8723 -20.6657
 34.531 -19.8194
 35.3935 -19.0681
 35.7527 -19.2231
 35.9014 -19.4988
 35.9358 -19.6887
 35.9298 -19.7076
200 54 21
 21.1125 -30.9682
 20.2339 -30.6428
 19.9818 -30.1246
 19.8117 -29.6427
 19.5975 -29.5863
 19.4556 -29.5438
 19.2819 -29.5528
 19.1805 -29.5725
 19.123 -29.54
 19.0533 -29.6382
 19.006 -29.7519
 18.9598 -29.7717
 18.913 -29.7863
 18.8535 -29.8195
 18.7667 -29.8528
 18.7554 -29.9012
 18.6977 -29.8715
 18.5941 -29.9348
 18.4059 -29.9693
 18.281 -29.9611
 18.2687 -29.9661
200 20 7
 21.1125 -30.9682
 21.4842 -31.5481
 21.2379 -32.0373
 21.2825 -32.2905
 21.437 -32.461
 21.5686 -32.5226
 21.5779 -32.5181
201 3 7
 -0.67665 -58.2066
 -2.02865 -57.514
 -2.61585 -56.9464
 -2.28695 -56.7266
 -2.26505 -55.246
 -2.01215 -54.5468
 -2.0248 -54.5413
201 132 5
 -0.67665 -58.2066
 0.39335 -59.3803
 -0.02105 -60.0073
 -0.2416 -60.0771
 -0.3151 -60.0016
202 44 10
 35.1078 -57.1105
 35.7356 -57.6047
 35.8466 -57.8769
 36.2399 -57.6596
 36.6192 -57.7047
 37.0026 -57.7086
 37.1549 -58.2724
 37.171 -58.9132
 37.0681 -59.1101
 37.0274 -59.1872
202 116 4
 35.1078 -57.1105
 34.9694 -56.489
 35.0443 -56.3618
 35.0644 -56.3329
203 133 13
 32.2258 -55.3019
 31.5431 -54.8825
 31.2047 -54.2829
 30.8504 -53.3785
 30.6673 -53.478
 30.63 -52.9049
 30.6153 -52.2321
 30.6909 -51.4201
 30.8829 -50.9163
 30.6775 -50.4207
 30.9504 -50.2308
 31.6768 -50.2824
 31.8297 -50.3784
203 19 10
 32.2258 -55.3019
 33.123 -55.4471
 33.6847 -55.3265
 34.0781 -55.2761
 34.338 -55.1456
 34.2432 -54.635
 34.0977 -54.1827
 33.9667 -53.8946
 33.8671 -53.5636
 33.8505 -53.4979
204 72 27
 15.8345 -55.7298
 15.5665 -56.9006
 15.2865 -58.0459
 14.809 -58.4886
 14.5338 -58.7764
 14.2814 -59.0486
 13.8154 -59.0542
 13.5053 -59.1102
 13.5396 -58.6994
 13.5016 -58.1586
 13.4473 -57.9196
 13.4016 -57.8114
 13.3967 -57.705
 13.4067 -57.595
 13.4049 -57.4823
 13.3623 -57.3983
 13.3075 -57.3049
 13.2872 -57.2249
 13.2747 -57.3062
 13.2067 -57.3902
 13.0907 -57.4143
 12.9844 -57.4641
 12.949 -57.5195
 12.9756 -57.4576
 12.9648 -57.3531
 12.9137 -57.2948
 12.9017 -57.2863
204 12 8
 15.8345 -55.7298
 16.5555 -55.0596
 16.9936 -54.5541
 17.1444 -54.3127
 17.4168 -54.3713
 17.5643 -54.3442
 17.7725 -54.241
 17.9124 -54.1854
205 112 12
 -7.4586 14.1986
 -7.0999 13.3627
 -6.36325 12.9862
 -6.03735 12.7074
 -5.94535 12.6336
 -6.2725 12.5709
 -6.4981 12.2895
 -7.01615 12.0132
 -7.60785 11.8217
 -7.8622 11.5314
 -8.02315 11.2945
 -7.9996 11.2743
205 96 30
 -7.4586 14.1986
 -8.23805 15.1526
 -9.2609 15.3633
 -8.90965 15.6233
 -8.8751 16.0814
 -9.0884 16.8974
 -9.2909 17.5948
 -9.2688 17.7116
 -8.822 18.1098
 -7.59225 18.9101
 -6.61275 19.2889
 -6.7038 19.7086
 -6.7908 20.2239
 -6.94655 20.8165
 -5.83235 21.2645
 -3.9073 21.3377
 -3.1992 22.3407
 -3.52545 23.7509
 -4.0056 24.5378
 -4.2612 24.3032
 -4.95065 24.2057
 -6.5069 24.848
 -7.5368 25.0677
 -8.07135 24.7537
 -9.04835 24.5299
 -9.7883 24.3657
 -10.3069 23.913
 -10.8982 23.7959
 -11.2019 23.8656
 -11.2053 23.8676
206 27 18
 10.7573 -27.6246
 10.9881 -26.3502
 11.095 -25.6855
 10.7207 -25.9025
 10.2867 -25.9423
 10.1579 -25.9223
 8.9698 -26.5825
 7.70955 -27.2701
 7.44515 -27.7015
 7.37405 -28.5104
 6.70355 -29.3221
 6.0091 -29.6458
 5.64575 -29.2902
 5.26485 -28.9224
 5.07965 -28.8008
 4.8344 -28.7402
 4.7213 -28.7766
 4.7009 -28.7713
206 119 6
 10.7573 -27.6246
 11.14 -28.4963
 11.6534 -28.9876
 11.874 -29.6062
 12.0466 -29.9256
 12.0485 -29.937
207 122 5
 -23.2819 32.6909
 -22.4193 32.7862
 -21.1181 32.4582
 -19.6992 32.0818
 -19.567 32.0391
207 125 4
 -23.2819 32.6909
 -24.156 32.6516
 -24.1933 32.7132
 -24.2047 32.7246
208 74 27
 5.56835 -6.8033
 5.9184 -5.915
 6.2177 -5.7656
 6.51845 -5.31765
 6.17775 -4.22055
 7.09055 -3.25585
 8.4661 -2.84555
 8.1008 -1.6298
 7.1 -0.41015
 6.6452 0.0273
 6.70065 0.53645
 6.59485 1.308
 6.27635 2.392
 5.86195 3.3597
 6.6278 4.28735
 5.33695 4.5739
 4.8305 5.20595
 4.60285 5.20395
 3.96025 5.3086
 3.2808 5.01755
 2.99915 4.8482
 2.77465 4.85975
 2.34235 4.77335
 1.70195 5.0394
 1.31065 5.4725
 1.1479 5.5206
 1.1209 5.496
208 102 3
 5.56835 -6.8033
 5.3472 -7.8062
 5.4575 -7.9427
209 97 40
 -50.8078 -32.6936
 -50.0004 -33.1864
 -49.9397 -32.3688
 -49.5642 -31.9932
 -48.9476 -31.5611
 -48.413 -31.0779
 -48.0792 -30.6749
 -47.8854 -30.5995
 -47.6754 -30.6887
 -47.4581 -30.6965
 -47.3142 -30.6536
 -47.3242 -30.2976
 -47.1302 -29.696
 -46.3581 -29.2848
 -45.8917 -29.619
 -45.5406 -30.3084
 -44.8591 -30.7777
 -44.4668 -30.9475
 -44.3209 -30.6646
 -44.1975 -30.4652
 -44.0469 -30.3279
 -43.9627 -30.1936
 -43.8727 -30.3109
 -43.8094 -30.4388
 -43.7863 -30.4623
 -43.7402 -30.4613
 -43.6868 -30.4614
 -43.6236 -30.468
 -43.6003 -30.5029
 -43.612 -30.5516
 -43.6287 -30.6016
 -43.6078 -30.6474
 -43.5745 -30.6733
 -43.5012 -30.7206
 -43.4124 -30.8163
 -43.3594 -30.7992
 -43.2588 -30.6875
 -43.1502 -30.6496
 -43.1146 -30.6552
 -43.1176 -30.6627
209 53 10
 -50.8078 -32.6936
 -51.8652 -33.0089
 -52.3685 -33.1263
 -52.9888 -32.6695
 -53.3696 -32.2128
 -53.4372 -32.0746
 -53.5582 -31.8831
 -53.9314 -31.5308
 -54.261 -31.2885
 -54.2712 -31.2969
210 47 16
 -22.2818 -57.0376
 -19.4374 -56.5709
 -18.362 -56.6952
 -17.7441 -56.6229
 -16.6003 -55.8182
 -15.2423 -55.1109
 -14.3948 -55.4028
 -13.9894 -55.5639
 -13.7701 -56.0211
 -13.2448 -56.671
 -12.8723 -56.8222
 -12.7264 -56.6569
 -12.761 -55.9179
 -11.9471 -55.0075
 -10.9121 -54.6035
 -10.863 -54.5288
210 95 5
 -22.2818 -57.0376
 -25.1742 -58.1314
 -26.2632 -58.4813
 -26.6282 -58.2165
 -26.6953 -58.0328
211 123 17
 -15.6439 -43.5528
 -16.707 -41.9926
 -17.0847 -41.7102
 -16.41 -40.6696
 -15.7693 -39.7782
 -15.5107 -39.3215
 -15.3745 -38.847
 -15.3435 -38.6166
 -15.2416 -38.3786
 -15.1242 -38.2955
 -15.4017 -38.19
 -16.3617 -37.5678
 -17.0585 -36.9862
 -17.4546 -36.6612
 -17.6402 -36.268
 -17.4322 -36.1209
 -17.4115 -36.0951
211 124 13
 -15.6439 -43.5528
 -14.67 -44.6298
 -14.5428 -44.6529
 -14.3759 -45.0521
 -14.1587 -45.4559
 -14.0695 -45.6105
 -13.9483 -45.9323
 -13.6551 -46.591
 -13.8328 -47.0107
 -14.624 -47.3309
 -16.0001 -48.0223
 -16.9816 -48.3679
 -17.0223 -48.3804
212 45 6
 -28.4426 -32.3033
 -29.4966 -33.3345
 -30.136 -32.6939
 -30.4268 -31.7281
 -30.4831 -31.4289
 -30.4866 -31.4208
212 109 10
 -28.4426 -32.3033
 -27.6828 -30.7828
 -27.409 -30.2928
 -26.5358 -30.6
 -25.4063 -30.4165
 -26.2224 -31.3337
 -26.0667 -32.2462
 -25.2878 -32.7309
 -24.9799 -32.7397
 -24.9017 -32.7162
213 97 29
 -39.7299 -32.0078
 -40.9788 -31.846
 -41.1964 -31.771
 -41.6701 -31.6832
 -42.1127 -31.2122
 -42.2727 -30.8033
 -42.4952 -30.7416
 -42.6912 -30.6625
 -42.9134 -30.4916
 -43.0716 -30.2966
 -43.2038 -30.2384
 -43.3305 -30.2742
 -43.4268 -30.3288
 -43.4705 -30.4019
 -43.4905 -30.421
 -43.5422 -30.4464
 -43.5874 -30.4727
 -43.6003 -30.5029
 -43.612 -30.5516
 -43.6287 -30.6016
 -43.6078 -30.6474
 -43.5745 -30.6733
 -43.5012 -30.7206
 -43.4124 -30.8163
 -43.3594 -30.7992
 -43.2588 -30.6875
 -43.1502 -30.6496
 -43.1146 -30.6552
 -43.1176 -30.6627
213 79 7
 -39.7299 -32.0078
 -38.6176 -32.062
 -38.4575 -31.6049
 -38.0795 -30.8595
 -37.6694 -30.1172
 -37.5081 -29.6597
 -37.499 -29.6507
214 64 11
 -34.6893 -5.4709
 -35.3808 -6.95385
 -35.9285 -7.0709
 -36.3379 -7.44735
 -37.2289 -6.6266
 -38.2655 -6.288
 -38.4833 -6.16885
 -38.7092 -6.08265
 -38.764 -5.2896
 -38.7296 -4.4729
 -38.7418 -4.4427
214 110 11
 -34.6893 -5.4709
 -33.7714 -4.06305
 -33.2129 -4.0014
 -32.6094 -4.3748
 -32.1255 -4.8435
 -32.0313 -5.30215
 -31.9456 -5.93175
 -31.8147 -6.1875
 -31.3983 -6.0658
 -30.8489 -5.9195
 -30.5984 -5.7589
215 97 41
 -53.3832 -25.9489
 -52.264 -27.1041
 -51.9407 -27.1862
 -51.3887 -27.7126
 -50.8787 -28.3646
 -50.3915 -28.4816
 -49.8242 -28.6916
 -49.1121 -28.329
 -48.6611 -27.735
 -48.4589 -27.67
 -48.189 -27.7598
 -47.4572 -27.9767
 -46.882 -28.1071
 -46.9085 -28.6478
 -46.4053 -29.1714
 -45.8917 -29.619
 -45.5406 -30.3084
 -44.8591 -30.7777
 -44.4668 -30.9475
 -44.3209 -30.6646
 -44.1975 -30.4652
 -44.0469 -30.3279
 -43.9627 -30.1936
 -43.8727 -30.3109
 -43.8094 -30.4388
 -43.7863 -30.4623
 -43.7402 -30.4613
 -43.6868 -30.4614
 -43.6236 -30.468
 -43.6003 -30.5029
 -43.612 -30.5516
 -43.6287 -30.6016
 -43.6078 -30.6474
 -43.5745 -30.6733
 -43.5012 -30.7206
 -43.4124 -30.8163
 -43.3594 -30.7992
 -43.2588 -30.6875
 -43.1502 -30.6496
 -43.1146 -30.6552
 -43.1176 -30.6627
215 46 6
 -53.3832 -25.9489
 -54.4077 -24.8302
 -54.4195 -24.5677
 -54.7011 -24.2261
 -54.8863 -23.8833
 -54.9136 -23.7188
216 56 14
 -66.1792 -24.8676
 -65.3717 -26.3567
 -65.3477 -27.0836
 -64.6777 -27.4035
 -63.9604 -27.6659
 -63.6784 -27.8282
 -63.3268 -28.0232
 -63.0834 -28.1846
 -62.7925 -28.7863
 -62.497 -29.2576
 -62.3024 -29.2456
 -62.1084 -29.3804
 -61.9124 -29.5355
 -61.8744 -29.575
216 111 4
 -66.1792 -24.8676
 -67.1596 -23.9722
 -67.3778 -23.9012
 -67.3717 -23.8766
217 84 32
 -44.1179 29.76
 -43.9717 28.5178
 -44.1714 27.9212
 -44.1704 27.7391
 -44.1123 27.5856
 -44.4276 27.5248
 -45.2365 26.8143
 -46.083 26.213
 -45.7107 26.0208
 -45.311 25.5783
 -44.718 24.6018
 -44.585 23.6138
 -44.8839 22.9672
 -45.4807 22.4487
 -45.9589 22.1343
 -46.1023 22.0213
 -46.2639 21.8986
 -46.312 21.3491
 -46.1988 20.4014
 -46.1209 19.6367
 -46.5309 19.4701
 -47.1366 18.8797
 -47.2388 18.1045
 -47.1332 17.9304
 -46.9165 17.5445
 -46.5572 16.9608
 -46.4726 16.4396
 -46.5281 16.1203
 -46.535 15.94
 -46.5984 15.8429
 -46.5927 15.8134
 -46.5849 15.8108
217 147 8
 -44.1179 29.76
 -44.5494 30.4683
 -44.802 30.624
 -45.201 31.1002
 -45.5859 31.2328
 -45.6846 31.192
 -45.7213 31.3475
 -45.7586 31.3889
218 18 35
 -34.2102 13.455
 -34.5853 13.636
 -34.8497 13.806
 -34.9495 13.8451
 -35.1025 13.8433
 -35.2604 13.8068
 -35.611 13.7896
 -35.9641 13.7496
 -36.1201 13.8364
 -36.4346 13.9711
 -36.6084 13.8261
 -36.6723 13.5275
 -36.7933 13.342
 -36.8805 13.1534
 -36.9016 12.9683
 -36.8797 12.918
 -36.9356 12.8888
 -37.0475 12.8673
 -37.1362 12.9024
 -37.2339 12.9672
 -37.3333 13.0429
 -37.342 13.1107
 -37.3151 13.1521
 -37.2553 13.1539
 -37.1755 13.1533
 -37.1646 13.2743
 -37.2382 13.362
 -37.3062 13.3351
 -37.3611 13.3839
 -37.4244 13.4
 -37.4798 13.3354
 -37.5134 13.2566
 -37.5108 13.1773
 -37.5324 13.1308
 -37.5574 13.1166
218 50 17
 -34.2102 13.455
 -33.6833 13.5989
 -33.285 13.6611
 -33.3203 13.3076
 -33.3547 12.7294
 -33.326 12.3853
 -33.3791 12.3454
 -33.2808 12.2218
 -33.3612 12.0654
 -33.5869 11.8772
 -33.5884 11.622
 -33.5206 11.4039
 -33.3991 11.2852
 -33.2852 11.2288
 -32.9501 10.9767
 -32.6381 10.7538
 -32.6367 10.7509
219 122 9
 -14.8748 31.7575
 -15.1847 32.6378
 -16.0794 33.2536
 -16.8701 33.5345
 -17.166 33.4354
 -18.0766 33.0199
 -19.158 32.4934
 -19.5875 32.1581
 -19.567 32.0391
219 22 6
 -14.8748 31.7575
 -14.682 30.9925
 -15.2212 31.1283
 -15.8764 30.5112
 -16.1283 29.9174
 -16.2607 29.8507
220 138 27
 -2.5194 -20.1033
 -1.3855 -19.3027
 -0.74975 -19.2136
 -0.14035 -19.1943
 -0.02005 -19.382
 0.35535 -20.1974
 1.1071 -20.7696
 1.5213 -20.8313
 2.23695 -20.9771
 3.39375 -21.3939
 4.0354 -21.566
 4.5238 -20.8724
 4.9312 -20.222
 5.24355 -20.5568
 5.64325 -20.8272
 5.78315 -20.9697
 5.7315 -22.2446
 5.6113 -23.4818
 5.5133 -23.6381
 5.45675 -23.7552
 5.49825 -23.7519
 5.8732 -23.7331
 6.26355 -23.6872
 6.43585 -23.9465
 6.8574 -24.1695
 7.2541 -24.1213
 7.3395 -24.1546
220 104 4
 -2.5194 -20.1033
 -3.59905 -20.5399
 -3.85785 -20.2927
 -3.912 -20.2821
221 65 21
 16.5674 -18.568
 15.505 -18.2156
 15.026 -17.6434
 14.4125 -16.9634
 14.2944 -16.635
 14.8092 -16.2588
 15.5578 -15.7047
 15.8141 -15.437
 15.6245 -15.1491
 15.1926 -14.6742
 15.1635 -14.1226
 14.9424 -13.6142
 15.8536 -13.3862
 16.4224 -12.7369
 16.8857 -12.4723
 17.2643 -12.4194
 17.2179 -12.339
 17.1861 -12.1953
 17.2438 -11.8996
 17.2686 -11.6656
 17.2532 -11.6355
221 8 7
 16.5674 -18.568
 17.6537 -18.7662
 17.8196 -18.6224
 18.1124 -18.3995
 18.2543 -18.299
 18.2214 -18.2332
 18.1993 -18.2026
222 26 25
 13.6915 10.1941
 14.2938 11.2586
 14.479 11.948
 14.8575 12.2815
 15.1571 12.1027
 15.5493 11.5221
 16.0967 11.1475
 16.2561 11.1786
 16.244 11.0307
 16.3199 10.8816
 16.4449 10.6249
 16.6371 10.4328
 16.736 10.4156
 16.9599 10.3001
 17.2528 10.2456
 17.3732 10.2844
 17.4705 10.2991
 17.5742 10.2456
 17.68 10.2431
 17.7731 10.2691
 17.8411 10.2262
 17.918 10.1487
 17.9311 10.0552
 17.8759 9.98285
 17.846 9.9565
222 137 10
 13.6915 10.1941
 13.2352 9.50445
 13.0156 9.148
 12.6711 8.59
 12.5171 8.3325
 12.8082 7.68025
 13.1111 6.9161
 13.4347 6.7147
 13.7651 6.65585
 13.7819 6.6397
223 130 9
 35.2437 24.2629
 35.1065 25.3587
 34.9735 26.2824
 35.3761 27.1324
 35.8181 27.7437
 35.8461 27.8017
 35.9963 28.0275
 36.2033 28.2384
 36.2707 28.2374
223 58 11
 35.2437 24.2629
 35.1995 23.571
 35.0344 23.2712
 34.8949 23.0054
 34.6618 22.6098
 34.741 22.0028
 34.9949 21.5677
 34.7609 21.5933
 33.8859 21.581
 33.1214 21.7395
 33.0112 21.9567
224 25 26
 38.6691 -7.2258
 38.5676 -8.83735
 39.1096 -9.28135
 39.9826 -9.1439
 40.7671 -9.0523
 41.5612 -9.489
 41.868 -10.2738
 41.3692 -11.0331
 41.6325 -12.2242
 42.5554 -13.324
 43.2507 -13.3907
 44.1279 -13.1897
 44.6292 -13.3983
 44.8814 -13.5569
 45.2692 -13.5547
 45.5779 -13.6243
 45.5522 -13.8848
 45.2267 -14.307
 44.8771 -14.596
 44.7294 -14.7252
 44.7026 -14.8145
 44.6332 -14.8554
 44.5658 -14.9268
 44.5385 -15.0375
 44.4864 -15.065
 44.4679 -15.0546
224 21 4
 38.6691 -7.2258
 38.5091 -5.70885
 38.2398 -5.3118
 38.2507 -5.2807
225 83 12
 47.3395 -6.19875
 48.5321 -6.211
 48.1022 -7.2784
 49.0153 -8.0989
 49.7606 -9.02425
 49.3685 -10.0631
 48.9031 -10.4368
 48.6274 -10.7887
 48.5259 -10.614
 48.2268 -10.7088
 48.0138 -10.7886
 48.0124 -10.7894
225 76 4
 47.3395 -6.19875
 46.3472 -5.6098
 46.1693 -5.34985
 46.1725 -5.3208
226 67 10
 2.09085 -28.0449
 1.1226 -27.7505
 0.8999 -28.4712
 0.14955 -29.2654
 -0.8483 -29.5878
 -1.9084 -29.8889
 -2.46505 -30.1608
 -2.5217 -30.1599
 -2.57055 -30.1917
 -2.5742 -30.2097
226 27 8
 2.09085 -28.0449
 3.5446 -28.1431
 4.08865 -28.2014
 4.22805 -28.2167
 4.4888 -28.3452
 4.6588 -28.6092
 4.69725 -28.7556
 4.7009 -28.7713
227 15 7
 17.5131 -36.2834
 17.127 -35.6459
 17.0027 -35.7085
 16.8131 -35.6922
 16.4345 -35.6564
 16.144 -35.7549
 16.0766 -35.824
227 52 7
 17.5131 -36.2834
 17.879 -37.0314
 17.7927 -37.4228
 17.669 -37.8613
 17.4265 -37.9045
 17.1413 -37.7887
 17.131 -37.7735
228 12 8
 15.3639 -53.364
 16.2339 -53.9942
 16.8062 -54.2813
 17.1444 -54.3127
 17.4168 -54.3713
 17.5643 -54.3442
 17.7725 -54.241
 17.9124 -54.1854
228 75 24
 15.3639 -53.364
 14.7014 -52.9188
 14.4457 -52.7367
 14.5424 -52.469
 14.5771 -52.1968
 14.4159 -51.9041
 14.7756 -51.1033
 15.4671 -50.3256
 15.7135 -50.0584
 15.7127 -49.9664
 15.969 -49.5938
 16.2066 -49.1446
 16.2178 -48.8904
 16.1532 -48.6635
 15.7406 -48.3821
 15.3872 -48.1538
 15.3281 -47.7386
 15.2005 -47.2238
 15.083 -47.0937
 15.0667 -46.8973
 15.0321 -46.2946
 15.0363 -45.7839
 15.1186 -45.6723
 15.1428 -45.6478
229 116 30
 54.9142 -58.0659
 50.9173 -56.9206
 50.0616 -55.7982
 49.7919 -57.2335
 48.8168 -57.9233
 48.3401 -57.5784
 47.5443 -57.3833
 46.9886 -57.8993
 46.6953 -57.9966
 45.6984 -57.5011
 44.3723 -56.7761
 43.7882 -56.2412
 43.351 -55.8541
 42.7054 -54.8838
 41.2451 -54.2039
 40.1311 -54.2009
 39.6571 -54.0094
 39.0277 -53.5828
 38.1702 -53.6839
 37.4819 -54.0023
 37.35 -54.2306
 37.085 -54.5818
 36.9362 -54.7441
 36.8626 -55.1222
 36.6908 -55.5051
 36.2386 -55.7496
 35.752 -56.0707
 35.281 -56.2195
 35.0172 -56.2965
 35.0644 -56.3329
229 33 4
 54.9142 -58.0659
 59.0959 -58.7722
 59.7873 -58.5098
 60.0864 -58.3367
230 118 39
 -53.1004 -65.3485
 -52.7912 -62.9074
 -52.9333 -59.9495
 -51.8839 -59.7659
 -49.8278 -60.4122
 -47.3132 -61.5233
 -46.5363 -62.467
 -46.2486 -61.4344
 -44.9142 -60.604
 -43.4562 -60.6011
 -43.9603 -59.9056
 -44.2651 -59.0327
 -44.272 -58.6056
 -44.3029 -58.2644
 -44.628 -58.0191
 -45.2422 -57.0392
 -46.1362 -55.9464
 -46.8194 -55.7482
 -47.3584 -54.6626
 -48.2327 -53.4925
 -48.2266 -53.4685
 -47.3846 -53.109
 -46.956 -52.2687
 -47.0239 -50.9951
 -46.9331 -49.757
 -46.3927 -48.7149
 -46.2034 -47.4636
 -45.5849 -46.5036
 -44.6955 -46.0352
 -44.0054 -45.6138
 -43.3298 -45.325
 -42.5132 -45.2671
 -41.7867 -45.1791
 -41.6939 -45.1467
 -41.5896 -45.1504
 -41.5603 -44.7908
 -41.603 -44.2238
 -41.6292 -43.9953
 -41.6285 -43.9942
230 34 10
 -53.1004 -65.3485
 -55.7545 -66.1835
 -57.0693 -66.6822
 -57.8023 -66.9026
 -59.5996 -66.7416
 -61.3324 -66.0769
 -62.7118 -65.7056
 -63.5663 -65.8576
 -63.6844 -66.0707
 -63.6852 -66.0715
231 98 15
 -59.7557 -39.2813
 -62.1832 -38.4604
 -64.7242 -38.0529
 -64.1914 -37.3293
 -64.3313 -36.4091
 -65.1785 -34.8365
 -66.168 -33.005
 -66.6581 -32.4694
 -66.951 -32.4133
 -67.0567 -32.3811
 -67.345 -32.1615
 -67.5444 -31.9561
 -67.742 -31.8216
 -68.0679 -31.587
 -68.1822 -31.4729
231 140 12
 -59.7557 -39.2813
 -57.9721 -40.7742
 -56.6225 -42.0734
 -56.5489 -42.3083
 -56.4972 -42.3518
 -56.4417 -42.3644
 -56.1284 -42.622
 -55.7346 -43.0827
 -55.6378 -43.4132
 -55.6351 -43.7924
 -55.4907 -44.1324
 -55.3709 -44.208
232 98 6
 -65.2838 -30.2043
 -66.7271 -31.2899
 -67.5444 -31.9561
 -67.742 -31.8216
 -68.0679 -31.587
 -68.1822 -31.4729
232 56 12
 -65.2838 -30.2043
 -64.6068 -29.7114
 -64.144 -29.1176
 -63.4779 -28.3344
 -63.3268 -28.0232
 -63.0834 -28.1846
 -62.7925 -28.7863
 -62.497 -29.2576
 -62.3024 -29.2456
 -62.1084 -29.3804
 -61.9124 -29.5355
 -61.8744 -29.575
233 105 16
 -45.1607 -41.526
 -45.5272 -40.729
 -45.4962 -40.1853
 -45.1618 -39.5476
 -44.8412 -39.0058
 -44.702 -38.6912
 -44.3417 -38.3366
 -44.1402 -38.0445
 -43.993 -37.5913
 -43.7402 -37.2172
 -43.4959 -37.0118
 -43.2793 -36.9569
 -43.1574 -36.9819
 -42.995 -37.158
 -42.8511 -37.366
 -42.8201 -37.4068
233 118 14
 -45.1607 -41.526
 -44.6871 -42.0501
 -44.5389 -42.256
 -44.3499 -42.4888
 -44.2164 -42.6562
 -43.8289 -42.7775
 -43.17 -43.1632
 -42.6481 -43.2757
 -42.3671 -42.9958
 -42.1747 -43.3256
 -41.6792 -43.4294
 -41.5153 -43.661
 -41.6177 -43.9949
 -41.6285 -43.9942
234 97 26
 -43.444 -34.8768
 -43.1146 -34.3303
 -42.9666 -34.1702
 -43.3076 -34.0618
 -43.7841 -33.7342
 -44.0375 -33.0192
 -43.9064 -32.3853
 -43.684 -31.9905
 -43.5305 -31.7593
 -43.3608 -31.6966
 -43.319 -31.5627
 -43.4549 -31.2281
 -43.6054 -31.0082
 -43.7105 -30.9444
 -43.6914 -30.8508
 -43.6394 -30.7596
 -43.6059 -30.6815
 -43.6078 -30.6474
 -43.5745 -30.6733
 -43.5012 -30.7206
 -43.4124 -30.8163
 -43.3594 -30.7992
 -43.2588 -30.6875
 -43.1502 -30.6496
 -43.1146 -30.6552
 -43.1176 -30.6627
234 105 11
 -43.444 -34.8768
 -43.4787 -35.3514
 -43.484 -35.5759
 -43.4309 -35.9453
 -43.242 -36.1978
 -43.1728 -36.6304
 -43.2793 -36.9569
 -43.1574 -36.9819
 -42.995 -37.158
 -42.8511 -37.366
 -42.8201 -37.4068
235 105 7
 -40.7881 -38.3549
 -42.0773 -38.2829
 -42.3237 -37.6632
 -42.4026 -37.1841
 -42.6184 -37.3101
 -42.7897 -37.4136
 -42.8201 -37.4068
235 129 3
 -40.7881 -38.3549
 -39.7326 -38.2786
 -39.7239 -38.2555
236 118 12
 -42.186 -49.023
 -42.1574 -48.1613
 -41.9986 -47.5525
 -41.3661 -47.0541
 -41.0167 -46.9524
 -41.3852 -46.0511
 -41.6499 -45.2328
 -41.5896 -45.1504
 -41.5603 -44.7908
 -41.603 -44.2238
 -41.6292 -43.9953
 -41.6285 -43.9942
236 82 9
 -42.186 -49.023
 -41.9799 -50.2944
 -41.903 -50.9849
 -42.1084 -51.2168
 -42.1749 -51.3969
 -42.1969 -51.7167
 -42.1584 -52.0244
 -42.1989 -52.1696
 -42.2452 -52.1641
237 82 12
 -37.331 -54.1701
 -39.3417 -53.7373
 -40.3288 -53.6124
 -40.542 -53.6045
 -40.7319 -53.3814
 -41.1002 -53.0893
 -41.4606 -52.6884
 -41.8036 -52.5644
 -42.085 -52.4524
 -42.1374 -52.2905
 -42.1931 -52.2056
 -42.2452 -52.1641
237 40 4
 -37.331 -54.1701
 -36.0607 -54.1595
 -35.9303 -54.0301
 -35.9052 -54.0256
238 124 7
 -15.9205 -51.719
 -16.534 -50.5005
 -16.6845 -49.6569
 -16.9446 -48.7419
 -17.0298 -48.4565
 -16.9816 -48.3679
 -17.0223 -48.3804
238 47 10
 -15.9205 -51.719
 -13.9566 -52.2844
 -11.9555 -51.9359
 -11.2139 -52.0404
 -10.7514 -52.3021
 -10.5005 -52.8496
 -10.6269 -53.3616
 -10.7819 -54.0841
 -10.8648 -54.5108
 -10.863 -54.5288
239 47 21
 -20.0543 -65.7389
 -18.6222 -64.3166
 -18.6557 -63.3529
 -18.5052 -61.8177
 -17.5686 -60.9166
 -17.0592 -60.4711
 -17.4703 -58.901
 -18.0225 -57.1673
 -17.7441 -56.6229
 -16.6003 -55.8182
 -15.2423 -55.1109
 -14.3948 -55.4028
 -13.9894 -55.5639
 -13.7701 -56.0211
 -13.2448 -56.671
 -12.8723 -56.8222
 -12.7264 -56.6569
 -12.761 -55.9179
 -11.9471 -55.0075
 -10.9121 -54.6035
 -10.863 -54.5288
239 117 3
 -20.0543 -65.7389
 -21.118 -66.9086
 -21.1268 -66.9204
240 3 11
 -5.15415 -60.7182
 -5.382 -59.1452
 -5.4079 -58.514
 -4.57925 -57.7339
 -3.8327 -56.8064
 -3.5088 -56.3608
 -2.61585 -56.9464
 -2.28695 -56.7266
 -2.26505 -55.246
 -2.01215 -54.5468
 -2.0248 -54.5413
240 78 7
 -5.15415 -60.7182
 -4.96085 -62.2759
 -4.6198 -63.0712
 -4.1866 -63.7187
 -3.94795 -64.0593
 -3.8771 -64.2558
 -3.8758 -64.2631
241 3 15
 -9.77245 -51.3634
 -9.1417 -51.3139
 -8.3874 -51.604
 -8.03115 -51.9335
 -7.8394 -52.639
 -7.1394 -53.4678
 -6.53025 -53.5028
 -5.6382 -52.7144
 -4.56975 -52.1102
 -4.2471 -52.0808
 -3.73855 -52.8075
 -2.7773 -53.5273
 -1.92255 -53.8635
 -1.81915 -54.373
 -2.0248 -54.5413
241 47 8
 -9.77245 -51.3634
 -10.508 -51.727
 -10.7514 -52.3021
 -10.5005 -52.8496
 -10.6269 -53.3616
 -10.7819 -54.0841
 -10.8648 -54.5108
 -10.863 -54.5288
242 123 11
 -13.9901 -38.3784
 -14.8156 -38.3968
 -15.0911 -38.3002
 -15.1242 -38.2955
 -15.4017 -38.19
 -16.3617 -37.5678
 -17.0585 -36.9862
 -17.4546 -36.6612
 -17.6402 -36.268
 -17.4322 -36.1209
 -17.4115 -36.0951
242 13 4
 -13.9901 -38.3784
 -13.13 -38.1836
 -12.8562 -38.1401
 -12.868 -38.1932
243 0 10
 -10.6329 -36.0588
 -9.5032 -35.6706
 -8.72645 -35.3702
 -7.89 -35.2468
 -7.39265 -35.0256
 -6.96035 -34.7018
 -6.801 -34.4193
 -6.7166 -34.1693
 -6.73735 -34.0576
 -6.734 -34.0287
243 13 7
 -10.6329 -36.0588
 -11.8608 -36.581
 -12.1085 -36.9373
 -12.5652 -37.2579
 -12.8865 -37.8163
 -12.8562 -38.1401
 -12.868 -38.1932
244 104 15
 -10.2066 -28.5428
 -8.7174 -27.1469
 -8.39855 -26.5588
 -8.0311 -26.058
 -7.1434 -25.2924
 -6.41755 -24.2994
 -6.4169 -22.9247
 -6.31815 -21.7706
 -6.65785 -19.6598
 -7.6041 -17.8321
 -6.92645 -18.1494
 -5.7291 -18.445
 -4.2454 -19.2078
 -3.7624 -20.0307
 -3.912 -20.2821
244 63 7
 -10.2066 -28.5428
 -11.7502 -28.9986
 -12.6368 -30.041
 -14.6175 -30.4544
 -16.0828 -30.4657
 -16.8016 -30.7435
 -16.8046 -30.7448
245 104 16
 -9.7115 -12.1704
 -11.0807 -13.1383
 -13.4788 -13.1843
 -15.8406 -13.0468
 -14.1992 -13.9643
 -13.463 -15.3366
 -12.629 -16.7424
 -10.8932 -18.012
 -9.4421 -18.2416
 -8.27395 -17.8074
 -7.6041 -17.8321
 -6.92645 -18.1494
 -5.7291 -18.445
 -4.2454 -19.2078
 -3.7624 -20.0307
 -3.912 -20.2821
245 120 12
 -9.7115 -12.1704
 -8.77515 -10.2724
 -8.64735 -9.32565
 -8.5626 -8.78605
 -8.3477 -7.82065
 -8.317 -7.25035
 -8.1118 -6.47685
 -7.362 -5.71515
 -6.42655 -5.51305
 -6.6412 -4.83375
 -7.25945 -4.11285
 -7.2732 -4.0119
246 74 22
 -4.94825 -1.2144
 -3.81665 -1.4465
 -3.3074 -1.89455
 -2.86965 -2.44875
 -2.589 -2.48745
 -2.77625 -1.42295
 -2.9611 -0.47555
 -2.9889 -0.1525
 -2.10245 0.34855
 -0.9757 0.2801
 0.3706 0.9215
 2.1063 1.9649
 2.93135 1.9235
 2.6917 2.52005
 2.65385 3.70065
 2.72685 4.6406
 2.77465 4.85975
 2.34235 4.77335
 1.70195 5.0394
 1.31065 5.4725
 1.1479 5.5206
 1.1209 5.496
246 120 7
 -4.94825 -1.2144
 -6.9172 -1.7642
 -8.1465 -2.6191
 -7.95955 -3.58655
 -7.524 -4.24185
 -7.29345 -4.05825
 -7.2732 -4.0119
247 110 20
 -30.0144 -13.6706
 -29.0089 -12.1469
 -28.0857 -11.7778
 -27.6072 -11.577
 -27.9978 -11.1546
 -28.2633 -10.5555
 -28.3771 -10.3118
 -28.4867 -10.1489
 -28.6894 -9.8745
 -29.0289 -9.5201
 -29.4417 -9.0531
 -30.1581 -8.49465
 -30.6881 -7.9042
 -30.8381 -7.56035
 -31.2891 -7.33765
 -31.7605 -6.7372
 -31.7892 -6.2058
 -31.3983 -6.0658
 -30.8489 -5.9195
 -30.5984 -5.7589
247 77 3
 -30.0144 -13.6706
 -30.4148 -15.0393
 -30.4237 -15.0739
248 31 15
 -39.3258 -3.90805
 -39.8055 -3.08925
 -40.4195 -2.34945
 -40.8873 -1.99765
 -41.4805 -2.2242
 -42.239 -2.44365
 -42.6059 -2.5985
 -42.996 -2.5354
 -43.7554 -2.0079
 -44.3276 -1.20365
 -44.494 -0.63475
 -44.4887 -0.1675
 -44.9571 -0.21735
 -45.4669 0.0879
 -45.6608 0.1328
248 64 3
 -39.3258 -3.90805
 -38.876 -4.43575
 -38.7418 -4.4427
249 148 12
 -44.4199 -5.392
 -44.7971 -6.21115
 -44.814 -6.4099
 -44.8903 -6.25155
 -45.3596 -6.3396
 -46.0294 -5.92295
 -46.3694 -5.21885
 -46.49 -5.13265
 -47.1965 -5.54885
 -47.9737 -5.9363
 -48.1273 -6.0138
 -48.134 -6.0323
249 31 14
 -44.4199 -5.392
 -43.9062 -4.38415
 -43.847 -4.07085
 -43.9655 -3.96485
 -43.5625 -3.3024
 -42.9531 -2.67885
 -42.996 -2.5354
 -43.7554 -2.0079
 -44.3276 -1.20365
 -44.494 -0.63475
 -44.4887 -0.1675
 -44.9571 -0.21735
 -45.4669 0.0879
 -45.6608 0.1328
250 148 15
 -47.6917 -8.8843
 -46.687 -8.81205
 -45.8611 -8.462
 -45.555 -7.6599
 -45.2529 -6.81785
 -44.814 -6.4099
 -44.8903 -6.25155
 -45.3596 -6.3396
 -46.0294 -5.92295
 -46.3694 -5.21885
 -46.49 -5.13265
 -47.1965 -5.54885
 -47.9737 -5.9363
 -48.1273 -6.0138
 -48.134 -6.0323
250 11 5
 -47.6917 -8.8843
 -48.5927 -9.00175
 -49.2587 -8.82125
 -49.6707 -8.47385
 -49.7146 -8.4671
251 98 9
 -73.4653 -28.9808
 -72.9803 -29.8193
 -72.3125 -29.7593
 -71.3747 -29.5424
 -70.8056 -29.6039
 -70.1877 -29.893
 -69.068 -30.8083
 -68.2597 -31.4487
 -68.1822 -31.4729
251 143 4
 -73.4653 -28.9808
 -74.0291 -28.3958
 -74.2812 -28.4472
 -74.3843 -28.4734
252 46 17
 -49.8071 -13.3939
 -50.0555 -14.3801
 -50.5895 -14.9759
 -50.8176 -15.3323
 -51.346 -16.3588
 -51.9945 -17.3236
 -52.2004 -17.914
 -52.3277 -18.4895
 -52.4805 -18.6902
 -53.0574 -19.4156
 -53.7192 -20.3578
 -53.7992 -21.3054
 -53.7211 -22.2139
 -53.9247 -22.7164
 -54.456 -23.2872
 -54.8825 -23.7146
 -54.9136 -23.7188
252 11 9
 -49.8071 -13.3939
 -49.816 -12.4652
 -49.3535 -11.5688
 -48.7826 -10.719
 -48.4928 -10.4447
 -48.6106 -9.78415
 -49.2587 -8.82125
 -49.6707 -8.47385
 -49.7146 -8.4671
253 148 16
 -59.7038 -1.48575
 -57.8032 -5.148
 -57.2245 -5.1002
 -55.85 -4.7055
 -54.8331 -4.3261
 -54.666 -4.27755
 -53.2998 -4.15675
 -51.8202 -3.9315
 -50.8341 -3.6224
 -49.7034 -4.33305
 -49.2973 -5.2058
 -49.0095 -5.3216
 -48.5145 -5.6063
 -48.2129 -5.89175
 -48.1337 -6.01745
 -48.134 -6.0323
253 99 8
 -59.7038 -1.48575
 -61.3783 2.27275
 -60.8861 2.91145
 -59.6823 4.38615
 -58.8909 5.4414
 -58.2157 6.06
 -57.2926 6.4263
 -57.0041 6.3292
254 30 60
 -49.0743 9.12485
 -48.8207 8.8796
 -48.3616 8.97125
 -48.0154 9.12635
 -47.9928 9.1259
 -47.8796 9.09605
 -47.729 9.0522
 -47.6376 9.0134
 -47.5464 9.09145
 -47.4544 9.1758
 -47.3652 9.209
 -47.2953 9.17135
 -47.2188 9.1156
 -47.1513 9.1126
 -47.1051 9.09125
 -46.9713 9.09525
 -46.7799 9.0256
 -46.5818 9.0305
 -46.4298 9.1138
 -46.3062 9.17345
 -46.1468 9.33125
 -46.0955 9.57355
 -46.1169 9.7437
 -46.0375 9.7671
 -45.8776 9.79045
 -45.7608 9.79135
 -45.6329 9.78015
 -45.4636 9.7227
 -45.3204 9.65785
 -45.1321 9.6551
 -44.901 9.6513
 -44.7674 9.6484
 -44.6732 9.7175
 -44.4434 9.97575
 -44.2783 10.2497
 -44.3208 10.3695
 -44.3512 10.445
 -44.31 10.5198
 -44.2798 10.6021
 -44.212 10.6316
 -44.1068 10.594
 -44.0918 10.6061
 -44.112 10.7451
 -44.143 10.8676
 -44.0845 10.8583
 -44.0575 10.8911
 -44.0198 10.9298
 -43.9589 10.9649
 -43.9333 10.995
 -43.9737 11.0659
 -43.9971 11.1768
 -43.9407 11.3017
 -43.9624 11.4256
 -44.007 11.5198
 -43.9 11.5639
 -43.8008 11.5696
 -43.729 11.5935
 -43.5903 11.57
 -43.4914 11.5035
 -43.4771 11.4848
254 141 13
 -49.0743 9.12485
 -49.0687 9.5682
 -48.9478 9.9045
 -48.8092 10.2924
 -48.6459 10.5674
 -48.6262 10.6128
 -48.3724 11.0275
 -47.9709 11.3712
 -47.7752 11.2948
 -47.7337 11.2488
 -47.7318 11.3243
 -47.709 11.4395
 -47.6863 11.4832
255 62 7
 -51.5549 12.0756
 -52.226 11.1751
 -52.2838 10.9086
 -52.727 10.7738
 -53.406 10.0702
 -53.928 9.2872
 -54.1025 9.2367
255 84 11
 -51.5549 12.0756
 -50.5372 12.8607
 -50.0005 12.8871
 -49.2014 13.2037
 -48.6432 13.5232
 -48.3937 14.3657
 -47.6609 15.0261
 -46.9157 15.0938
 -46.573 15.4303
 -46.5368 15.6851
 -46.5849 15.8108
256 30 54
 -44.2461 1.83325
 -44.2645 2.79625
 -44.2816 3.4405
 -44.2445 3.7284
 -44.1923 4.04685
 -44.1563 4.0195
 -43.8463 3.9313
 -43.5438 3.8723
 -43.2137 4.25525
 -42.4426 4.8002
 -42.3509 5.35885
 -42.442 6.30975
 -42.3053 7.0289
 -42.4348 7.14085
 -42.5991 7.26725
 -42.9816 7.6328
 -43.5357 7.86095
 -44.0583 7.7573
 -44.5128 8.10805
 -44.6706 8.7242
 -44.429 9.01315
 -44.285 9.1353
 -44.466 9.15715
 -44.5821 9.41805
 -44.6452 9.6711
 -44.7674 9.6484
 -44.6732 9.7175
 -44.4434 9.97575
 -44.2783 10.2497
 -44.3208 10.3695
 -44.3512 10.445
 -44.31 10.5198
 -44.2798 10.6021
 -44.212 10.6316
 -44.1068 10.594
 -44.0918 10.6061
 -44.112 10.7451
 -44.143 10.8676
 -44.0845 10.8583
 -44.0575 10.8911
 -44.0198 10.9298
 -43.9589 10.9649
 -43.9333 10.995
 -43.9737 11.0659
 -43.9971 11.1768
 -43.9407 11.3017
 -43.9624 11.4256
 -44.007 11.5198
 -43.9 11.5639
 -43.8008 11.5696
 -43.729 11.5935
 -43.5903 11.57
 -43.4914 11.5035
 -43.4771 11.4848
256 31 9
 -44.2461 1.83325
 -44.0434 1.3039
 -43.9716 1.189
 -44.1868 0.6943
 -44.313 0.1453
 -44.4887 -0.1675
 -44.9571 -0.21735
 -45.4669 0.0879
 -45.6608 0.1328
257 125 26
 -36.7772 20.664
 -35.6558 21.1771
 -34.2987 21.9898
 -33.9679 22.4159
 -33.6096 22.9758
 -33.0808 23.7406
 -32.6173 24.1889
 -31.9155 24.9712
 -31.4238 25.8994
 -31.2762 26.3622
 -30.9883 26.6072
 -30.6032 26.9011
 -29.9506 27.7246
 -28.7019 28.5636
 -27.2952 28.3904
 -26.4124 27.8175
 -25.9704 27.7581
 -25.2982 27.955
 -24.6931 28.0257
 -24.7771 28.2579
 -25.4137 28.9288
 -26.1115 29.962
 -25.7817 31.5272
 -24.72 32.5866
 -24.211 32.7053
 -24.2047 32.7246
257 106 6
 -36.7772 20.664
 -37.2592 19.7759
 -37.913 18.9491
 -38.4293 18.5255
 -38.6819 18.0466
 -38.6279 18.0129
258 22 13
 -15.7783 27.128
 -16.6241 26.9424
 -16.7891 27.0333
 -17.0251 27.1296
 -17.0657 27.9289
 -16.8421 28.7496
 -16.6669 28.82
 -16.5275 28.832
 -16.5683 29.2924
 -16.6589 29.7584
 -16.4931 29.8141
 -16.2932 29.8449
 -16.2607 29.8507
258 6 3
 -15.7783 27.128
 -15.0096 27.4499
 -14.9776 27.5297
259 22 9
 -18.7106 28.4986
 -17.4133 28.8125
 -16.7132 28.8874
 -16.5275 28.832
 -16.5683 29.2924
 -16.6589 29.7584
 -16.4931 29.8141
 -16.2932 29.8449
 -16.2607 29.8507
259 91 4
 -18.7106 28.4986
 -19.5641 28.2306
 -19.6758 28.0961
 -19.6686 28.0711
260 6 10
 -11.1482 25.9328
 -11.4105 28.0704
 -11.1908 28.6494
 -11.4468 28.6467
 -11.992 28.3409
 -12.7357 27.532
 -13.3499 27.1679
 -14.3249 27.4449
 -14.9473 27.5534
 -14.9776 27.5297
260 96 4
 -11.1482 25.9328
 -11.0247 24.1788
 -11.1827 23.924
 -11.2053 23.8676
261 32 10
 -12.5826 23.4463
 -14.3822 23.155
 -15.3287 23.1013
 -15.4704 23.1369
 -15.6114 23.1487
 -15.9337 22.8846
 -16.2389 22.6843
 -16.3684 22.6571
 -16.4428 22.7096
 -16.4919 22.734
261 96 4
 -12.5826 23.4463
 -11.4275 23.8173
 -11.2264 23.8614
 -11.2053 23.8676
262 112 13
 -4.0816 11.6411
 -5.19095 12.0352
 -5.5739 12.5271
 -5.7466 12.6462
 -5.83055 12.5735
 -5.94535 12.6336
 -6.2725 12.5709
 -6.4981 12.2895
 -7.01615 12.0132
 -7.60785 11.8217
 -7.8622 11.5314
 -8.02315 11.2945
 -7.9996 11.2743
262 127 9
 -4.0816 11.6411
 -3.1616 11.2654
 -2.93395 10.7532
 -2.67305 10.113
 -2.125 9.6299
 -1.5649 9.69645
 -1.532 9.4033
 -1.34735 9.23695
 -1.3287 9.224
263 39 41
 -22.286 12.6824
 -22.2013 13.0721
 -22.4214 12.7612
 -22.9235 12.4751
 -23.4167 12.5765
 -23.6575 12.5251
 -24.0751 11.9918
 -24.6922 11.6517
 -25.0214 11.6635
 -25.1161 11.9853
 -25.3568 12.616
 -25.3773 13.036
 -25.597 12.8988
 -25.8532 13.028
 -26.6183 13.043
 -27.455 12.9585
 -27.9415 12.9028
 -28.1266 12.5354
 -28.0918 12.2811
 -28.0742 12.2463
 -28.0709 12.1878
 -28.3853 11.9486
 -28.823 11.7178
 -29.0426 11.73
 -28.9082 11.5174
 -28.9123 11.1044
 -28.6489 10.737
 -28.1857 10.7209
 -28.0764 10.753
 -28.091 10.642
 -27.9202 10.4669
 -27.7579 10.3102
 -27.7827 10.1572
 -27.7212 10.1061
 -27.9285 10.0765
 -28.0334 10.1414
 -28.117 10.0909
 -28.2108 10.0399
 -28.2673 10.0387
 -28.3116 10
 -28.3143 9.9605
263 103 4
 -22.286 12.6824
 -22.1323 11.656
 -21.9808 10.9494
 -22.0105 10.9385
264 134 18
 -29.9268 12.0746
 -30.7465 11.9641
 -30.8369 11.9335
 -30.8379 12.0388
 -30.9645 12.3081
 -31.0545 12.6365
 -31.2323 12.9122
 -31.5945 13.0035
 -31.8243 12.8795
 -32.0252 12.7432
 -32.1707 12.6842
 -32.2208 12.6821
 -32.1791 12.6697
 -32.028 12.5212
 -31.8518 12.3295
 -31.6626 12.2486
 -31.5191 12.2046
 -31.5193 12.1952
264 39 20
 -29.9268 12.0746
 -29.1644 11.9504
 -29.0426 11.73
 -28.9082 11.5174
 -28.9123 11.1044
 -28.6489 10.737
 -28.1857 10.7209
 -28.0764 10.753
 -28.091 10.642
 -27.9202 10.4669
 -27.7579 10.3102
 -27.7827 10.1572
 -27.7212 10.1061
 -27.9285 10.0765
 -28.0334 10.1414
 -28.117 10.0909
 -28.2108 10.0399
 -28.2673 10.0387
 -28.3116 10
 -28.3143 9.9605
265 103 7
 -20.776 9.66915
 -21.3341 10.3244
 -21.7114 10.6033
 -21.9986 10.6735
 -22.0564 10.8548
 -22.0157 10.9321
 -22.0105 10.9385
265 115 3
 -20.776 9.66915
 -20.3822 9.31925
 -20.3631 9.3051
266 39 6
 -27.3708 9.71165
 -27.7762 9.893
 -27.9457 9.9161
 -28.0977 9.93255
 -28.2628 9.97295
 -28.3143 9.9605
266 24 4
 -27.3708 9.71165
 -27.1604 9.28975
 -27.2058 8.99415
 -27.1873 8.9986
267 112 19
 -15.9103 5.61275
 -15.0495 5.4793
 -14.8646 5.42665
 -14.6594 5.69185
 -14.2939 6.368
 -13.7151 6.9835
 -12.9832 7.11835
 -12.3902 7.1734
 -11.9641 7.3511
 -11.5455 7.3401
 -10.7528 7.94555
 -10.1544 8.626
 -10.2222 8.83545
 -10.1951 9.23225
 -9.69345 9.97455
 -8.80795 10.8249
 -8.1618 11.2224
 -8.02315 11.2945
 -7.9996 11.2743
267 51 10
 -15.9103 5.61275
 -16.8925 5.78875
 -17.1917 5.9021
 -17.3304 6.00835
 -17.5651 6.03655
 -17.7379 5.93905
 -17.9183 5.86015
 -18.7801 5.34735
 -19.5669 4.84965
 -19.6139 4.8223
268 112 21
 -14.9251 8.54585
 -14.1148 9.05495
 -13.4713 9.65215
 -13.0513 9.34165
 -13.0282 8.96735
 -12.8363 8.77995
 -12.7813 8.38865
 -13.0098 7.83755
 -12.9269 7.3226
 -12.3902 7.1734
 -11.9641 7.3511
 -11.5455 7.3401
 -10.7528 7.94555
 -10.1544 8.626
 -10.2222 8.83545
 -10.1951 9.23225
 -9.69345 9.97455
 -8.80795 10.8249
 -8.1618 11.2224
 -8.02315 11.2945
 -7.9996 11.2743
268 115 14
 -14.9251 8.54585
 -16.2097 8.7951
 -16.829 9.179
 -16.8207 9.4797
 -16.8489 9.58135
 -16.9669 9.6145
 -17.2274 9.66325
 -17.4255 9.7871
 -17.7297 9.70345
 -18.2454 9.4755
 -19.1791 9.6812
 -20.0574 9.64525
 -20.2944 9.30385
 -20.3631 9.3051
269 139 13
 17.7448 -10.7457
 18.3712 -9.75385
 18.7617 -9.47965
 19.0023 -9.46245
 19.156 -9.1544
 19.9314 -8.8788
 20.6642 -8.78215
 20.776 -8.4169
 20.7804 -7.76005
 20.7925 -7.29235
 20.9565 -7.07315
 21.1069 -6.915
 21.1289 -6.9217
269 65 4
 17.7448 -10.7457
 17.2764 -11.4836
 17.2552 -11.5647
 17.2532 -11.6355
270 137 15
 14.104 -2.237
 13.569 -0.49635
 13.3392 -0.0052
 12.8119 0.17
 11.874 1.0953
 11.5056 1.98485
 11.5136 2.2127
 12.2569 2.866
 13.0366 3.8549
 12.6135 5.36355
 12.6242 6.5166
 13.0775 6.67755
 13.4347 6.7147
 13.7651 6.65585
 13.7819 6.6397
270 113 3
 14.104 -2.237
 14.4692 -3.52105
 14.5029 -3.5429
271 26 24
 13.7613 12.4995
 14.3364 12.3085
 14.8575 12.2815
 15.1571 12.1027
 15.5493 11.5221
 16.0967 11.1475
 16.2561 11.1786
 16.244 11.0307
 16.3199 10.8816
 16.4449 10.6249
 16.6371 10.4328
 16.736 10.4156
 16.9599 10.3001
 17.2528 10.2456
 17.3732 10.2844
 17.4705 10.2991
 17.5742 10.2456
 17.68 10.2431
 17.7731 10.2691
 17.8411 10.2262
 17.918 10.1487
 17.9311 10.0552
 17.8759 9.98285
 17.846 9.9565
271 89 3
 13.7613 12.4995
 13.3628 12.5732
 13.3848 12.5109
272 73 8
 3.39185 28.4424
 2.4327 27.7642
 2.1413 27.4439
 1.87885 27.1596
 1.5539 26.339
 1.2525 25.9053
 1.0782 25.9002
 1.0523 25.8692
272 61 3
 3.39185 28.4424
 4.1649 28.766
 4.1797 28.8084
273 61 8
 5.04655 32.5812
 4.5471 31.5057
 4.14405 30.9464
 4.2638 30.0128
 4.41995 28.9725
 4.38005 28.8071
 4.2491 28.7882
 4.1797 28.8084
273 71 4
 5.04655 32.5812
 5.22975 33.2368
 5.3079 33.3582
 5.314 33.3599
274 59 3
 8.4723 36.7799
 8.37785 36.808
 8.3737 36.8078
274 35 5
 8.4723 36.7799
 9.15795 36.2992
 9.9948 36.0183
 10.2125 36.2667
 10.1887 36.3438
275 87 6
 5.12985 35.5954
 4.45745 36.9972
 4.3604 37.1804
 3.3714 36.7456
 2.56275 36.541
 2.535 36.5362
275 71 4
 5.12985 35.5954
 5.5409 34.1148
 5.24125 33.4889
 5.314 33.3599
276 149 7
 9.42165 33.7169
 9.7151 33.0697
 9.9646 32.995
 9.9331 32.9129
 10.1006 32.7827
 10.2696 32.7334
 10.3096 32.7512
276 35 7
 9.42165 33.7169
 9.5547 34.4624
 9.68885 35.2004
 9.66455 35.7967
 9.9948 36.0183
 10.2125 36.2667
 10.1887 36.3438
277 16 13
 14.0344 22.6908
 14.2551 22.3028
 14.6439 21.8349
 14.9722 21.3673
 15.1333 21.4263
 15.3185 21.5632
 15.4452 21.5883
 15.6106 21.5918
 15.7458 21.6669
 15.8889 21.7874
 15.9606 21.8739
 15.9834 21.9451
 16.0092 21.9883
277 60 11
 14.0344 22.6908
 13.7298 23.2006
 13.6184 23.5791
 13.6045 23.7871
 13.344 24.1845
 13.0213 24.6227
 12.8755 24.6536
 12.6988 24.5379
 12.2373 24.5391
 11.9019 24.6795
 11.8844 24.7078
278 60 12
 11.0444 21.3521
 11.0506 21.9501
 11.4429 22.439
 11.6697 22.7172
 11.683 22.8526
 11.8317 23.0934
 11.9354 23.5368
 11.9032 24.0066
 11.882 24.3542
 11.8166 24.6203
 11.8351 24.6903
 11.8844 24.7078
278 5 7
 11.0444 21.3521
 10.6901 20.5463
 10.5122 19.8378
 10.876 19.5512
 10.9931 19.1923
 11.1789 18.8467
 11.2613 18.8612
279 26 22
 21.8101 8.6067
 20.9394 8.50385
 20.4544 8.49055
 19.8265 8.83295
 19.4036 8.8876
 19.2556 8.98665
 18.7929 9.02745
 18.5367 9.0788
 18.4145 9.29025
 18.4188 9.59305
 18.4543 9.7749
 18.4749 9.91625
 18.3762 9.80895
 18.2703 9.6905
 18.1737 9.773
 18.1151 9.8777
 18.1262 9.96805
 18.0459 10.0311
 17.9568 10.069
 17.9311 10.0552
 17.8759 9.98285
 17.846 9.9565
279 145 11
 21.8101 8.6067
 23.5878 8.4141
 24.5849 8.27725
 24.5353 7.69395
 24.4659 7.0928
 24.0442 6.8943
 23.932 6.3308
 24.2392 5.7659
 24.1324 5.422
 24.0104 5.2138
 24.0042 5.1715
280 81 5
 26.1111 13.5431
 25.4566 14.9358
 25.4125 15.2351
 25.5005 15.3067
 25.5667 15.3518
280 145 15
 26.1111 13.5431
 26.9728 12.2982
 26.9814 11.941
 25.9702 11.5582
 24.7496 10.5451
 24.426 8.98215
 24.5849 8.27725
 24.5353 7.69395
 24.4659 7.0928
 24.0442 6.8943
 23.932 6.3308
 24.2392 5.7659
 24.1324 5.422
 24.0104 5.2138
 24.0042 5.1715
281 101 4
 22.7011 32.9377
 22.3761 32.3777
 22.1292 32.459
 22.108 32.4909
281 128 3
 22.7011 32.9377
 22.8124 33.5883
 22.8245 33.6295
282 81 9
 28.0453 17.1985
 26.919 16.1195
 26.041 15.7342
 25.7542 15.7176
 25.6382 15.7894
 25.5201 15.7125
 25.5326 15.4851
 25.5674 15.3654
 25.5667 15.3518
282 131 4
 28.0453 17.1985
 28.5401 17.3406
 28.5381 16.7343
 28.5555 16.723
283 93 17
 35.7577 30.7392
 35.9446 31.4412
 36.1631 32.1395
 36.4555 32.8958
 36.6512 33.453
 36.7156 33.8958
 36.5845 34.376
 36.1791 34.4566
 35.9374 34.328
 35.8235 34.1898
 35.7409 34.1002
 35.6182 33.9857
 35.4697 34.0599
 35.2931 34.0558
 35.2325 33.886
 35.2262 33.8334
 35.2138 33.7992
283 130 12
 35.7577 30.7392
 35.5583 29.9845
 35.3264 29.3992
 35.2896 29.2246
 35.2177 29.0156
 35.3849 28.5731
 35.6015 28.2611
 35.7186 28.0149
 35.8461 27.8017
 35.9963 28.0275
 36.2033 28.2384
 36.2707 28.2374
284 23 5
 37.5321 28.7925
 38.9133 29.2264
 39.1332 28.986
 39.2558 28.8382
 39.2806 28.8132
284 130 3
 37.5321 28.7925
 36.2718 28.2392
 36.2707 28.2374
285 76 10
 47.7057 -0.87395
 46.9386 -2.0645
 46.4716 -2.43445
 45.9529 -3.23695
 46.0851 -4.0485
 46.2715 -4.74875
 46.214 -5.174
 46.1992 -5.24205
 46.1919 -5.29795
 46.1725 -5.3208
285 10 23
 47.7057 -0.87395
 48.3724 0.3911
 48.2886 0.57315
 48.1819 0.75635
 47.8597 1.0651
 46.8116 1.6764
 46.0006 2.25895
 45.9038 2.4948
 45.7902 2.7184
 45.7831 3.07665
 45.5805 3.6405
 45.3204 4.11175
 45.1774 4.3317
 45.0493 4.4258
 44.7772 4.65285
 44.2235 4.60535
 43.879 4.34695
 43.7973 4.3157
 43.5361 4.89085
 43.0894 5.4117
 42.7236 5.72075
 42.4367 6.08385
 42.387 6.1143
286 145 8
 28.0606 3.74745
 26.7366 4.6474
 25.5721 5.81955
 24.539 6.07655
 24.2392 5.7659
 24.1324 5.422
 24.0104 5.2138
 24.0042 5.1715
286 2 6
 28.0606 3.74745
 29.1073 3.6749
 29.5948 3.66745
 30.2425 3.76165
 30.6716 3.9769
 30.7775 4.0456
287 1 10
 22.0018 -5.70045
 22.6242 -4.7812
 23.1052 -5.2053
 24.271 -5.60325
 25.3001 -5.63875
 25.8232 -5.61395
 26.1591 -5.7465
 26.251 -5.86755
 26.23 -5.9748
 26.2047 -6.026
287 139 4
 22.0018 -5.70045
 21.2468 -6.6161
 21.1562 -6.8441
 21.1289 -6.9217
288 94 12
 32.9526 -16.0315
 33.1467 -16.5615
 34.2545 -17.3216
 35.3116 -17.3765
 35.9312 -17.1755
 36.228 -17.1945
 36.1578 -17.1066
 36.2407 -17
 36.2773 -16.9609
 36.1853 -16.8482
 36.0567 -16.7523
 35.9866 -16.7076
288 68 8
 32.9526 -16.0315
 33.6121 -15.0849
 33.7522 -13.9951
 33.1124 -13.8676
 33.2561 -13.3733
 33.0077 -12.9739
 32.9477 -12.9464
 32.897 -12.9258
289 94 8
 36.5215 -18.3246
 37.09 -17.5328
 36.8587 -17.1702
 36.3131 -17.0232
 36.2773 -16.9609
 36.1853 -16.8482
 36.0567 -16.7523
 35.9866 -16.7076
289 48 6
 36.5215 -18.3246
 36.1177 -19.1104
 35.9894 -19.4118
 35.9752 -19.5864
 35.9358 -19.6887
 35.9298 -19.7076
290 48 9
 38.4679 -20.2906
 37.0561 -19.8703
 36.4605 -20.0393
 36.1389 -20.0044
 35.9485 -20.0304
 35.9582 -19.9023
 35.9968 -19.76
 35.9478 -19.7225
 35.9298 -19.7076
290 136 4
 38.4679 -20.2906
 39.5694 -21.01
 39.6544 -21.2057
 39.6455 -21.3405
291 38 6
 42.5269 -26.3349
 42.4453 -28.0261
 42.5839 -28.9149
 42.9495 -29.5704
 42.9963 -29.62
 43.0147 -29.6482
291 85 4
 42.5269 -26.3349
 42.5099 -24.8792
 42.6411 -24.8184
 42.6722 -24.7771
292 136 4
 41.8577 -23.6344
 40.5178 -22.0149
 39.6866 -21.3523
 39.6455 -21.3405
292 85 5
 41.8577 -23.6344
 42.4447 -24.6525
 42.5869 -24.7272
 42.6821 -24.765
 42.6722 -24.7771
293 36 9
 26.194 -35.0112
 25.2817 -35.3427
 25.0205 -35.3721
 24.8429 -35.4279
 24.7553 -35.4902
 24.6423 -35.5311
 24.5539 -35.5541
 24.5816 -35.6227
 24.6097 -35.6879
293 88 8
 26.194 -35.0112
 27.6312 -34.972
 28.3302 -35.2354
 28.3372 -35.2952
 28.1934 -35.5929
 28.0686 -35.8915
 28.0169 -35.9749
 27.9667 -35.9837
294 36 13
 21.6853 -35.5996
 22.3507 -35.463
 23.3031 -35.3221
 23.7047 -35.3047
 23.8936 -35.2455
 24.021 -35.1409
 24.1164 -35.283
 24.264 -35.4631
 24.3504 -35.5339
 24.4472 -35.5614
 24.5388 -35.5578
 24.5816 -35.6227
 24.6097 -35.6879
294 135 4
 21.6853 -35.5996
 21.4412 -35.8128
 21.2434 -35.9966
 21.2505 -36.0276
295 36 14
 21.1107 -34.6444
 21.5904 -35.0951
 22.3507 -35.463
 23.3031 -35.3221
 23.7047 -35.3047
 23.8936 -35.2455
 24.021 -35.1409
 24.1164 -35.283
 24.264 -35.4631
 24.3504 -35.5339
 24.4472 -35.5614
 24.5388 -35.5578
 24.5816 -35.6227
 24.6097 -35.6879
295 20 13
 21.1107 -34.6444
 20.5074 -34.5503
 19.9268 -34.3339
 19.4729 -34.5588
 19.3336 -34.9223
 19.2572 -34.6434
 19.3521 -33.9138
 19.5721 -33.4852
 20.3072 -33.0824
 21.1473 -32.612
 21.4261 -32.5515
 21.5686 -32.5226
 21.5779 -32.5181
296 54 40
 17.0066 -21.2838
 16.6423 -22.0063
 17.3577 -22.1841
 18.112 -22.4645
 18.1372 -23.0275
 17.4205 -23.9828
 17.1434 -24.7059
 17.7864 -25.4239
 18.1851 -25.9837
 18.1159 -26.3621
 18.0856 -26.6293
 18.033 -26.8347
 18.0884 -27.6135
 18.2442 -28.283
 18.3119 -28.4438
 18.4153 -28.5859
 18.5257 -28.6357
 18.5392 -28.6777
 18.5767 -28.7787
 18.6367 -28.9341
 18.7468 -29.1602
 18.9805 -29.2334
 19.1221 -29.228
 19.1445 -29.3072
 19.1755 -29.3704
 19.1767 -29.4774
 19.1805 -29.5725
 19.123 -29.54
 19.0533 -29.6382
 19.006 -29.7519
 18.9598 -29.7717
 18.913 -29.7863
 18.8535 -29.8195
 18.7667 -29.8528
 18.7554 -29.9012
 18.6977 -29.8715
 18.5941 -29.9348
 18.4059 -29.9693
 18.281 -29.9611
 18.2687 -29.9661
296 8 10
 17.0066 -21.2838
 17.6775 -20.1469
 18.1576 -19.5201
 17.9329 -19.1281
 17.7167 -18.829
 17.8196 -18.6224
 18.1124 -18.3995
 18.2543 -18.299
 18.2214 -18.2332
 18.1993 -18.2026
297 17 7
 7.70315 -20.9359
 8.66105 -20.7789
 8.7873 -20.7263
 8.8729 -20.7353
 9.19985 -20.3199
 9.6437 -19.8155
 9.7746 -19.7407
297 138 17
 7.70315 -20.9359
 6.44605 -20.9229
 6.0375 -20.835
 5.872 -20.8736
 5.64325 -20.8272
 5.78315 -20.9697
 5.7315 -22.2446
 5.6113 -23.4818
 5.5133 -23.6381
 5.45675 -23.7552
 5.49825 -23.7519
 5.8732 -23.7331
 6.26355 -23.6872
 6.43585 -23.9465
 6.8574 -24.1695
 7.2541 -24.1213
 7.3395 -24.1546
298 114 6
 6.8881 -29.5665
 7.96905 -29.5781
 8.1589 -29.768
 8.1988 -29.8044
 8.51455 -29.825
 8.7632 -29.9008
298 27 8
 6.8881 -29.5665
 6.0091 -29.6458
 5.64575 -29.2902
 5.26485 -28.9224
 5.07965 -28.8008
 4.8344 -28.7402
 4.7213 -28.7766
 4.7009 -28.7713
299 7 9
 16.5791 -38.6679
 16.5091 -39.3959
 17.0565 -39.7388
 17.3217 -40.2206
 17.4547 -40.5096
 17.1313 -40.7024
 16.9307 -41.0011
 16.9217 -41.1443
 16.9034 -41.1413
299 52 4
 16.5791 -38.6679
 17.0511 -37.9669
 17.1413 -37.7887
 17.131 -37.7735
300 15 8
 17.6003 -35.4665
 17.3937 -35.5742
 17.127 -35.6459
 17.0027 -35.7085
 16.8131 -35.6922
 16.4345 -35.6564
 16.144 -35.7549
 16.0766 -35.824
300 20 13
 17.6003 -35.4665
 18.37 -35.1969
 19.1547 -34.9883
 19.2627 -34.9656
 19.3336 -34.9223
 19.2572 -34.6434
 19.3521 -33.9138
 19.5721 -33.4852
 20.3072 -33.0824
 21.1473 -32.612
 21.4261 -32.5515
 21.5686 -32.5226
 21.5779 -32.5181
301 15 13
 16.3597 -33.6526
 15.5982 -33.3866
 15.3421 -33.0777
 15.2099 -33.5284
 15.0212 -34.0068
 14.988 -34.1926
 15.1072 -34.5899
 15.176 -35.0711
 15.0514 -35.4319
 14.9998 -35.5946
 15.4528 -35.755
 15.9676 -35.8624
 16.0766 -35.824
301 42 4
 16.3597 -33.6526
 16.9387 -33.4812
 17.0541 -33.4302
 17.0971 -33.4783
302 75 15
 16.7619 -42.0892
 16.1704 -42.7882
 15.6171 -43.0428
 15.2437 -43.3076
 14.9045 -43.7845
 14.6208 -44.1702
 14.5949 -44.3084
 14.7126 -44.4366
 14.7064 -44.4408
 14.6315 -44.4914
 14.5426 -44.5866
 14.4445 -44.7679
 14.725 -45.2185
 15.1073 -45.5912
 15.1428 -45.6478
302 7 5
 16.7619 -42.0892
 16.9799 -41.3252
 16.957 -41.1573
 16.9217 -41.1443
 16.9034 -41.1413
303 29 9
 20.4853 -59.5753
 21.0247 -59.5157
 21.5653 -59.4606
 21.6409 -59.4397
 21.8871 -59.3927
 22.1607 -59.2694
 22.3211 -59.1343
 22.4176 -59.0714
 22.4478 -59.0495
303 49 5
 20.4853 -59.5753
 20.4098 -60.0785
 20.2998 -60.6481
 20.2359 -60.7357
 20.214 -60.7494
304 72 32
 18.4519 -59.9675
 18.2076 -59.3521
 18.0414 -59.3097
 17.365 -59.3226
 16.5462 -59.5785
 16.0403 -59.6444
 15.3851 -59.3349
 15.0455 -59.1264
 14.829 -58.7872
 14.5338 -58.7764
 14.2814 -59.0486
 13.8154 -59.0542
 13.5053 -59.1102
 13.5396 -58.6994
 13.5016 -58.1586
 13.4473 -57.9196
 13.4016 -57.8114
 13.3967 -57.705
 13.4067 -57.595
 13.4049 -57.4823
 13.3623 -57.3983
 13.3075 -57.3049
 13.2872 -57.2249
 13.2747 -57.3062
 13.2067 -57.3902
 13.0907 -57.4143
 12.9844 -57.4641
 12.949 -57.5195
 12.9756 -57.4576
 12.9648 -57.3531
 12.9137 -57.2948
 12.9017 -57.2863
304 49 7
 18.4519 -59.9675
 18.6801 -61.0829
 18.7793 -61.8314
 19.1144 -61.9496
 19.8082 -61.2903
 20.2031 -60.7398
 20.214 -60.7494
305 49 33
 28.5037 -61.5582
 27.7836 -61.6098
 26.9841 -60.9853
 26.2289 -60.4137
 25.6581 -60.3836
 25.1684 -60.8014
 25.0655 -62.168
 24.8001 -63.2405
 24.4525 -63.6225
 24.2902 -63.9293
 24.1557 -64.0218
 24.0889 -64.1703
 23.9804 -64.337
 23.8789 -64.4406
 23.7896 -64.535
 23.6022 -64.5296
 23.3655 -64.4794
 23.3881 -64.3012
 23.0377 -63.952
 22.5559 -63.8095
 22.4768 -63.8062
 22.3412 -63.7589
 22.2679 -63.6909
 22.18 -63.5264
 21.9174 -63.2424
 21.6922 -63.1016
 21.5928 -62.9266
 21.3667 -62.4534
 21.1207 -61.9782
 20.8894 -61.6819
 20.495 -61.2073
 20.2421 -60.7858
 20.214 -60.7494
305 28 5
 28.5037 -61.5582
 29.3626 -61.6404
 30.3068 -61.5987
 30.9375 -61.3573
 31.0396 -61.3676
306 133 14
 27.2914 -55.9933
 28.4234 -55.2191
 28.9735 -54.5676
 29.5664 -54.4448
 30.3791 -54.1874
 30.6673 -53.478
 30.63 -52.9049
 30.6153 -52.2321
 30.6909 -51.4201
 30.8829 -50.9163
 30.6775 -50.4207
 30.9504 -50.2308
 31.6768 -50.2824
 31.8297 -50.3784
306 29 19
 27.2914 -55.9933
 26.329 -56.1239
 26.0402 -56.0462
 26.045 -56.2223
 26.2463 -56.3905
 26.5849 -56.8151
 26.7021 -57.3299
 26.1539 -57.8877
 25.3287 -58.5101
 24.946 -58.8211
 24.1396 -58.7401
 23.3648 -58.206
 23.1879 -57.8549
 23.0084 -58.4431
 23.0389 -59.1578
 22.7832 -59.0243
 22.5783 -59.0235
 22.4872 -59.0358
 22.4478 -59.0495
307 19 8
 34.6579 -55.7792
 34.3406 -55.2625
 34.338 -55.1456
 34.2432 -54.635
 34.0977 -54.1827
 33.9667 -53.8946
 33.8671 -53.5636
 33.8505 -53.4979
307 116 3
 34.6579 -55.7792
 35.0172 -56.2965
 35.0644 -56.3329
308 19 9
 35.065 -50.4844
 35.0655 -51.5883
 35.0516 -51.8078
 35.033 -51.9977
 35.0445 -52.0196
 34.9573 -52.0773
 34.3638 -52.7243
 33.8507 -53.4104
 33.8505 -53.4979
308 70 5
 35.065 -50.4844
 35.3858 -49.0799
 35.3731 -48.3719
 34.8654 -47.6952
 34.6689 -47.3837
319 93 20
 15.0829 39.4654
 15.1368 38.7534
 15.2239 38.039
 15.6493 37.6766
 16.347 37.8875
 17.0185 38.7933
 20.4694 38.7523
 27.6616 38.031
 31.7732 37.4075
 31.6798 37.0943
 31.4501 36.844
 31.5798 35.2995
 32.2312 33.9085
 32.6466 33.8254
 33.0847 33.5942
 33.7688 33.2561
 34.3061 33.5177
 34.8657 33.8365
 35.1866 33.7823
 35.2138 33.7992
320 33 4
 60.6935 -58.6905
 60.4073 -58.5244
 60.1038 -58.3475
 60.0864 -58.3367
