   2.6526560105395722     
   2.0464034568947338     
   7.7159464656304673     
   2.7534617801467536     
   2.6421840788749429     
   4.1697684999239737     
   11.053659971940236     
   2.3225280252797669     
   3.9609089981652370     
   3.4385724110033915     
  0.89356030964906352     
   1.3461420685690992     
   3.2282629860985255     
   14.326639375184254     
   6.1301505937321199     
   3.2186656705249450     
   4.9932182859624525     
   2.1585779237890779     
   5.3626290502527665     
   2.9521839012546240     
   4.3975000585562167     
   1.8020401932428907     
   4.2336287521013451     
   1.7054895740281242     
   1.9268386244181814     
   3.4054364793632965     
   3.5906086744677412     
   4.9117585612555077     
   2.0316333366251937     
   7.0575144441107289     
   4.2606510330288110     
   3.0095562674267891     
   3.2109376282762940     
   1.9448316271857409     
   1.3712378644233545     
  0.39338393761090085     
   4.2974512047151050     
   2.2969538553793001     
   1.6283821650555523     
   1.5466118404221763     
   1.5874888606870128     
   2.1933555279104708     
   2.0891102904108450     
   2.2687606001285450     
   3.4278456011632481     
   1.3996701036756072     
   4.1856954840583702     
   1.4187073851415071     
   2.1144287987207062     
  0.27802973038346940     
   3.0948466223797944     
   1.3612414752432098     
   7.3853244247341214     
   2.1125327390239370     
   3.0456508173375951     
   2.6549870435150424     
   5.5464538190129744     
   1.0917769622236944     
   3.5986095187523923     
   1.1146894789169648     
   10.312275415081402     
   9.4860808470748932     
   4.7337734499686652     
   6.5055947693274057     
   2.8669555558415873     
   1.6708965396660722     
   1.5371310908974847     
   3.0146156102616999     
   2.6219095716541418     
   1.8187680359928526     
   1.8079534789906826     
   5.6321758529436092     
  0.93097960229880039     
   1.3272965025423189     
   5.4443265277213273     
  0.87239884868850770     
   6.7394683320101256     
   1.8733620141830842     
   3.1935638825876280     
   2.5922727417874136     
   3.6128265895060920     
   1.7994712649976283     
   4.0711528617503179     
   1.5953802061120159     
   2.9316026005140201     
   1.2725768672976350     
   3.6249512585772630     
  0.79126887333975060     
   6.7516618818393601     
   2.0262993335595780     
   8.0334715663876786     
   2.3883446864468327     
   2.9999253419777521     
   3.2394852643998049     
   1.4936391624570136     
   2.1748089030478970     
   6.7666548874058341     
   6.1088749862949605     
   9.3783293544303827     
   4.2580713196938049     
   2.2477627757618510     
   1.1015326933523835     
   2.6719883557601003     
   1.9249291784093883     
   2.4471042271918102     
  0.70712860916917175     
   4.6076283313659312     
   2.2768287549556230     
   3.8703815751049904     
   1.7200692326467231     
   2.7067422233186744     
   12.533640341612285     
   5.6962331889633449     
   1.6318804240601670     
   2.4747495261816082     
  0.90722709762894238     
   9.9679701922528068     
   1.2024880989522659     
   6.0749610805006915     
   2.5672506995411597     
   7.9280247893545326     
   3.7388172635453181     
   5.9734981504023210     
   4.7208978710125535     
   2.5008247634222336     
   4.9338502694514954     
   3.3698186317391312     
   2.4472867707795927     
   4.3747003542292733     
   4.0119582824559812     
   7.9152513286409407     
   2.2931408384380330     
   3.9559592763956672     
   1.3784420183207657     
   8.8703065863648991     
   1.6688987418506618     
   2.7362176824488160     
   2.4407009603611574     
   3.4389197295843865     
   1.9854805253788608     
   8.6007584212183037     
   1.2749428153906834     
   5.9014954102055635     
   1.5835354184707349     
   3.8614710952718645     
   2.6247392770835676     
   2.4722055896840427     
   2.8653491138817153     
   8.2296257162893074     
   1.5912742808561509     
   4.2946624978554064     
   1.2123671110761918     
   3.3000405705138069     
   1.9435374239862746     
   1.3388768826574293     
   1.6144861520918994     
   1.8649786988367318     
   5.0215032558976880     
   14.620721716705091     
   4.9320852739483332     
   20.225150615851028     
   6.2738602071247334     
   6.9332423826878040     
   3.8976092259008221     
   2.3680396314360417     
   3.0597584125352721     
   3.3131567345593709     
   2.6333669752547189     
   3.2858670116526629     
   1.7157670369612170     
   2.0080533421964137     
   1.0829381973333154     
   3.3144858856827808     
   2.1157054323302602     
   3.4082813711253084     
   1.3213446171589660     
   2.4589191711504048     
   4.1699652835226253     
   11.201393349021346     
   1.5957500287631363     
   4.4312841008001529     
   2.5649950501373078     
   5.7038185635159104     
   2.1978817653052580     
   2.8033400884536483     
  0.99067443213534967     
   2.9022111420101124     
   2.2719336610982479     
   9.5887489323495103     
   4.4067540449176157     
   11.998305953072952     
   5.2187379347930651     
   9.1037368842955750     
   3.3749231345855439     
   6.7441116755333557     
   1.4617907829066905     
   4.9666115689659165     
  0.82776814079835559     
   2.9224259466428539     
   4.5485668516885811     
   4.7361107339389710     
   1.4919550470388832     
   3.7258388347533531     
   1.0252164259785519     
   6.2472151883153071     
   3.2068077502723327     
   9.3174371330578776     
   7.5428229608113977     
   4.1380733421610962     
   1.6619440832344228     
   2.7090209447922553     
   4.1637548783777403     
   7.4746604778323711     
   2.2583110626778531     
   11.014994709914877     
   1.8056080872699865     
   2.8213440954806401     
  0.91935521911796170     
   2.2385216714460721     
  0.94661949296507242     
   4.5989893676506650     
   1.8798615243343233     
   2.6277948311637340     
   1.2572017148408976     
   2.8166537273802552     
   2.5203534077786252     
   6.4992954782076087     
   1.1011182393518428     
   2.3758066301286389     
   2.4323231877795597     
   1.2519750300111758     
  0.55056112024746340     
  0.70296827618915980     
  0.50950818344916793     
   5.7844440462208144     
   2.4825566246348592     
   6.0387379704395316     
   3.5458601023992671     
   3.3283055343956698     
   1.0156673382440655     
   6.7358540563918714     
   1.3751375200509945     
   2.9091681929594913     
  0.47132820982703660     
   2.1705576988404789     
  0.88295608779241541     
   2.4417654201264933     
  0.69338041807925110     
  0.10269624178132122     
   1.2483563850575183     
   2.6914049660027350     
   1.8327993221509249     
   1.0183812466271269     
   1.7650610758872176     
   1.7256171818749428     
   1.9546145982131715     
   2.0895277415025455     
   1.8194265315683462     
   2.9668433943322330     
   3.7666812688302862     
   1.7323766137419538     
   6.1699432872153794     
  0.72408004570797002     
  0.70299162553956551     
   2.1262251183928202     
  0.55629497617179557     
   3.0110192083819718     
   2.1107058702407278     
   1.6749953012656318     
   1.3785167748869365     
   3.2260451627881448     
   6.0162310805213384     
   3.1110941303446493     
   1.9561894483569884     
   3.1318757064508898     
   1.3513012781227376     
   2.3671581504411670     
   2.3858605148430367     
   1.8515680913923558     
   1.0983150593672084     
   2.0100593657900645     
   1.5858003691597600     
   2.5110735354611275     
   1.5591994549976154     
   2.1874513607550647     
   1.2932644838686307     
   1.4219740358282016     
   1.9235047204280753     
   1.7283183386222323     
  0.38770263046456366     
   2.3354595772701496     
   3.0066610144757600     
   6.4906838565443872     
   2.2521123171534598     
   1.8793965398404433     
   4.1778964083970385     
   1.6549152962396856     
   1.7068422311807212     
   1.8198596587489011     
  0.88181686962290196     
  0.94550421438770105     
   2.8154144050126537     
   2.7632829260437664     
  0.73287344934641518     
   2.9235308819995156     
  0.85065550274116408     
   1.0737127049848167     
  0.64309419024412617     
   4.3945245204514611     
   2.1858572961786926     
   6.9757083301857676     
   1.6407622021821293     
   4.6482720916038751     
   4.9438118845759265     
   1.5776882456949839     
  0.68944326866626660     
   2.3435114892698232     
   2.6549504681580758     
   13.400279839606849     
  0.37186582890501657     
