352
169 72 17
 3.15205 -72.4488
 5.5413 -71.8917
 6.24265 -71.8308
 6.6118 -72.4402
 7.32685 -73.5061
 8.11465 -74.5654
 8.4448 -75.1779
 8.5338 -75.128
 9.121 -75.5464
 9.5195 -76.1321
 9.4837 -76.5354
 9.55965 -77.1251
 9.6424 -77.6087
 9.7144 -77.8207
 9.78745 -77.9146
 9.82775 -78.017
 9.7956 -78.025
169 95 4
 3.15205 -72.4488
 1.14405 -72.8867
 0.8784 -72.8204
 0.8192 -72.7904
170 47 10
 22.975 -83.7583
 22.0338 -83.6631
 21.3015 -82.8611
 21.1328 -82.8969
 20.8727 -82.7338
 20.0257 -82.1684
 19.2092 -81.6356
 18.9525 -81.4863
 18.8535 -81.4817
 18.8531 -81.4816
170 145 5
 22.975 -83.7583
 23.395 -83.0079
 23.7338 -82.7852
 23.948 -82.56
 23.9371 -82.5352
171 83 45
 -4.22935 -8.80415
 -4.5173 -8.00055
 -4.47635 -7.33765
 -4.66295 -6.64485
 -4.88265 -6.359
 -4.88505 -6.1989
 -5.12225 -6.0288
 -5.3702 -5.9828
 -5.43675 -5.95845
 -5.54255 -5.91255
 -5.9148 -5.8334
 -6.11825 -5.6851
 -5.9732 -5.5028
 -5.9809 -5.32235
 -5.9117 -5.16465
 -5.8273 -5.04115
 -5.89305 -4.9596
 -5.88365 -4.9422
 -5.82305 -4.8938
 -5.73175 -4.79145
 -5.56165 -4.79345
 -5.42325 -4.84575
 -5.3871 -4.7809
 -5.42265 -4.6672
 -5.5699 -4.5545
 -5.51335 -4.5021
 -5.32795 -4.4161
 -5.2229 -4.0769
 -5.1287 -3.8396
 -5.12575 -3.7893
 -4.97545 -3.98665
 -4.8248 -4.21185
 -4.7464 -4.24165
 -4.6421 -4.07305
 -4.5555 -3.9765
 -4.4489 -3.9098
 -4.3354 -3.76425
 -4.1477 -3.71235
 -3.9608 -3.73935
 -3.8588 -3.74575
 -3.7968 -3.73215
 -3.76855 -3.74195
 -3.7142 -3.7274
 -3.6651 -3.69055
 -3.6573 -3.6782
171 35 4
 -4.22935 -8.80415
 -3.8963 -9.67465
 -3.88285 -10.0216
 -3.9314 -10.0764
172 83 23
 -2.2799 -1.10945
 -1.9024 -1.65365
 -1.6655 -2.20435
 -1.65555 -2.69385
 -1.9707 -2.9747
 -2.15125 -3.11435
 -2.40945 -3.0747
 -2.5977 -2.9947
 -2.81375 -3.15105
 -3.047 -3.22555
 -3.15625 -3.1862
 -3.1871 -3.23535
 -3.1814 -3.3567
 -3.21665 -3.4916
 -3.23015 -3.6042
 -3.2667 -3.6999
 -3.3073 -3.7442
 -3.36235 -3.7304
 -3.42095 -3.67495
 -3.49185 -3.64775
 -3.6005 -3.65295
 -3.65205 -3.6722
 -3.6573 -3.6782
172 157 7
 -2.2799 -1.10945
 -2.86205 -0.86045
 -3.15265 -0.8327
 -3.2932 -0.7281
 -3.3537 -0.80705
 -3.39105 -0.9608
 -3.4121 -0.9927
173 66 29
 21.6502 -13.6427
 22.2267 -12.8802
 22.1814 -12.3794
 21.6919 -11.7605
 21.2267 -11.0723
 21.0734 -10.6644
 21.101 -10.2206
 21.2274 -9.72505
 21.1198 -9.495
 20.9386 -9.3635
 20.7848 -9.17365
 20.5826 -9.07075
 20.4218 -9.07435
 20.2937 -8.99235
 20.0945 -8.9284
 20.0663 -8.6805
 20.142 -8.38875
 20.152 -7.9753
 20.4291 -7.16475
 20.6463 -6.5472
 20.2033 -6.2458
 19.4953 -6.01835
 19.1171 -5.905
 19.0793 -5.9669
 18.7227 -6.403
 18.2393 -6.6754
 18.1164 -6.5734
 18.0634 -6.537
 18.0301 -6.5273
173 59 9
 21.6502 -13.6427
 20.7229 -14.3811
 20.0996 -14.1966
 19.4976 -13.6061
 19.0142 -13.399
 18.8948 -13.3503
 18.858 -13.274
 18.8082 -13.1859
 18.8037 -13.1608
174 78 21
 49.6507 -25.6716
 51.173 -26.0189
 52.0308 -26.1037
 52.6058 -25.7764
 52.8783 -25.4164
 52.9641 -25.2006
 53.0572 -24.8999
 53.3733 -24.2263
 53.8031 -23.4535
 54.0396 -22.9535
 54.0706 -23.4393
 54.4469 -23.7257
 54.9072 -23.8433
 55.0814 -23.9623
 55.1306 -23.9935
 55.482 -23.9873
 56.1913 -23.7496
 56.7477 -23.4262
 56.9611 -23.3055
 57.1423 -23.1861
 57.2468 -23.113
174 74 8
 49.6507 -25.6716
 48.6366 -25.9492
 48.5719 -26.0965
 48.3308 -25.3821
 48.2151 -24.9104
 48.2486 -24.6742
 48.2267 -24.5319
 48.2355 -24.5124
175 77 8
 43.7833 27.6274
 44.1464 29.4697
 44.5403 29.6451
 45.1515 29.7335
 45.4966 29.8667
 45.6715 30.2442
 45.8581 30.5683
 45.9033 30.6499
175 71 10
 43.7833 27.6274
 43.5151 25.6311
 43.4128 25.126
 42.7407 24.3662
 42.257 23.8196
 42.4001 23.7448
 42.5201 23.7108
 42.5718 23.0373
 42.4744 22.3882
 42.3879 22.4014
176 166 9
 50.966 1.84115
 51.1129 0.052
 51.6486 -1.08385
 52.0042 -1.96275
 52.0956 -2.10745
 52.5052 -1.66525
 53.1811 -1.2453
 53.5084 -1.12745
 53.4934 -1.0747
176 147 11
 50.966 1.84115
 51.3011 3.638
 51.3677 4.0709
 51.7178 4.66285
 52.4366 4.7118
 53.4392 4.39435
 54.1935 4.37965
 54.572 4.17845
 55.2411 3.77465
 55.6291 3.4618
 55.6742 3.4809
177 166 12
 54.744 -5.6914
 53.3921 -5.4118
 52.3902 -4.6201
 51.9239 -3.79715
 52.2055 -3.48455
 52.3656 -3.25655
 52.1693 -2.681
 52.0956 -2.10745
 52.5052 -1.66525
 53.1811 -1.2453
 53.5084 -1.12745
 53.4934 -1.0747
177 128 10
 54.744 -5.6914
 55.8755 -6.5104
 56.233 -7.18115
 56.8175 -8.2365
 57.5135 -9.12365
 57.6928 -9.37585
 57.8617 -10.2634
 57.9099 -11.0057
 57.7166 -11.3001
 57.6938 -11.3081
178 162 5
 73.6401 -14.8541
 72.596 -15.07
 71.8657 -15.6599
 71.5406 -15.9014
 71.5282 -15.9526
178 52 5
 73.6401 -14.8541
 74.5504 -15.4627
 74.822 -16.0438
 74.8495 -16.1924
 74.8891 -16.1846
179 55 14
 69.8961 -14.2122
 69.3721 -14.5338
 69.1893 -14.6654
 68.9649 -15.2058
 68.6813 -15.5571
 68.5744 -15.7108
 68.789 -15.5708
 69.1437 -15.4359
 69.3617 -15.3811
 69.4812 -15.456
 69.6275 -15.5485
 69.6629 -15.6229
 69.6541 -15.6499
 69.6514 -15.6576
179 101 8
 69.8961 -14.2122
 70.2767 -13.7028
 70.2973 -13.5702
 69.842 -13.1079
 69.3784 -12.6383
 69.2904 -12.4256
 69.2218 -12.2866
 69.1985 -12.2945
180 163 13
 74.8156 -28.7571
 72.9318 -28.3158
 71.6084 -28.2829
 70.1392 -27.8279
 69.1872 -27.6277
 68.4286 -28.5277
 67.5776 -29.4674
 66.8138 -29.5085
 66.1075 -30.0326
 65.7908 -30.8306
 65.6632 -30.9457
 65.5608 -30.8772
 65.5579 -30.8698
180 115 3
 74.8156 -28.7571
 76.1548 -29.3579
 76.1629 -29.3947
181 112 15
 33.0271 -39.014
 32.5975 -38.1077
 31.9663 -37.4958
 31.3464 -36.2673
 31.1903 -35.4639
 31.033 -34.8258
 31.6585 -34.2585
 33.0364 -33.9129
 33.6841 -33.518
 34.0686 -33.0511
 34.4536 -32.6639
 35.0267 -32.7138
 35.2079 -31.6833
 34.8065 -30.4767
 34.775 -30.3678
181 118 4
 33.0271 -39.014
 32.5294 -39.7901
 31.721 -39.7578
 31.7034 -39.7872
182 36 26
 74.4856 -64.5461
 74.0732 -64.9912
 73.83 -65.1756
 73.685 -65.2386
 73.5569 -65.3186
 73.3941 -65.3686
 73.3155 -65.3174
 73.3423 -65.0715
 73.4007 -64.282
 73.0928 -63.416
 72.3825 -63.0876
 71.9756 -62.763
 71.8041 -62.3497
 71.7389 -62.158
 71.8311 -61.5509
 71.8997 -60.9814
 71.5915 -60.7699
 71.3176 -60.5146
 71.269 -60.4225
 71.1454 -60.3387
 70.9085 -60.334
 70.654 -60.3192
 70.4396 -59.8586
 70.1788 -59.3575
 70.0024 -59.244
 69.9658 -59.2158
182 12 20
 74.4856 -64.5461
 75.2804 -64.5054
 75.8499 -64.7542
 76.028 -64.7026
 76.3568 -65.0391
 76.5473 -65.4354
 76.8951 -65.5715
 77.4062 -65.1375
 77.4525 -64.5083
 77.6745 -64.013
 78.0188 -63.5798
 77.9397 -63.5109
 77.8262 -63.4111
 77.8662 -63.244
 77.9612 -63.1053
 78.0844 -63.1002
 78.2383 -63.1084
 78.3389 -63.1272
 78.4211 -63.1203
 78.4526 -63.1029
183 149 17
 32.9586 15.5429
 32.1924 14.8207
 31.8861 14.326
 32.0092 14.0629
 31.5994 14.2783
 30.0937 14.4921
 28.462 14.3205
 27.8213 13.5273
 27.7333 14.5054
 27.3275 15.5788
 27.3836 16.1784
 27.1983 15.9785
 26.9875 15.3605
 26.2273 15.3815
 25.0177 15.9501
 24.3959 16.0287
 24.2551 15.9805
183 14 11
 32.9586 15.5429
 33.8827 15.7147
 34.3939 15.4368
 34.8666 15.4312
 35.2761 15.5408
 35.9628 15.2952
 36.5248 15.0045
 36.6096 14.3707
 36.6125 13.5042
 36.5227 13.2523
 36.5157 13.2439
184 122 6
 18.5269 11.7399
 17.9795 13.055
 18.2278 13.4585
 18.812 14.1557
 19.235 14.81
 19.2096 15.001
184 61 3
 18.5269 11.7399
 19.335 10.5887
 19.4832 10.5833
185 54 30
 33.456 -84.8482
 33.3317 -85.2204
 33.4865 -85.6883
 33.6012 -86.0928
 33.5121 -86.5175
 32.868 -86.6158
 32.3062 -86.2679
 32.0507 -86.2231
 31.5859 -86.3445
 30.9191 -86.4339
 30.4046 -86.4314
 30.1536 -86.3103
 29.85 -85.9384
 29.5866 -85.6821
 29.4482 -85.5963
 29.4783 -85.4024
 29.5419 -85.2365
 29.5135 -85.2124
 29.4655 -85.197
 29.4234 -85.0816
 29.3872 -85.0024
 29.3904 -84.9987
 29.4352 -84.9868
 29.4978 -84.9734
 29.5286 -84.9594
 29.516 -84.8768
 29.5355 -84.7883
 29.6035 -84.7137
 29.6407 -84.6153
 29.6516 -84.5742
185 22 5
 33.456 -84.8482
 33.3881 -83.9759
 33.2457 -83.2706
 33.4039 -83.148
 33.4434 -83.1195
186 0 14
 -11.5962 -14.523
 -12.0929 -13.5316
 -11.9972 -12.6269
 -11.3233 -12.0547
 -10.0574 -12.0001
 -9.16975 -12.7626
 -9.03375 -13.8652
 -8.96825 -14.356
 -8.7718 -14.1683
 -8.41885 -14.1231
 -8.209 -14.0768
 -8.19885 -13.8894
 -8.16695 -13.7395
 -8.1326 -13.7234
186 110 5
 -11.5962 -14.523
 -11.3039 -15.4201
 -11.3998 -15.9653
 -11.4337 -16.3254
 -11.4058 -16.4488
187 87 8
 39.1045 7.6893
 39.2046 8.5911
 38.6147 10.0861
 38.5786 10.2607
 38.5676 10.4151
 38.4875 10.6353
 38.3969 10.7917
 38.3742 10.7901
187 86 32
 39.1045 7.6893
 38.305 7.5896
 38.0129 6.9275
 37.6164 6.70055
 36.791 6.38765
 35.6471 5.4658
 34.9396 4.5883
 34.4176 3.86925
 33.8844 2.9903
 33.5152 2.42915
 33.3596 1.70995
 33.4208 1.2147
 32.6824 0.99855
 31.7435 0.8945
 31.2623 0.94245
 30.8738 0.91645
 30.4576 0.96525
 30.0233 1.3048
 29.875 1.18345
 29.6184 0.70045
 29.2634 0.49205
 29.0719 0.5421
 28.8931 0.6551
 28.5787 0.5298
 28.2922 0.4343
 28.1464 0.48855
 28.0487 0.54595
 27.9558 0.5098
 27.8462 0.48665
 27.7449 0.45385
 27.6518 0.37625
 27.6143 0.3487
188 164 8
 99.0873 -12.9179
 99.5145 -12.5415
 99.595 -12.653
 99.6689 -12.764
 99.8728 -12.847
 100.345 -12.6388
 100.668 -12.4092
 100.675 -12.4087
188 131 6
 99.0873 -12.9179
 98.4375 -13.2256
 97.9684 -13.2108
 97.6227 -13.4629
 97.4465 -13.6094
 97.4235 -13.6205
189 55 16
 68.2133 -16.8566
 68.7925 -16.6488
 68.9234 -16.4762
 68.7802 -16.2402
 68.7727 -16.0597
 68.6586 -15.9457
 68.5352 -15.8437
 68.5744 -15.7108
 68.789 -15.5708
 69.1437 -15.4359
 69.3617 -15.3811
 69.4812 -15.456
 69.6275 -15.5485
 69.6629 -15.6229
 69.6541 -15.6499
 69.6514 -15.6576
189 53 11
 68.2133 -16.8566
 67.8458 -17.012
 67.5688 -17.1791
 67.4608 -17.4422
 67.5717 -17.8601
 67.4351 -18.2914
 67.1765 -18.5264
 66.898 -18.679
 66.6971 -18.7794
 66.6534 -18.8521
 66.6422 -18.8692
190 32 14
 -20.3275 -54.2243
 -20.1204 -56.2304
 -19.1623 -56.0168
 -17.3684 -55.101
 -16.1951 -53.4829
 -15.8498 -53.2673
 -14.1055 -53.7295
 -11.3067 -54.8746
 -9.6777 -56.2271
 -9.73015 -56.3573
 -9.7773 -56.3961
 -10.0075 -56.509
 -10.2491 -56.6399
 -10.3016 -56.6817
190 108 3
 -20.3275 -54.2243
 -19.9044 -52.0526
 -19.8873 -52.0331
191 17 11
 32.3526 -72.5031
 32.867 -73.4048
 33.2787 -73.6366
 33.3534 -73.7122
 33.989 -73.9432
 34.723 -74.4964
 35.2567 -74.9875
 35.7258 -75.3584
 35.7302 -75.8027
 35.7768 -75.9923
 35.8908 -75.9877
191 8 22
 32.3526 -72.5031
 31.9414 -71.1848
 31.7164 -70.392
 31.8502 -69.575
 31.9875 -68.8166
 32.247 -68.3152
 32.7637 -67.9752
 33.2518 -67.8672
 33.127 -67.2071
 32.4997 -66.5869
 32.1152 -66.5028
 32.4604 -66.0948
 32.7271 -65.338
 32.5933 -64.8444
 32.4208 -64.6407
 32.5596 -64.4855
 33.1732 -64.2283
 33.5686 -63.833
 33.6177 -63.4836
 33.6871 -63.3084
 33.6553 -63.2423
 33.6276 -63.2044
192 42 13
 22.7067 -42.4079
 23.8164 -43.3591
 24.1741 -44.2862
 24.6367 -44.3955
 24.9135 -44.4893
 25.1558 -44.2183
 25.3755 -43.8574
 25.4176 -43.758
 25.4275 -43.7477
 25.694 -43.8914
 26.1213 -44.1975
 26.3302 -44.4448
 26.3708 -44.5324
192 97 17
 22.7067 -42.4079
 21.3438 -42.4463
 20.8266 -42.5632
 20.6175 -43.3
 20.5434 -44.0536
 20.3499 -44.1659
 19.792 -43.9587
 19.3689 -43.7002
 18.5352 -43.7136
 17.4011 -42.5397
 16.5269 -41.1974
 15.6193 -41.149
 15.0037 -41.0032
 14.3754 -40.6194
 13.7479 -40.4768
 13.4947 -40.4241
 13.483 -40.3863
193 56 37
 6.01625 -30.952
 7.5859 -31.7204
 8.6419 -31.8769
 8.5264 -32.2161
 8.3739 -32.5997
 8.6959 -33.4358
 8.57765 -34.1631
 8.1354 -34.3224
 8.19945 -34.7113
 8.25905 -34.9562
 8.2312 -35.0002
 8.14475 -35.2017
 8.11695 -35.4379
 8.1722 -35.4882
 8.19785 -35.5229
 8.19275 -35.6475
 8.07045 -35.8526
 7.9668 -35.9694
 8.0619 -35.9997
 8.2143 -36.077
 8.31645 -36.2162
 8.40725 -36.4393
 8.3463 -36.6287
 8.27345 -36.7243
 8.3471 -36.8479
 8.4046 -36.9452
 8.4737 -37.0135
 8.5286 -37.0807
 8.5527 -37.1386
 8.56885 -37.2205
 8.55205 -37.3106
 8.52365 -37.3783
 8.48485 -37.4116
 8.4902 -37.4179
 8.5432 -37.4827
 8.5707 -37.5391
 8.5746 -37.5395
193 2 19
 6.01625 -30.952
 5.08235 -29.9837
 4.26865 -29.1652
 3.6686 -28.6418
 3.66705 -28.466
 3.9605 -27.9153
 3.87205 -27.2936
 3.66805 -26.9652
 3.65365 -26.6006
 3.6347 -26.2136
 3.4755 -26.0077
 3.2268 -25.839
 3.0895 -25.7093
 2.7324 -25.417
 2.52255 -24.4854
 2.6554 -23.7827
 2.6515 -23.3713
 2.6148 -22.9912
 2.6255 -22.9891
194 56 33
 6.30615 -33.842
 6.9291 -33.8551
 7.12075 -34.1486
 7.24345 -34.5572
 7.33405 -34.8819
 7.49965 -35.0465
 7.7374 -35.2743
 7.91045 -35.445
 7.96555 -35.5639
 8.09095 -35.5914
 8.19785 -35.5229
 8.19275 -35.6475
 8.07045 -35.8526
 7.9668 -35.9694
 8.0619 -35.9997
 8.2143 -36.077
 8.31645 -36.2162
 8.40725 -36.4393
 8.3463 -36.6287
 8.27345 -36.7243
 8.3471 -36.8479
 8.4046 -36.9452
 8.4737 -37.0135
 8.5286 -37.0807
 8.5527 -37.1386
 8.56885 -37.2205
 8.55205 -37.3106
 8.52365 -37.3783
 8.48485 -37.4116
 8.4902 -37.4179
 8.5432 -37.4827
 8.5707 -37.5391
 8.5746 -37.5395
194 106 3
 6.30615 -33.842
 5.75895 -33.9412
 5.7519 -33.9398
195 97 30
 -5.7838 -53.2159
 -5.15505 -52.9487
 -4.9991 -52.8809
 -4.53975 -52.1847
 -4.0479 -51.3648
 -3.44515 -51.2074
 -3.0064 -51.1558
 -2.1675 -50.0494
 -1.11365 -48.7639
 -0.6498 -48.3859
 -0.1472 -47.8368
 0.7145 -47.0465
 1.4038 -46.7267
 1.951 -46.7601
 3.5298 -46.6778
 4.38935 -45.8431
 4.47915 -44.7671
 5.43605 -44.3158
 6.20915 -43.6297
 6.4611 -42.9977
 7.42325 -43.1273
 8.3644 -43.3177
 9.6084 -43.0482
 10.9948 -42.5893
 11.1326 -41.9881
 11.2035 -41.1925
 11.7112 -41.2357
 12.6019 -41.1046
 13.3064 -40.4689
 13.483 -40.3863
195 48 3
 -5.7838 -53.2159
 -6.6203 -53.5603
 -6.8503 -53.6187
196 134 19
 -21.1458 -36.9675
 -17.2504 -37.2062
 -15.915 -36.9568
 -15.3857 -35.2588
 -15.1481 -32.9897
 -15.0175 -31.7273
 -14.059 -32.465
 -12.93 -33.4862
 -11.9713 -33.298
 -11.2895 -32.7224
 -11.0837 -32.5414
 -10.4924 -31.9416
 -9.8185 -31.5985
 -9.07155 -31.5919
 -8.6132 -31.2296
 -7.8819 -30.3397
 -7.76845 -29.2414
 -8.11745 -28.6301
 -7.8413 -28.4617
196 129 6
 -21.1458 -36.9675
 -25.7882 -37.4777
 -28.8321 -37.7659
 -31.0047 -37.9151
 -31.9776 -38.0256
 -32.0484 -38.0264
197 2 13
 -2.25575 -23.4757
 -0.8826 -23.0769
 -0.51315 -22.5606
 -0.30005 -22.4934
 -0.0483 -22.2504
 0.27585 -22.013
 0.93025 -22.3954
 1.4748 -22.8521
 1.61395 -22.9266
 1.94995 -22.8719
 2.40795 -22.8935
 2.6148 -22.9912
 2.6255 -22.9891
197 5 6
 -2.25575 -23.4757
 -3.67145 -23.7251
 -4.4866 -23.6325
 -5.7534 -23.5578
 -6.5967 -24.0011
 -6.687 -24.0973
198 126 8
 1.9223 -15.1475
 2.3658 -15.1027
 2.48975 -14.9197
 2.7769 -14.9643
 3.3016 -15.0327
 3.63515 -15.1136
 3.73975 -15.1715
 3.7865 -15.175
198 23 3
 1.9223 -15.1475
 1.5161 -15.0428
 1.4676 -15.0789
199 30 19
 -6.8927 9.1943
 -6.59385 11.129
 -5.5101 11.3235
 -4.19875 11.6284
 -3.4942 11.6656
 -3.0582 11.6769
 -2.47175 11.3984
 -1.501 10.2634
 -0.702 9.3321
 -0.1144 9.1553
 0.21285 9.1628
 0.74085 9.1025
 1.3394 8.909
 1.39465 8.3238
 1.4999 7.8975
 1.8857 8.03855
 2.25695 8.23675
 2.41645 8.29785
 2.4351 8.3035
199 75 8
 -6.8927 9.1943
 -7.10235 7.30855
 -8.0095 7.6152
 -9.36385 7.13495
 -9.2196 8.12885
 -10.417 8.5548
 -11.2528 8.89795
 -11.2653 9.0188
200 157 6
 -3.6022 0.04855
 -3.47985 -0.43495
 -3.30875 -0.65445
 -3.3537 -0.80705
 -3.39105 -0.9608
 -3.4121 -0.9927
200 100 4
 -3.6022 0.04855
 -3.77555 0.5657
 -4.11515 0.96565
 -4.204 1.1432
201 84 38
 4.6598 -1.74015
 5.20645 -1.7122
 5.2809 -1.95965
 5.3539 -1.9819
 5.5124 -1.9672
 5.75775 -1.95215
 6.0079 -1.86765
 6.0691 -1.3143
 6.29555 -0.8713
 6.5872 -0.88525
 6.62335 -0.8844
 6.6791 -0.72935
 6.80495 -0.54305
 6.90135 -0.47035
 6.92915 -0.4762
 6.9807 -0.5312
 7.08085 -0.5713
 7.20045 -0.6406
 7.32515 -0.69325
 7.4334 -0.5623
 7.69815 -0.4386
 8.0536 -0.2612
 8.16425 -0.3276
 8.204 -0.00195
 8.4686 0.19115
 8.75915 0.3909
 8.9272 0.4574
 9.08405 0.49005
 9.1539 0.56845
 9.14605 0.6181
 8.9803 0.63645
 8.94085 0.7128
 9.0007 0.83055
 8.9959 0.9113
 8.99665 0.9547
 8.8946 0.9387
 8.7803 0.9201
 8.757 0.9269
201 83 53
 4.6598 -1.74015
 4.12115 -2.01085
 3.98815 -2.0133
 3.8023 -2.09965
 3.63055 -2.21095
 3.55535 -2.2204
 3.51145 -2.205
 3.43905 -2.24035
 3.33115 -2.2922
 3.27435 -2.3415
 3.14755 -2.3068
 2.84265 -2.542
 2.53065 -2.73985
 2.3071 -2.74655
 2.2836 -3.001
 2.20905 -3.3664
 1.93985 -3.51875
 1.6983 -3.56245
 1.59515 -3.7416
 1.5732 -3.5814
 1.5232 -3.49395
 1.34015 -3.2868
 0.9629 -3.3242
 0.6935 -3.5424
 0.40905 -3.4435
 0.0487 -3.50655
 -0.09365 -3.7456
 -0.1941 -3.79875
 -0.29475 -3.783
 -0.3359 -3.7764
 -0.43255 -3.79485
 -0.78705 -3.8302
 -1.12755 -3.67085
 -1.28845 -3.44625
 -1.4356 -3.4932
 -1.71725 -3.626
 -2.03785 -3.77985
 -2.40795 -3.8914
 -2.6705 -3.95765
 -2.7663 -4.0166
 -2.90395 -3.9998
 -2.96915 -3.9644
 -3.009 -3.8942
 -3.12905 -3.77505
 -3.23445 -3.692
 -3.2667 -3.6999
 -3.3073 -3.7442
 -3.36235 -3.7304
 -3.42095 -3.67495
 -3.49185 -3.64775
 -3.6005 -3.65295
 -3.65205 -3.6722
 -3.6573 -3.6782
202 84 16
 11.5327 1.87175
 10.7927 1.74575
 10.1675 1.7246
 9.7536 1.6151
 9.6056 1.4784
 9.46785 1.29705
 9.3792 1.11305
 9.31955 1.00775
 9.3299 0.92985
 9.2389 0.97305
 9.1624 0.97705
 9.05875 0.95145
 8.99665 0.9547
 8.8946 0.9387
 8.7803 0.9201
 8.757 0.9269
202 58 4
 11.5327 1.87175
 12.4312 2.00615
 12.949 2.0443
 13.0011 2.0702
203 153 7
 13.2514 7.1962
 12.857 6.46495
 12.5599 6.42025
 12.5697 6.3858
 12.729 6.19085
 12.9153 6.0553
 12.9771 6.0909
203 26 6
 13.2514 7.1962
 13.2936 7.9602
 13.0684 8.0935
 12.9605 8.24395
 13.0171 8.33645
 13.0369 8.345
204 153 10
 17.6306 6.69085
 16.6008 5.55615
 16.656 5.35615
 16.5759 5.27735
 16.1243 5.7388
 15.2924 6.50015
 14.1963 6.7295
 13.316 6.3868
 13.0299 6.1039
 12.9771 6.0909
204 61 7
 17.6306 6.69085
 18.7867 7.7709
 18.8497 8.4945
 19.0513 9.2532
 19.3935 9.9538
 19.5102 10.5691
 19.4832 10.5833
205 21 9
 23.6546 1.7291
 22.4974 1.6009
 21.7216 1.6623
 21.4937 1.7084
 21.1758 1.66125
 21.0864 1.41065
 21.2261 0.97175
 21.3344 0.7145
 21.3572 0.6939
205 86 12
 23.6546 1.7291
 24.6503 1.94555
 25.4663 1.49845
 25.732 0.9656
 25.8871 1.0548
 26.4145 0.91235
 26.8499 0.5404
 27.1088 0.4394
 27.3919 0.4533
 27.5017 0.4296
 27.5746 0.383
 27.6143 0.3487
206 64 8
 17.1136 0.0942
 17.4626 0.334
 17.5271 0.48245
 17.7171 0.6352
 18.3374 0.94885
 18.8473 1.3756
 18.9072 1.5502
 18.895 1.5943
206 125 5
 17.1136 0.0942
 16.5369 -0.52125
 16.2105 -1.0079
 16.1908 -1.15775
 16.2133 -1.2097
207 125 10
 14.8932 -2.04495
 15.5341 -2.50075
 16.2043 -3.06005
 16.6929 -3.02945
 16.7384 -2.74495
 16.9374 -2.388
 17.0441 -1.9554
 16.6492 -1.5296
 16.2901 -1.2289
 16.2133 -1.2097
207 146 4
 14.8932 -2.04495
 14.2815 -1.83015
 14.0436 -1.71435
 14.0242 -1.7316
208 82 6
 17.1999 -14.9401
 16.2041 -15.2004
 15.5443 -15.7082
 14.1816 -16.0865
 13.1157 -16.1296
 13.0345 -16.1317
208 59 6
 17.1999 -14.9401
 18.4002 -14.1068
 18.8948 -13.3503
 18.858 -13.274
 18.8082 -13.1859
 18.8037 -13.1608
209 74 19
 44.1539 -30.2905
 44.836 -30.364
 45.3358 -30.3949
 45.4801 -30.0819
 45.8133 -28.9918
 46.0432 -27.8334
 45.938 -26.8581
 45.5501 -26.0336
 45.582 -25.9372
 46.3222 -25.7857
 47.3183 -25.7472
 47.7246 -26.1014
 48.1555 -25.9882
 48.5719 -26.0965
 48.3308 -25.3821
 48.2151 -24.9104
 48.2486 -24.6742
 48.2267 -24.5319
 48.2355 -24.5124
209 160 5
 44.1539 -30.2905
 42.9469 -30.3201
 42.0246 -30.6772
 41.8567 -30.9778
 41.7852 -31.0211
210 87 8
 40.9426 14.224
 40.7457 12.7548
 40.9852 11.6665
 40.674 11.6378
 40.1087 11.4214
 39.0047 11.007
 38.3969 10.7917
 38.3742 10.7901
210 80 4
 40.9426 14.224
 40.9055 14.9942
 40.7178 15.4332
 40.7389 15.4698
211 14 7
 38.5841 11.638
 38.5418 12.2299
 38.2023 12.6723
 37.7766 12.3528
 36.9837 12.6331
 36.6241 13.1014
 36.5157 13.2439
211 87 4
 38.5841 11.638
 38.4112 11.0039
 38.3969 10.7917
 38.3742 10.7901
212 80 6
 40.3284 17.2261
 39.6681 16.3696
 39.9538 16.0873
 40.5089 15.7498
 40.6974 15.5444
 40.7389 15.4698
212 67 4
 40.3284 17.2261
 41.2887 18.0145
 41.7374 18.0007
 41.7636 17.9794
213 76 21
 57.1143 18.5487
 58.3515 17.0531
 56.8983 17.5383
 54.9505 17.4643
 53.0925 16.1049
 51.2856 15.049
 50.6842 14.9341
 50.1026 15.3512
 49.0951 15.5583
 49.3024 16.5468
 49.0324 17.9641
 48.9937 18.6919
 48.6465 19.2677
 48.2124 19.5609
 47.6976 19.3962
 46.9648 19.2877
 46.5144 18.8696
 45.7443 18.4728
 45.0047 17.9093
 44.4177 17.2274
 43.8891 17.0162
213 43 9
 57.1143 18.5487
 56.3012 20.1777
 56.7607 20.757
 56.0924 21.8095
 55.898 24.1689
 56.5009 25.8106
 57.48 26.681
 58.5413 27.5551
 58.6285 27.5647
214 45 6
 83.1611 -3.8365
 82.4511 -3.81075
 81.7728 -3.58
 81.1232 -3.22045
 80.5681 -2.80035
 80.5562 -2.7871
214 9 5
 83.1611 -3.8365
 83.348 -3.0778
 83.4814 -2.55875
 83.635 -2.55955
 83.7038 -2.573
215 119 10
 97.0432 -14.4611
 96.6075 -15.1486
 96.4442 -15.4825
 96.3003 -16.066
 95.6389 -16.3068
 94.8614 -16.3798
 94.7178 -16.6046
 94.5739 -16.9381
 94.4242 -17.1648
 94.4165 -17.1899
215 131 3
 97.0432 -14.4611
 97.4288 -13.7026
 97.4235 -13.6205
216 130 7
 66.3404 -22.5263
 65.7125 -22.8572
 65.4761 -23.0041
 65.4552 -23.0603
 65.4307 -23.2187
 65.4462 -23.4081
 65.4795 -23.4595
216 165 7
 66.3404 -22.5263
 66.8963 -22.3702
 67.0526 -22.4873
 67.1165 -22.6409
 67.155 -22.7997
 67.1549 -22.8569
 67.1743 -22.8556
217 130 9
 68.1409 -27.5552
 66.8585 -26.8442
 66.3179 -26.2803
 66.2892 -26.2513
 66.3506 -25.7402
 66.1633 -24.5589
 65.69 -23.7128
 65.4613 -23.5005
 65.4795 -23.4595
217 163 10
 68.1409 -27.5552
 69.1872 -27.6277
 68.4286 -28.5277
 67.5776 -29.4674
 66.8138 -29.5085
 66.1075 -30.0326
 65.7908 -30.8306
 65.6632 -30.9457
 65.5608 -30.8772
 65.5579 -30.8698
218 139 5
 88.1553 -20.6968
 89.1874 -22.7752
 89.2509 -23.5925
 89.3951 -23.8021
 89.4802 -23.8054
218 151 4
 88.1553 -20.6968
 86.3665 -19.3475
 85.6349 -19.3784
 85.6646 -19.2913
219 154 22
 94.8262 -28.0257
 93.1747 -29.4311
 90.919 -29.8619
 90.4143 -30.9849
 90.1587 -33.0004
 90.0982 -34.2775
 90.6727 -34.4754
 91.3941 -35.3559
 91.9156 -36.4163
 91.3723 -36.5855
 90.123 -36.7701
 89.2405 -37.5354
 88.882 -38.0485
 88.3275 -38.6375
 87.5688 -39.1583
 87.2156 -39.2127
 87.0803 -39.3448
 86.299 -39.812
 85.256 -39.7425
 84.6404 -38.6853
 84.2889 -38.1078
 84.1881 -38.1334
219 29 4
 94.8262 -28.0257
 95.2399 -25.7117
 95.6797 -24.6118
 95.7208 -24.5348
220 41 24
 82.5405 -40.2238
 81.9718 -41.2319
 81.5991 -42.1684
 81.2494 -42.4467
 81.0081 -43.1934
 81.177 -44.1676
 81.1646 -44.5508
 80.9264 -44.2774
 80.7043 -44.1481
 80.5614 -44.2618
 80.4551 -44.3596
 80.4027 -44.4855
 80.0985 -44.3968
 79.8147 -44.1971
 79.6934 -44.2598
 79.3687 -44.2795
 78.7486 -44.4278
 78.3737 -44.742
 78.3866 -44.9408
 78.0457 -44.928
 77.5903 -45.3496
 77.457 -45.9436
 77.5654 -46.0182
 77.6753 -46.0089
220 133 8
 82.5405 -40.2238
 82.7802 -40.0191
 82.7789 -39.762
 82.7823 -39.4878
 82.7534 -39.2776
 82.6989 -38.9151
 82.7061 -38.6169
 82.6908 -38.6118
221 136 5
 76.8204 -47.2836
 76.1265 -48.2466
 75.8801 -48.5537
 75.7614 -48.7115
 75.6487 -48.8186
221 41 5
 76.8204 -47.2836
 77.284 -46.3447
 77.3748 -46.07
 77.5654 -46.0182
 77.6753 -46.0089
222 15 20
 40.4538 -38.096
 40.4151 -39.1658
 40.4959 -39.3992
 40.1859 -39.56
 39.9536 -39.7112
 40.2724 -39.9244
 40.6758 -40.1679
 40.8645 -40.9221
 40.9483 -41.7138
 40.9216 -41.8706
 40.8653 -42.1486
 40.1367 -42.6563
 39.5168 -43.2754
 39.6637 -43.9507
 39.7183 -44.4925
 39.5318 -44.8587
 39.3542 -45.0484
 39.4415 -45.1998
 39.5261 -45.346
 39.5249 -45.3491
222 152 11
 40.4538 -38.096
 40.8967 -36.9898
 41.4886 -36.6834
 41.9636 -36.228
 42.2832 -35.6838
 42.4338 -35.205
 42.9836 -35.8672
 43.6842 -36.4177
 44.3004 -36.5566
 44.7759 -36.5044
 44.8007 -36.527
223 15 10
 42.6928 -49.5368
 42.0168 -48.9289
 41.5093 -48.7467
 40.904 -47.5752
 40.1461 -46.31
 39.8288 -46.2713
 39.668 -46.2385
 39.4609 -45.8067
 39.4384 -45.3792
 39.5249 -45.3491
223 117 4
 42.6928 -49.5368
 43.3335 -50.46
 43.8373 -51.0347
 43.9715 -51.0589
224 111 13
 61.4694 -55.0536
 60.3105 -55.6205
 59.8283 -55.6852
 59.4005 -55.8487
 58.8054 -55.9783
 58.4904 -56.4103
 57.5007 -57.4552
 56.3229 -58.1238
 56.7093 -59.0598
 57.3572 -60.1367
 57.9104 -60.4655
 58.7929 -60.6423
 59.3224 -60.7039
224 68 3
 61.4694 -55.0536
 62.4264 -54.5609
 62.4323 -54.5872
225 36 36
 63.2033 -62.1449
 64.7231 -62.4052
 64.8192 -62.3762
 65.4274 -62.964
 66.0072 -63.5722
 67.2652 -64.4595
 68.9233 -65.575
 69.4127 -65.7794
 69.7088 -65.7626
 70.166 -65.8512
 70.4408 -66.0076
 70.8125 -66.1789
 71.6037 -66.4445
 72.617 -66.2396
 73.2561 -65.7197
 73.3365 -65.4738
 73.3155 -65.3174
 73.3423 -65.0715
 73.4007 -64.282
 73.0928 -63.416
 72.3825 -63.0876
 71.9756 -62.763
 71.8041 -62.3497
 71.7389 -62.158
 71.8311 -61.5509
 71.8997 -60.9814
 71.5915 -60.7699
 71.3176 -60.5146
 71.269 -60.4225
 71.1454 -60.3387
 70.9085 -60.334
 70.654 -60.3192
 70.4396 -59.8586
 70.1788 -59.3575
 70.0024 -59.244
 69.9658 -59.2158
225 111 7
 63.2033 -62.1449
 61.5699 -61.9888
 61.1758 -62.1548
 60.1408 -61.9921
 59.3231 -61.2858
 59.3033 -60.7506
 59.3224 -60.7039
226 88 10
 49.5835 -57.4745
 48.4065 -55.588
 48.3013 -54.3438
 48.1475 -53.9151
 47.6824 -53.6946
 47.5737 -53.466
 47.5929 -53.3419
 47.6884 -53.2971
 47.7229 -53.2928
 47.7236 -53.2898
226 148 8
 49.5835 -57.4745
 50.8042 -58.4515
 51.2345 -58.4821
 51.4731 -58.2033
 51.6589 -58.2351
 52.3825 -58.5654
 52.689 -59.368
 52.6601 -59.5412
227 114 7
 58.0167 -82.8705
 60.4375 -81.091
 60.883 -81.3138
 61.1954 -81.1459
 61.4788 -81.2067
 61.6864 -81.3716
 61.7678 -81.324
227 143 3
 58.0167 -82.8705
 55.8614 -84.9124
 55.8366 -84.9356
228 158 19
 64.522 -81.1668
 65.1552 -80.2822
 65.7747 -80.0354
 65.9361 -79.6974
 65.4836 -79.4109
 66.0175 -79.361
 66.8799 -79.6639
 67.4349 -79.6893
 67.7729 -79.0468
 67.9243 -78.5002
 68.0374 -78.3084
 68.2331 -78.1364
 68.455 -78.0331
 68.9406 -77.0387
 69.4709 -75.7137
 69.5201 -75.2057
 69.6533 -74.9081
 69.858 -74.7151
 69.8625 -74.7079
228 168 7
 64.522 -81.1668
 63.881 -82.2337
 63.7747 -82.4824
 63.5962 -82.5809
 63.4996 -82.6468
 63.5606 -82.687
 63.6049 -82.7148
229 168 7
 64.5876 -83.3741
 63.9594 -83.3342
 63.575 -83.0612
 63.3894 -82.915
 63.4428 -82.8426
 63.5933 -82.7547
 63.6049 -82.7148
229 144 3
 64.5876 -83.3741
 65.1341 -83.2587
 65.3365 -83.2547
230 36 37
 71.7383 -71.9687
 70.9583 -71.3002
 72.1336 -70.6621
 73.276 -69.9896
 74.3968 -69.6015
 74.1867 -68.3865
 73.597 -67.4825
 73.8071 -67.1787
 74.1533 -66.548
 74.1767 -65.9622
 73.9961 -65.5807
 73.963 -65.434
 73.8555 -65.3844
 73.7433 -65.2708
 73.685 -65.2386
 73.5569 -65.3186
 73.3941 -65.3686
 73.3155 -65.3174
 73.3423 -65.0715
 73.4007 -64.282
 73.0928 -63.416
 72.3825 -63.0876
 71.9756 -62.763
 71.8041 -62.3497
 71.7389 -62.158
 71.8311 -61.5509
 71.8997 -60.9814
 71.5915 -60.7699
 71.3176 -60.5146
 71.269 -60.4225
 71.1454 -60.3387
 70.9085 -60.334
 70.654 -60.3192
 70.4396 -59.8586
 70.1788 -59.3575
 70.0024 -59.244
 69.9658 -59.2158
230 158 8
 71.7383 -71.9687
 71.7662 -73.3889
 71.5086 -74.0453
 70.7715 -74.0814
 70.1249 -74.3017
 69.9169 -74.5387
 69.8638 -74.6855
 69.8625 -74.7079
231 12 10
 76.7561 -62.6265
 77.0607 -63.1647
 77.4685 -63.037
 77.8307 -62.9728
 77.9357 -63.064
 78.0844 -63.1002
 78.2383 -63.1084
 78.3389 -63.1272
 78.4211 -63.1203
 78.4526 -63.1029
231 73 9
 76.7561 -62.6265
 76.5125 -62.0295
 76.4302 -61.796
 76.103 -61.7393
 75.7819 -61.869
 75.4977 -61.6985
 75.1492 -61.4602
 75.0112 -61.383
 74.9682 -61.3705
232 159 8
 83.9436 -56.0449
 84.5768 -54.9817
 84.3853 -54.4023
 84.3049 -54.3105
 84.2761 -54.2754
 84.2305 -54.3096
 84.1472 -54.3587
 84.0994 -54.3557
232 31 4
 83.9436 -56.0449
 82.8871 -57.0191
 82.6129 -57.6809
 82.6321 -57.9269
233 158 6
 67.0941 -73.6827
 68.668 -74.5952
 69.2065 -74.9949
 69.6533 -74.9081
 69.858 -74.7151
 69.8625 -74.7079
233 51 3
 67.0941 -73.6827
 65.6487 -73.0945
 65.4849 -73.1179
234 32 19
 -3.1962 -61.3567
 -3.99595 -60.8689
 -4.41425 -60.0303
 -4.5533 -59.4858
 -4.7476 -59.4953
 -5.03855 -59.3896
 -5.30035 -59.2263
 -5.3589 -59.0391
 -6.0422 -59.1625
 -7.0818 -59.1223
 -7.87495 -58.8224
 -8.29825 -58.6872
 -8.3849 -58.3659
 -8.68815 -58.1796
 -9.34315 -58.1487
 -10.0879 -57.968
 -10.3487 -57.305
 -10.2857 -56.7265
 -10.3016 -56.6817
234 10 8
 -3.1962 -61.3567
 -2.242 -62.4873
 -2.23155 -63.7073
 -3.01195 -64.0499
 -3.524 -63.9546
 -2.38265 -64.7451
 -1.26365 -65.3572
 -1.2577 -65.3593
235 92 19
 32.719 -60.0946
 31.7082 -59.5572
 31.2761 -59.373
 31.1168 -59.1407
 30.8723 -59.0749
 30.6717 -58.551
 30.5542 -57.785
 30.4832 -56.9823
 30.5265 -56.3174
 30.6913 -55.8234
 30.8911 -54.6595
 31.0385 -53.6435
 30.8258 -53.2823
 30.5451 -53.016
 30.5722 -52.8389
 30.6656 -52.3298
 30.9119 -51.9126
 31.1503 -51.854
 31.2044 -51.8696
235 8 9
 32.719 -60.0946
 33.7581 -60.9398
 33.8978 -61.4262
 33.7358 -62.1186
 33.7316 -62.7668
 33.8224 -62.9132
 33.7593 -63.0386
 33.6623 -63.1672
 33.6276 -63.2044
236 92 12
 31.5583 -48.026
 30.7007 -48.9208
 29.4377 -49.7208
 28.8777 -50.2836
 29.2622 -50.6767
 29.8104 -51.1489
 29.9343 -51.2791
 30.2222 -51.357
 30.5767 -51.6638
 30.9062 -51.8523
 31.1503 -51.854
 31.2044 -51.8696
236 89 3
 31.5583 -48.026
 31.581 -47.44
 31.5614 -47.4346
237 23 23
 0.5451 -20.9912
 0.93365 -20.1087
 0.7539 -19.5586
 0.7365 -19.2938
 0.99675 -19.1357
 1.2371 -18.869
 1.30845 -18.4233
 1.36305 -18.1465
 1.2864 -18.2588
 0.82335 -18.191
 0.21005 -18.064
 -0.000800001 -18.0616
 -0.03865 -17.9641
 0.0493 -17.6658
 0.19515 -17.4217
 0.3352 -16.8806
 0.2708 -16.4536
 0.57485 -16.2877
 0.86445 -16.0667
 1.16125 -16.2148
 1.19845 -15.5929
 1.44265 -15.1155
 1.4676 -15.0789
237 2 13
 0.5451 -20.9912
 -0.2702 -21.9109
 -0.5225 -22.4823
 -0.30005 -22.4934
 -0.0483 -22.2504
 0.27585 -22.013
 0.93025 -22.3954
 1.4748 -22.8521
 1.61395 -22.9266
 1.94995 -22.8719
 2.40795 -22.8935
 2.6148 -22.9912
 2.6255 -22.9891
238 55 45
 69.4673 -24.539
 69.7733 -23.9338
 70.3472 -23.5153
 70.5257 -23.0888
 70.3774 -22.8046
 70.2719 -22.423
 70.5396 -22.0172
 70.3718 -21.6099
 69.9552 -21.2961
 70.2898 -21.0635
 70.6097 -20.9762
 70.6913 -20.8125
 71.2168 -20.15
 71.6477 -19.5811
 71.4577 -19.3179
 71.1579 -18.7924
 70.9012 -18.4045
 70.7142 -18.2958
 70.4152 -18.328
 70.0441 -18.2686
 69.9118 -18.1552
 69.8428 -18.136
 69.7495 -18.0623
 69.6741 -18.008
 69.5815 -18.0023
 69.4809 -17.8933
 69.459 -17.6992
 69.5395 -17.5569
 69.5409 -17.3435
 69.3389 -16.8779
 69.1301 -16.5788
 68.9234 -16.4762
 68.7802 -16.2402
 68.7727 -16.0597
 68.6586 -15.9457
 68.5352 -15.8437
 68.5744 -15.7108
 68.789 -15.5708
 69.1437 -15.4359
 69.3617 -15.3811
 69.4812 -15.456
 69.6275 -15.5485
 69.6629 -15.6229
 69.6541 -15.6499
 69.6514 -15.6576
238 135 3
 69.4673 -24.539
 68.7077 -25.1884
 68.6114 -25.2067
239 98 17
 39.1283 -24.6566
 38.7947 -23.4975
 37.8605 -23.1157
 36.9698 -23.5555
 36.4934 -23.0677
 36.1664 -22.6644
 36.4496 -22.3039
 36.4554 -22.1263
 35.8448 -21.6576
 35.6003 -21.1205
 35.6858 -21.0338
 35.6545 -20.9452
 35.5639 -20.7563
 35.3679 -20.4882
 35.2411 -20.2976
 35.2808 -20.2367
 35.308 -20.2317
239 74 22
 39.1283 -24.6566
 40.104 -23.8484
 41.1458 -23.8274
 41.1332 -25.2635
 40.995 -25.8793
 41.8195 -25.7928
 42.8071 -25.9157
 43.347 -26.031
 44.2776 -26.0581
 44.9911 -26.2435
 45.291 -26.0432
 45.582 -25.9372
 46.3222 -25.7857
 47.3183 -25.7472
 47.7246 -26.1014
 48.1555 -25.9882
 48.5719 -26.0965
 48.3308 -25.3821
 48.2151 -24.9104
 48.2486 -24.6742
 48.2267 -24.5319
 48.2355 -24.5124
240 151 3
 84.8114 -19.0029
 85.6544 -19.2981
 85.6646 -19.2913
240 120 3
 84.8114 -19.0029
 83.8809 -18.6541
 83.7833 -18.6074
241 154 5
 84.9177 -37.3828
 84.2119 -37.8587
 84.1483 -37.9779
 84.1618 -38.0816
 84.1881 -38.1334
241 60 3
 84.9177 -37.3828
 85.5972 -36.9461
 85.6214 -36.9181
242 167 19
 69.3526 -55.9861
 68.7029 -55.3559
 68.278 -54.8043
 67.9525 -54.2374
 67.6531 -53.9739
 67.5636 -53.6711
 67.8015 -53.291
 67.9258 -52.9358
 67.8744 -52.7774
 67.5648 -52.6236
 67.296 -52.5036
 67.5006 -52.4006
 67.7197 -52.0573
 67.6957 -51.7984
 67.6664 -51.5592
 67.7459 -51.25
 67.8334 -51.0409
 67.8523 -50.8699
 67.8558 -50.8317
242 36 9
 69.3526 -55.9861
 70.2427 -56.8643
 70.7836 -57.322
 70.7656 -57.5275
 70.3862 -57.8737
 69.9918 -58.4822
 69.9002 -58.9945
 69.9514 -59.191
 69.9658 -59.2158
243 47 7
 19.0543 -79.9025
 18.6108 -80.2216
 18.3539 -80.7462
 18.4679 -81.1738
 18.6719 -81.4238
 18.8425 -81.4774
 18.8531 -81.4816
243 33 5
 19.0543 -79.9025
 19.6223 -79.6051
 20.1582 -79.3202
 20.2891 -79.321
 20.3353 -79.3311
244 47 7
 18.4799 -79.6745
 18.6108 -80.2216
 18.3539 -80.7462
 18.4679 -81.1738
 18.6719 -81.4238
 18.8425 -81.4774
 18.8531 -81.4816
244 27 5
 18.4799 -79.6745
 17.7342 -79.3705
 17.4138 -79.3264
 17.3208 -79.32
 17.2605 -79.3036
245 98 20
 29.2931 -21.7316
 30.9596 -21.5483
 31.7634 -22.0215
 32.1663 -22.2381
 32.8735 -22.4699
 33.7794 -22.6854
 34.2066 -22.8381
 35.2304 -22.8866
 36.1664 -22.6644
 36.4496 -22.3039
 36.4554 -22.1263
 35.8448 -21.6576
 35.6003 -21.1205
 35.6858 -21.0338
 35.6545 -20.9452
 35.5639 -20.7563
 35.3679 -20.4882
 35.2411 -20.2976
 35.2808 -20.2367
 35.308 -20.2317
245 57 5
 29.2931 -21.7316
 27.6072 -22.1012
 26.4249 -21.8967
 25.5192 -21.8267
 25.229 -21.8248
246 2 19
 -4.36125 -27.8197
 -3.56185 -26.837
 -3.1493 -26.9389
 -2.3437 -27.1085
 -1.94005 -26.744
 -1.2764 -25.5802
 -0.52805 -24.1842
 -0.3706 -23.4382
 -0.3506 -22.913
 -0.30005 -22.4934
 -0.0483 -22.2504
 0.27585 -22.013
 0.93025 -22.3954
 1.4748 -22.8521
 1.61395 -22.9266
 1.94995 -22.8719
 2.40795 -22.8935
 2.6148 -22.9912
 2.6255 -22.9891
246 134 6
 -4.36125 -27.8197
 -5.2731 -28.9235
 -6.16695 -28.9391
 -7.3833 -28.6423
 -7.83465 -28.4829
 -7.8413 -28.4617
247 40 3
 -3.8049 -11.6352
 -3.80545 -12.4772
 -3.8123 -12.4883
247 35 5
 -3.8049 -11.6352
 -3.92555 -10.5812
 -3.978 -10.285
 -3.92375 -10.1442
 -3.9314 -10.0764
248 21 7
 20.0896 1.81275
 20.9729 1.69355
 21.1758 1.66125
 21.0864 1.41065
 21.2261 0.97175
 21.3344 0.7145
 21.3572 0.6939
248 64 5
 20.0896 1.81275
 19.1843 1.8093
 19.0503 1.6305
 18.9464 1.544
 18.895 1.5943
249 84 28
 11.979 -2.6125
 11.5312 -2.15705
 11.1962 -1.97235
 11.0332 -1.9448
 10.907 -2.17535
 10.743 -2.38205
 10.5933 -2.43885
 10.3577 -2.49555
 10.2131 -2.4385
 10.1757 -2.3337
 10.2559 -2.0028
 10.027 -1.44405
 9.66725 -1.07155
 9.46175 -0.62535
 9.2816 -0.0449
 9.1503 0.2062
 9.06365 0.304
 9.0973 0.4672
 9.1539 0.56845
 9.14605 0.6181
 8.9803 0.63645
 8.94085 0.7128
 9.0007 0.83055
 8.9959 0.9113
 8.99665 0.9547
 8.8946 0.9387
 8.7803 0.9201
 8.757 0.9269
249 146 14
 11.979 -2.6125
 12.4748 -3.1176
 12.754 -3.3868
 12.9906 -3.71855
 13.1651 -3.94655
 13.2113 -3.927
 13.4775 -3.59755
 13.7344 -3.1201
 13.6912 -2.5909
 13.621 -2.19985
 13.6809 -2.02605
 13.8181 -1.8025
 13.9578 -1.7258
 14.0242 -1.7316
250 160 8
 38.2072 -29.13
 39.0687 -29.7278
 39.3812 -29.8527
 39.5436 -29.938
 40.4634 -30.5632
 41.5385 -31.098
 41.7415 -31.0427
 41.7852 -31.0211
250 112 9
 38.2072 -29.13
 37.2789 -28.5924
 36.5175 -28.2718
 35.3739 -28.0795
 34.861 -28.6663
 34.9308 -29.597
 34.8295 -30.1823
 34.7619 -30.3494
 34.775 -30.3678
251 67 6
 42.8613 20.052
 42.3468 18.6562
 41.8843 18.24
 41.7844 18.1243
 41.7374 18.0007
 41.7636 17.9794
251 71 5
 42.8613 20.052
 42.6089 21.5434
 42.3156 22.1981
 42.3705 22.3778
 42.3879 22.4014
252 91 7
 76.8915 -1.54675
 77.2198 -1.1885
 77.3046 -0.9908
 77.304 -0.89175
 77.2961 -0.81745
 77.2618 -0.778
 77.2318 -0.7638
252 24 5
 76.8915 -1.54675
 76.531 -1.8586
 76.4213 -1.9954
 76.4688 -2.0799
 76.5125 -2.1289
253 37 15
 71.5654 -6.06885
 72.345 -7.28405
 72.229 -8.40285
 71.9117 -8.8385
 71.7519 -8.71425
 71.4239 -8.94305
 71.5172 -9.5736
 71.3683 -10.4409
 71.0175 -11.4634
 71.302 -12.1043
 71.4583 -12.4262
 71.4888 -12.6065
 71.5692 -12.5183
 71.6485 -12.4644
 71.6526 -12.4605
253 161 6
 71.5654 -6.06885
 70.7325 -5.40755
 70.4203 -4.75335
 69.594 -4.44635
 68.9142 -4.7271
 68.8983 -4.7615
254 37 6
 70.7343 -12.5826
 71.4532 -12.6558
 71.4888 -12.6065
 71.5692 -12.5183
 71.6485 -12.4644
 71.6526 -12.4605
254 101 6
 70.7343 -12.5826
 69.7859 -12.3602
 69.4922 -12.2173
 69.3517 -12.2456
 69.2218 -12.2866
 69.1985 -12.2945
255 55 10
 71.284 -15.6416
 70.906 -15.4424
 70.5397 -15.4021
 70.2278 -15.4913
 70.0376 -15.4653
 69.8782 -15.4876
 69.7215 -15.5502
 69.6629 -15.6229
 69.6541 -15.6499
 69.6514 -15.6576
255 162 4
 71.284 -15.6416
 71.476 -15.7638
 71.5037 -15.9042
 71.5282 -15.9526
256 52 4
 75.4995 -15.5574
 75.4062 -16.1844
 74.9097 -16.1411
 74.8891 -16.1846
256 155 3
 75.4995 -15.5574
 75.592 -14.0002
 76.0671 -13.1568
257 53 6
 67.3376 -20.1056
 66.8172 -19.3392
 66.6418 -19.1744
 66.6096 -19.0148
 66.6346 -18.8959
 66.6422 -18.8692
257 165 10
 67.3376 -20.1056
 67.3862 -20.9693
 67.0387 -21.1698
 67.2407 -21.6621
 67.2453 -22.2913
 67.0526 -22.4873
 67.1165 -22.6409
 67.155 -22.7997
 67.1549 -22.8569
 67.1743 -22.8556
258 34 11
 87.2673 -57.4298
 89.1983 -57.4909
 89.9958 -58.2242
 89.9664 -57.9176
 91.0351 -55.6983
 92.397 -53.7066
 92.9537 -53.5303
 93.3436 -53.3821
 94.5305 -52.6417
 95.746 -51.929
 95.7721 -51.9242
258 79 8
 87.2673 -57.4298
 86.402 -59.1922
 86.7497 -60.2662
 86.2484 -60.5434
 85.2111 -60.2049
 83.7324 -60.3467
 82.7896 -61.1763
 82.7698 -61.2505
259 79 6
 82.106 -58.5964
 81.8992 -59.2905
 82.3575 -59.8116
 82.6147 -60.7661
 82.748 -61.2494
 82.7698 -61.2505
259 31 3
 82.106 -58.5964
 82.6288 -57.9389
 82.6321 -57.9269
260 19 10
 67.1058 -38.1919
 68.4347 -37.7074
 67.4485 -36.7485
 67.653 -35.7835
 68.0755 -35.0247
 67.0758 -34.7181
 66.0921 -34.1595
 65.9912 -33.799
 65.9545 -33.6601
 65.9265 -33.5882
260 156 5
 67.1058 -38.1919
 66.3837 -39.3783
 66.2075 -39.4346
 66.0746 -39.5441
 66.0648 -39.5881
261 38 12
 32.652 -50.4553
 33.4226 -50.5611
 33.7376 -50.6811
 33.9069 -50.8149
 34.2497 -50.8176
 34.4679 -50.9992
 34.5109 -51.1752
 34.597 -51.2794
 34.6215 -51.382
 34.5037 -51.4547
 34.4421 -51.4653
 34.4377 -51.4629
261 92 6
 32.652 -50.4553
 31.6968 -50.6932
 31.1021 -51.0202
 31.0532 -51.5799
 31.1503 -51.854
 31.2044 -51.8696
262 88 12
 45.0802 -55.236
 46.2626 -55.7239
 46.9714 -56.1538
 47.7329 -55.3532
 48.3013 -54.3438
 48.1475 -53.9151
 47.6824 -53.6946
 47.5737 -53.466
 47.5929 -53.3419
 47.6884 -53.2971
 47.7229 -53.2928
 47.7236 -53.2898
262 117 8
 45.0802 -55.236
 43.6612 -54.9201
 43.1348 -54.5043
 42.5209 -54.3393
 43.2279 -54.3801
 43.6911 -52.7788
 44.0069 -51.175
 43.9715 -51.0589
263 93 7
 57.4485 -68.7119
 59.7212 -68.0558
 60.9147 -68.2425
 61.1804 -68.2072
 61.3767 -68.1151
 61.5031 -68.0566
 61.5181 -68.0602
263 94 7
 57.4485 -68.7119
 55.1089 -70.46
 53.8576 -71.2719
 52.9838 -69.7406
 52.0166 -68.067
 51.7116 -67.8374
 51.6717 -67.8381
264 54 31
 36.3474 -85.8434
 34.9792 -85.6265
 33.675 -85.1969
 33.4865 -85.6883
 33.6012 -86.0928
 33.5121 -86.5175
 32.868 -86.6158
 32.3062 -86.2679
 32.0507 -86.2231
 31.5859 -86.3445
 30.9191 -86.4339
 30.4046 -86.4314
 30.1536 -86.3103
 29.85 -85.9384
 29.5866 -85.6821
 29.4482 -85.5963
 29.4783 -85.4024
 29.5419 -85.2365
 29.5135 -85.2124
 29.4655 -85.197
 29.4234 -85.0816
 29.3872 -85.0024
 29.3904 -84.9987
 29.4352 -84.9868
 29.4978 -84.9734
 29.5286 -84.9594
 29.516 -84.8768
 29.5355 -84.7883
 29.6035 -84.7137
 29.6407 -84.6153
 29.6516 -84.5742
264 150 7
 36.3474 -85.8434
 37.1799 -85.09
 37.8596 -84.3512
 38.6726 -84.6964
 39.7284 -84.8188
 40.1895 -84.2412
 40.2223 -84.219
265 3 6
 45.3557 -84.1158
 43.3139 -84.9758
 42.9377 -85.2905
 42.8265 -85.4977
 42.829 -85.6095
 42.821 -85.631
265 143 9
 45.3557 -84.1158
 47.5902 -83.3103
 49.2386 -84.0824
 52.3356 -85.0866
 54.2551 -85.0733
 54.4007 -85.1674
 54.7438 -85.2204
 55.4007 -85.0063
 55.8366 -84.9356
266 25 5
 63.0765 -89.8893
 63.609 -88.9532
 64.3707 -88.3676
 65.0602 -88.2249
 65.11 -88.2077
266 69 3
 63.0765 -89.8893
 62.6562 -90.5228
 62.6465 -90.6803
267 90 17
 0.81775 -84.2852
 2.8986 -83.74
 3.36805 -83.9566
 3.6492 -84.2782
 4.3059 -84.5132
 4.4159 -85.3093
 4.6979 -84.383
 5.3353 -83.7209
 5.9922 -83.2625
 6.3446 -83.1771
 7.12825 -83.1315
 7.8476 -83.0532
 8.07035 -82.9884
 8.3563 -82.9307
 8.5956 -82.9037
 8.726 -82.8855
 8.7754 -82.8692
267 138 12
 0.81775 -84.2852
 -0.70915 -84.1143
 -0.8995 -83.3469
 -1.70755 -83.782
 -2.9057 -84.3942
 -3.76465 -84.4003
 -4.2181 -84.3717
 -4.5165 -83.1557
 -5.11315 -81.6533
 -5.64815 -80.5318
 -6.0111 -79.7394
 -6.0349 -79.7203
268 72 8
 6.98375 -77.8111
 8.22075 -77.8125
 9.13175 -77.763
 9.64465 -77.7908
 9.7144 -77.8207
 9.78745 -77.9146
 9.82775 -78.017
 9.7956 -78.025
268 13 9
 6.98375 -77.8111
 6.08525 -77.8444
 5.8349 -78.1862
 5.76105 -78.7003
 6.0449 -79.3909
 6.3168 -80.0652
 6.3766 -80.3172
 6.4262 -80.3647
 6.4518 -80.3979
269 62 4
 -5.8929 -78.1371
 -5.814 -76.1349
 -5.73285 -75.3417
 -5.7352 -75.1536
269 138 3
 -5.8929 -78.1371
 -5.9616 -79.6272
 -6.0349 -79.7203
270 72 16
 15.3565 -79.553
 14.7046 -79.479
 14.3756 -79.511
 14.2816 -79.3072
 14.0091 -79.0284
 13.3406 -78.7215
 12.8934 -78.5831
 12.6625 -78.6769
 12.2643 -78.7455
 11.6489 -78.9083
 11.2048 -78.6452
 11.0233 -78.2298
 10.4941 -78.0309
 9.96875 -77.9895
 9.82775 -78.017
 9.7956 -78.025
270 27 8
 15.3565 -79.553
 15.8069 -79.371
 16.2024 -79.177
 16.5492 -79.5261
 16.7278 -79.56
 17.0844 -79.2753
 17.2432 -79.2977
 17.2605 -79.3036
271 90 7
 7.60845 -82.1087
 8.08205 -82.8402
 8.07035 -82.9884
 8.3563 -82.9307
 8.5956 -82.9037
 8.726 -82.8855
 8.7754 -82.8692
271 13 7
 7.60845 -82.1087
 6.9473 -81.2597
 6.8678 -80.6642
 6.74985 -80.3759
 6.57895 -80.3891
 6.47325 -80.3958
 6.4518 -80.3979
272 132 10
 24.2915 -91.6626
 23.9925 -90.6637
 23.3368 -90.2321
 22.773 -89.7913
 22.0683 -89.037
 22.3821 -87.6535
 22.8179 -86.6215
 22.9119 -86.1507
 23.0015 -85.7027
 22.9863 -85.6724
272 18 6
 24.2915 -91.6626
 23.6134 -92.8101
 22.8392 -93.6822
 22.4139 -94.561
 22.3489 -95.1021
 22.2482 -95.1477
273 47 10
 22.8171 -84.8754
 22.0338 -83.6631
 21.3015 -82.8611
 21.1328 -82.8969
 20.8727 -82.7338
 20.0257 -82.1684
 19.2092 -81.6356
 18.9525 -81.4863
 18.8535 -81.4817
 18.8531 -81.4816
273 132 3
 22.8171 -84.8754
 22.9757 -85.4683
 22.9863 -85.6724
274 54 28
 32.8778 -88.6495
 32.9973 -87.6079
 32.7638 -86.6822
 32.868 -86.6158
 32.3062 -86.2679
 32.0507 -86.2231
 31.5859 -86.3445
 30.9191 -86.4339
 30.4046 -86.4314
 30.1536 -86.3103
 29.85 -85.9384
 29.5866 -85.6821
 29.4482 -85.5963
 29.4783 -85.4024
 29.5419 -85.2365
 29.5135 -85.2124
 29.4655 -85.197
 29.4234 -85.0816
 29.3872 -85.0024
 29.3904 -84.9987
 29.4352 -84.9868
 29.4978 -84.9734
 29.5286 -84.9594
 29.516 -84.8768
 29.5355 -84.7883
 29.6035 -84.7137
 29.6407 -84.6153
 29.6516 -84.5742
274 63 5
 32.8778 -88.6495
 33.2575 -89.7934
 33.5323 -90.5067
 33.4571 -90.5548
 33.4178 -90.5726
275 137 6
 32.7844 -82.2169
 32.6938 -80.5466
 32.7533 -79.2639
 32.767 -78.7246
 32.6512 -78.5058
 32.6137 -78.5029
275 22 6
 32.7844 -82.2169
 32.9586 -83.0214
 33.1285 -83.1481
 33.2734 -83.179
 33.4039 -83.148
 33.4434 -83.1195
276 137 7
 32.6925 -74.6705
 32.118 -75.4538
 31.4855 -75.2655
 32.1194 -76.2676
 32.5588 -77.3275
 32.6682 -78.0875
 32.6137 -78.5029
276 17 10
 32.6925 -74.6705
 33.1541 -73.825
 33.3534 -73.7122
 33.989 -73.9432
 34.723 -74.4964
 35.2567 -74.9875
 35.7258 -75.3584
 35.7302 -75.8027
 35.7768 -75.9923
 35.8908 -75.9877
277 54 32
 25.7546 -82.0551
 26.2351 -82.2171
 26.738 -82.5901
 26.8935 -82.9704
 26.9728 -83.1383
 27.083 -83.212
 27.0524 -83.2966
 27.0213 -83.4324
 27.0739 -83.5027
 27.493 -83.6955
 27.9174 -83.9991
 27.9834 -84.1657
 27.9129 -84.3712
 27.8835 -84.5256
 28.0419 -84.5872
 28.2604 -84.6979
 28.4683 -84.8139
 28.618 -84.8134
 28.7535 -84.836
 28.9189 -84.9557
 29.0322 -84.9997
 29.1973 -84.9299
 29.3426 -84.9334
 29.3904 -84.9987
 29.4352 -84.9868
 29.4978 -84.9734
 29.5286 -84.9594
 29.516 -84.8768
 29.5355 -84.7883
 29.6035 -84.7137
 29.6407 -84.6153
 29.6516 -84.5742
277 145 8
 25.7546 -82.0551
 25.5012 -81.7908
 25.1725 -81.6023
 24.851 -81.6299
 24.5377 -81.9232
 24.2478 -82.3
 24.0476 -82.4908
 23.9371 -82.5352
278 33 11
 23.5512 -76.8078
 24.5617 -77.4848
 24.618 -77.6965
 24.4169 -78.07
 24.0188 -78.6037
 23.2688 -79.3426
 22.213 -79.8205
 21.3485 -79.7656
 20.7213 -79.5397
 20.3567 -79.3123
 20.3353 -79.3311
278 105 4
 23.5512 -76.8078
 22.1851 -75.9664
 21.8092 -75.537
 21.7674 -75.5093
279 56 19
 10.9694 -40.0955
 10.5746 -39.2339
 10.5203 -38.9175
 10.483 -38.5649
 10.163 -38.1505
 9.46445 -38.0084
 8.973 -38.0943
 8.87735 -38.1135
 8.72995 -38.0234
 8.6296 -37.9134
 8.64415 -37.8467
 8.6536 -37.7907
 8.67485 -37.7299
 8.69135 -37.679
 8.6925 -37.6648
 8.68 -37.588
 8.625 -37.5268
 8.57965 -37.5403
 8.5746 -37.5395
279 97 7
 10.9694 -40.0955
 11.32 -40.7942
 11.2035 -41.1925
 11.7112 -41.2357
 12.6019 -41.1046
 13.3064 -40.4689
 13.483 -40.3863
280 42 8
 30.236 -46.6042
 28.1347 -45.9525
 27.1137 -46.0928
 26.849 -45.9516
 26.7859 -45.7216
 26.6084 -45.0456
 26.3977 -44.5608
 26.3708 -44.5324
280 89 3
 30.236 -46.6042
 31.5365 -47.4808
 31.5614 -47.4346
281 59 17
 24.0155 -21.8664
 22.7159 -21.8433
 21.818 -20.9316
 21.0563 -20.2008
 20.2659 -19.4714
 20.3675 -17.483
 21.2861 -16.15
 21.1375 -15.7794
 20.9985 -14.8384
 20.7229 -14.3811
 20.0996 -14.1966
 19.4976 -13.6061
 19.0142 -13.399
 18.8948 -13.3503
 18.858 -13.274
 18.8082 -13.1859
 18.8037 -13.1608
281 57 3
 24.0155 -21.8664
 25.1716 -21.7907
 25.229 -21.8248
282 102 11
 8.54355 -21.8608
 9.09985 -22.2404
 9.17395 -22.2999
 9.81095 -22.5106
 10.6968 -22.8948
 11.1302 -22.9996
 11.7376 -23.0416
 12.1852 -23.083
 12.2717 -23.1255
 12.5175 -23.1686
 12.7336 -23.1963
282 124 13
 8.54355 -21.8608
 7.82525 -21.7104
 7.5089 -21.762
 6.99645 -21.4904
 6.46765 -21.254
 5.9081 -21.3535
 5.3232 -21.2798
 5.2265 -21.0775
 4.64425 -20.8777
 4.039 -20.8306
 3.9201 -20.2894
 3.7812 -19.8272
 3.7909 -19.7961
283 32 14
 -6.15515 -55.9833
 -5.64945 -58.6953
 -5.3589 -59.0391
 -6.0422 -59.1625
 -7.0818 -59.1223
 -7.87495 -58.8224
 -8.29825 -58.6872
 -8.3849 -58.3659
 -8.68815 -58.1796
 -9.34315 -58.1487
 -10.0879 -57.968
 -10.3487 -57.305
 -10.2857 -56.7265
 -10.3016 -56.6817
283 48 3
 -6.15515 -55.9833
 -6.6203 -53.5603
 -6.8503 -53.6187
284 0 9
 -7.7947 -16.6983
 -8.2162 -16.1938
 -8.20975 -15.9498
 -8.4368 -15.1165
 -8.4315 -14.2514
 -8.209 -14.0768
 -8.19885 -13.8894
 -8.16695 -13.7395
 -8.1326 -13.7234
284 5 13
 -7.7947 -16.6983
 -7.6003 -17.2298
 -7.89455 -17.646
 -8.0031 -18.2693
 -7.9551 -18.7746
 -7.27785 -19.5176
 -6.75875 -20.5328
 -6.80915 -21.0347
 -6.9709 -21.5111
 -6.57675 -22.4081
 -6.2689 -23.4233
 -6.5967 -24.0011
 -6.687 -24.0973
285 0 19
 -17.4398 -14.7407
 -16.0452 -13.3048
 -14.9834 -12.7805
 -14.5483 -12.274
 -14.2628 -11.5543
 -13.7336 -11.3034
 -13.3787 -11.7635
 -12.5122 -12.1227
 -11.3233 -12.0547
 -10.0574 -12.0001
 -9.16975 -12.7626
 -9.03375 -13.8652
 -8.96825 -14.356
 -8.7718 -14.1683
 -8.41885 -14.1231
 -8.209 -14.0768
 -8.19885 -13.8894
 -8.16695 -13.7395
 -8.1326 -13.7234
285 103 7
 -17.4398 -14.7407
 -19.5272 -16.9837
 -20.9156 -18.1356
 -22.01 -16.3801
 -23.0674 -14.6497
 -23.1422 -14.5849
 -23.2108 -14.5337
286 23 23
 2.293 -19.1772
 2.20365 -18.5802
 2.0653 -18.0385
 1.86395 -17.8555
 1.719 -17.9286
 1.6694 -17.9587
 1.53345 -17.9924
 1.36305 -18.1465
 1.2864 -18.2588
 0.82335 -18.191
 0.21005 -18.064
 -0.000800001 -18.0616
 -0.03865 -17.9641
 0.0493 -17.6658
 0.19515 -17.4217
 0.3352 -16.8806
 0.2708 -16.4536
 0.57485 -16.2877
 0.86445 -16.0667
 1.16125 -16.2148
 1.19845 -15.5929
 1.44265 -15.1155
 1.4676 -15.0789
286 124 7
 2.293 -19.1772
 2.29005 -19.6943
 2.34955 -19.9222
 2.52495 -19.8597
 3.10655 -19.7817
 3.69315 -19.7912
 3.7909 -19.7961
287 23 12
 -0.9402 -15.2537
 -0.77895 -16.1814
 -0.85285 -16.4462
 -0.7164 -16.3181
 -0.20985 -16.3354
 0.2708 -16.4536
 0.57485 -16.2877
 0.86445 -16.0667
 1.16125 -16.2148
 1.19845 -15.5929
 1.44265 -15.1155
 1.4676 -15.0789
287 40 12
 -0.9402 -15.2537
 -1.3849 -14.4497
 -1.71105 -14.1859
 -1.9788 -13.7764
 -2.1116 -13.4396
 -2.25075 -13.206
 -2.38295 -13.1167
 -2.7622 -13.1541
 -3.3676 -13.0287
 -3.71425 -12.7071
 -3.82685 -12.496
 -3.8123 -12.4883
288 16 21
 2.6472 6.84455
 2.698 6.0058
 2.8688 5.43305
 2.8655 5.23065
 2.9004 5.05545
 2.9384 4.8201
 3.0503 4.64165
 3.17975 4.5355
 3.36545 4.42635
 3.51005 4.2613
 3.61295 4.18915
 3.7628 4.19615
 3.85205 4.2114
 3.91255 4.2555
 4.03595 4.21185
 4.11295 4.0977
 4.0584 3.95435
 3.9928 3.81225
 3.894 3.7569
 3.8183 3.7258
 3.8087 3.7261
288 30 4
 2.6472 6.84455
 2.6716 7.76145
 2.4904 8.2662
 2.4351 8.3035
289 84 22
 11.6978 4.4103
 10.7204 4.34445
 10.0835 4.4319
 10.0229 4.4365
 9.54855 4.4911
 8.9601 4.32295
 8.74875 4.1943
 8.47265 4.26865
 8.60795 4.16965
 8.48225 3.8508
 8.2733 3.3959
 8.08015 2.94045
 7.76045 2.3633
 7.432 1.887
 7.6855 2.0871
 7.95825 1.83305
 8.29865 1.4979
 8.5513 1.368
 8.64595 1.1497
 8.71445 0.95235
 8.74965 0.922
 8.757 0.9269
289 49 3
 11.6978 4.4103
 12.145 4.6834
 12.1436 4.7149
290 16 21
 7.15205 4.19405
 6.82395 3.6288
 6.54645 3.3066
 6.20095 3.21905
 5.6508 2.91365
 5.20045 2.74225
 4.97445 2.8523
 4.841 2.98245
 4.7542 2.87915
 4.509 2.8277
 4.3134 2.8298
 4.15935 2.8762
 4.02515 2.9846
 4.0123 3.1858
 4.0187 3.3932
 4.0813 3.45795
 3.9786 3.5227
 3.91995 3.5916
 3.85955 3.66185
 3.81545 3.7236
 3.8087 3.7261
290 84 19
 7.15205 4.19405
 7.67075 4.4265
 8.0901 4.47525
 8.26465 4.4315
 8.47265 4.26865
 8.60795 4.16965
 8.48225 3.8508
 8.2733 3.3959
 8.08015 2.94045
 7.76045 2.3633
 7.432 1.887
 7.6855 2.0871
 7.95825 1.83305
 8.29865 1.4979
 8.5513 1.368
 8.64595 1.1497
 8.71445 0.95235
 8.74965 0.922
 8.757 0.9269
291 65 13
 9.4052 19.2062
 8.0054 19.3606
 7.39085 18.8601
 6.7957 19.0518
 6.14055 19.1819
 6.15545 19.4758
 6.0186 20.0786
 5.92485 20.467
 6.10825 20.5257
 6.11195 20.5443
 6.0488 20.6768
 5.97505 20.737
 5.9275 20.7491
291 122 14
 9.4052 19.2062
 11.007 18.4394
 12.0344 18.7443
 12.2332 18.8592
 12.5615 18.0311
 13.639 17.2205
 14.4482 16.9606
 14.827 16.8713
 15.6968 16.1423
 16.7089 15.6599
 17.4974 15.6956
 18.5205 15.2936
 19.1945 15.0031
 19.2096 15.001
292 49 3
 12.5992 5.42315
 12.1471 4.7474
 12.1436 4.7149
292 153 3
 12.5992 5.42315
 13.0125 6.07865
 12.9771 6.0909
293 149 16
 22.3041 11.3939
 23.9381 11.4461
 25.7239 11.497
 25.8106 12.0573
 26.3587 12.8705
 27.2171 13.0449
 27.8213 13.5273
 27.7333 14.5054
 27.3275 15.5788
 27.3836 16.1784
 27.1983 15.9785
 26.9875 15.3605
 26.2273 15.3815
 25.0177 15.9501
 24.3959 16.0287
 24.2551 15.9805
293 61 6
 22.3041 11.3939
 21.469 11.2418
 20.6292 11.0273
 20.0738 10.8093
 19.5075 10.5894
 19.4832 10.5833
294 149 17
 31.7416 16.1744
 32.1924 14.8207
 31.8861 14.326
 32.0092 14.0629
 31.5994 14.2783
 30.0937 14.4921
 28.462 14.3205
 27.8213 13.5273
 27.7333 14.5054
 27.3275 15.5788
 27.3836 16.1784
 27.1983 15.9785
 26.9875 15.3605
 26.2273 15.3815
 25.0177 15.9501
 24.3959 16.0287
 24.2551 15.9805
294 99 3
 31.7416 16.1744
 30.9777 17.1623
 30.8314 17.1496
295 86 12
 29.0164 0.2015
 29.0719 0.5421
 28.8931 0.6551
 28.5787 0.5298
 28.2922 0.4343
 28.1464 0.48855
 28.0487 0.54595
 27.9558 0.5098
 27.8462 0.48665
 27.7449 0.45385
 27.6518 0.37625
 27.6143 0.3487
295 104 8
 29.0164 0.2015
 29.0623 -0.15115
 29.2806 -0.3125
 29.344 -0.33005
 29.4913 -0.3811
 29.6452 -0.3576
 29.6713 -0.2871
 29.6708 -0.2812
296 125 11
 17.6663 -4.92635
 17.0413 -4.4799
 16.7383 -3.8585
 16.6254 -3.2471
 16.6929 -3.02945
 16.7384 -2.74495
 16.9374 -2.388
 17.0441 -1.9554
 16.6492 -1.5296
 16.2901 -1.2289
 16.2133 -1.2097
296 66 4
 17.6663 -4.92635
 18.0821 -5.91515
 18.0457 -6.4983
 18.0301 -6.5273
297 124 16
 8.1671 -16.4891
 6.896 -16.767
 6.075 -16.901
 5.8577 -16.8808
 5.7906 -17.1785
 5.706 -17.5543
 5.3922 -17.8246
 5.10195 -17.9703
 5.0738 -17.9977
 4.77585 -18.066
 4.52035 -18.4522
 4.5324 -18.9495
 4.389 -19.1635
 4.02945 -19.4921
 3.7919 -19.787
 3.7909 -19.7961
297 82 10
 8.1671 -16.4891
 8.8358 -16.4748
 9.4793 -16.4335
 10.1307 -16.6519
 10.1512 -16.2746
 10.6866 -15.734
 11.1894 -15.2294
 12.1122 -15.6231
 13.0241 -16.0931
 13.0345 -16.1317
298 141 7
 16.122 -15.9639
 16.6937 -16.8442
 17.5441 -17.4061
 17.0613 -18.2761
 16.026 -19.3573
 15.8696 -19.8812
 15.7875 -19.9193
298 82 5
 16.122 -15.9639
 15.5443 -15.7082
 14.1816 -16.0865
 13.1157 -16.1296
 13.0345 -16.1317
299 66 32
 24.8053 -13.7418
 23.7986 -14.1894
 23.6575 -14.3525
 23.2491 -13.5278
 22.5069 -12.7485
 22.1814 -12.3794
 21.6919 -11.7605
 21.2267 -11.0723
 21.0734 -10.6644
 21.101 -10.2206
 21.2274 -9.72505
 21.1198 -9.495
 20.9386 -9.3635
 20.7848 -9.17365
 20.5826 -9.07075
 20.4218 -9.07435
 20.2937 -8.99235
 20.0945 -8.9284
 20.0663 -8.6805
 20.142 -8.38875
 20.152 -7.9753
 20.4291 -7.16475
 20.6463 -6.5472
 20.2033 -6.2458
 19.4953 -6.01835
 19.1171 -5.905
 19.0793 -5.9669
 18.7227 -6.403
 18.2393 -6.6754
 18.1164 -6.5734
 18.0634 -6.537
 18.0301 -6.5273
299 116 3
 24.8053 -13.7418
 25.7822 -13.2934
 25.8141 -13.3018
300 165 25
 60.5914 -23.5209
 61.0497 -23.4852
 61.6364 -23.5698
 62.3943 -23.4809
 62.6301 -23.2116
 62.722 -23.0188
 63 -23.0157
 63.5892 -22.9437
 63.9521 -22.3629
 63.6347 -21.9136
 63.8972 -21.8952
 64.4916 -21.8771
 65.1348 -21.6898
 65.2229 -21.355
 65.8109 -21.0566
 66.6378 -20.9715
 66.9574 -21.0909
 67.0387 -21.1698
 67.2407 -21.6621
 67.2453 -22.2913
 67.0526 -22.4873
 67.1165 -22.6409
 67.155 -22.7997
 67.1549 -22.8569
 67.1743 -22.8556
300 78 10
 60.5914 -23.5209
 59.928 -23.297
 59.601 -22.9853
 59.3266 -23.1602
 58.7191 -23.3646
 57.995 -23.3336
 57.4753 -23.1795
 57.2955 -23.0957
 57.2464 -23.1084
 57.2468 -23.113
301 142 5
 58.7029 -20.4644
 59.0816 -19.8062
 59.4108 -19.7775
 59.6977 -19.8271
 59.7466 -19.8078
301 109 5
 58.7029 -20.4644
 58.1697 -21.0924
 57.5971 -20.7997
 57.3029 -20.3592
 57.3355 -20.2792
302 128 19
 62.3931 -17.4605
 61.5463 -16.319
 61.3526 -15.7516
 61.0885 -15.0195
 60.7858 -14.6346
 60.7249 -15.0949
 60.1781 -15.3217
 59.6363 -15.1256
 59.2399 -14.8372
 58.4554 -14.4397
 57.8761 -14.3051
 57.8507 -13.7717
 57.9239 -13.0884
 57.8396 -12.8614
 57.8261 -12.6865
 57.834 -12.1656
 57.7561 -11.5496
 57.703 -11.3156
 57.6938 -11.3081
302 53 10
 62.3931 -17.4605
 63.1854 -18.4203
 63.7032 -18.5229
 64.1134 -18.5928
 64.4223 -18.6287
 64.964 -18.743
 65.8419 -18.7831
 66.4469 -18.7808
 66.5557 -18.8313
 66.6422 -18.8692
303 78 8
 57.3535 -21.4283
 57.4683 -22.1783
 57.5015 -22.5406
 57.4673 -22.7271
 57.388 -22.9272
 57.3076 -23.0331
 57.2464 -23.1084
 57.2468 -23.113
303 109 4
 57.3535 -21.4283
 57.258 -20.7291
 57.3029 -20.3592
 57.3355 -20.2792
304 76 5
 42.5966 17.69
 43.3401 17.1611
 43.6429 17.0708
 43.8881 17.0252
 43.8891 17.0162
304 67 3
 42.5966 17.69
 41.8376 18.0723
 41.7636 17.9794
305 80 13
 37.9328 24.0668
 38.7885 22.4844
 38.3072 21.1796
 38.482 20.0737
 38.2532 18.9893
 37.4214 18.3116
 37.5818 17.4947
 38.5347 16.5641
 39.4017 16.2635
 39.9538 16.0873
 40.5089 15.7498
 40.6974 15.5444
 40.7389 15.4698
305 20 5
 37.9328 24.0668
 36.8921 25.7996
 36.8931 26.8853
 36.9574 27.0459
 36.958 27.0943
306 86 43
 47.7404 -1.58535
 46.6887 -0.9889
 46.637 -0.61865
 45.9504 0.2803
 44.2673 0.7973
 43.431 0.4558
 43.2872 0.24005
 43.2672 0.52105
 42.7801 0.6738
 41.6054 0.6055
 40.6675 0.8307
 40.3399 1.02665
 39.9494 1.11855
 39.367 1.4239
 38.7417 1.4638
 38.1201 1.0834
 37.4267 0.7038
 36.3568 0.6751
 35.6933 0.75335
 35.5254 0.74235
 35.0429 1.23085
 34.0359 1.4778
 33.4208 1.2147
 32.6824 0.99855
 31.7435 0.8945
 31.2623 0.94245
 30.8738 0.91645
 30.4576 0.96525
 30.0233 1.3048
 29.875 1.18345
 29.6184 0.70045
 29.2634 0.49205
 29.0719 0.5421
 28.8931 0.6551
 28.5787 0.5298
 28.2922 0.4343
 28.1464 0.48855
 28.0487 0.54595
 27.9558 0.5098
 27.8462 0.48665
 27.7449 0.45385
 27.6518 0.37625
 27.6143 0.3487
306 121 9
 47.7404 -1.58535
 48.9643 -2.09165
 49.4966 -2.1473
 49.5902 -2.21395
 49.6287 -2.2473
 49.687 -2.27185
 49.7578 -2.4278
 49.7607 -2.59865
 49.7228 -2.6166
307 166 9
 50.5599 -2.57305
 51.5762 -2.4043
 52.0155 -2.19425
 52.1693 -2.681
 52.0956 -2.10745
 52.5052 -1.66525
 53.1811 -1.2453
 53.5084 -1.12745
 53.4934 -1.0747
307 121 4
 50.5599 -2.57305
 49.8886 -2.55595
 49.7607 -2.59865
 49.7228 -2.6166
308 24 24
 71.5534 4.0931
 72.0484 3.09165
 71.996 2.73835
 72.0234 2.39115
 72.0505 1.79285
 71.9786 1.1613
 71.8463 0.84835
 71.6796 0.78095
 71.9313 0.46275
 72.2254 0.1248
 72.199 -0.1907
 72.5811 -0.9244
 73.1637 -1.37165
 73.4378 -1.4439
 73.8187 -1.6494
 74.1037 -1.8583
 74.2756 -2.176
 74.1982 -2.4549
 74.4074 -2.241
 74.9302 -2.31635
 75.7079 -2.24195
 76.2405 -1.99585
 76.4688 -2.0799
 76.5125 -2.1289
308 81 5
 71.5534 4.0931
 71.2294 5.2941
 71.1871 5.9867
 70.8985 6.3738
 70.8556 6.4313
309 24 23
 69.2286 1.3958
 70.1824 1.523
 70.9077 1.19395
 71.1313 1.1151
 71.222 1.0902
 71.4286 0.96795
 71.6796 0.78095
 71.9313 0.46275
 72.2254 0.1248
 72.199 -0.1907
 72.5811 -0.9244
 73.1637 -1.37165
 73.4378 -1.4439
 73.8187 -1.6494
 74.1037 -1.8583
 74.2756 -2.176
 74.1982 -2.4549
 74.4074 -2.241
 74.9302 -2.31635
 75.7079 -2.24195
 76.2405 -1.99585
 76.4688 -2.0799
 76.5125 -2.1289
309 46 8
 69.2286 1.3958
 68.6558 0.0729
 68.6227 -0.94475
 68.5704 -1.5715
 68.1459 -2.02635
 67.9955 -2.18415
 68.0191 -2.4685
 67.9569 -2.53
310 46 4
 68.343 -4.11385
 67.7558 -3.16325
 67.8212 -2.631
 67.9569 -2.53
310 161 3
 68.343 -4.11385
 68.8791 -4.69735
 68.8983 -4.7615
311 6 31
 72.3697 18.1067
 72.3141 16.9468
 71.8049 16.3135
 71.0121 15.8661
 70.5784 15.5149
 70.6714 14.6231
 70.6044 13.5843
 70.4158 13.283
 70.3735 13.169
 70.3484 13.1184
 70.3655 12.8565
 70.2004 12.5591
 69.6203 12.3182
 69.2362 12.1355
 69.4507 11.8451
 69.4465 11.5473
 69.3308 11.3371
 69.5051 11.1199
 69.5899 11.0438
 69.5843 10.7216
 69.6127 10.3272
 69.6786 10.1349
 69.7363 10.0921
 69.7865 10.0778
 69.7883 10.0013
 69.7634 9.9207
 69.7333 9.8602
 69.7583 9.8299
 69.8389 9.8052
 69.904 9.85365
 69.9249 9.907
311 127 7
 72.3697 18.1067
 72.2836 18.8656
 73.1572 19.3543
 73.8379 20.0499
 74.1866 20.3857
 74.7367 20.4363
 74.7594 20.4423
312 81 7
 70.9257 7.87715
 71.3907 7.31985
 71.0916 7.02745
 70.8485 6.7668
 70.7395 6.62335
 70.8056 6.49425
 70.8556 6.4313
312 6 7
 70.9257 7.87715
 70.2666 8.34035
 70.1553 8.76015
 69.9593 9.36095
 69.8725 9.6786
 69.904 9.85365
 69.9249 9.907
313 91 10
 79.8703 -2.11735
 79.1999 -1.28605
 78.4114 -0.7464
 77.9586 -0.86535
 77.6824 -0.9296
 77.4354 -0.91725
 77.304 -0.89175
 77.2961 -0.81745
 77.2618 -0.778
 77.2318 -0.7638
313 45 4
 79.8703 -2.11735
 80.3333 -2.4958
 80.5872 -2.69425
 80.5562 -2.7871
314 164 11
 96.6818 -4.27935
 98.2067 -7.41935
 99.3806 -10.6249
 99.3349 -11.569
 99.5117 -12.4997
 99.595 -12.653
 99.6689 -12.764
 99.8728 -12.847
 100.345 -12.6388
 100.668 -12.4092
 100.675 -12.4087
314 50 6
 96.6818 -4.27935
 95.2135 -4.2353
 93.2603 -3.83205
 92.423 -3.3938
 92.1688 -3.3069
 92.0815 -3.2464
315 119 12
 90.3024 -16.6045
 91.2193 -15.9571
 92.0156 -14.8706
 92.4954 -14.2956
 93.6826 -15.2729
 94.9124 -16.2873
 95.6389 -16.3068
 94.8614 -16.3798
 94.7178 -16.6046
 94.5739 -16.9381
 94.4242 -17.1648
 94.4165 -17.1899
315 151 9
 90.3024 -16.6045
 89.2258 -17.2703
 88.4964 -17.8511
 88.0501 -17.7118
 87.5105 -17.5512
 87.1952 -17.6684
 86.5051 -18.5202
 85.7483 -19.2689
 85.6646 -19.2913
316 55 14
 68.0876 -14.0247
 69.0979 -14.4901
 69.1893 -14.6654
 68.9649 -15.2058
 68.6813 -15.5571
 68.5744 -15.7108
 68.789 -15.5708
 69.1437 -15.4359
 69.3617 -15.3811
 69.4812 -15.456
 69.6275 -15.5485
 69.6629 -15.6229
 69.6541 -15.6499
 69.6514 -15.6576
316 70 3
 68.0876 -14.0247
 67.1286 -13.4172
 67.1043 -13.3449
317 19 8
 65.7426 -31.5508
 65.6951 -32.355
 65.6223 -32.8709
 65.5879 -33.1608
 65.5835 -33.3838
 65.7453 -33.5305
 65.9097 -33.5882
 65.9265 -33.5882
317 163 4
 65.7426 -31.5508
 65.6485 -30.9956
 65.5608 -30.8772
 65.5579 -30.8698
318 163 8
 68.0385 -30.4344
 67.2609 -29.9319
 66.8138 -29.5085
 66.1075 -30.0326
 65.7908 -30.8306
 65.6632 -30.9457
 65.5608 -30.8772
 65.5579 -30.8698
318 113 3
 68.0385 -30.4344
 68.8105 -30.6884
 68.8343 -30.7652
319 96 11
 82.767 -30.4413
 82.5679 -31.7738
 82.5576 -32.1185
 82.6957 -32.1893
 82.7654 -32.3671
 82.7014 -32.4912
 82.5108 -32.4653
 82.1161 -32.9796
 81.8419 -33.637
 81.877 -33.8139
 81.9002 -33.8664
319 107 3
 82.767 -30.4413
 82.8558 -29.4084
 82.8419 -29.3872
320 107 10
 83.8 -26.4081
 83.3906 -25.9122
 82.8331 -25.9356
 82.4027 -26.5129
 82.4742 -27.0604
 82.4447 -27.2989
 82.6588 -28.3051
 82.9055 -29.1878
 82.859 -29.3355
 82.8419 -29.3872
320 11 8
 83.8 -26.4081
 84.4903 -26.9582
 84.7693 -26.7524
 84.9151 -26.3798
 85.6046 -26.0083
 86.0593 -25.7067
 86.0669 -25.6621
 86.073 -25.6351
321 11 7
 87.674 -25.925
 87.2383 -25.8878
 86.8582 -25.6025
 86.3629 -25.5574
 86.1311 -25.5979
 86.0766 -25.6293
 86.073 -25.6351
321 139 7
 87.674 -25.925
 88.1274 -25.6894
 88.5365 -25.4134
 89.0139 -24.9473
 89.2528 -24.3266
 89.41 -23.8744
 89.4802 -23.8054
322 96 15
 85.8242 -35.2077
 85.7816 -34.0394
 85.8188 -33.5817
 85.1734 -33.6583
 84.1766 -33.5614
 83.7327 -33.2958
 83.6062 -32.9993
 83.2512 -32.6431
 82.8613 -32.5262
 82.7014 -32.4912
 82.5108 -32.4653
 82.1161 -32.9796
 81.8419 -33.637
 81.877 -33.8139
 81.9002 -33.8664
322 60 3
 85.8242 -35.2077
 85.7673 -36.4496
 85.6214 -36.9181
323 154 4
 83.2291 -38.2233
 83.9921 -38.1274
 84.1636 -38.119
 84.1881 -38.1334
323 133 3
 83.2291 -38.2233
 82.6519 -38.454
 82.6908 -38.6118
324 44 10
 102.11 -50.6119
 104.279 -50.6322
 105.746 -50.653
 106.513 -50.6033
 106.55 -50.8345
 106.585 -51.0505
 106.628 -51.3516
 106.64 -51.6813
 106.582 -51.7453
 106.553 -51.7719
324 34 7
 102.11 -50.6119
 99.5134 -50.9455
 98.3811 -51.2064
 97.7128 -51.2253
 96.4509 -51.3041
 95.8137 -51.6434
 95.7721 -51.9242
325 159 12
 82.1969 -49.4242
 83.2179 -50.6567
 84.2444 -51.5806
 84.5663 -52.2928
 84.3557 -53.0904
 84.2916 -53.8314
 84.3104 -53.9763
 84.2623 -54.1219
 84.265 -54.2217
 84.2305 -54.3096
 84.1472 -54.3587
 84.0994 -54.3557
325 39 5
 82.1969 -49.4242
 81.6922 -48.3995
 80.799 -48.6166
 79.9947 -48.9494
 79.9733 -48.9412
326 39 4
 78.239 -47.4775
 79.5736 -48.6503
 79.9583 -48.9319
 79.9733 -48.9412
326 41 5
 78.239 -47.4775
 77.284 -46.3447
 77.3748 -46.07
 77.5654 -46.0182
 77.6753 -46.0089
327 167 18
 66.8638 -42.664
 67.3438 -43.6155
 67.7463 -44.7765
 67.7654 -45.3308
 67.8954 -45.6003
 67.9545 -45.6283
 68.1743 -46.7123
 68.3048 -47.8113
 68.2283 -48.4827
 68.1162 -49.4055
 67.8363 -49.7824
 67.655 -50.0269
 67.5691 -50.2617
 67.5231 -50.3553
 67.6385 -50.5177
 67.8222 -50.7338
 67.8717 -50.8117
 67.8558 -50.8317
327 156 6
 66.8638 -42.664
 66.4068 -42.1121
 66.0421 -41.2642
 66.0659 -40.2641
 66.0521 -39.6203
 66.0648 -39.5881
328 133 26
 69.5505 -36.4472
 70.8201 -36.2627
 71.3022 -36.1444
 71.4473 -36.2168
 71.4879 -36.0594
 71.631 -35.9193
 71.9118 -36.0084
 72.5867 -36.4477
 73.5934 -36.9329
 74.2634 -37.0028
 74.4728 -37.0657
 74.6492 -37.1451
 75.4235 -37.1112
 76.4534 -37.3955
 76.7739 -37.6942
 76.9393 -37.9053
 77.3327 -38.261
 77.9088 -38.4641
 78.644 -38.6338
 79.1869 -38.7805
 79.5945 -38.7251
 79.8751 -38.6726
 81.0209 -38.7009
 82.3889 -38.6796
 82.6714 -38.6214
 82.6908 -38.6118
328 19 12
 69.5505 -36.4472
 68.8811 -37.4427
 69.204 -38.4903
 68.4347 -37.7074
 67.4485 -36.7485
 67.653 -35.7835
 68.0755 -35.0247
 67.0758 -34.7181
 66.0921 -34.1595
 65.9912 -33.799
 65.9545 -33.6601
 65.9265 -33.5882
329 4 20
 57.2639 -43.2567
 58.2388 -43.7383
 59.0076 -43.8166
 59.8679 -43.9494
 60.5517 -44.4271
 60.737 -45.3322
 61.2797 -45.9677
 61.7866 -45.8942
 62.1015 -46.3181
 62.3965 -46.8155
 62.561 -47.0104
 63.0774 -47.5067
 63.4419 -47.8304
 63.718 -47.5762
 64.1581 -47.4485
 64.4487 -47.5072
 65.0555 -47.7212
 65.6096 -48.026
 65.6532 -48.1307
 65.6377 -48.1544
329 1 7
 57.2639 -43.2567
 56.2568 -42.8102
 55.2997 -42.0501
 54.5943 -41.5224
 54.2061 -41.497
 54.0355 -41.4228
 54.0124 -41.4076
330 1 4
 52.6885 -40.3659
 54.1687 -41.059
 54.3368 -41.3817
 54.0124 -41.4076
330 28 3
 52.6885 -40.3659
 51.7027 -39.9612
 51.7047 -39.9528
331 85 23
 33.5565 -40.3155
 33.9108 -40.9179
 34.7219 -41.5656
 35.534 -42.6059
 35.7872 -43.1791
 36.3691 -43.3941
 36.8958 -44.2148
 36.9025 -44.8685
 36.819 -44.8924
 36.8716 -44.9247
 36.9493 -45.2893
 36.9936 -45.8114
 36.8585 -45.9193
 36.6438 -45.9771
 36.5796 -46.1058
 36.4451 -46.5972
 36.3042 -47.2655
 36.3 -47.4843
 36.0523 -47.6635
 35.7579 -47.8046
 35.493 -48.0755
 35.2875 -48.3511
 35.3172 -48.3528
331 118 4
 33.5565 -40.3155
 32.5294 -39.7901
 31.721 -39.7578
 31.7034 -39.7872
332 85 18
 38.3971 -45.3222
 37.745 -45.343
 37.4101 -45.1115
 37.0267 -44.9078
 36.8716 -44.9247
 36.9493 -45.2893
 36.9936 -45.8114
 36.8585 -45.9193
 36.6438 -45.9771
 36.5796 -46.1058
 36.4451 -46.5972
 36.3042 -47.2655
 36.3 -47.4843
 36.0523 -47.6635
 35.7579 -47.8046
 35.493 -48.0755
 35.2875 -48.3511
 35.3172 -48.3528
332 15 7
 38.3971 -45.3222
 39.1609 -45.1694
 39.3344 -45.0369
 39.3542 -45.0484
 39.4415 -45.1998
 39.5261 -45.346
 39.5249 -45.3491
333 85 6
 34.8485 -49.1421
 34.8844 -48.5632
 34.9659 -48.491
 35.1628 -48.4425
 35.2959 -48.3663
 35.3172 -48.3528
333 38 19
 34.8485 -49.1421
 34.8131 -49.6812
 34.7395 -49.8657
 34.6397 -50.0525
 34.5863 -50.2861
 34.6964 -50.4273
 34.4701 -50.4542
 34.2583 -50.3158
 33.9329 -50.3386
 33.7376 -50.6811
 33.9069 -50.8149
 34.2497 -50.8176
 34.4679 -50.9992
 34.5109 -51.1752
 34.597 -51.2794
 34.6215 -51.382
 34.5037 -51.4547
 34.4421 -51.4653
 34.4377 -51.4629
334 88 10
 47.6123 -50.7182
 47.4604 -51.1008
 47.5529 -51.1981
 47.5179 -51.3764
 47.4596 -52.1632
 47.4879 -52.8657
 47.6068 -52.9763
 47.675 -53.1405
 47.7014 -53.274
 47.7236 -53.2898
334 123 5
 47.6123 -50.7182
 48.1502 -49.6432
 48.4364 -48.7925
 48.456 -48.6707
 48.479 -48.6399
335 167 20
 64.5858 -48.6217
 64.3678 -49.4927
 64.3166 -49.73
 64.5585 -49.9352
 64.813 -50.2486
 65.0851 -50.6637
 65.5303 -50.9454
 65.8271 -50.9475
 66.0795 -50.8983
 66.4381 -50.616
 66.6626 -50.3368
 66.7616 -50.2803
 66.9267 -50.3869
 67.1609 -50.4279
 67.3282 -50.3807
 67.4593 -50.3792
 67.6385 -50.5177
 67.8222 -50.7338
 67.8717 -50.8117
 67.8558 -50.8317
335 4 4
 64.5858 -48.6217
 65.204 -48.0752
 65.6147 -48.1502
 65.6377 -48.1544
336 111 7
 60.8016 -64.0684
 61.0985 -62.3086
 61.1758 -62.1548
 60.1408 -61.9921
 59.3231 -61.2858
 59.3033 -60.7506
 59.3224 -60.7039
336 93 4
 60.8016 -64.0684
 61.1745 -66.8336
 61.5145 -68.0541
 61.5181 -68.0602
337 148 12
 55.5085 -57.6127
 54.3362 -56.9179
 53.6443 -56.7032
 52.8144 -56.4712
 53.0952 -56.9334
 52.4403 -57.487
 51.8688 -57.7896
 51.4731 -58.2033
 51.6589 -58.2351
 52.3825 -58.5654
 52.689 -59.368
 52.6601 -59.5412
337 111 6
 55.5085 -57.6127
 56.7093 -59.0598
 57.3572 -60.1367
 57.9104 -60.4655
 58.7929 -60.6423
 59.3224 -60.7039
338 8 23
 33.6007 -71.744
 32.4554 -71.7762
 31.9414 -71.1848
 31.7164 -70.392
 31.8502 -69.575
 31.9875 -68.8166
 32.247 -68.3152
 32.7637 -67.9752
 33.2518 -67.8672
 33.127 -67.2071
 32.4997 -66.5869
 32.1152 -66.5028
 32.4604 -66.0948
 32.7271 -65.338
 32.5933 -64.8444
 32.4208 -64.6407
 32.5596 -64.4855
 33.1732 -64.2283
 33.5686 -63.833
 33.6177 -63.4836
 33.6871 -63.3084
 33.6553 -63.2423
 33.6276 -63.2044
338 7 3
 33.6007 -71.744
 34.6115 -71.7366
 34.7188 -71.7323
339 3 6
 41.2004 -84.715
 42.3068 -85.0791
 42.6966 -85.2608
 42.8265 -85.4977
 42.829 -85.6095
 42.821 -85.631
339 150 4
 41.2004 -84.715
 40.3024 -84.3094
 40.2312 -84.2259
 40.2223 -84.219
340 25 7
 64.0175 -86.0413
 63.1462 -86.8585
 63.3952 -87.6979
 63.7136 -88.4608
 64.3707 -88.3676
 65.0602 -88.2249
 65.11 -88.2077
340 144 4
 64.0175 -86.0413
 65.1039 -84.3058
 65.3537 -83.2666
 65.3365 -83.2547
341 168 11
 61.7746 -81.7943
 61.5724 -82.3981
 61.6447 -82.817
 62.1269 -83.3843
 62.6021 -83.5656
 62.8309 -83.4121
 62.9179 -83.1417
 63.101 -82.8468
 63.3921 -82.7252
 63.5606 -82.687
 63.6049 -82.7148
341 114 3
 61.7746 -81.7943
 61.826 -81.3349
 61.7678 -81.324
342 158 13
 75.3464 -75.5433
 74.1571 -74.7348
 73.524 -74.6056
 73.4205 -74.3076
 73.3508 -73.9611
 73.2955 -73.692
 72.4971 -73.8111
 71.5086 -74.0453
 70.7715 -74.0814
 70.1249 -74.3017
 69.9169 -74.5387
 69.8638 -74.6855
 69.8625 -74.7079
342 140 6
 75.3464 -75.5433
 76.307 -76.3284
 76.6785 -76.2141
 76.3658 -75.3562
 75.9877 -74.6592
 75.9219 -74.6336
343 12 11
 79.0364 -61.5997
 78.7096 -62.0269
 78.5692 -62.3884
 78.5641 -62.5658
 78.4766 -62.5749
 78.3187 -62.6217
 78.2505 -62.6816
 78.3945 -62.8258
 78.4933 -63.0029
 78.4558 -63.076
 78.4526 -63.1029
343 79 16
 79.0364 -61.5997
 79.5186 -61.2365
 79.8312 -60.9688
 79.8482 -60.8162
 79.8737 -60.8007
 80.4657 -61.0471
 81.0623 -61.3773
 81.2496 -61.6334
 81.3982 -62.1073
 81.5329 -62.4368
 82.0428 -62.5693
 82.1789 -62.4529
 82.3058 -62.0996
 82.7097 -61.7295
 82.7651 -61.372
 82.7698 -61.2505
351 127 14
 73.2369 30.9554
 73.3965 30.6801
 74.5601 28.7658
 74.937 26.8209
 74.2658 26.5313
 74.0269 26.0635
 73.4639 25.3554
 72.7549 24.5172
 72.5526 23.6742
 72.7299 23.2222
 73.2053 21.6957
 74.1779 20.4114
 74.7367 20.4363
 74.7594 20.4423
352 18 11
 15.8191 -96.6177
 16.2837 -96.5499
 18.8853 -96.1572
 20.991 -95.7066
 20.9907 -95.59
 21.2822 -95.4234
 21.728 -95.3011
 21.9689 -95.2945
 22.0635 -95.2162
 22.1753 -95.1727
 22.2482 -95.1477
