   6.2580438192960122     
   2.1879284451159289     
   2.4346182432606285     
   1.1978316818056713     
   4.5850848656719281     
   1.0784627644972069     
   2.3251652932583711     
   1.0048084536159536     
   6.0827380582839705     
   2.2842925890036527     
   5.7758679611574131     
   2.0867471536376345     
   3.0979137377144679     
   4.0405934965598380     
   3.7487489649813570     
   4.5432656328378505     
   4.0886698764093730     
   3.7048314436634024     
   1.5238527988147732     
   1.2864909059584673     
   2.0064091905807682     
   1.5641321491119033     
   6.4045019524490590     
   1.5054742339686804     
   7.0218783032061225     
  0.99050510937804470     
   4.8342662837570760     
   3.2085980908271865     
   6.8400121422837721     
   3.0597756843988773     
   2.7194429383740157     
   1.5548142739015800     
   3.7375392171697714     
   1.1237919465532942     
   4.2776354656636650     
   1.4317256508771421     
   1.3654602544660461     
   8.2143502962830173     
   1.2328129718853869     
   1.1979063312294200     
   1.8104787491494572     
   1.5586563300680938     
   7.9929570293096912     
   2.2384669324131266     
   2.9708617928171477     
   6.2509415066551952     
   3.1314373477339634     
   6.4244616942703718     
   5.2624475558201871     
   5.4095115349530563     
   2.8990843238760480     
  0.56330678697102710     
   13.290574174759749     
   1.1419219249625896     
   13.133466067974672     
   6.9896774120838820     
   3.3459199368711698     
   2.9703835097354467     
   1.1733322825225070     
  0.47993689543318607     
   7.5675557264935955     
   4.8482403425568021     
  0.73426128780898914     
  0.94251139588696564     
   3.9942835713746567     
   5.4876217976329160     
   1.8868844927003399     
   1.0248616325374174     
   1.1683610647855946     
  0.99344105002163574     
   3.8258016258697944     
   3.0239140343697097     
   1.9727096137566713     
   2.6558365674067010     
   1.4236612594731817     
   1.0511751109591627     
   2.4237438865791043     
  0.70023780397632263     
   2.6059486729819250     
   1.5969124646570447     
   5.4987575744399608     
   1.6352640332188919     
   3.0195816726531799     
  0.85558609956210929     
   1.8951517574053134     
  0.70276237505275196     
   1.9018555293956778     
   1.3100092477755467     
   12.037470106300866     
   6.2789526449417554     
   1.4885518718165189     
   1.0050861157969373     
   2.6115669099788992     
  0.93315843651343666     
   1.0209935150300262     
  0.82040625049401594     
   3.0600766414563592     
   3.3838270729663749     
   2.6601319314366871     
   2.4246773741841476     
   11.061730686469437     
   2.5252547612905896     
   5.6066692074885980     
  0.98826164020888263     
   1.5398894051084731     
   1.3549253215864010     
   4.9112525131889901     
   3.7544491060839951     
   3.2094888802023753     
   1.3964704212120123     
   6.3269782328170718     
   1.1033375592154671     
   10.524138348104778     
   3.2745731743910289     
   3.0437868773995289     
   3.0771037520067308     
   3.7185575422422459     
   3.0029115927545833     
   5.2887978564047833     
   1.5738803657162406     
   1.0815732485210043     
  0.76099069227316474     
   9.2111026942398873     
   2.5186628740882222     
   1.3136203688830561     
   1.5111902070459016     
   1.5122902333497237     
   1.9305967763098213     
   2.2914247876003855     
   1.7259630348591735     
   5.2409131186646380     
   3.7327232138519175     
   5.5469955332992749     
   2.4347603001571718     
   3.5473551617196630     
  0.60676977541492372     
   4.6781443789424770     
   3.1443625568399978     
   6.7242088021167641     
   1.0973794172276292     
   4.0129772353667477     
   7.6088128852324814     
  0.90545092535359206     
   1.1019234380271477     
   1.0139238254303882     
  0.84473826824141562     
   3.6153327819872603     
   2.4135673297155740     
   1.1791265393963919     
  0.81934156589973706     
   1.1953011413367012     
  0.96099570115018984     
   5.9337989547610581     
   2.9245455689341986     
   6.3074218222852902     
   2.7282023277001679     
  0.85504366459557746     
   1.2800027705147803     
   1.4672207668442705     
   1.1124176964517076     
   3.3354826289034949     
   2.5004955256906123     
   2.5302964766608764     
   3.3685440832720039     
   1.7079974194896512     
   1.7298270857912064     
  0.67044476915122253     
  0.63925759731290188     
   4.2482461493668593     
   2.0207851286796461     
  0.85328004372280730     
   1.1666549624578200     
   1.0223288505005457     
  0.33608453682977935     
  0.73016604128027474     
   2.5279550080862272     
   1.1447198290685083     
   1.8743468892981199     
   6.5054691487666449     
   4.1752764096105617     
   1.7564529733230461     
  0.85246101072596625     
   3.9752299562912841     
   1.6061524892790942     
   1.5611225686568044     
   1.6588203463472060     
   3.2042536719559500     
   3.9991271084390561     
   2.7882505913462632     
   5.1052787688669525     
   5.2778563790215998     
   2.7847291512940937     
   2.4965581615939785     
   6.9368567102502992     
   1.8337569310311483     
  0.91804465213421005     
   5.8625662996785337     
   5.8688347955360793     
   1.9358829503995885     
   2.2561496642095462     
   2.3799833476286909     
   1.6101754574292035     
   3.5484564368910458     
   1.4707258327000368     
   1.3468264541058099     
   1.5150266794560967     
   3.7248850814013008     
   2.5302734138699243     
   2.9319558145677669     
  0.81812124904293171     
   3.4451170651184513     
   1.3376818923097800     
   2.2874532636320710     
   1.0687186282732066     
   3.3439518096056937     
   3.0373504502907540     
   3.1800614357937067     
   1.4024218335454652     
   4.0177886604764312     
   1.7047162975665242     
   2.5021634966889597     
   2.4351395392717641     
   3.2771953871300759     
   1.6208347950758006     
   6.3785072143948600     
   1.2253407562027370     
   2.7072347190089685     
   3.2286809422062346     
   6.0970870128909338     
   2.7045425767558773     
   1.9951045501891169     
   4.4844127745808242     
   7.2488963285836556     
   5.3172897833646768     
   3.9708671906916426     
   1.3878606769125728     
   2.6996329648635085     
   2.5668276910214765     
   2.2784798242479392     
   1.0506319478443429     
   4.2377373011837287     
  0.55552675414171382     
   2.5549244473370125     
   3.1702849611900676     
   2.8906132976403969     
   5.9939597167454206     
  0.84572695329811565     
  0.81237711687053005     
   6.9491916690043354     
   1.4955977839630465     
   7.2138827503593905     
   1.3956454632256650     
   1.1383345727449043     
  0.58893492179368212     
   2.6710302960398353     
   1.1385265175150241     
   3.5378536950266590     
   3.1999735506778855     
   2.6818938601864626     
   1.7797574495110300     
   7.5388843950770701     
   1.1078809840178570     
   5.3377062758054761     
   1.9579326888059463     
   1.1030955956843644     
   1.4399225618379368     
   5.6684759266432971     
   3.0081925256182487     
   1.0905419992433842     
  0.87846631632300332     
   1.1708889023281133     
  0.96861409439950930     
   6.2671180184309341     
   2.2426971684637778     
   11.927290175791482     
   1.7154625887289732     
   2.5461513356619543     
  0.75538938661338839     
   5.7285484769650523     
   1.7985182894989102     
   5.0795981296327133     
   2.4634464122231643     
   1.4556602696030565     
  0.85934757817080298     
   5.5617636775647119     
   2.3129184978107569     
   1.3076656786159324     
   1.6727068057996131     
   1.9245126633111587     
  0.79376777207479376     
   5.2338188580483669     
   2.6264476612844536     
   4.6621416366351989     
   3.2209645037102992     
   2.5039313997070347     
   1.2115000115182211     
   1.3495390097952407     
  0.57901388307825463     
   1.9930833896803379     
  0.89311474469697039     
   2.5281604974658918     
   1.0620606513509354     
   2.6288949568339843     
   1.8837838880416227     
   1.0043590835513150     
   1.7553397412677656     
   3.8889245407303470     
   1.7338952363927864     
  0.82584008723796876     
  0.78412059570899451     
   3.5651426124100611     
   4.2922800345211485     
   3.4693586367165206     
   2.0355993956818024     
   1.8119852441534143     
   1.7894476016123348     
   4.4654535207950881     
   1.7861602787114670     
   7.5244694997972683     
   4.8580086019292441     
   6.0492652602034642     
   2.1962714924341986     
   2.2853001388438696     
   1.0742725237393456     
   5.5290532211997920     
   1.2222117477098517     
   3.2032022948478414     
  0.97406859567544657     
  0.83323304359605088     
   2.2753690315836583     
   1.5287204205035865     
   1.3638724921928962     
   3.2821896766034744     
  0.87188701513290723     
   3.4184007019441736     
   2.8043965147272600     
   4.8010680939261592     
   3.5901096243525510     
   6.6323018279861365     
   1.1182132128258058     
   1.4808275599367606     
   1.0078732514909172     
   2.7780380508914795     
   2.0893230308115727     
   2.2290170982998165     
  0.52147841080704616     
   3.9057864384902676     
   2.2949397042488178     
   1.1930626406684723     
   3.0417997050715040     
   6.0659215924703265     
   3.3966655911371206     
