279
136 55 9
 54.7934 -26.6375
 54.0529 -25.7883
 53.575 -24.9098
 53.4587 -24.6246
 53.3623 -24.6053
 53.2948 -24.535
 53.229 -24.5927
 53.147 -24.5597
 53.13 -24.5437
136 77 6
 54.7934 -26.6375
 54.4705 -27.9841
 54.023 -29.1926
 54.2914 -29.5394
 54.269 -29.89
 54.2044 -29.9882
137 129 25
 18.2799 -27.347
 17.3222 -28.1323
 17 -28.3713
 16.9538 -28.378
 16.7619 -28.3779
 16.4111 -28.5111
 16.1374 -28.6483
 15.9433 -29.0508
 15.8741 -29.4888
 16.0062 -29.8086
 16.0146 -30.4522
 15.9501 -31.0271
 16.2271 -31.3368
 16.4548 -31.6255
 16.6535 -31.3853
 16.9471 -31.429
 17.2907 -31.6383
 17.5159 -31.8054
 17.5485 -31.9314
 17.632 -31.9697
 17.6287 -32.0773
 17.6503 -32.2306
 17.5791 -32.3353
 17.5518 -32.3816
 17.5542 -32.3937
137 12 11
 18.2799 -27.347
 18.7313 -26.5513
 18.9622 -26.0914
 19.3991 -25.8349
 19.1632 -25.3904
 18.7841 -24.7288
 18.4631 -24.3987
 18.6773 -24.4995
 19.3586 -23.9158
 20.0285 -23.3107
 20.0391 -23.3044
138 101 21
 -4.8141 -10.9338
 -6.17815 -11.9429
 -7.4323 -12.1529
 -8.16695 -12.0649
 -8.72335 -12.1176
 -8.99595 -12.1049
 -9.18975 -12.4692
 -9.276 -13.1948
 -9.3616 -13.7154
 -9.36865 -13.8967
 -9.1429 -14.2903
 -9.12145 -14.8507
 -8.6814 -14.4866
 -8.2836 -14.3174
 -8.17065 -14.2675
 -7.98 -14.1441
 -7.7469 -13.9932
 -7.6556 -13.7911
 -7.5479 -13.4585
 -7.48975 -13.2431
 -7.4846 -13.2139
138 94 11
 -4.8141 -10.9338
 -4.57025 -9.995
 -4.7503 -8.62165
 -5.11555 -7.3903
 -5.1464 -6.857
 -4.78 -6.30605
 -5.035 -5.78285
 -5.3359 -5.44735
 -5.40455 -5.24795
 -5.53565 -4.9703
 -5.606 -4.8836
139 68 75
 -16.7346 20.6406
 -16.5201 20.2165
 -16.3457 19.9799
 -16.2683 19.8111
 -16.0758 19.7413
 -15.9109 19.6396
 -15.8988 19.7316
 -15.8678 19.7546
 -15.9456 19.8679
 -15.8547 20.0312
 -15.5609 20.2726
 -15.3719 20.4903
 -15.3788 20.6186
 -15.3906 20.8834
 -15.2965 21.0396
 -15.0646 21.1403
 -14.8198 21.2374
 -14.741 21.3773
 -14.6369 21.6841
 -14.5555 21.8472
 -14.5014 21.927
 -14.458 22.0509
 -14.4842 22.2196
 -14.5349 22.3577
 -14.6119 22.3845
 -14.5351 22.4
 -14.534 22.4663
 -14.6137 22.569
 -14.6677 22.7252
 -14.702 22.9586
 -14.8141 23.2174
 -15.1253 23.4107
 -15.3698 23.5091
 -15.4067 23.6154
 -15.4782 23.6335
 -15.407 23.7249
 -15.3515 23.8013
 -15.4117 23.7845
 -15.5271 23.802
 -15.6385 23.7609
 -15.7118 23.6377
 -15.7092 23.7523
 -15.8747 23.8857
 -16.0099 24.0989
 -16.0667 24.239
 -16.1118 24.2913
 -16.1641 24.3709
 -16.3377 24.4212
 -16.4853 24.4296
 -16.5268 24.4589
 -16.5687 24.5517
 -16.6354 24.6569
 -16.7254 24.7704
 -16.994 24.7252
 -17.3821 24.4428
 -17.5938 24.2436
 -17.7883 24.1525
 -17.9583 24.1818
 -18.1154 24.2461
 -18.247 24.3273
 -18.3062 24.4923
 -18.3977 24.6276
 -18.5324 24.7334
 -18.7692 24.7141
 -18.943 24.6403
 -19.1115 24.5931
 -18.9529 24.822
 -18.9245 25.0417
 -18.9243 25.0924
 -19.0936 25.1909
 -19.2918 25.2369
 -19.3357 25.148
 -19.3438 25.0815
 -19.3321 25.0636
 -19.3255 25.0529
139 128 5
 -16.7346 20.6406
 -16.9463 21.0119
 -17.1451 21.121
 -17.2002 21.1996
 -17.2058 21.2334
140 73 7
 -1.40385 42.7746
 -1.54575 43.2696
 -2.0306 43.4464
 -2.4568 43.6086
 -2.4785 43.697
 -2.46745 43.7817
 -2.457 43.8038
140 4 16
 -1.40385 42.7746
 -0.60425 42.301
 0.32165 42.243
 0.41955 41.8475
 0.29055 41.384
 0.32915 41.0878
 0.12045 41.2906
 -0.33565 41.191
 -0.8781 40.8749
 -1.17305 40.5573
 -1.42395 40.4058
 -1.6594 40.3207
 -1.99965 40.3054
 -2.48935 40.326
 -2.7384 40.3332
 -2.7753 40.353
141 95 11
 31.3038 -0.01015
 32.0612 1.231
 32.417 1.75765
 32.459 1.98145
 32.3874 2.388
 32.3554 2.7911
 33.1458 2.7103
 33.9195 2.60215
 34.0459 2.63215
 34.1534 2.70885
 34.1886 2.784
141 50 10
 31.3038 -0.01015
 31.0578 -1.23455
 31.4424 -1.7343
 31.0569 -1.50265
 30.2576 -1.48585
 29.3421 -1.5003
 28.9109 -1.4853
 28.5772 -1.46175
 28.4197 -1.4916
 28.4482 -1.576
142 90 3
 32.6035 27.8422
 32.9815 28.7638
 33.1051 28.7614
142 130 5
 32.6035 27.8422
 32.5076 26.4688
 32.7397 25.9674
 32.8238 25.8987
 32.8342 25.882
143 41 31
 21.901 56.8259
 21.2501 55.7531
 21.357 54.8141
 21.8661 54.0378
 22.233 53.441
 22.4827 52.4412
 22.4249 51.5776
 22.2094 51.3538
 21.541 51.0697
 20.953 51.0752
 20.5847 50.9508
 20.2627 50.7431
 20.1674 50.8396
 20.0724 50.778
 19.9825 50.6619
 19.9279 50.5939
 19.7885 50.5094
 19.6652 50.3797
 19.6447 50.3071
 19.659 50.2042
 19.6348 50.0373
 19.6082 49.9563
 19.5458 49.9269
 19.4799 49.9107
 19.4626 49.907
 19.4461 49.8826
 19.4107 49.8357
 19.3574 49.7619
 19.3236 49.7121
 19.3047 49.6978
 19.2944 49.687
143 54 13
 21.901 56.8259
 22.5126 57.7905
 22.8396 58.3181
 22.9806 58.4618
 23.161 58.4554
 23.2688 58.5134
 23.3167 58.6248
 23.424 58.8516
 23.4964 59.2204
 23.2862 59.6845
 22.9447 60.035
 22.7705 60.0936
 22.7598 60.1024
144 59 28
 78.2582 -0.9464
 78.7911 -1.2421
 78.859 -0.51055
 78.9212 0.22175
 78.9906 0.4867
 79.354 0.5923
 79.7903 0.953
 80.0092 1.5697
 80.2724 1.8589
 80.6131 2.03755
 80.862 2.0855
 81.0397 2.1155
 81.2811 2.0978
 81.6927 2.15325
 81.9703 2.22305
 82.1164 2.33105
 82.2355 2.52445
 82.3844 2.88725
 82.3787 3.25005
 82.1632 3.4188
 82.0701 3.5604
 82.2766 3.8294
 82.5417 4.05195
 82.6615 4.0266
 82.7249 4.0398
 82.7898 4.077
 82.8767 4.12555
 82.9153 4.167
144 25 12
 78.2582 -0.9464
 77.4743 -0.8579
 77.1212 -0.859
 76.6736 -0.7314
 76.2706 -0.7827
 76.2269 -0.89295
 76.0558 -1.0211
 75.8752 -1.18525
 75.829 -1.36285
 75.743 -1.42095
 75.6236 -1.42335
 75.5837 -1.4198
145 58 15
 83.1152 -5.60445
 81.567 -7.4983
 80.8642 -7.09245
 80.3159 -6.91475
 79.6369 -7.01685
 78.9045 -7.31405
 78.627 -7.65705
 78.3193 -7.38025
 77.8617 -7.1447
 77.6723 -7.1522
 77.6103 -7.17785
 77.4691 -6.5554
 77.1492 -5.6719
 76.9634 -5.401
 76.9742 -5.3796
145 38 7
 83.1152 -5.60445
 84.2526 -3.5278
 83.7292 -3.0829
 83.2337 -2.6606
 83.1982 -2.56155
 83.1711 -2.4862
 83.1703 -2.4778
146 31 5
 79.0458 -12.8399
 79.3892 -12.9892
 79.5656 -13.0054
 79.7256 -12.9685
 79.732 -12.9726
146 2 4
 79.0458 -12.8399
 78.3732 -12.7316
 78.0009 -12.7251
 77.9806 -12.735
147 42 12
 52.0652 -3.09365
 52.3862 -3.39385
 52.6208 -3.5612
 53.1266 -3.6431
 53.7108 -4.0501
 54.1843 -4.3099
 54.6545 -4.30095
 54.9261 -4.44105
 55.0094 -4.54115
 55.1094 -4.6544
 55.2663 -4.7212
 55.3386 -4.7172
147 3 8
 52.0652 -3.09365
 51.7542 -2.44085
 51.5814 -1.93915
 51.0821 -1.81195
 50.5272 -1.6683
 50.2921 -1.61305
 50.187 -1.5765
 50.1845 -1.5709
148 121 11
 51.5475 -23.531
 51.0824 -23.0908
 50.9281 -22.9393
 50.6369 -22.3339
 50.4484 -21.8426
 50.1598 -21.8925
 49.3884 -21.7727
 48.8438 -21.547
 48.6564 -21.3622
 48.529 -21.1938
 48.576 -21.1547
148 55 11
 51.5475 -23.531
 52.2496 -23.7975
 52.592 -23.5638
 52.742 -23.5105
 52.9066 -23.5578
 53.1246 -23.866
 53.2605 -24.3155
 53.2948 -24.535
 53.229 -24.5927
 53.147 -24.5597
 53.13 -24.5437
149 132 35
 3.72475 -32.4524
 5.1773 -33.023
 5.84685 -32.9339
 6.51315 -33.0404
 6.4299 -33.9622
 6.2258 -34.9981
 6.39225 -35.3433
 6.53045 -35.3605
 6.601 -35.4194
 6.79165 -35.5563
 6.95455 -35.6558
 6.8746 -35.8419
 6.7015 -36.076
 6.57775 -36.16
 6.4608 -36.1936
 6.34415 -36.2799
 6.3128 -36.3723
 6.31165 -36.4898
 6.18995 -36.6101
 6.33565 -36.6756
 6.2582 -36.8653
 6.0088 -36.9518
 5.79795 -36.9546
 5.7076 -36.9759
 5.63345 -36.8867
 5.5408 -36.8011
 5.46335 -36.8255
 5.39835 -36.9053
 5.3035 -37.1013
 5.30345 -37.3078
 5.33965 -37.5096
 5.21505 -37.7153
 5.1523 -37.8028
 5.20135 -37.8228
 5.2279 -37.826
149 76 9
 3.72475 -32.4524
 2.44255 -31.6744
 2.25315 -30.9077
 2.4705 -30.2836
 1.3856 -30.5344
 0.74715 -30.3569
 0.57905 -30.7708
 0.5371 -30.9206
 0.6129 -30.9902
150 95 17
 37.6517 7.9702
 37.4214 7.65855
 37.4874 6.7866
 37.3726 6.0589
 37.2017 5.9443
 37.1175 5.62125
 37.2079 5.18925
 36.8935 5.057
 36.437 5.04565
 36.0151 4.55015
 35.6286 3.80775
 35.2372 3.56175
 34.8737 3.41575
 34.5703 3.01525
 34.2738 2.74685
 34.2031 2.7878
 34.1886 2.784
150 135 10
 37.6517 7.9702
 38.4995 8.38675
 39.0581 8.7982
 39.3881 8.53735
 39.5931 8.2596
 39.6921 8.2399
 39.86 8.2618
 40.036 8.3724
 40.1617 8.4495
 40.1649 8.4408
151 6 15
 60.6754 33.7027
 60.4968 32.8252
 59.8019 32.6628
 58.4526 32.6629
 57.711 33.0334
 57.7211 32.1586
 57.6796 31.4757
 57.6145 30.7129
 57.5545 30.2327
 57.5565 30.0394
 58.656 30.0649
 59.9039 29.9681
 59.5208 28.7421
 59.0081 27.7049
 59.0615 27.6562
151 17 5
 60.6754 33.7027
 61.0595 34.8046
 61.3158 35.482
 61.2923 35.6104
 61.2911 35.6304
152 52 9
 36.8971 -7.8778
 37.6068 -7.43615
 38.0232 -7.88685
 38.3245 -7.52055
 38.5376 -7.09235
 38.8829 -7.5034
 39.4291 -8.1758
 39.7354 -8.45165
 39.7997 -8.4328
152 72 5
 36.8971 -7.8778
 35.9037 -8.85485
 34.9382 -9.11395
 34.5941 -9.2413
 34.5623 -9.2228
153 10 7
 40.2979 -40.7829
 40.0449 -39.7812
 39.5124 -39.2275
 39.5384 -39.0756
 39.4942 -38.7698
 39.4125 -38.6158
 39.372 -38.6318
153 34 4
 40.2979 -40.7829
 40.287 -41.2747
 40.6418 -41.4991
 40.6988 -41.6956
154 76 16
 -4.20915 -39.3806
 -4.06515 -38.5111
 -3.04205 -38.0918
 -2.18915 -37.333
 -2.37325 -36.9732
 -2.35045 -36.7857
 -2.37835 -36.1367
 -1.75625 -35.4077
 -0.95965 -35.2488
 -0.63255 -35.0033
 -0.493 -33.7003
 -0.739 -32.6282
 -0.9552 -31.9801
 -0.27465 -31.1475
 0.5371 -30.9206
 0.6129 -30.9902
154 110 3
 -4.20915 -39.3806
 -4.35775 -40.303
 -4.3699 -40.3648
155 45 13
 4.01005 -55.306
 2.9365 -54.1507
 1.98895 -53.3927
 2.01495 -53.1786
 1.9503 -53.034
 1.74345 -53.0247
 1.6568 -53.0746
 1.46945 -52.8602
 1.2672 -52.5219
 1.28795 -52.3328
 1.28715 -52.2567
 1.33775 -52.1214
 1.4276 -52.0267
155 51 5
 4.01005 -55.306
 4.9918 -55.1473
 5.4485 -55.6631
 5.17765 -56.9627
 5.2735 -57.0324
156 119 22
 7.626 -46.0176
 6.68625 -45.6511
 6.0484 -45.0824
 5.54005 -44.8168
 5.0158 -44.5602
 4.8838 -44.5948
 4.8006 -44.7725
 4.34055 -44.8066
 3.8973 -44.7431
 3.6413 -44.6367
 3.0621 -44.5359
 2.40325 -44.1495
 1.77655 -43.8296
 1.02605 -43.9904
 0.5235 -44.1889
 0.4532 -44.3527
 0.3775 -44.9847
 0.2871 -45.5804
 0.17395 -46.1238
 -0.1796 -47.0933
 -0.43825 -47.5781
 -0.4517 -47.6311
156 33 5
 7.626 -46.0176
 8.47385 -45.2024
 9.1529 -44.751
 9.4049 -44.9635
 9.437 -44.9716
157 33 9
 12.6962 -46.607
 11.9375 -46.4113
 11.3643 -46.0061
 11.0899 -45.679
 11.0676 -45.7068
 10.8444 -45.9764
 10.0913 -45.6
 9.5036 -45.01
 9.437 -44.9716
157 100 9
 12.6962 -46.607
 13.1318 -46.6522
 13.1425 -47.3696
 13.6805 -48.1804
 14.1826 -48.4011
 14.3039 -48.242
 14.4526 -48.2687
 14.4965 -48.3723
 14.4943 -48.4119
158 132 45
 15.9167 -39.0413
 15.1077 -38.6338
 14.9129 -38.3681
 14.7799 -38.4371
 13.9151 -38.9331
 13.0324 -39.3805
 12.8392 -39.3429
 12.556 -39.2622
 12.3312 -39.1577
 11.4514 -38.5364
 9.98475 -37.8158
 9.21865 -37.6199
 8.91765 -37.3817
 8.7379 -36.8549
 8.6854 -36.5151
 8.6166 -36.4342
 8.37635 -36.3239
 7.8605 -36.2539
 7.44115 -36.1604
 7.1829 -36.0895
 6.98915 -35.871
 6.8746 -35.8419
 6.7015 -36.076
 6.57775 -36.16
 6.4608 -36.1936
 6.34415 -36.2799
 6.3128 -36.3723
 6.31165 -36.4898
 6.18995 -36.6101
 6.33565 -36.6756
 6.2582 -36.8653
 6.0088 -36.9518
 5.79795 -36.9546
 5.7076 -36.9759
 5.63345 -36.8867
 5.5408 -36.8011
 5.46335 -36.8255
 5.39835 -36.9053
 5.3035 -37.1013
 5.30345 -37.3078
 5.33965 -37.5096
 5.21505 -37.7153
 5.1523 -37.8028
 5.20135 -37.8228
 5.2279 -37.826
158 112 14
 15.9167 -39.0413
 16.5187 -39.9908
 16.4998 -40.793
 16.4572 -40.8666
 16.4939 -40.9362
 16.508 -40.9872
 16.4964 -41.0589
 16.4943 -41.1255
 16.3351 -41.1758
 16.1251 -41.2378
 15.834 -41.4351
 15.6554 -41.843
 15.654 -42.0863
 15.6082 -42.0841
159 132 44
 15.8189 -35.3205
 14.8344 -36.5975
 13.5887 -38.332
 12.8573 -39.214
 13.0324 -39.3805
 12.8392 -39.3429
 12.556 -39.2622
 12.3312 -39.1577
 11.4514 -38.5364
 9.98475 -37.8158
 9.21865 -37.6199
 8.91765 -37.3817
 8.7379 -36.8549
 8.6854 -36.5151
 8.6166 -36.4342
 8.37635 -36.3239
 7.8605 -36.2539
 7.44115 -36.1604
 7.1829 -36.0895
 6.98915 -35.871
 6.8746 -35.8419
 6.7015 -36.076
 6.57775 -36.16
 6.4608 -36.1936
 6.34415 -36.2799
 6.3128 -36.3723
 6.31165 -36.4898
 6.18995 -36.6101
 6.33565 -36.6756
 6.2582 -36.8653
 6.0088 -36.9518
 5.79795 -36.9546
 5.7076 -36.9759
 5.63345 -36.8867
 5.5408 -36.8011
 5.46335 -36.8255
 5.39835 -36.9053
 5.3035 -37.1013
 5.30345 -37.3078
 5.33965 -37.5096
 5.21505 -37.7153
 5.1523 -37.8028
 5.20135 -37.8228
 5.2279 -37.826
159 129 15
 15.8189 -35.3205
 16.6803 -34.6599
 17.2338 -34.1866
 17.6931 -33.9304
 18.2356 -33.4926
 18.4133 -33.0357
 18.2909 -32.6812
 18.2804 -32.5158
 18.1593 -32.5555
 17.9876 -32.5613
 17.8565 -32.4618
 17.7346 -32.407
 17.6339 -32.408
 17.5704 -32.3979
 17.5542 -32.3937
160 113 19
 14.0726 -22.1168
 13.0095 -21.8229
 12.6619 -21.7889
 12.5369 -21.8807
 11.7994 -21.8966
 11.1691 -21.872
 10.9961 -21.8862
 10.9363 -21.7542
 10.6481 -21.1698
 10.2733 -20.5264
 10.1484 -20.3716
 10.0179 -20.3666
 9.92185 -20.3175
 9.8352 -20.2857
 9.7595 -20.3081
 9.6695 -20.3655
 9.6996 -20.535
 9.75685 -20.7268
 9.7374 -20.7662
160 131 16
 14.0726 -22.1168
 14.7933 -22.6428
 14.7374 -22.9035
 14.7537 -22.9789
 14.9714 -23.1561
 15.5468 -22.7917
 16.0957 -22.2429
 16.2696 -22.1782
 16.2927 -21.9592
 16.2481 -21.5331
 16.2588 -21.3627
 16.5019 -20.9179
 16.8669 -20.4012
 17.1443 -20.1973
 17.2743 -20.0029
 17.3124 -19.985
161 50 32
 11.5809 -6.777
 12.6157 -5.5744
 13.2067 -4.65805
 13.9843 -4.49465
 14.7719 -4.59035
 14.834 -4.8264
 14.8815 -4.49905
 15.5229 -3.76225
 15.9513 -3.01535
 15.2622 -2.53275
 14.7922 -1.43415
 15.5039 -0.2661
 16.3502 -0.2231
 16.5188 -0.172
 17.1618 0.09595
 17.9932 -0.1718
 18.2339 -0.569
 18.6141 -0.7442
 19.4848 -0.71275
 19.8034 0.00784999
 20.0975 0.3106
 20.7512 0.24265
 20.9321 0.46565
 21.3372 0.5497
 22.6916 0.8395
 23.9865 0.6236
 24.9319 0.7255
 26.4173 0.0787
 27.7767 -1.33115
 28.3298 -1.5024
 28.4197 -1.4916
 28.4482 -1.576
161 85 6
 11.5809 -6.777
 10.9236 -7.15895
 10.1457 -7.55175
 9.427 -8.153
 9.26945 -8.47445
 9.2613 -8.4923
162 23 31
 -3.87015 -1.5473
 -3.6796 -0.6112
 -3.23625 0.2032
 -2.9424 0.865
 -2.48505 1.4968
 -2.2126 2.07515
 -2.09535 2.29405
 -2.1266 2.56815
 -2.1418 2.79675
 -2.18135 2.8916
 -2.2509 2.983
 -2.4957 3.32575
 -2.6924 3.82185
 -2.48935 4.3446
 -2.175 4.6903
 -2.02165 4.7148
 -2.24635 4.8738
 -2.2104 5.19875
 -2.09035 5.41005
 -2.1698 5.65105
 -2.1584 5.8567
 -2.25765 6.09165
 -2.31865 6.3996
 -2.70155 6.2076
 -3.17115 6.25705
 -3.37715 6.46805
 -3.5748 6.5943
 -3.71995 6.6445
 -3.7704 6.66
 -3.84655 6.70775
 -3.9033 6.7198
162 48 13
 -3.87015 -1.5473
 -3.867 -2.3107
 -4.06735 -2.80015
 -3.90715 -2.998
 -3.5099 -3.09835
 -2.848 -3.2441
 -2.3821 -3.3548
 -2.12075 -3.50875
 -1.3963 -3.4378
 -0.7843 -3.35425
 -0.6767 -3.49185
 -0.6114 -3.53235
 -0.5641 -3.5658
163 48 12
 -3.8269 -4.21575
 -3.90705 -2.9985
 -3.90715 -2.998
 -3.5099 -3.09835
 -2.848 -3.2441
 -2.3821 -3.3548
 -2.12075 -3.50875
 -1.3963 -3.4378
 -0.7843 -3.35425
 -0.6767 -3.49185
 -0.6114 -3.53235
 -0.5641 -3.5658
163 94 4
 -3.8269 -4.21575
 -4.7215 -5.0966
 -5.5801 -4.8494
 -5.606 -4.8836
164 46 31
 -9.30065 -19.7144
 -10.129 -19.4229
 -10.276 -19.43
 -10.2816 -19.3369
 -10.3033 -19.2712
 -10.4482 -19.2735
 -10.7917 -19.1262
 -11.052 -19.3342
 -11.0121 -20.1872
 -10.9373 -20.8467
 -10.7985 -21.1425
 -10.3471 -21.2843
 -9.985 -21.1713
 -10.3528 -21.3594
 -10.7269 -21.7311
 -10.971 -21.861
 -11.247 -21.8454
 -11.3631 -21.9954
 -11.6263 -22.3326
 -12.0028 -22.8653
 -12.0068 -23.1118
 -11.9695 -23.2258
 -12.071 -23.4125
 -12.1563 -23.5217
 -12.2283 -23.5811
 -12.2494 -23.6451
 -12.1932 -23.6275
 -11.9841 -23.8678
 -11.7938 -24.1711
 -11.774 -24.2683
 -11.7682 -24.324
164 101 24
 -9.30065 -19.7144
 -8.4809 -20.0222
 -8.2124 -19.768
 -7.85535 -19.3064
 -7.53005 -18.9532
 -7.349 -18.7777
 -7.34845 -18.7127
 -7.45255 -18.4861
 -7.1936 -17.7549
 -7.19725 -17.0994
 -7.82805 -16.943
 -8.43635 -16.7119
 -9.02975 -16.7747
 -8.6345 -16.1814
 -8.3778 -15.4889
 -8.17225 -14.7166
 -8.1616 -14.2965
 -8.17065 -14.2675
 -7.98 -14.1441
 -7.7469 -13.9932
 -7.6556 -13.7911
 -7.5479 -13.4585
 -7.48975 -13.2431
 -7.4846 -13.2139
165 22 8
 -24.431 -5.2822
 -24.723 -3.20315
 -24.6141 -2.8884
 -24.3011 -2.49135
 -24.3046 -1.8463
 -24.7524 -0.6792
 -24.723 -0.02735
 -24.6111 0.0146
165 15 3
 -24.431 -5.2822
 -23.9768 -7.36325
 -23.9724 -7.3708
166 109 8
 -14.5533 -4.8046
 -15.9624 -4.4752
 -16.9039 -4.21
 -16.8289 -4.7975
 -17.286 -5.3686
 -18.566 -5.24465
 -19.4501 -5.12965
 -19.4762 -5.079
166 134 8
 -14.5533 -4.8046
 -13.6833 -4.1399
 -13.3922 -3.09805
 -13.1577 -2.7847
 -12.8734 -2.8271
 -12.7514 -2.8254
 -12.6784 -2.80925
 -12.6789 -2.7944
167 29 18
 -32.6113 25.3879
 -31.4276 25.6664
 -30.9364 25.6046
 -30.1582 25.469
 -29.4388 25.2736
 -29.2415 25.1829
 -28.6949 25.1504
 -28.2864 25.1518
 -28.2346 25.2156
 -28.1556 24.767
 -27.7215 24.3011
 -26.9197 24.0354
 -26.4716 23.6585
 -26.0206 22.8551
 -25.6831 22.086
 -25.7141 21.8443
 -25.5773 21.7941
 -25.5241 21.7817
167 83 4
 -32.6113 25.3879
 -33.451 25.187
 -33.5398 25.1186
 -33.5453 25.0814
168 18 26
 -12.6114 16.867
 -13.1165 17.3469
 -13.1277 17.5146
 -13.1316 17.6812
 -13.1638 17.7912
 -13.1608 17.9423
 -13.2614 18.2552
 -13.1178 18.7483
 -12.7318 18.9901
 -12.7118 19.2449
 -12.6919 19.6019
 -12.929 19.8085
 -12.9448 20.0079
 -12.831 20.3311
 -12.9846 20.4632
 -13.1793 20.4058
 -13.3222 20.4063
 -13.496 20.4428
 -13.6885 20.4134
 -13.9121 20.3664
 -14.1311 20.3408
 -14.3924 20.1992
 -14.5406 19.9785
 -14.5568 19.7715
 -14.5522 19.6596
 -14.5543 19.6563
168 30 6
 -12.6114 16.867
 -12.0788 16.4117
 -12.0042 16.3439
 -11.8813 16.2904
 -11.764 16.2477
 -11.7508 16.2509
169 24 6
 -9.7247 14.0868
 -9.73725 13.5749
 -9.65145 13.2511
 -9.42145 12.9776
 -9.3663 12.9083
 -9.3562 12.8979
169 21 3
 -9.7247 14.0868
 -9.99715 14.4496
 -10.183 14.4095
170 97 5
 -8.3413 14.9429
 -7.86415 15.4852
 -7.259 15.4674
 -6.88345 15.2839
 -6.8537 15.2576
170 24 7
 -8.3413 14.9429
 -9.0986 14.1119
 -9.73725 13.5749
 -9.65145 13.2511
 -9.42145 12.9776
 -9.3663 12.9083
 -9.3562 12.8979
171 49 14
 45.8679 3.07765
 45.1828 2.9108
 45.1281 2.7634
 45.0733 2.665
 45.031 2.58355
 45.008 2.53195
 44.9981 2.4264
 45.0829 2.2542
 45.1719 2.14075
 45.233 2.0825
 45.2948 2.02875
 45.2738 2.00305
 45.2194 1.96905
 45.2057 1.959
171 8 7
 45.8679 3.07765
 46.8661 2.95025
 47.2832 3.6039
 47.5087 4.5362
 47.7053 4.67295
 47.7748 4.74825
 47.8134 4.7906
172 105 15
 42.0506 16.2561
 41.9022 17.8166
 40.9223 17.9523
 41.0479 18.2664
 41.1275 18.7408
 41.2483 19.3512
 41.1282 20.2255
 40.718 20.8474
 40.7275 21.4925
 40.8523 23.0224
 40.5428 24.1488
 40.2936 24.3806
 39.9881 24.127
 39.6431 23.9723
 39.5915 23.9881
172 57 6
 42.0506 16.2561
 40.8105 14.5948
 39.9769 13.867
 39.3592 13.1273
 39.2066 12.9559
 39.2059 12.9283
173 135 14
 38.9713 11.5185
 38.5946 10.5344
 38.1211 10.3601
 38.4166 9.93425
 38.6023 9.5115
 38.779 9.04605
 39.0581 8.7982
 39.3881 8.53735
 39.5931 8.2596
 39.6921 8.2399
 39.86 8.2618
 40.036 8.3724
 40.1617 8.4495
 40.1649 8.4408
173 57 5
 38.9713 11.5185
 39.0269 12.3704
 39.1129 12.7831
 39.1849 12.9307
 39.2059 12.9283
174 91 18
 24.6192 39.8299
 24.0223 38.3531
 24.0427 37.9249
 23.6456 36.8547
 23.4972 35.5774
 23.7421 34.8879
 24.5486 34.2038
 25.4417 33.6665
 25.9871 32.6099
 26.347 31.5485
 26.2748 31.3489
 26.835 31.2102
 27.4935 31.4424
 27.931 31.7194
 29.0168 31.4428
 29.7654 30.7555
 29.7698 30.1622
 29.8148 29.975
174 74 9
 24.6192 39.8299
 25.7679 41.0023
 25.2873 42.1203
 24.9719 43.4381
 24.5616 43.7667
 24.3459 43.7414
 24.054 43.5382
 23.8491 43.3279
 23.7526 43.2825
175 54 11
 26.0501 59.4641
 24.8225 58.609
 23.4646 58.7254
 23.2688 58.5134
 23.3167 58.6248
 23.424 58.8516
 23.4964 59.2204
 23.2862 59.6845
 22.9447 60.035
 22.7705 60.0936
 22.7598 60.1024
175 125 5
 26.0501 59.4641
 26.1038 60.6342
 26.2639 60.8484
 26.385 60.9949
 26.3797 61.0035
176 61 13
 33.9757 56.36
 34.964 57.2211
 36.4272 56.6277
 38.2192 56.3483
 38.8815 56.598
 39.041 56.7664
 39.1681 56.9091
 39.3946 57.0436
 39.5669 57.0527
 39.6514 57.0728
 39.7507 57.155
 39.8261 57.263
 39.8229 57.3117
176 114 10
 33.9757 56.36
 32.6624 55.0608
 31.8522 54.4808
 31.7866 53.7604
 31.8996 52.6756
 31.7952 51.9294
 31.7531 51.7528
 31.7325 50.8895
 31.6256 49.9953
 31.4779 49.8148
177 125 21
 36.2869 67.8073
 34.4775 67.8701
 33.178 67.6199
 31.3321 66.5244
 30.3957 64.7168
 29.8603 63.5517
 29.3072 63.0189
 29.33 62.7218
 29.2639 62.5743
 29.1231 62.4025
 28.8909 62.2207
 28.5858 62.1376
 28.3106 61.9023
 28.1525 61.611
 28.0639 61.5539
 27.7644 61.5498
 27.3608 61.5105
 26.9398 61.2943
 26.5381 61.0783
 26.4 61.0433
 26.3797 61.0035
177 27 13
 36.2869 67.8073
 37.8951 67.8943
 38.7528 68.1028
 40.1435 67.8407
 41.385 67.7567
 41.9572 67.716
 42.5808 68.0387
 43.5211 68.1346
 44.4618 67.8884
 45.1488 68.2267
 45.7895 68.2314
 46.2762 67.7421
 46.3028 67.4765
178 124 18
 49.3965 29.7786
 49.8838 28.7613
 49.8249 28.3957
 49.8372 28.208
 49.2959 27.6384
 48.6207 27.3413
 48.4618 27.3673
 48.1969 27.2238
 47.7887 27.2928
 47.5612 27.4319
 46.8012 27.7119
 45.7341 27.8124
 45.0114 27.427
 42.77 27.5332
 40.7887 27.8303
 40.5236 27.7139
 40.3551 27.6485
 40.3458 27.6537
178 106 4
 49.3965 29.7786
 49.2962 30.8022
 49.7357 31.171
 49.7268 31.2134
179 70 22
 73.4386 11.4144
 73.5027 10.7793
 74.182 10.7942
 75.1461 10.8858
 75.5196 11.0989
 75.5771 10.878
 75.7847 10.6952
 76.3626 10.9376
 76.942 11.1736
 77.8364 11.4355
 78.815 11.6003
 79.0394 11.4834
 79.1623 11.5634
 79.268 11.6424
 79.3166 11.6891
 79.3742 11.9661
 79.381 12.245
 79.4503 12.3319
 79.5524 12.3918
 79.6028 12.3986
 79.6385 12.3977
 79.6416 12.3999
179 9 6
 73.4386 11.4144
 73.3125 12.0637
 73.0646 12.1979
 72.6067 12.359
 72.3732 12.4984
 72.3642 12.5242
180 32 7
 78.7323 8.1994
 78.1778 8.0144
 78.2748 7.885
 78.1189 7.7025
 77.9626 7.43145
 77.9052 7.38755
 77.8968 7.3835
180 70 21
 78.7323 8.1994
 79.5297 8.45275
 79.8628 8.6303
 79.4797 8.8059
 79.3721 9.1732
 79.383 9.464
 79.034 9.826
 78.7495 10.3615
 78.827 11.056
 78.9878 11.4601
 79.0394 11.4834
 79.1623 11.5634
 79.268 11.6424
 79.3166 11.6891
 79.3742 11.9661
 79.381 12.245
 79.4503 12.3319
 79.5524 12.3918
 79.6028 12.3986
 79.6385 12.3977
 79.6416 12.3999
181 35 12
 44.5047 3.71795
 43.9736 4.1176
 43.7807 4.1694
 43.6222 4.11095
 43.4583 4.0482
 43.3751 3.99815
 43.2519 3.9766
 43.2089 4.0213
 43.1458 4.0945
 43.0252 4.1331
 42.947 4.0882
 42.922 4.0593
181 49 15
 44.5047 3.71795
 44.7353 3.2669
 44.7608 2.91085
 44.9574 2.6385
 45.024 2.60775
 45.031 2.58355
 45.008 2.53195
 44.9981 2.4264
 45.0829 2.2542
 45.1719 2.14075
 45.233 2.0825
 45.2948 2.02875
 45.2738 2.00305
 45.2194 1.96905
 45.2057 1.959
182 25 16
 80.2462 -3.96555
 79.0646 -3.8162
 78.7664 -3.7311
 78.4255 -3.42895
 78.1934 -3.14075
 77.6306 -2.4148
 76.9467 -1.71985
 76.5812 -1.50275
 76.3257 -1.10105
 76.2269 -0.89295
 76.0558 -1.0211
 75.8752 -1.18525
 75.829 -1.36285
 75.743 -1.42095
 75.6236 -1.42335
 75.5837 -1.4198
182 58 17
 80.2462 -3.96555
 81.313 -4.1125
 81.084 -5.03855
 80.9906 -6.0838
 80.822 -6.54645
 80.3159 -6.91475
 79.6369 -7.01685
 78.9045 -7.31405
 78.627 -7.65705
 78.3193 -7.38025
 77.8617 -7.1447
 77.6723 -7.1522
 77.6103 -7.17785
 77.4691 -6.5554
 77.1492 -5.6719
 76.9634 -5.401
 76.9742 -5.3796
183 58 16
 81.4149 -9.6903
 81.1127 -8.28145
 80.9134 -7.7691
 80.7968 -7.11355
 80.3159 -6.91475
 79.6369 -7.01685
 78.9045 -7.31405
 78.627 -7.65705
 78.3193 -7.38025
 77.8617 -7.1447
 77.6723 -7.1522
 77.6103 -7.17785
 77.4691 -6.5554
 77.1492 -5.6719
 76.9634 -5.401
 76.9742 -5.3796
183 78 3
 81.4149 -9.6903
 81.4122 -10.9756
 81.4516 -11.0077
184 78 9
 81.629 -13.4645
 82.4356 -13.3879
 82.6505 -13.0231
 82.6041 -12.3605
 82.6064 -12.2159
 82.5332 -12.0416
 81.9635 -11.4883
 81.4557 -11.0196
 81.4516 -11.0077
184 31 4
 81.629 -13.4645
 80.3783 -13.5
 79.6978 -13.1003
 79.732 -12.9726
185 78 13
 80.2626 -16.3085
 80.8213 -15.8856
 81.8022 -15.5515
 81.9984 -15.2597
 82.1202 -14.4804
 82.5948 -13.8137
 82.6505 -13.0231
 82.6041 -12.3605
 82.6064 -12.2159
 82.5332 -12.0416
 81.9635 -11.4883
 81.4557 -11.0196
 81.4516 -11.0077
185 19 12
 80.2626 -16.3085
 79.4841 -16.9293
 78.616 -17.3792
 78.0563 -17.3347
 77.6395 -17.5929
 77.3532 -18.0164
 76.9379 -18.2351
 76.7908 -18.2859
 76.5166 -18.523
 76.229 -18.8017
 76.1147 -18.9466
 76.0699 -18.9994
186 120 13
 65.2165 -8.1986
 64.5848 -7.3828
 63.9477 -6.97715
 63.6291 -7.3664
 63.4443 -7.60255
 63.2687 -7.8341
 63.1106 -7.94925
 63.0842 -8.186
 63.1667 -8.6104
 62.5904 -8.65235
 62.2449 -9.08095
 62.3419 -9.26915
 62.3592 -9.3258
186 79 5
 65.2165 -8.1986
 65.447 -8.6456
 65.6032 -9.4248
 65.7298 -9.95785
 65.7429 -9.9506
187 66 20
 60.7002 -6.0511
 60.6664 -5.20855
 60.7192 -4.75955
 60.6532 -4.55235
 61.1467 -4.28395
 61.72 -3.8522
 61.9669 -3.68895
 62.1142 -3.5908
 62.0121 -3.46365
 61.7364 -2.77195
 61.3761 -1.8978
 61.0925 -1.72805
 60.9292 -1.7686
 60.8008 -1.80175
 60.7009 -1.7974
 60.6029 -1.7621
 60.5863 -1.70225
 60.5561 -1.59335
 60.53 -1.5202
 60.5292 -1.5181
187 120 13
 60.7002 -6.0511
 61.0784 -6.711
 61.2607 -7.1099
 61.5944 -7.6397
 61.93 -7.90105
 62.5131 -7.91445
 63.1106 -7.94925
 63.0842 -8.186
 63.1667 -8.6104
 62.5904 -8.65235
 62.2449 -9.08095
 62.3419 -9.26915
 62.3592 -9.3258
188 3 7
 51.1175 -2.4603
 51.5814 -1.93915
 51.0821 -1.81195
 50.5272 -1.6683
 50.2921 -1.61305
 50.187 -1.5765
 50.1845 -1.5709
188 60 13
 51.1175 -2.4603
 50.6051 -3.3217
 50.4499 -3.72265
 50.2738 -4.08165
 50.0584 -4.38655
 49.7934 -4.81315
 49.6657 -5.4351
 49.3568 -5.5708
 48.7241 -5.64145
 48.2785 -5.9337
 48.0566 -6.1488
 47.987 -6.24285
 47.949 -6.2693
189 52 10
 38.217 -5.517
 38.4197 -5.70565
 38.3537 -5.97755
 38.4238 -6.6454
 38.4853 -7.04375
 38.5376 -7.09235
 38.8829 -7.5034
 39.4291 -8.1758
 39.7354 -8.45165
 39.7997 -8.4328
189 93 4
 38.217 -5.517
 37.578 -5.04315
 37.0182 -4.84075
 36.9805 -4.9364
190 60 17
 41.2845 -9.0702
 42.8171 -9.81525
 43.2567 -9.4332
 43.843 -8.8777
 44.4018 -8.74395
 44.7731 -8.52825
 44.98 -8.27415
 45.3479 -7.96225
 45.6991 -7.70605
 45.9461 -7.35985
 46.0191 -7.00295
 46.1605 -6.83115
 46.8877 -6.4473
 47.4911 -6.14365
 47.7488 -6.17285
 47.9361 -6.2287
 47.949 -6.2693
190 52 3
 41.2845 -9.0702
 39.8372 -8.4549
 39.7997 -8.4328
191 36 14
 40.4877 -14.7118
 41.0146 -15.2885
 41.4237 -15.5821
 41.6312 -15.5005
 41.7977 -15.402
 42.1532 -15.5185
 42.6804 -15.7476
 42.8959 -15.8451
 43.0843 -15.921
 43.4739 -15.9905
 43.7059 -15.9907
 43.7983 -16.0266
 43.8212 -16.1305
 43.7809 -16.1773
191 116 7
 40.4877 -14.7118
 40.0998 -14.2656
 39.7861 -14.0544
 39.7435 -13.9582
 39.7784 -13.5236
 39.7614 -13.1572
 39.7939 -13.1517
192 0 9
 51.3636 -10.5189
 50.806 -11.2194
 50.2884 -11.916
 50.2623 -12.7698
 50.0592 -13.6336
 49.3063 -14.0269
 48.8473 -14.2589
 48.7551 -14.3388
 48.6992 -14.3934
192 96 7
 51.3636 -10.5189
 51.8757 -9.5306
 52.3153 -8.63715
 53.0597 -7.59425
 53.5504 -6.41555
 53.3824 -6.19755
 53.3473 -6.2015
193 133 45
 26.6368 -20.7282
 27.5028 -20.1349
 27.7611 -20.2022
 28.556 -20.6124
 29.321 -20.9736
 29.7611 -21.4477
 30.2383 -21.9316
 30.4654 -22.1058
 30.5625 -22.2172
 30.6049 -22.1208
 30.6593 -21.9885
 30.6843 -21.8715
 30.9216 -21.6855
 31.2347 -21.4643
 31.3552 -21.3877
 31.5753 -21.8067
 31.8922 -22.1269
 31.8315 -22.2487
 32.0996 -22.6011
 32.5306 -23.1147
 32.8279 -23.4472
 32.7199 -23.7783
 32.5761 -24.2078
 32.6267 -24.5182
 32.8075 -24.6395
 33.0061 -24.6394
 33.1441 -24.7283
 33.2486 -24.8686
 33.1177 -25.341
 33.0552 -26.0196
 33.2495 -26.3587
 33.5527 -26.4869
 33.3537 -26.4519
 33.3016 -26.6216
 33.2807 -26.8366
 33.5234 -27.0358
 33.7449 -27.4955
 33.8777 -27.915
 33.9536 -28.045
 33.6138 -28.1252
 33.2789 -28.1772
 33.2745 -28.4422
 33.2409 -28.8802
 33.1329 -29.0738
 33.1022 -29.0999
193 12 9
 26.6368 -20.7282
 25.2868 -21.4125
 24.2429 -21.397
 23.6297 -20.9304
 23.0556 -20.3542
 22.121 -20.2849
 21.1011 -21.403
 20.3293 -22.8158
 20.0391 -23.3044
194 102 5
 25.4804 -43.6469
 24.7858 -43.4436
 24.6458 -43.3391
 24.4943 -43.2046
 24.4359 -43.115
194 67 5
 25.4804 -43.6469
 26.1909 -43.6863
 26.3554 -43.6864
 26.4514 -43.7997
 26.4454 -43.8086
195 67 5
 24.7331 -45.3508
 25.1827 -44.612
 26.0973 -44.1348
 26.4107 -43.8265
 26.4454 -43.8086
195 28 7
 24.7331 -45.3508
 24.6448 -46.3239
 24.3169 -46.7747
 23.8869 -46.9697
 23.4147 -47.1153
 23.3077 -47.0669
 23.2959 -47.0383
196 123 14
 35.8921 -31.5473
 35.4675 -30.6854
 35.2364 -30.7089
 35.1577 -30.595
 35.1005 -30.5887
 35.0775 -30.6737
 35.0557 -30.8353
 34.8822 -31.0315
 34.5519 -31.2033
 34.3509 -31.3592
 34.2758 -31.4599
 33.9247 -31.5589
 33.6069 -31.5997
 33.5981 -31.6018
196 99 7
 35.8921 -31.5473
 36.2057 -32.7373
 36.3179 -33.0177
 36.3525 -33.0335
 36.7123 -32.8691
 37.2334 -32.6734
 37.4033 -32.6379
197 40 20
 39.4795 -27.3619
 40.2164 -26.6199
 41.063 -26.0635
 41.5858 -26.1094
 41.9399 -26.064
 42.1885 -26.0256
 42.6345 -25.9217
 43.0915 -25.5771
 43.7129 -25.4303
 44.2334 -25.2971
 44.3708 -25.0427
 44.5923 -25.1595
 44.8683 -25.3174
 44.968 -25.3317
 45.0245 -25.3385
 45.1316 -25.3226
 45.236 -25.3803
 45.3422 -25.39
 45.4648 -25.2902
 45.4939 -25.2585
197 133 16
 39.4795 -27.3619
 38.6522 -27.4329
 37.7334 -27.3783
 37.56 -27.3245
 37.4099 -27.325
 36.7795 -27.2537
 35.7608 -27.4633
 34.6144 -27.6316
 34.0079 -27.739
 33.9536 -28.045
 33.6138 -28.1252
 33.2789 -28.1772
 33.2745 -28.4422
 33.2409 -28.8802
 33.1329 -29.0738
 33.1022 -29.0999
198 11 3
 37.789 -22.6971
 37.5885 -23.2423
 37.6098 -23.3485
198 104 3
 37.789 -22.6971
 38.0799 -22.1688
 38.1491 -22.0796
199 53 11
 46.7808 -24.2599
 47.0695 -24.4764
 47.0772 -24.6283
 47.2663 -24.5506
 47.4668 -24.3686
 47.6249 -24.2543
 47.7588 -24.2627
 47.7913 -24.1991
 47.8911 -24.084
 48.0107 -24.0535
 48.0406 -24.0647
199 40 6
 46.7808 -24.2599
 46.1223 -24.405
 45.8159 -24.692
 45.6852 -24.9794
 45.5062 -25.2197
 45.4939 -25.2585
200 53 15
 50.2734 -25.4329
 50.1003 -26.2138
 50.2634 -26.8111
 50.1555 -27.4022
 50.073 -26.8702
 49.635 -26.4918
 48.8884 -25.8811
 48.3691 -25.3997
 48.0576 -25.0224
 47.8176 -24.5309
 47.7611 -24.3399
 47.7913 -24.1991
 47.8911 -24.084
 48.0107 -24.0535
 48.0406 -24.0647
200 55 6
 50.2734 -25.4329
 51.1743 -24.7385
 52.0871 -24.3183
 52.7655 -24.3125
 53.049 -24.5292
 53.13 -24.5437
201 20 7
 52.6618 -30.6667
 51.4018 -31.7043
 51.2735 -32.1853
 51.3558 -32.5168
 52.2298 -33.4575
 53.0534 -34.2177
 53.095 -34.2721
201 77 3
 52.6618 -30.6667
 54.0038 -30.0009
 54.2044 -29.9882
202 118 3
 70.9353 13.3921
 69.8719 13.814
 69.7696 13.8657
202 9 5
 70.9353 13.3921
 72.0525 12.8221
 72.285 12.5791
 72.3628 12.5301
 72.3642 12.5242
203 41 56
 8.1602 46.4901
 7.30585 47.7622
 6.64195 47.9313
 7.46805 48.1233
 8.157 48.7909
 8.83965 49.2992
 9.7443 49.3687
 10.1681 49.6251
 10.7211 49.9007
 11.1119 50.0569
 11.3101 50.049
 11.9127 50.1107
 12.6679 50.2702
 13.6573 49.7879
 14.4946 49.1415
 14.6538 49.0508
 14.5774 48.8883
 14.767 48.4002
 15.0406 48.0004
 15.1985 47.9461
 15.6758 48.0284
 16.2701 48.0826
 16.7937 48.0511
 17.1641 48.0543
 17.2946 48.0509
 17.3131 48.1437
 17.2344 48.5405
 17.2753 48.924
 17.3869 48.9915
 17.5443 48.898
 17.8224 48.6625
 17.9491 48.4985
 18.1974 48.6015
 18.5266 48.7977
 18.6975 48.8657
 18.8699 49.0706
 18.9101 49.3125
 18.9655 49.4042
 19.1002 49.5096
 19.1532 49.5396
 19.1252 49.572
 19.0953 49.6097
 19.0348 49.6467
 18.9894 49.6808
 19.0415 49.7311
 19.097 49.7761
 19.1213 49.8107
 19.188 49.8466
 19.2321 49.8663
 19.2484 49.8679
 19.2625 49.864
 19.2994 49.8542
 19.3328 49.7808
 19.3236 49.7121
 19.3047 49.6978
 19.2944 49.687
203 4 35
 8.1602 46.4901
 8.61395 45.4265
 8.7164 45.2958
 8.51145 44.9145
 7.66745 44.3281
 6.7712 43.8675
 6.42395 43.6297
 6.0406 43.6834
 5.71495 43.8666
 5.7653 44.153
 5.93655 44.4007
 5.52905 44.2943
 5.07435 44.3394
 4.372 43.6651
 3.4516 42.878
 3.1202 42.7858
 3.07735 42.746
 2.77925 42.7961
 2.51565 42.826
 2.4209 42.7936
 2.42685 42.3835
 1.9517 41.7537
 0.9217 41.1402
 0.42775 40.8422
 0.32915 41.0878
 0.12045 41.2906
 -0.33565 41.191
 -0.8781 40.8749
 -1.17305 40.5573
 -1.42395 40.4058
 -1.6594 40.3207
 -1.99965 40.3054
 -2.48935 40.326
 -2.7384 40.3332
 -2.7753 40.353
204 129 12
 17.9132 -33.865
 18.2356 -33.4926
 18.4133 -33.0357
 18.2909 -32.6812
 18.2804 -32.5158
 18.1593 -32.5555
 17.9876 -32.5613
 17.8565 -32.4618
 17.7346 -32.407
 17.6339 -32.408
 17.5704 -32.3979
 17.5542 -32.3937
204 47 5
 17.9132 -33.865
 17.992 -34.3535
 18.117 -34.7681
 18.1665 -34.8046
 18.1904 -34.8068
205 113 20
 5.6038 -14.5817
 6.2242 -14.3258
 7.1716 -14.1636
 7.53015 -14.5763
 7.74295 -15.5242
 8.1348 -16.1579
 8.32765 -16.2917
 8.46775 -17.123
 8.4433 -18.0368
 8.3883 -18.1596
 8.3996 -18.1848
 8.49735 -18.2703
 8.7832 -18.5284
 9.0748 -18.7992
 9.3552 -19.5312
 9.59085 -20.2887
 9.6695 -20.3655
 9.6996 -20.535
 9.75685 -20.7268
 9.7374 -20.7662
205 16 6
 5.6038 -14.5817
 4.75605 -14.4086
 3.7684 -13.9934
 3.17885 -13.754
 2.8793 -13.6565
 2.8867 -13.6406
206 23 29
 -6.8605 2.88545
 -6.3915 2.9
 -6.10445 2.96245
 -5.96275 2.9159
 -5.53815 2.84305
 -4.6552 3.0221
 -3.99785 3.23125
 -3.49695 3.44685
 -2.90135 3.63295
 -2.4957 3.32575
 -2.6924 3.82185
 -2.48935 4.3446
 -2.175 4.6903
 -2.02165 4.7148
 -2.24635 4.8738
 -2.2104 5.19875
 -2.09035 5.41005
 -2.1698 5.65105
 -2.1584 5.8567
 -2.25765 6.09165
 -2.31865 6.3996
 -2.70155 6.2076
 -3.17115 6.25705
 -3.37715 6.46805
 -3.5748 6.5943
 -3.71995 6.6445
 -3.7704 6.66
 -3.84655 6.70775
 -3.9033 6.7198
206 81 3
 -6.8605 2.88545
 -7.1571 2.9595
 -7.2096 3.002
207 15 10
 -20.3563 -4.94055
 -21.0127 -5.32115
 -21.2128 -5.7499
 -21.7779 -6.24125
 -22.3196 -6.60795
 -22.7387 -6.8208
 -23.4037 -7.0886
 -23.8176 -7.35685
 -23.9482 -7.384
 -23.9724 -7.3708
207 109 3
 -20.3563 -4.94055
 -19.6456 -4.88505
 -19.4762 -5.079
208 107 3
 -26.9632 2.27795
 -27.4183 3.18605
 -27.5363 3.9371
208 22 5
 -26.9632 2.27795
 -25.7234 1.1725
 -24.7268 0.1435
 -24.622 0.03875
 -24.6111 0.0146
209 4 13
 -4.20065 39.5142
 -4.10655 40.6246
 -3.90075 40.9816
 -3.9066 41.1533
 -3.89955 41.2229
 -3.6725 41.0837
 -3.4116 40.9157
 -3.3194 40.68
 -3.19585 40.3884
 -3.06035 40.2781
 -2.9395 40.2916
 -2.8136 40.3295
 -2.7753 40.353
209 117 24
 -4.20065 39.5142
 -4.3638 38.7141
 -4.7073 38.7932
 -5.12945 39.003
 -5.74455 39.0555
 -6.3192 38.8465
 -6.76125 38.62
 -7.14985 38.3649
 -7.43845 38.1717
 -7.86655 37.9356
 -8.48085 37.5638
 -8.71465 37.3484
 -8.67985 37.2835
 -8.8195 37.1086
 -9.32915 37.0453
 -9.6771 37.111
 -10.0009 36.914
 -10.4312 36.108
 -10.535 35.3846
 -11.0905 35.5449
 -11.6754 35.837
 -11.9227 35.8307
 -12.1684 35.7826
 -12.1864 35.754
210 50 4
 26.5708 -2.5445
 27.9844 -2.14275
 28.3862 -1.6001
 28.4482 -1.576
210 126 3
 26.5708 -2.5445
 25.4524 -2.4227
 25.4078 -2.4177
211 98 10
 34.6162 -43.4921
 35.6011 -42.5536
 35.5899 -42.1197
 35.4555 -42.0998
 35.4872 -41.8801
 35.4044 -42.1063
 35.2476 -41.9728
 34.6358 -41.8422
 34.083 -41.863
 34.021 -41.8671
211 111 13
 34.6162 -43.4921
 33.4702 -44.2256
 33.1663 -44.4783
 33.1676 -45.025
 33.2126 -45.5565
 33.1974 -45.6859
 32.9824 -45.7863
 32.7199 -45.8059
 32.5098 -45.796
 31.9772 -45.9607
 31.5746 -46.3504
 31.5938 -46.5982
 31.6217 -46.6581
212 45 7
 0.10635 -48.5978
 0.3361 -49.4539
 0.50035 -50.1968
 0.7418 -50.5297
 1.0288 -51.4688
 1.33775 -52.1214
 1.4276 -52.0267
212 119 5
 0.10635 -48.5978
 -0.238 -48.0951
 -0.34515 -47.7688
 -0.39935 -47.6609
 -0.4517 -47.6311
213 46 44
 -2.5777 -26.858
 -3.14795 -25.1133
 -3.4235 -24.5906
 -3.1059 -23.7757
 -2.47445 -22.827
 -2.1759 -22.1453
 -2.11895 -21.7179
 -2.33265 -21.8185
 -2.7499 -21.8082
 -3.0679 -21.7664
 -3.1425 -21.6691
 -3.48725 -21.5856
 -3.99135 -21.4204
 -4.38865 -21.2824
 -4.6231 -21.327
 -4.83985 -21.6885
 -5.68945 -22.4239
 -6.51135 -23.006
 -6.66735 -23.2313
 -6.9672 -23.2234
 -7.7278 -22.7752
 -8.336 -22.3491
 -9.0675 -22.0556
 -9.71985 -21.511
 -9.8456 -21.1437
 -9.985 -21.1713
 -10.3528 -21.3594
 -10.7269 -21.7311
 -10.971 -21.861
 -11.247 -21.8454
 -11.3631 -21.9954
 -11.6263 -22.3326
 -12.0028 -22.8653
 -12.0068 -23.1118
 -11.9695 -23.2258
 -12.071 -23.4125
 -12.1563 -23.5217
 -12.2283 -23.5811
 -12.2494 -23.6451
 -12.1932 -23.6275
 -11.9841 -23.8678
 -11.7938 -24.1711
 -11.774 -24.2683
 -11.7682 -24.324
213 76 12
 -2.5777 -26.858
 -1.4006 -28.7273
 -0.3489 -29.2364
 -0.13915 -29.3912
 -0.0864 -29.5464
 0.02455 -29.9342
 0.3432 -30.0928
 0.667 -29.9852
 0.74715 -30.3569
 0.57905 -30.7708
 0.5371 -30.9206
 0.6129 -30.9902
214 132 16
 3.66245 -42.6734
 4.1199 -41.9034
 4.00125 -41.6399
 4.1376 -41.4413
 4.3609 -41.1685
 4.62025 -41.0802
 4.64995 -40.7115
 4.4158 -39.8284
 4.3162 -39.046
 4.50295 -38.6028
 4.72855 -38.2929
 4.7787 -38.1332
 4.8606 -38.1338
 5.0671 -38.0275
 5.2184 -37.8727
 5.2279 -37.826
214 119 14
 3.66245 -42.6734
 2.7667 -43.4565
 2.277 -43.7203
 2.40325 -44.1495
 1.77655 -43.8296
 1.02605 -43.9904
 0.5235 -44.1889
 0.4532 -44.3527
 0.3775 -44.9847
 0.2871 -45.5804
 0.17395 -46.1238
 -0.1796 -47.0933
 -0.43825 -47.5781
 -0.4517 -47.6311
215 131 11
 17.7654 -22.1774
 16.7472 -22.1273
 16.3484 -22.143
 16.2927 -21.9592
 16.2481 -21.5331
 16.2588 -21.3627
 16.5019 -20.9179
 16.8669 -20.4012
 17.1443 -20.1973
 17.2743 -20.0029
 17.3124 -19.985
215 12 5
 17.7654 -22.1774
 18.7525 -22.1915
 19.5163 -22.7313
 20.0079 -23.2999
 20.0391 -23.3044
216 48 8
 0.9011 -3.9416
 0.6502 -3.4493
 0.7157 -3.12765
 0.1378 -3.27335
 -0.3603 -3.44675
 -0.4603 -3.5097
 -0.52995 -3.5512
 -0.5641 -3.5658
216 37 9
 0.9011 -3.9416
 1.5471 -4.45525
 1.69525 -4.5169
 2.21115 -3.89165
 2.70775 -3.4466
 2.71045 -3.2789
 2.9022 -2.9602
 3.03115 -2.6972
 3.0275 -2.6947
217 80 9
 15.4487 -16.9985
 13.93 -15.0804
 13.9065 -14.192
 14.4651 -12.5486
 15.7294 -11.233
 16.6958 -11.0445
 16.9571 -10.5543
 17.2813 -9.98745
 17.3982 -9.7556
217 131 4
 15.4487 -16.9985
 17.0856 -18.9892
 17.3732 -19.7871
 17.3124 -19.985
218 50 26
 13.1492 8.37015
 13.7522 7.2302
 15.1576 6.47665
 16.1299 5.93245
 16.7659 4.56795
 16.8932 1.69135
 16.5116 -0.1695
 16.5188 -0.172
 17.1618 0.09595
 17.9932 -0.1718
 18.2339 -0.569
 18.6141 -0.7442
 19.4848 -0.71275
 19.8034 0.00784999
 20.0975 0.3106
 20.7512 0.24265
 20.9321 0.46565
 21.3372 0.5497
 22.6916 0.8395
 23.9865 0.6236
 24.9319 0.7255
 26.4173 0.0787
 27.7767 -1.33115
 28.3298 -1.5024
 28.4197 -1.4916
 28.4482 -1.576
218 63 10
 13.1492 8.37015
 12.5166 9.12985
 11.8714 9.0371
 11.7324 9.00055
 11.5284 9.7355
 11.3706 10.5324
 10.734 12.2773
 9.323 14.0555
 8.4616 14.1247
 8.4326 14.1125
219 50 29
 8.8896 1.37745
 11.0009 0.6701
 11.8668 0.37885
 12.566 0.37975
 13.0758 0.09465
 13.887 -0.14175
 14.608 -0.03945
 15.4053 0.1236
 16.139 0.069
 16.3502 -0.2231
 16.5188 -0.172
 17.1618 0.09595
 17.9932 -0.1718
 18.2339 -0.569
 18.6141 -0.7442
 19.4848 -0.71275
 19.8034 0.00784999
 20.0975 0.3106
 20.7512 0.24265
 20.9321 0.46565
 21.3372 0.5497
 22.6916 0.8395
 23.9865 0.6236
 24.9319 0.7255
 26.4173 0.0787
 27.7767 -1.33115
 28.3298 -1.5024
 28.4197 -1.4916
 28.4482 -1.576
219 48 22
 8.8896 1.37745
 7.0214 1.2757
 6.5892 0.3641
 6.2247 -0.16525
 5.6115 -0.1347
 5.0179 -0.2227
 4.6186 -0.1936
 3.47295 0.27195
 2.51415 0.52665
 2.0571 0.5977
 1.47325 0.6681
 1.24025 0.1173
 1.34295 -0.4649
 0.88885 -0.59725
 0.51975 -0.9916
 0.4203 -1.3218
 0.29855 -1.946
 -0.02645 -2.94305
 -0.3603 -3.44675
 -0.4603 -3.5097
 -0.52995 -3.5512
 -0.5641 -3.5658
220 48 14
 2.1904 1.24215
 2.0571 0.5977
 1.47325 0.6681
 1.24025 0.1173
 1.34295 -0.4649
 0.88885 -0.59725
 0.51975 -0.9916
 0.4203 -1.3218
 0.29855 -1.946
 -0.02645 -2.94305
 -0.3603 -3.44675
 -0.4603 -3.5097
 -0.52995 -3.5512
 -0.5641 -3.5658
220 89 5
 2.1904 1.24215
 2.8102 1.9457
 3.6335 2.15125
 4.36525 2.23455
 4.3937 2.237
221 24 15
 -4.60315 9.8681
 -5.19645 10.7446
 -6.1628 11.3202
 -6.8111 11.7105
 -7.28485 11.8377
 -7.46465 11.7768
 -7.41435 11.9883
 -7.46125 12.139
 -7.46955 12.1498
 -7.6672 12.1607
 -8.06825 12.3014
 -8.3988 12.4222
 -8.8672 12.6115
 -9.2945 12.8535
 -9.3562 12.8979
221 23 14
 -4.60315 9.8681
 -4.8491 9.0069
 -4.9462 8.4943
 -4.9406 8.2263
 -4.7914 8.0525
 -4.4227 7.88785
 -3.94335 7.7043
 -3.7796 7.42275
 -3.89535 7.14025
 -3.8863 6.96725
 -3.88225 6.9364
 -3.91215 6.83945
 -3.916 6.7362
 -3.9033 6.7198
222 24 32
 -9.63505 3.197
 -9.9098 4.1951
 -10.3809 5.32115
 -10.5909 5.61205
 -10.5797 5.8304
 -9.7423 6.0934
 -9.22385 6.55695
 -9.3838 7.2251
 -9.24255 8.32635
 -9.3881 9.5766
 -9.0576 9.7213
 -8.35055 9.3933
 -7.60305 9.42505
 -6.92425 9.44735
 -6.6161 9.41925
 -6.87485 9.71175
 -6.8197 10.1731
 -6.84505 10.4869
 -7.01535 10.8137
 -7.169 11.3077
 -7.439 11.6495
 -7.59355 11.7069
 -7.46465 11.7768
 -7.41435 11.9883
 -7.46125 12.139
 -7.46955 12.1498
 -7.6672 12.1607
 -8.06825 12.3014
 -8.3988 12.4222
 -8.8672 12.6115
 -9.2945 12.8535
 -9.3562 12.8979
222 134 12
 -9.63505 3.197
 -10.6413 2.6585
 -11.5802 1.98555
 -11.3279 0.87905
 -11.5042 0.12475
 -11.9536 -0.11575
 -12.3212 -1.1912
 -12.5128 -2.17295
 -12.4153 -2.5158
 -12.5097 -2.62
 -12.6271 -2.72965
 -12.6789 -2.7944
223 68 64
 -15.1632 20.4136
 -15.3788 20.6186
 -15.3906 20.8834
 -15.2965 21.0396
 -15.0646 21.1403
 -14.8198 21.2374
 -14.741 21.3773
 -14.6369 21.6841
 -14.5555 21.8472
 -14.5014 21.927
 -14.458 22.0509
 -14.4842 22.2196
 -14.5349 22.3577
 -14.6119 22.3845
 -14.5351 22.4
 -14.534 22.4663
 -14.6137 22.569
 -14.6677 22.7252
 -14.702 22.9586
 -14.8141 23.2174
 -15.1253 23.4107
 -15.3698 23.5091
 -15.4067 23.6154
 -15.4782 23.6335
 -15.407 23.7249
 -15.3515 23.8013
 -15.4117 23.7845
 -15.5271 23.802
 -15.6385 23.7609
 -15.7118 23.6377
 -15.7092 23.7523
 -15.8747 23.8857
 -16.0099 24.0989
 -16.0667 24.239
 -16.1118 24.2913
 -16.1641 24.3709
 -16.3377 24.4212
 -16.4853 24.4296
 -16.5268 24.4589
 -16.5687 24.5517
 -16.6354 24.6569
 -16.7254 24.7704
 -16.994 24.7252
 -17.3821 24.4428
 -17.5938 24.2436
 -17.7883 24.1525
 -17.9583 24.1818
 -18.1154 24.2461
 -18.247 24.3273
 -18.3062 24.4923
 -18.3977 24.6276
 -18.5324 24.7334
 -18.7692 24.7141
 -18.943 24.6403
 -19.1115 24.5931
 -18.9529 24.822
 -18.9245 25.0417
 -18.9243 25.0924
 -19.0936 25.1909
 -19.2918 25.2369
 -19.3357 25.148
 -19.3438 25.0815
 -19.3321 25.0636
 -19.3255 25.0529
223 18 10
 -15.1632 20.4136
 -14.9602 20.227
 -14.8747 20.0676
 -14.8352 19.9538
 -14.8533 19.8557
 -14.8498 19.7987
 -14.7606 19.8013
 -14.6497 19.753
 -14.5787 19.687
 -14.5543 19.6563
224 68 26
 -23.4026 23.3922
 -22.923 24.5344
 -23.2122 25.8291
 -23.5013 26.9304
 -22.4631 26.7198
 -21.4016 26.208
 -21.0491 26.3624
 -20.9002 26.4081
 -20.8812 26.3732
 -20.7524 26.2208
 -20.5932 26.0602
 -20.4066 25.9247
 -20.236 25.8199
 -20.1565 25.7515
 -20.0048 25.7017
 -19.7812 25.6018
 -19.6703 25.4031
 -19.6651 25.2538
 -19.6277 25.1819
 -19.5163 25.1642
 -19.4397 25.095
 -19.4058 25.0436
 -19.3681 25.0689
 -19.3438 25.0815
 -19.3321 25.0636
 -19.3255 25.0529
224 29 5
 -23.4026 23.3922
 -24.3697 23.1913
 -25.2818 22.8884
 -25.5128 22.0196
 -25.5241 21.7817
225 5 19
 -32.4585 23.4623
 -31.5091 21.4707
 -31.4891 21.0478
 -31.5168 21.0556
 -30.8788 21.0374
 -30.0266 20.4508
 -30.046 19.2829
 -30.7211 18.4151
 -30.9431 17.9423
 -30.833 17.1953
 -30.4326 16.3588
 -30.5759 15.7038
 -31.3134 15.1288
 -31.6583 14.9927
 -32.0177 15.0049
 -32.1529 15.0695
 -32.27 14.992
 -32.4521 14.915
 -32.5241 14.9577
225 83 3
 -32.4585 23.4623
 -33.4674 25.0963
 -33.5453 25.0814
226 68 26
 -17.3514 28.562
 -17.6697 27.9413
 -17.7615 27.6684
 -17.5967 27.3057
 -17.1137 26.9088
 -16.8193 26.7715
 -17.0784 26.6488
 -17.4146 26.2696
 -17.5443 26.0059
 -17.6134 26.2726
 -17.7938 26.4289
 -18.2666 26.2421
 -18.6423 26.1895
 -18.8849 26.1315
 -19.358 25.9689
 -19.6714 25.6985
 -19.6703 25.4031
 -19.6651 25.2538
 -19.6277 25.1819
 -19.5163 25.1642
 -19.4397 25.095
 -19.4058 25.0436
 -19.3681 25.0689
 -19.3438 25.0815
 -19.3321 25.0636
 -19.3255 25.0529
226 75 26
 -17.3514 28.562
 -17.19 29.1469
 -17.3099 29.3884
 -17.2986 29.5413
 -17.3045 29.6817
 -17.3928 29.7584
 -17.5546 29.8804
 -17.7044 30.0504
 -17.7404 30.1283
 -17.7342 30.207
 -17.6897 30.3321
 -17.6425 30.4417
 -17.6521 30.5452
 -17.6751 30.6215
 -17.6756 30.7325
 -17.6751 30.8517
 -17.6719 30.9452
 -17.6734 31.0608
 -17.6779 31.1389
 -17.6832 31.1705
 -17.7361 31.1744
 -17.7859 31.2437
 -17.747 31.3476
 -17.712 31.4069
 -17.7134 31.4411
 -17.7134 31.4517
227 4 30
 6.21015 41.7924
 6.31715 43.5163
 6.0406 43.6834
 5.71495 43.8666
 5.7653 44.153
 5.93655 44.4007
 5.52905 44.2943
 5.07435 44.3394
 4.372 43.6651
 3.4516 42.878
 3.1202 42.7858
 3.07735 42.746
 2.77925 42.7961
 2.51565 42.826
 2.4209 42.7936
 2.42685 42.3835
 1.9517 41.7537
 0.9217 41.1402
 0.42775 40.8422
 0.32915 41.0878
 0.12045 41.2906
 -0.33565 41.191
 -0.8781 40.8749
 -1.17305 40.5573
 -1.42395 40.4058
 -1.6594 40.3207
 -1.99965 40.3054
 -2.48935 40.326
 -2.7384 40.3332
 -2.7753 40.353
227 84 9
 6.21015 41.7924
 6.12375 40.1413
 6.15165 39.8264
 6.4985 38.764
 6.91795 38.0239
 7.6184 38.0675
 8.35995 38.0658
 8.50825 38.0352
 8.5301 38.0286
228 41 50
 10.9363 52.1567
 10.9989 50.8354
 11.065 50.1283
 11.1119 50.0569
 11.3101 50.049
 11.9127 50.1107
 12.6679 50.2702
 13.6573 49.7879
 14.4946 49.1415
 14.6538 49.0508
 14.5774 48.8883
 14.767 48.4002
 15.0406 48.0004
 15.1985 47.9461
 15.6758 48.0284
 16.2701 48.0826
 16.7937 48.0511
 17.1641 48.0543
 17.2946 48.0509
 17.3131 48.1437
 17.2344 48.5405
 17.2753 48.924
 17.3869 48.9915
 17.5443 48.898
 17.8224 48.6625
 17.9491 48.4985
 18.1974 48.6015
 18.5266 48.7977
 18.6975 48.8657
 18.8699 49.0706
 18.9101 49.3125
 18.9655 49.4042
 19.1002 49.5096
 19.1532 49.5396
 19.1252 49.572
 19.0953 49.6097
 19.0348 49.6467
 18.9894 49.6808
 19.0415 49.7311
 19.097 49.7761
 19.1213 49.8107
 19.188 49.8466
 19.2321 49.8663
 19.2484 49.8679
 19.2625 49.864
 19.2994 49.8542
 19.3328 49.7808
 19.3236 49.7121
 19.3047 49.6978
 19.2944 49.687
228 71 3
 10.9363 52.1567
 10.8668 52.8955
 10.8136 52.9739
229 41 48
 16.3936 52.4907
 17.0919 52.7053
 17.4124 52.6628
 17.7204 52.552
 18.0697 52.3636
 18.1799 52.1795
 18.1789 52.1068
 18.2229 51.9393
 18.2183 51.745
 18.1086 51.4138
 17.828 50.9742
 17.5815 50.7877
 17.5478 50.6091
 17.5279 50.2615
 17.4958 50.0526
 17.397 49.9167
 17.5133 49.5839
 17.7178 49.2855
 17.5876 49.1879
 17.4146 49.0709
 17.3869 48.9915
 17.5443 48.898
 17.8224 48.6625
 17.9491 48.4985
 18.1974 48.6015
 18.5266 48.7977
 18.6975 48.8657
 18.8699 49.0706
 18.9101 49.3125
 18.9655 49.4042
 19.1002 49.5096
 19.1532 49.5396
 19.1252 49.572
 19.0953 49.6097
 19.0348 49.6467
 18.9894 49.6808
 19.0415 49.7311
 19.097 49.7761
 19.1213 49.8107
 19.188 49.8466
 19.2321 49.8663
 19.2484 49.8679
 19.2625 49.864
 19.2994 49.8542
 19.3328 49.7808
 19.3236 49.7121
 19.3047 49.6978
 19.2944 49.687
229 44 3
 16.3936 52.4907
 16 52.2495
 16.0453 52.1787
230 4 18
 -0.3758 38.1718
 0.12295 39.1847
 0.19205 39.2972
 0.246 39.8352
 0.3611 40.4395
 0.44685 40.6815
 0.42775 40.8422
 0.32915 41.0878
 0.12045 41.2906
 -0.33565 41.191
 -0.8781 40.8749
 -1.17305 40.5573
 -1.42395 40.4058
 -1.6594 40.3207
 -1.99965 40.3054
 -2.48935 40.326
 -2.7384 40.3332
 -2.7753 40.353
230 56 12
 -0.3758 38.1718
 -0.8108 37.1856
 -0.56905 36.6545
 -0.5859 35.7063
 -0.6702 35.0454
 -0.4434 34.7938
 -0.14405 34.3311
 0.2729 33.6245
 -0.12875 33.0543
 -0.8613 32.7671
 -1.04115 32.79
 -1.0782 32.7957
231 75 23
 -14.4727 34.861
 -15.03 34.1036
 -15.8934 33.4753
 -16.6055 32.8164
 -16.7014 32.4916
 -16.7271 32.3962
 -16.854 32.2016
 -16.9538 31.8771
 -17.1186 31.5779
 -17.1822 31.4874
 -17.2298 31.5237
 -17.2919 31.5761
 -17.3924 31.5984
 -17.5031 31.5927
 -17.5389 31.5736
 -17.6448 31.5711
 -17.7493 31.5958
 -17.7685 31.6098
 -17.8174 31.5793
 -17.8258 31.5329
 -17.7805 31.462
 -17.7358 31.4296
 -17.7134 31.4517
231 117 8
 -14.4727 34.861
 -14.0091 35.3453
 -13.3117 35.4959
 -12.7297 35.8029
 -12.4914 35.9782
 -12.3511 35.8674
 -12.2516 35.7512
 -12.1864 35.754
232 21 7
 -10.603 15.8652
 -10.5385 15.1947
 -10.5317 14.746
 -10.3146 14.6323
 -10.2034 14.5204
 -10.1831 14.4177
 -10.183 14.4095
232 30 6
 -10.603 15.8652
 -11.0544 16.3429
 -11.5563 16.4927
 -11.7488 16.3979
 -11.7288 16.2821
 -11.7508 16.2509
233 43 9
 36.3246 2.88825
 37.1089 2.4059
 37.4392 2.2338
 37.4647 2.06545
 37.6529 2.0543
 38.1508 1.7647
 38.501 1.56215
 38.5808 1.4887
 38.6172 1.4441
233 95 8
 36.3246 2.88825
 35.6927 3.44125
 35.2372 3.56175
 34.8737 3.41575
 34.5703 3.01525
 34.2738 2.74685
 34.2031 2.7878
 34.1886 2.784
234 105 8
 40.9957 26.6106
 41.1604 25.9214
 40.9776 25.4873
 40.519 24.9165
 40.2936 24.3806
 39.9881 24.127
 39.6431 23.9723
 39.5915 23.9881
234 124 5
 40.9957 26.6106
 40.788 27.3841
 40.5236 27.7139
 40.3551 27.6485
 40.3458 27.6537
235 124 8
 36.0513 27.247
 37.6888 26.5642
 37.9812 26.6815
 39.0471 27.0506
 40.1193 27.3566
 40.3179 27.5566
 40.3551 27.6485
 40.3458 27.6537
235 90 6
 36.0513 27.247
 34.4987 27.8283
 34.2119 27.651
 33.5681 28.0808
 33.1274 28.7034
 33.1051 28.7614
236 57 7
 37.5243 14.1954
 38.518 13.5516
 39.0543 13.1719
 39.1014 13.0518
 39.1563 12.9557
 39.1849 12.9307
 39.2059 12.9283
236 122 4
 37.5243 14.1954
 37.28 15.3882
 37.4156 16.3014
 37.3385 16.3325
237 91 18
 21.6879 38.0917
 22.9225 38.0551
 23.5569 37.7547
 23.6456 36.8547
 23.4972 35.5774
 23.7421 34.8879
 24.5486 34.2038
 25.4417 33.6665
 25.9871 32.6099
 26.347 31.5485
 26.2748 31.3489
 26.835 31.2102
 27.4935 31.4424
 27.931 31.7194
 29.0168 31.4428
 29.7654 30.7555
 29.7698 30.1622
 29.8148 29.975
237 86 5
 21.6879 38.0917
 20.17 38.0276
 19.6841 38.1969
 19.5523 38.3751
 19.4862 38.5148
238 74 10
 27.5139 46.9463
 27.219 45.396
 27.102 45.0026
 26.1731 44.2324
 24.9771 43.6969
 24.5616 43.7667
 24.3459 43.7414
 24.054 43.5382
 23.8491 43.3279
 23.7526 43.2825
238 64 5
 27.5139 46.9463
 27.8008 48.3033
 27.7638 48.4893
 27.6786 48.679
 27.6232 48.7049
239 41 34
 26.9764 49.4294
 26.535 50.2907
 26.1049 51.37
 25.6883 51.8922
 25.3218 52.1942
 24.9015 51.9232
 24.2243 51.6445
 23.5865 51.6655
 23.0173 51.6937
 22.6255 51.593
 22.2094 51.3538
 21.541 51.0697
 20.953 51.0752
 20.5847 50.9508
 20.2627 50.7431
 20.1674 50.8396
 20.0724 50.778
 19.9825 50.6619
 19.9279 50.5939
 19.7885 50.5094
 19.6652 50.3797
 19.6447 50.3071
 19.659 50.2042
 19.6348 50.0373
 19.6082 49.9563
 19.5458 49.9269
 19.4799 49.9107
 19.4626 49.907
 19.4461 49.8826
 19.4107 49.8357
 19.3574 49.7619
 19.3236 49.7121
 19.3047 49.6978
 19.2944 49.687
239 64 4
 26.9764 49.4294
 27.2598 49.1383
 27.5505 48.7876
 27.6232 48.7049
240 125 23
 33.8559 58.8026
 32.7905 59.9578
 32.4519 60.0104
 31.9613 60.7383
 31.5885 61.0629
 31.4095 60.9953
 31.1991 61.2354
 30.4936 61.5929
 29.7036 62.1561
 29.406 62.5694
 29.2639 62.5743
 29.1231 62.4025
 28.8909 62.2207
 28.5858 62.1376
 28.3106 61.9023
 28.1525 61.611
 28.0639 61.5539
 27.7644 61.5498
 27.3608 61.5105
 26.9398 61.2943
 26.5381 61.0783
 26.4 61.0433
 26.3797 61.0035
240 61 13
 33.8559 58.8026
 34.964 57.2211
 36.4272 56.6277
 38.2192 56.3483
 38.8815 56.598
 39.041 56.7664
 39.1681 56.9091
 39.3946 57.0436
 39.5669 57.0527
 39.6514 57.0728
 39.7507 57.155
 39.8261 57.263
 39.8229 57.3117
241 61 20
 46.7546 49.6228
 46.4894 51.4879
 45.8895 52.4258
 44.491 52.8641
 43.5213 52.6878
 43.3396 52.245
 43.3894 52.601
 42.6734 53.305
 41.5462 53.7858
 40.8644 54.6214
 41.1087 56.0039
 41.5616 56.4277
 41.421 56.519
 41.0137 56.8445
 40.553 57.088
 40.3671 57.1516
 40.1658 57.2792
 39.9303 57.2978
 39.83 57.306
 39.8229 57.3117
241 106 33
 46.7546 49.6228
 46.9946 47.9222
 47.0152 47.6021
 47.1387 47.5405
 48.244 47.2078
 49.4791 47.0728
 50.201 47.514
 51.0821 47.5616
 51.9482 47.3214
 52.4715 47.2561
 53.1679 46.2044
 53.7767 45.089
 53.7272 44.4765
 53.6018 43.7993
 53.3543 43.2646
 52.8161 42.2755
 53.0367 41.3064
 54.0807 40.6217
 54.6618 40.208
 54.569 39.2983
 54.0131 38.2906
 52.6894 37.7796
 51.0401 37.9318
 49.6372 38.2262
 48.7895 37.916
 48.6598 36.8503
 47.958 35.4449
 46.9355 34.3415
 45.7532 33.1659
 46.7095 33.3684
 47.8538 31.7791
 49.2902 30.8576
 49.7268 31.2134
242 115 4
 35.5911 48.0494
 36.1563 48.1889
 36.4377 48.4272
 36.4609 48.4212
242 39 3
 35.5911 48.0494
 35.2834 48.156
 35.2826 48.1576
243 39 8
 32.364 48.9142
 33.456 47.9068
 34.1272 47.7167
 34.5912 48.0012
 34.9528 48.2225
 35.2345 48.1886
 35.28 48.1604
 35.2826 48.1576
243 114 3
 32.364 48.9142
 31.5399 49.7457
 31.4779 49.8148
244 91 5
 31.5001 29.09
 30.5201 28.9888
 29.9762 29.5039
 29.8086 29.9289
 29.8148 29.975
244 90 4
 31.5001 29.09
 32.484 29.0467
 32.9815 28.7638
 33.1051 28.7614
245 6 14
 57.1205 34.4861
 57.5812 34.1968
 57.6403 33.6572
 57.711 33.0334
 57.7211 32.1586
 57.6796 31.4757
 57.6145 30.7129
 57.5545 30.2327
 57.5565 30.0394
 58.656 30.0649
 59.9039 29.9681
 59.5208 28.7421
 59.0081 27.7049
 59.0615 27.6562
245 106 20
 57.1205 34.4861
 55.6104 34.4045
 54.5699 34.2131
 53.713 33.9867
 52.8624 34.3224
 52.4696 34.34
 53.0864 35.1812
 53.4979 36.9481
 52.6894 37.7796
 51.0401 37.9318
 49.6372 38.2262
 48.7895 37.916
 48.6598 36.8503
 47.958 35.4449
 46.9355 34.3415
 45.7532 33.1659
 46.7095 33.3684
 47.8538 31.7791
 49.2902 30.8576
 49.7268 31.2134
246 108 6
 59.5998 26.2518
 60.7085 25.1773
 61.1656 24.8127
 61.5625 23.6487
 61.8799 22.857
 61.8838 22.8565
246 6 3
 59.5998 26.2518
 58.9632 27.4953
 59.0615 27.6562
247 118 10
 70.569 19.4423
 69.94 18.9108
 69.5638 18.119
 70.2672 17.3344
 70.7332 16.8147
 71.4031 16.4753
 70.6109 15.3428
 70.0493 13.9961
 69.7684 13.8905
 69.7696 13.8657
247 7 5
 70.569 19.4423
 71.5919 20.2483
 73.0027 20.767
 73.2547 20.6905
 73.2607 20.6907
248 14 17
 68.5086 13.3268
 67.2649 12.8559
 66.4724 12.9468
 65.7327 13.219
 65.3275 13.3906
 64.7867 13.0304
 64.0172 12.7745
 63.4837 13.5178
 63.1526 14.214
 62.3619 13.683
 61.3056 13.4398
 60.9335 13.7794
 60.8828 13.7622
 60.7577 13.5273
 60.593 13.3457
 60.5448 13.3598
 60.5234 13.3597
248 118 4
 68.5086 13.3268
 69.3692 13.8073
 69.6153 13.8598
 69.7696 13.8657
249 59 40
 79.3429 7.21145
 79.3015 6.56355
 79.4183 6.365
 79.4927 6.26795
 79.5856 6.2611
 79.8729 6.0982
 80.0061 5.8794
 80.2605 5.1614
 80.7798 4.4389
 80.6225 4.1217
 80.2909 3.87085
 80.0769 3.81635
 79.8288 3.67445
 79.7522 3.35645
 79.7565 3.00405
 79.8625 2.8515
 79.9295 2.78515
 79.9997 2.67195
 80.0704 2.52705
 80.056 2.07515
 80.2724 1.8589
 80.6131 2.03755
 80.862 2.0855
 81.0397 2.1155
 81.2811 2.0978
 81.6927 2.15325
 81.9703 2.22305
 82.1164 2.33105
 82.2355 2.52445
 82.3844 2.88725
 82.3787 3.25005
 82.1632 3.4188
 82.0701 3.5604
 82.2766 3.8294
 82.5417 4.05195
 82.6615 4.0266
 82.7249 4.0398
 82.7898 4.077
 82.8767 4.12555
 82.9153 4.167
249 70 21
 79.3429 7.21145
 79.5916 8.19165
 79.8628 8.6303
 79.4797 8.8059
 79.3721 9.1732
 79.383 9.464
 79.034 9.826
 78.7495 10.3615
 78.827 11.056
 78.9878 11.4601
 79.0394 11.4834
 79.1623 11.5634
 79.268 11.6424
 79.3166 11.6891
 79.3742 11.9661
 79.381 12.245
 79.4503 12.3319
 79.5524 12.3918
 79.6028 12.3986
 79.6385 12.3977
 79.6416 12.3999
250 49 21
 46.7225 -1.6727
 47.3661 -0.53525
 47.1836 -0.22875
 46.5435 -0.31055
 46.0135 -0.36375
 45.7038 0.2227
 45.1767 0.898
 45.0133 1.05385
 45.0471 1.1658
 45.1526 1.23565
 45.3151 1.22315
 45.2316 1.37585
 45.1377 1.56285
 45.1471 1.61795
 45.2242 1.69675
 45.2346 1.77425
 45.3149 1.8568
 45.3535 1.9774
 45.2738 2.00305
 45.2194 1.96905
 45.2057 1.959
250 43 20
 46.7225 -1.6727
 45.9382 -2.4045
 45.228 -2.4596
 44.5444 -2.68515
 44.388 -2.9366
 44.1837 -3.01845
 44.0555 -2.9138
 43.5285 -2.9089
 42.9098 -2.92365
 42.5044 -2.1892
 42.1749 -1.352
 41.8402 -0.99065
 41.4828 -0.4538
 41.3699 -0.3562
 40.7886 -0.14255
 40.0919 -0.04405
 39.505 0.4125
 38.8055 1.0887
 38.6214 1.43135
 38.6172 1.4441
251 49 22
 48.8116 -1.4078
 48.038 -0.86365
 47.5234 -0.2419
 47.1836 -0.22875
 46.5435 -0.31055
 46.0135 -0.36375
 45.7038 0.2227
 45.1767 0.898
 45.0133 1.05385
 45.0471 1.1658
 45.1526 1.23565
 45.3151 1.22315
 45.2316 1.37585
 45.1377 1.56285
 45.1471 1.61795
 45.2242 1.69675
 45.2346 1.77425
 45.3149 1.8568
 45.3535 1.9774
 45.2738 2.00305
 45.2194 1.96905
 45.2057 1.959
251 3 8
 48.8116 -1.4078
 49.4637 -1.4292
 49.6482 -1.4553
 49.7694 -1.44375
 49.9502 -1.41945
 50.0744 -1.4561
 50.1578 -1.53905
 50.1845 -1.5709
252 120 18
 65.5311 -3.33385
 65.2144 -4.40735
 64.6989 -5.2129
 64.1547 -5.30585
 64.1199 -5.72245
 64.1369 -6.42195
 64.1581 -6.7579
 63.9477 -6.97715
 63.6291 -7.3664
 63.4443 -7.60255
 63.2687 -7.8341
 63.1106 -7.94925
 63.0842 -8.186
 63.1667 -8.6104
 62.5904 -8.65235
 62.2449 -9.08095
 62.3419 -9.26915
 62.3592 -9.3258
252 103 7
 65.5311 -3.33385
 66.2074 -2.7272
 66.6066 -2.38535
 66.8558 -2.51345
 67.1226 -2.8106
 67.2007 -2.92435
 67.2062 -2.9293
253 87 9
 84.7814 -2.85315
 85.8068 -3.3115
 86.4645 -3.71135
 86.5434 -3.80355
 86.6422 -3.8197
 86.7694 -3.79525
 86.8387 -3.69955
 86.8184 -3.61625
 86.8167 -3.6112
253 38 5
 84.7814 -2.85315
 83.8094 -2.67705
 83.1982 -2.56155
 83.1711 -2.4862
 83.1703 -2.4778
254 78 6
 83.2216 -11.7557
 82.6713 -12.0679
 82.5332 -12.0416
 81.9635 -11.4883
 81.4557 -11.0196
 81.4516 -11.0077
254 88 4
 83.2216 -11.7557
 84.0907 -11.6905
 84.573 -11.9461
 84.6645 -12.0247
255 79 15
 71.155 -16.9806
 69.9211 -16.3177
 69.2634 -15.5226
 69.0404 -14.5262
 68.8253 -13.9488
 68.879 -13.8154
 68.5823 -13.3541
 68.1329 -12.6224
 67.7365 -12.2262
 67.1531 -11.6454
 66.578 -10.7947
 66.0377 -10.2662
 65.8033 -10.0035
 65.7725 -9.96235
 65.7429 -9.9506
255 19 14
 71.155 -16.9806
 72.1049 -16.969
 73.1331 -16.752
 72.5206 -17.1049
 73.1985 -18.1343
 74.1844 -18.5064
 74.57 -18.3081
 74.9258 -18.2592
 75.4218 -18.3373
 75.7321 -18.5054
 76.0076 -18.6656
 76.1412 -18.8354
 76.1147 -18.9466
 76.0699 -18.9994
256 1 22
 59.844 -7.4088
 58.9521 -7.6883
 58.7803 -7.6291
 58.6916 -7.4753
 58.7421 -7.1467
 58.6931 -6.75165
 58.579 -6.5754
 58.5658 -6.54095
 58.3909 -6.56495
 58.228 -6.7001
 57.9658 -6.8589
 57.6987 -6.95175
 57.6649 -7.10855
 57.4877 -7.29045
 57.0947 -7.5785
 56.6488 -7.906
 56.4642 -8.10905
 56.3419 -8.19535
 56.1382 -8.2302
 55.9872 -8.33645
 55.883 -8.44295
 55.8676 -8.4526
256 120 13
 59.844 -7.4088
 60.9358 -6.9882
 61.2607 -7.1099
 61.5944 -7.6397
 61.93 -7.90105
 62.5131 -7.91445
 63.1106 -7.94925
 63.0842 -8.186
 63.1667 -8.6104
 62.5904 -8.65235
 62.2449 -9.08095
 62.3419 -9.26915
 62.3592 -9.3258
257 42 16
 57.1525 -6.79935
 56.5815 -6.5555
 56.2795 -6.1408
 56.1817 -5.88165
 56.1191 -5.82665
 56.0292 -5.69715
 55.9971 -5.40685
 56.0281 -5.1272
 55.8928 -4.9974
 55.7573 -4.9393
 55.7248 -4.89565
 55.6645 -4.86255
 55.591 -4.8119
 55.4917 -4.74585
 55.3822 -4.7135
 55.3386 -4.7172
257 1 13
 57.1525 -6.79935
 57.5814 -6.939
 57.6987 -6.95175
 57.6649 -7.10855
 57.4877 -7.29045
 57.0947 -7.5785
 56.6488 -7.906
 56.4642 -8.10905
 56.3419 -8.19535
 56.1382 -8.2302
 55.9872 -8.33645
 55.883 -8.44295
 55.8676 -8.4526
258 66 11
 62.2127 -1.18335
 61.2002 -1.5339
 61.0925 -1.72805
 60.9292 -1.7686
 60.8008 -1.80175
 60.7009 -1.7974
 60.6029 -1.7621
 60.5863 -1.70225
 60.5561 -1.59335
 60.53 -1.5202
 60.5292 -1.5181
258 82 6
 62.2127 -1.18335
 63.3148 -0.8561
 63.5808 -0.7583
 64.1129 -0.62355
 64.5634 -0.39345
 64.5988 -0.3548
259 42 14
 54.0298 -6.3168
 54.2564 -5.9721
 54.2725 -5.8713
 54.6143 -5.91165
 55.1517 -5.76295
 55.5274 -5.5804
 55.6189 -5.3536
 55.6432 -5.06705
 55.6917 -4.9244
 55.6645 -4.86255
 55.591 -4.8119
 55.4917 -4.74585
 55.3822 -4.7135
 55.3386 -4.7172
259 96 4
 54.0298 -6.3168
 53.5798 -6.35305
 53.3824 -6.19755
 53.3473 -6.2015
260 116 6
 39.1717 -10.7512
 39.346 -12.2657
 39.5481 -12.7621
 39.7494 -13.0403
 39.8175 -13.1192
 39.7939 -13.1517
260 52 6
 39.1717 -10.7512
 39.0548 -9.42885
 38.9659 -9.19905
 39.2916 -8.756
 39.7354 -8.45165
 39.7997 -8.4328
261 26 14
 34.4319 -19.3249
 33.9934 -20.0343
 34.0173 -20.305
 33.953 -20.753
 33.8057 -20.7976
 33.4725 -20.5361
 33.1804 -20.3592
 33.1044 -20.1182
 32.7973 -19.954
 32.4809 -19.943
 32.3298 -19.792
 32.1739 -19.5313
 32.1312 -19.3866
 32.1398 -19.3834
261 92 3
 34.4319 -19.3249
 34.8915 -18.6028
 34.8919 -18.582
262 133 9
 33.602 -30.7522
 33.3341 -30.0857
 33.1092 -29.8111
 33.0592 -29.6539
 33.0572 -29.4949
 33.168 -29.3806
 33.2511 -29.2407
 33.164 -29.1444
 33.1022 -29.0999
262 123 7
 33.602 -30.7522
 34.0042 -31.284
 34.3509 -31.3592
 34.2758 -31.4599
 33.9247 -31.5589
 33.6069 -31.5997
 33.5981 -31.6018
263 133 34
 31.635 -20.7265
 31.2887 -21.0947
 31.2347 -21.4643
 31.3552 -21.3877
 31.5753 -21.8067
 31.8922 -22.1269
 31.8315 -22.2487
 32.0996 -22.6011
 32.5306 -23.1147
 32.8279 -23.4472
 32.7199 -23.7783
 32.5761 -24.2078
 32.6267 -24.5182
 32.8075 -24.6395
 33.0061 -24.6394
 33.1441 -24.7283
 33.2486 -24.8686
 33.1177 -25.341
 33.0552 -26.0196
 33.2495 -26.3587
 33.5527 -26.4869
 33.3537 -26.4519
 33.3016 -26.6216
 33.2807 -26.8366
 33.5234 -27.0358
 33.7449 -27.4955
 33.8777 -27.915
 33.9536 -28.045
 33.6138 -28.1252
 33.2789 -28.1772
 33.2745 -28.4422
 33.2409 -28.8802
 33.1329 -29.0738
 33.1022 -29.0999
263 26 7
 31.635 -20.7265
 32.1451 -20.2845
 32.3599 -19.9405
 32.3298 -19.792
 32.1739 -19.5313
 32.1312 -19.3866
 32.1398 -19.3834
264 67 8
 26.5548 -42.2671
 26.3012 -42.9246
 26.2766 -43.009
 26.2599 -43.1194
 26.2534 -43.3908
 26.3554 -43.6864
 26.4514 -43.7997
 26.4454 -43.8086
264 13 8
 26.5548 -42.2671
 26.8836 -41.4878
 27.2154 -41.1092
 27.0873 -40.3853
 26.5414 -39.7498
 26.5308 -39.4622
 26.6861 -39.2676
 26.6759 -39.2464
265 69 14
 28.1506 -49.8633
 30.0477 -49.0034
 31.3272 -48.118
 31.5822 -47.9132
 32.1758 -47.7739
 32.697 -47.8685
 32.7422 -48.0191
 32.7754 -48.1013
 32.9153 -48.1211
 33.1562 -48.1165
 33.3778 -48.1256
 33.4923 -48.0875
 33.6357 -48.0613
 33.7489 -48.0809
265 65 7
 28.1506 -49.8633
 27.3762 -49.9632
 27.4402 -50.4038
 26.4373 -49.8886
 25.2108 -49.7458
 24.8277 -49.5574
 24.7552 -49.3772
266 111 13
 29.9788 -41.6558
 30.3163 -42.5226
 30.352 -42.9299
 30.8394 -43.1217
 31.4352 -43.6262
 31.5873 -44.0898
 31.9041 -44.4786
 32.2744 -45.2452
 32.5098 -45.796
 31.9772 -45.9607
 31.5746 -46.3504
 31.5938 -46.5982
 31.6217 -46.6581
266 13 10
 29.9788 -41.6558
 29.6666 -41.1604
 28.9351 -40.9397
 27.8353 -40.8232
 27.2154 -41.1092
 27.0873 -40.3853
 26.5414 -39.7498
 26.5308 -39.4622
 26.6861 -39.2676
 26.6759 -39.2464
267 10 21
 34.9481 -34.6025
 35.2087 -35.3645
 36.0471 -35.7356
 36.7575 -35.4744
 36.9492 -35.1987
 37.2248 -35.1899
 37.7104 -35.4009
 37.8274 -35.9184
 37.7768 -36.3788
 37.9943 -36.812
 38.4442 -36.9074
 38.7646 -36.7234
 39.024 -36.9928
 39.2498 -37.4555
 39.2307 -37.7336
 39.2007 -38.0519
 39.2418 -38.3659
 39.3074 -38.4548
 39.3315 -38.513
 39.3606 -38.589
 39.372 -38.6318
267 99 8
 34.9481 -34.6025
 35.0365 -33.8046
 35.6302 -33.2821
 36.2593 -33.1079
 36.3525 -33.0335
 36.7123 -32.8691
 37.2334 -32.6734
 37.4033 -32.6379
268 69 6
 33.7017 -47.0168
 33.7769 -47.6898
 33.8317 -47.814
 33.8092 -47.9171
 33.7729 -48.0415
 33.7489 -48.0809
268 111 12
 33.7017 -47.0168
 33.522 -46.3948
 33.3705 -46.2878
 33.2811 -46.0152
 33.1974 -45.6859
 32.9824 -45.7863
 32.7199 -45.8059
 32.5098 -45.796
 31.9772 -45.9607
 31.5746 -46.3504
 31.5938 -46.5982
 31.6217 -46.6581
269 10 15
 37.5578 -38.0121
 37.7433 -37.5103
 37.872 -37.2031
 37.9943 -36.812
 38.4442 -36.9074
 38.7646 -36.7234
 39.024 -36.9928
 39.2498 -37.4555
 39.2307 -37.7336
 39.2007 -38.0519
 39.2418 -38.3659
 39.3074 -38.4548
 39.3315 -38.513
 39.3606 -38.589
 39.372 -38.6318
269 98 18
 37.5578 -38.0121
 37.0081 -38.6865
 36.6513 -39.0738
 36.3413 -38.8078
 36.1635 -39.3965
 36.2222 -39.8451
 36.487 -40.1161
 35.8433 -40.0826
 35.1845 -40.291
 35.0584 -40.7964
 35.1907 -41.1712
 35.4139 -41.5466
 35.4872 -41.8801
 35.4044 -42.1063
 35.2476 -41.9728
 34.6358 -41.8422
 34.083 -41.863
 34.021 -41.8671
270 133 24
 36.0553 -23.9587
 34.66 -24.0729
 33.7712 -24.34
 33.4387 -24.5593
 33.1512 -24.6412
 33.1441 -24.7283
 33.2486 -24.8686
 33.1177 -25.341
 33.0552 -26.0196
 33.2495 -26.3587
 33.5527 -26.4869
 33.3537 -26.4519
 33.3016 -26.6216
 33.2807 -26.8366
 33.5234 -27.0358
 33.7449 -27.4955
 33.8777 -27.915
 33.9536 -28.045
 33.6138 -28.1252
 33.2789 -28.1772
 33.2745 -28.4422
 33.2409 -28.8802
 33.1329 -29.0738
 33.1022 -29.0999
270 11 4
 36.0553 -23.9587
 37.0808 -23.752
 37.5343 -23.4356
 37.6098 -23.3485
271 36 7
 44.5071 -18.9033
 44.0478 -17.8778
 43.681 -17.6932
 43.6088 -17.2358
 43.778 -16.5272
 43.77 -16.2026
 43.7809 -16.1773
271 121 7
 44.5071 -18.9033
 45.1233 -19.5012
 46.0824 -19.7951
 47.5053 -20.667
 48.3301 -21.0338
 48.5019 -21.1342
 48.576 -21.1547
272 62 4
 48.6811 -19.2286
 48.8846 -18.6151
 49.1672 -18.3624
 49.2251 -18.37
272 121 6
 48.6811 -19.2286
 48.651 -20.1803
 48.6263 -20.8079
 48.5404 -20.9754
 48.5019 -21.1342
 48.576 -21.1547
273 79 21
 63.0508 -21.3154
 64.759 -21.5506
 66.006 -22.3051
 66.9531 -21.3506
 67.2907 -19.1439
 67.4505 -17.624
 68.1272 -16.962
 69.0455 -16.3217
 69.2634 -15.5226
 69.0404 -14.5262
 68.8253 -13.9488
 68.879 -13.8154
 68.5823 -13.3541
 68.1329 -12.6224
 67.7365 -12.2262
 67.1531 -11.6454
 66.578 -10.7947
 66.0377 -10.2662
 65.8033 -10.0035
 65.7725 -9.96235
 65.7429 -9.9506
273 127 4
 63.0508 -21.3154
 61.2513 -21.8246
 60.6808 -21.9291
 60.6811 -21.9424
277 70 10
 83.2199 14.9541
 82.5321 15.0716
 81.7758 14.6606
 81.1646 13.8664
 80.4989 13.4817
 80.4312 12.9962
 80.5301 12.4826
 80.1669 12.3644
 79.7007 12.3967
 79.6416 12.3999
278 88 9
 93.9327 -11.049
 93.3614 -11.9863
 90.0793 -13.9966
 86.7123 -14.4586
 86.0305 -13.7923
 85.9643 -13.436
 85.3004 -12.5995
 84.6707 -12.0443
 84.6645 -12.0247
279 27 11
 45.064 76.9855
 46.224 75.1785
 47.373 73.3338
 47.0821 72.9221
 46.8303 71.8017
 46.6001 70.731
 45.9856 69.5525
 45.4794 68.5767
 45.7895 68.2314
 46.2762 67.7421
 46.3028 67.4765
