   1.6439094492077944     
   2.0583895344607801     
   4.2895055349391873     
   3.3357571476172700     
   5.3164072256984118     
   3.7853565860771878     
   6.5366971333998629     
  0.55766167914573117     
   1.0808224885523199     
   3.3599988511414440     
   3.0823371981872114     
   3.1269226657436073     
   1.1197310037948465     
   1.5050109835200971     
   5.2910694743700475     
   2.4239159283111991     
   4.8546599142290425     
   1.8008614161570289     
   5.4070771248148732     
   3.1072884234415712     
  0.54625223228699371     
  0.72643406211996076     
   2.0934873867959469     
   1.4921147421907845     
   2.4668775270879393     
   1.6215721474554865     
   5.5521933407445916     
   3.0817726058605039     
   3.5113451369979027     
   1.6925975907750406     
   6.5594517426275596     
   1.3174948163992950     
   2.3262449383442352     
   1.7970661720750203     
   1.4051411442401254     
  0.90112121602431416     
   5.9602686246751277     
  0.99727619941129009     
   2.7497788251479900     
   2.4405311075036416     
   5.9106575007132056     
   1.5389232749703281     
   2.4701291775105894     
   1.7632408997162463     
   7.4614487964410978     
   2.0847966900679529     
   8.4292208632464156     
   2.6539208840791537     
   3.3521093889791489     
   3.1997968611489860     
   12.828278302854129     
   1.7364948229404971     
   5.6950957251118872     
   2.7515104924290670     
   3.1269423256082254     
   1.3412713153599565     
   4.9176636803709872     
   5.4960039335625170     
   4.0941105023924020     
   2.1387777050275458     
   3.4393029540347619     
   1.6379723915964788     
   5.2060427715842632     
  0.93860723566068616     
   3.5625235490470706     
  0.86189043847478486     
  0.89840281605824301     
  0.64383697166229248     
   1.1800222014178405     
   1.5623445534392857     
   1.2177844854116111     
   2.1252538076514780     
   5.5804432777036261     
   3.0920187670149026     
   2.8179211053628488     
   1.0390738853308097     
   8.1253478212780781     
   3.6138096240159356     
   2.7426768493490852     
   1.3715058221006700     
   3.8872125219963971     
   4.6541946112399053     
   7.3669129273133809     
   6.2674031919250845     
   6.2482685588387321     
   1.1151503571285930     
   4.2311819482874560     
   1.2014938163082252     
  0.90615865553862951     
   3.2413262272575829     
   1.1957757016475619     
   1.2809206728760005     
   3.6485200004426508     
   5.1367755224893763     
   4.8039028370922736     
   1.3361237961534631     
   2.3671281709884480     
   1.5156043972125257     
   3.4276059695312697     
   2.7629780126411494     
   2.9124004737787539     
   1.0657806505835352     
   3.3848011642367637     
   3.0569835983499134     
   1.3883098948658901     
   2.9379339628674335     
   2.0201193234196588     
   1.0011448072458236     
   4.9848287177918875     
   1.6161914771280570     
   2.2331577406921728     
   1.0962032431422843     
   2.7991113032294734     
   2.7049577919698828     
   8.6201527425677629     
   5.3993848800059556     
   1.0332817576809692     
  0.87082735037525894     
   1.3435179680084313     
   1.5976234616536868     
   2.0864797512325763     
   1.9988699328640225     
   3.5838484600387717     
   3.9745733905601344     
  0.68921364909970562     
  0.71599009575551609     
  0.98717025953748339     
   1.0714261357568959     
   3.5339752969004912     
   1.9804586493511733     
   3.1631009613021455     
   1.6990849390242142     
   1.2586582501231653     
   1.3522158488027445     
   9.7907155092013465     
   8.6253704612507338     
   1.2938044914918057     
  0.58031787787054179     
   4.5215987364157568     
   1.5366203638244369     
   5.1500210239706359     
  0.37325032440116640     
   2.5260117122268926     
  0.97037679342534233     
   1.7760198533790417     
   1.8357311552559412     
   2.1567286136901225     
   5.5558033167683565     
   1.6026193909619018     
   1.1698921938624816     
   2.4870433235993916     
   3.1729668508791558     
   2.1502137071155780     
  0.79031638322762987     
   10.562584970490040     
   3.8668415353326839     
   3.3000139338810430     
   4.3267939772009933     
   2.2907958470184129     
   1.7703727478950015     
   1.3409766651050790     
   2.1009878780210389     
   6.0795588717078903     
   2.9913296532331199     
   12.131854186724690     
   4.2776238871767447     
   12.160616611719892     
   7.4699570111650031     
   3.3151176295901212     
   1.7026531352623571     
   3.2797726858271168     
   2.2093677962760525     
   8.3768709936338563     
   4.0926017150118525     
   5.4994712072045679     
  0.65269287505848461     
   4.8678121390755305     
   2.1248999820865500     
   6.5967439994199459     
   1.9996858842783887     
   3.7510704595459856     
   1.8238361211836467     
   7.9919478315003651     
   3.6469999116718577     
   7.0511459807407650     
  0.83680775930993356     
   4.8055655201725171     
  0.54567777072380919     
   3.9156548095114272     
   4.0472141269791901     
   2.9150468840087855     
   1.6377289899875613     
   1.0315544942316819     
  0.94816593623663015     
   1.8330468545644436     
   1.6613488101127465     
   1.9457855430402213     
  0.99230231335700558     
   3.2053156731656256     
   2.5562158068293765     
   1.3721547520681823     
   1.3838331183971229     
   7.5304853197092676     
   1.8954464883832354     
   3.7750503530821367     
   1.6561069040882150     
   5.2186473351550227     
  0.62649267302662559     
   5.7705452809653366     
   4.5074688565366978     
   7.5032233623251292     
   18.433624829430340     
  0.63008749038859668     
  0.32743106601924993     
   2.3213551312149439     
   1.2635352271562059     
   1.4885795250065483     
   1.2320989215051252     
   4.8686915576904566     
   13.487968985154373     
   2.7816159124920508     
   1.5855311154418947     
   4.1369662173790189     
   1.5716495280335780     
   5.4767550620810761     
   1.2944789095059792     
   6.0140435008950250     
   3.4159049783633537     
   3.4836511352744264     
   5.7237158101296659     
   3.5074747723860806     
  0.98681668566277181     
   4.2716799544640685     
   1.3340955214025509     
   1.4651242674220637     
   1.0763366481267806     
   1.4520304014902989     
   1.1127907276101687     
   5.0864994852624168     
   3.7772441164449817     
   3.2194828115003564     
   3.4664030912621975     
   1.7598809485181928     
   1.7469733858667738     
   1.4817444378296092     
   1.8033798813214144     
   1.7363061392952053     
  0.52210082557431026     
   1.9482167984832350     
   2.0114044922900760     
   2.6015386288363467     
  0.87675978508490959     
   1.2484762133496488     
   1.1218412471385115     
   5.6410819384049704     
  0.98652094267827117     
   1.1505385857900359     
   1.9158182047897163     
   3.6196983106440932     
   2.5294667771230026     
   3.6653375962105885     
   2.7615156014961042     
   4.2934631074178551     
   2.1982730982857359     
  0.87498322296266728     
   2.0744162417625680     
   2.3849639863682626     
   4.3238933409639104     
   4.7043575228275873     
   1.2766594149629034     
   1.9389677365868583     
   2.8032533959939769     
  0.76316357166107729     
   1.2941847381510514     
   9.4025333853700310     
   1.8967631472185265     
   2.6904417312376969     
   5.7186951317097279     
   5.8029093042362270     
