301
146 112 14
 2.1811 -45.194
 3.13855 -47.2052
 2.95975 -47.6062
 2.0275 -47.9538
 1.21625 -48.4726
 -0.09315 -49.3921
 -1.3653 -49.7187
 -1.57805 -49.5603
 -2.3635 -49.4586
 -3.12715 -49.4334
 -3.11435 -49.0466
 -3.17005 -48.6979
 -3.20415 -48.6609
 -3.2245 -48.6369
146 47 4
 2.1811 -45.194
 1.31805 -43.1658
 1.28735 -43.0311
 1.2779 -43.0257
147 93 14
 5.41825 -12.7476
 3.94865 -12.8595
 3.83125 -13.7144
 3.89575 -13.9125
 4.72475 -14.3626
 5.27025 -14.9189
 5.1587 -15.7245
 5.2101 -16.3647
 5.69835 -16.5114
 6.2704 -16.5043
 6.4973 -16.4161
 7.00665 -17.0676
 7.52115 -17.6777
 7.5431 -17.691
147 79 35
 5.41825 -12.7476
 7.49555 -13.6002
 8.38025 -14.1693
 9.0881 -14.5265
 9.65225 -13.6381
 9.8471 -12.6714
 9.6221 -12.7358
 9.1752 -12.1006
 8.9488 -11.3443
 8.3726 -10.4718
 7.5356 -9.6014
 7.06715 -9.115
 7.50845 -8.52435
 7.92175 -7.6277
 7.65605 -6.7197
 7.1686 -6.7485
 6.03295 -6.67115
 5.3464 -6.38565
 5.1424 -6.12285
 4.65105 -5.9478
 4.14905 -6.00765
 3.7907 -6.2398
 3.48225 -6.5529
 3.47555 -6.1081
 2.71255 -5.148
 2.10135 -4.4396
 2.3854 -4.12645
 2.89985 -3.77895
 3.122 -3.44085
 3.34765 -3.03335
 3.6915 -2.9425
 3.92375 -3.187
 4.0415 -3.35065
 4.05165 -3.3631
 4.0539 -3.3645
148 140 21
 -36.4571 -24.8551
 -36.0655 -24.3079
 -35.8772 -24.0112
 -36.0269 -23.5074
 -36.2631 -23.1595
 -36.5329 -23.0709
 -36.9556 -22.6865
 -37.267 -22.1026
 -37.2162 -21.6948
 -37.1927 -21.3223
 -37.393 -20.8518
 -37.6191 -20.4356
 -37.739 -20.2138
 -37.8212 -20.0655
 -37.9416 -19.9254
 -38.3783 -19.8894
 -38.9965 -19.958
 -39.2983 -20.0019
 -39.5075 -19.8549
 -39.6791 -19.723
 -39.7254 -19.7039
148 41 6
 -36.4571 -24.8551
 -36.6359 -25.44
 -36.9624 -25.7229
 -37.3167 -25.9241
 -37.3542 -26.0867
 -37.3845 -26.1633
149 3 12
 -34.697 16.6357
 -34.3702 16.9132
 -33.6552 16.6998
 -32.9 15.7927
 -32.4781 16.0476
 -32.206 16.988
 -32.3069 17.3503
 -32.5753 17.6474
 -32.7136 17.7304
 -32.711 17.87
 -32.7266 18.067
 -32.7984 18.1078
149 92 12
 -34.697 16.6357
 -35.1053 15.9093
 -35.7061 15.3788
 -36.1081 15.2176
 -36.5429 14.5956
 -36.7734 14.0827
 -37.1888 14.2896
 -37.6659 14.2503
 -37.9413 14.1292
 -38.8228 14.036
 -39.6449 14.0364
 -39.6697 14.1113
150 1 17
 -15.7857 -1.69055
 -16.2571 -1.4164
 -16.5241 -1.03795
 -16.858 -0.7762
 -17.0785 -0.6977
 -17.1635 -0.5911
 -17.4244 -0.429
 -17.7705 -0.5115
 -17.8845 -0.7361
 -17.9887 -0.7241
 -18.152 -1.10665
 -18.1135 -1.5427
 -18.0457 -1.6613
 -18.0654 -1.78185
 -17.8801 -1.9555
 -17.6966 -2.11375
 -17.6817 -2.1347
150 24 16
 -15.7857 -1.69055
 -15.2467 -1.7509
 -14.8246 -1.48905
 -14.4979 -1.2786
 -14.1038 -1.21885
 -13.5175 -1.34535
 -13.0863 -1.6451
 -12.7087 -1.82775
 -12.1362 -2.05495
 -11.6585 -2.20745
 -11.5275 -2.1447
 -11.4335 -2.1744
 -11.4865 -2.19875
 -11.4805 -2.34625
 -11.4906 -2.45665
 -11.4904 -2.4841
151 101 4
 33.3675 -23.677
 32.3075 -23.1653
 32.0783 -23.0744
 32.0512 -23.0452
151 111 3
 33.3675 -23.677
 34.2007 -24.2299
 34.1761 -24.3329
152 118 49
 32.1349 16.0175
 31.4012 15.1337
 30.7719 15.0842
 31.4429 14.7565
 32.3311 14.4054
 32.824 14.3435
 32.6796 14.0686
 32.805 13.6882
 32.8151 13.4812
 32.7551 13.4287
 32.9237 13.3468
 33.1314 13.158
 33.1871 12.918
 33.1925 12.7639
 33.2173 12.6819
 33.1184 12.5228
 33.0118 12.3701
 33.0354 12.2834
 33.0705 12.2361
 33.0883 12.2115
 33.0303 12.1347
 32.877 11.9595
 32.6432 11.7572
 32.4375 11.8095
 32.385 11.7633
 32.3699 11.51
 32.3675 11.4289
 32.5236 11.3953
 32.6591 11.3782
 32.6705 11.288
 32.6319 11.0923
 32.541 10.93
 32.4902 10.878
 32.5329 10.7723
 32.4858 10.6061
 32.3841 10.5459
 32.4127 10.4297
 32.3961 10.2915
 32.3847 10.2614
 32.4623 10.1407
 32.4919 10.0001
 32.4417 9.88315
 32.3246 9.71205
 32.3901 9.53245
 32.7575 9.09595
 32.8787 8.6264
 32.7449 8.4218
 32.608 8.18835
 32.5197 8.0239
152 114 4
 32.1349 16.0175
 32.3952 17.2448
 32.4653 17.7737
 32.4387 17.8166
153 118 60
 43.7057 11.2451
 43.5719 10.4589
 43.5542 9.72895
 42.6786 10.025
 41.1795 10.6367
 40.4356 10.9203
 39.6939 11.0077
 38.9455 11.3526
 38.9104 11.7637
 38.9706 11.958
 38.5772 12.1267
 38.0478 12.2803
 37.6246 12.1423
 36.8782 12.2549
 36.2831 12.8836
 35.8712 13.4461
 35.2888 13.8981
 34.8899 14.1309
 34.7551 14.0877
 34.3059 13.9235
 33.7875 13.7329
 33.5731 13.5946
 33.3764 13.2309
 33.251 12.8827
 33.1925 12.7639
 33.2173 12.6819
 33.1184 12.5228
 33.0118 12.3701
 33.0354 12.2834
 33.0705 12.2361
 33.0883 12.2115
 33.0303 12.1347
 32.877 11.9595
 32.6432 11.7572
 32.4375 11.8095
 32.385 11.7633
 32.3699 11.51
 32.3675 11.4289
 32.5236 11.3953
 32.6591 11.3782
 32.6705 11.288
 32.6319 11.0923
 32.541 10.93
 32.4902 10.878
 32.5329 10.7723
 32.4858 10.6061
 32.3841 10.5459
 32.4127 10.4297
 32.3961 10.2915
 32.3847 10.2614
 32.4623 10.1407
 32.4919 10.0001
 32.4417 9.88315
 32.3246 9.71205
 32.3901 9.53245
 32.7575 9.09595
 32.8787 8.6264
 32.7449 8.4218
 32.608 8.18835
 32.5197 8.0239
153 70 4
 43.7057 11.2451
 44.5217 11.6385
 45.273 11.9359
 45.3254 11.9048
154 78 3
 46.7383 -2.59175
 47.1755 -3.4073
 47.1578 -3.4708
154 109 3
 46.7383 -2.59175
 46.192 -1.83295
 46.1007 -1.8262
155 145 33
 35.9478 -18.5331
 35.338 -17.8776
 34.8073 -17.6571
 34.4325 -17.8079
 34.1633 -17.8319
 33.973 -18.01
 33.8736 -18.1386
 33.7634 -18.4417
 33.584 -18.7442
 33.3903 -18.7264
 33.1104 -18.7099
 32.6318 -18.8974
 32.3073 -19.0819
 32.1398 -18.859
 31.6549 -18.3862
 31.2863 -18.3105
 30.7872 -18.4438
 30.383 -18.6549
 30.3712 -18.9827
 30.2869 -19.0974
 29.9048 -19.0126
 30.1481 -19.2071
 29.7389 -19.6433
 29.3203 -20.2023
 28.9348 -20.4412
 28.4713 -20.4563
 28.3019 -20.5136
 28.2959 -20.6927
 28.0644 -20.8011
 27.7229 -20.7337
 27.5766 -20.6381
 27.5704 -20.6082
 27.5657 -20.5994
155 23 7
 35.9478 -18.5331
 36.7914 -18.735
 37.5147 -18.8022
 37.7882 -18.6863
 37.9089 -18.3438
 37.9119 -18.2156
 37.9134 -18.2021
156 129 6
 35.8863 -35.7299
 33.9667 -36.0612
 33.5594 -36.6675
 33.6958 -37.0387
 33.7504 -37.1337
 33.7595 -37.1634
156 67 3
 35.8863 -35.7299
 37.3088 -35.6987
 37.3099 -35.6986
157 55 22
 23.1959 -39.3121
 23.8499 -38.6523
 23.0128 -38.5033
 22.3839 -38.1625
 21.9577 -37.2565
 21.7252 -36.6259
 21.5486 -36.3738
 21.2876 -35.3131
 21.0167 -34.4071
 20.9187 -34.0068
 20.7388 -33.3181
 20.5907 -32.8955
 20.8255 -32.7229
 21.2219 -32.5386
 21.5688 -32.1613
 21.736 -31.839
 21.7962 -31.7554
 21.9429 -31.8291
 22.1091 -32.0546
 22.235 -32.3029
 22.3176 -32.5979
 22.3468 -32.7166
157 105 9
 23.1959 -39.3121
 23.136 -40.6405
 23.2381 -41.2796
 23.238 -41.3741
 23.0904 -41.3479
 22.9482 -41.2457
 22.5605 -41.4879
 22.1551 -41.7817
 22.1381 -41.7872
158 132 4
 -41.7588 -23.5287
 -41.2524 -22.2336
 -41.1608 -22.1643
 -41.1835 -22.155
158 82 5
 -41.7588 -23.5287
 -42.175 -24.77
 -42.344 -24.8628
 -42.5016 -24.9594
 -42.5144 -24.9692
159 16 8
 18.2594 13.3065
 17.4825 14.4444
 17.9 14.8443
 18.4558 15.1189
 17.7001 15.5807
 16.8574 16.0148
 16.6054 15.9921
 16.4728 15.9847
159 133 10
 18.2594 13.3065
 17.8672 12.5152
 16.804 12.6835
 17.4439 12.2657
 18.3696 11.4282
 18.7657 11.0983
 18.3351 11.0483
 18.0392 10.9207
 18.0177 10.6814
 17.9719 10.5445
160 139 10
 5.7183 -39.431
 5.978 -38.8373
 5.914 -38.7681
 5.4984 -38.5788
 5.15175 -37.9915
 5.03165 -37.5296
 4.5484 -37.2847
 4.0946 -36.9282
 3.9654 -36.8139
 3.9331 -36.8164
160 63 6
 5.7183 -39.431
 5.90135 -40.3182
 6.94105 -41.5425
 7.58865 -42.511
 7.6546 -42.5736
 7.6686 -42.5878
161 28 31
 -36.1564 -48.6345
 -35.382 -48.2886
 -34.6843 -47.8495
 -34.5642 -47.8122
 -34.7517 -47.6058
 -34.8935 -47.2785
 -35.0476 -46.5805
 -35.3782 -46.1275
 -35.6348 -45.9384
 -35.9045 -45.6183
 -36.0113 -45.4124
 -35.782 -45.3552
 -35.564 -45.3142
 -35.4543 -45.1711
 -35.2739 -45.0589
 -35.3042 -45.0035
 -35.3636 -44.7788
 -35.3312 -44.6218
 -35.3574 -44.6088
 -35.3495 -44.5324
 -35.2808 -44.4955
 -35.1703 -44.4587
 -35.1022 -44.4033
 -35.1235 -44.336
 -35.1292 -44.2697
 -35.1124 -44.2358
 -35.1217 -44.1598
 -35.1659 -44.083
 -35.193 -44.0578
 -35.2132 -44.0588
 -35.2277 -44.0574
161 117 14
 -36.1564 -48.6345
 -36.8517 -48.918
 -37.6977 -49.1486
 -38.2853 -48.9018
 -38.2596 -49.2542
 -38.4443 -50.2147
 -38.4354 -51.3277
 -38.5098 -51.5084
 -38.7337 -51.557
 -39.1114 -51.6393
 -39.54 -51.6392
 -39.7531 -51.9389
 -39.8358 -52.2574
 -39.9116 -52.2638
162 140 13
 -46.8018 -19.118
 -45.1589 -18.2229
 -44.0697 -17.7384
 -43.6531 -16.7449
 -42.9423 -16.2069
 -42.4994 -16.8662
 -42.4194 -17.2248
 -41.903 -18.0811
 -40.9581 -19.031
 -40.2453 -19.3998
 -39.8494 -19.6685
 -39.7329 -19.6861
 -39.7254 -19.7039
162 61 5
 -46.8018 -19.118
 -47.9694 -20.2568
 -48.5945 -20.8283
 -48.6833 -20.8135
 -48.6944 -20.8069
163 14 18
 5.12525 10.8229
 5.6964 10.3073
 5.9879 10.3491
 6.4048 10.6565
 6.7601 11.1781
 6.9892 11.9257
 7.3667 12.5051
 7.8135 12.7931
 7.9844 13.2162
 8.0299 13.4906
 8.25645 13.4733
 8.6987 13.3979
 9.22705 13.2656
 9.6059 13.0035
 10.2719 13.114
 11.0296 13.4494
 11.3158 13.464
 11.3906 13.4683
163 86 4
 5.12525 10.8229
 4.3126 11.3032
 4.08645 11.518
 4.1055 11.743
164 64 13
 36.6625 -27.9368
 35.8152 -26.8647
 35.9757 -25.7623
 37.0163 -24.9356
 37.9 -24.5509
 38.1332 -24.618
 38.166 -23.9582
 38.2124 -23.056
 38.6278 -22.2482
 38.9875 -21.4074
 39.2504 -21.1091
 39.4946 -21.1152
 39.5228 -21.1186
164 81 3
 36.6625 -27.9368
 37.6829 -28.5468
 37.9967 -28.8378
165 44 10
 26.5878 -75.3795
 25.9368 -76.0157
 25.1983 -76.6047
 24.8752 -76.7959
 24.8025 -76.9323
 24.7765 -76.9987
 24.5718 -77.1875
 24.3239 -77.4337
 24.2199 -77.5638
 24.1859 -77.5865
165 5 5
 26.5878 -75.3795
 27.1446 -74.6997
 27.6546 -74.1375
 27.8657 -74.1877
 27.9614 -74.2389
166 38 12
 -29.8362 -53.0511
 -30.1311 -54.6707
 -29.8678 -55.1564
 -29.5836 -55.6388
 -29.4595 -55.6667
 -29.0688 -55.673
 -28.5484 -55.6816
 -27.9079 -56.2087
 -27.3637 -56.9229
 -27.1912 -57.1489
 -27.1366 -57.1733
 -27.1338 -57.1742
166 95 4
 -29.8362 -53.0511
 -30.1473 -51.1489
 -30.6521 -50.795
 -30.5347 -50.7417
167 38 9
 -27.2102 -60.2493
 -26.431 -59.3459
 -26.8384 -58.4184
 -26.8371 -58.3562
 -26.8439 -58.3134
 -26.788 -57.951
 -26.9274 -57.3903
 -27.1296 -57.1739
 -27.1338 -57.1742
167 66 17
 -27.2102 -60.2493
 -28.4774 -60.225
 -28.545 -60.2024
 -29.2014 -60.8885
 -30.5271 -62.0294
 -31.4368 -62.3983
 -31.6123 -62.7732
 -31.459 -63.73
 -31.3814 -64.2164
 -31.476 -64.4301
 -31.5803 -64.6564
 -31.642 -64.8383
 -31.6203 -65.1564
 -31.568 -65.3927
 -31.5961 -65.5206
 -31.5935 -65.5871
 -31.5812 -65.6077
168 13 18
 7.169 -67.8001
 8.9851 -68.0217
 9.85325 -67.4152
 11.1386 -67.4977
 12.334 -67.3691
 12.6777 -67.0034
 12.4639 -65.8679
 12.4553 -64.4673
 12.9953 -64.1259
 13.8916 -63.7187
 14.7651 -62.8714
 15.1035 -62.3472
 15.482 -62.2366
 15.9027 -62.0886
 17.3463 -61.2051
 19.4393 -60.8904
 20.2858 -61.1892
 20.4163 -60.9966
168 4 3
 7.169 -67.8001
 5.77835 -67.0889
 5.7713 -67.0833
169 63 6
 8.9027 -44.6155
 7.6405 -44.5168
 7.8008 -43.5733
 7.73505 -42.707
 7.7012 -42.5902
 7.6686 -42.5878
169 25 3
 8.9027 -44.6155
 9.95455 -44.8877
 9.969 -44.8697
170 31 25
 8.20775 -36.0582
 9.32435 -35.8779
 9.95505 -35.695
 10.1831 -35.6
 10.2245 -35.4943
 10.4317 -35.3462
 10.8258 -35.1838
 11.2701 -35.3913
 11.8247 -35.8294
 12.465 -36.2543
 13.1025 -36.7242
 13.4761 -36.9502
 13.0849 -37.0872
 12.7423 -37.4122
 12.5876 -37.9398
 12.214 -38.3077
 11.7807 -38.7137
 11.6842 -39.7473
 12.1876 -40.4524
 12.6129 -40.5029
 12.7305 -40.5165
 12.8205 -40.6493
 12.8307 -40.933
 12.8848 -41.0616
 12.9293 -41.0441
170 139 14
 8.20775 -36.0582
 7.35205 -36.1607
 7.17705 -36.7701
 6.6715 -37.2174
 6.33395 -37.4959
 6.23395 -38.3328
 5.914 -38.7681
 5.4984 -38.5788
 5.15175 -37.9915
 5.03165 -37.5296
 4.5484 -37.2847
 4.0946 -36.9282
 3.9654 -36.8139
 3.9331 -36.8164
171 62 6
 -31.152 -18.9723
 -30.4685 -18.496
 -30.2969 -18.2115
 -30.4249 -17.9869
 -30.5615 -17.8456
 -30.6023 -17.8786
171 102 3
 -31.152 -18.9723
 -31.7911 -19.3435
 -31.9507 -19.4725
172 140 20
 -33.6148 -20.9178
 -34.7944 -21.5745
 -35.4302 -22.1275
 -35.5096 -22.1175
 -36.2603 -22.05
 -37.0695 -22.2158
 -37.267 -22.1026
 -37.2162 -21.6948
 -37.1927 -21.3223
 -37.393 -20.8518
 -37.6191 -20.4356
 -37.739 -20.2138
 -37.8212 -20.0655
 -37.9416 -19.9254
 -38.3783 -19.8894
 -38.9965 -19.958
 -39.2983 -20.0019
 -39.5075 -19.8549
 -39.6791 -19.723
 -39.7254 -19.7039
172 102 8
 -33.6148 -20.9178
 -32.7645 -20.5292
 -32.1649 -20.1959
 -31.8398 -20.096
 -31.8377 -20.0863
 -31.9271 -19.7936
 -31.9728 -19.4956
 -31.9507 -19.4725
173 28 15
 -34.618 -42.5055
 -34.5447 -42.8879
 -34.6314 -43.0033
 -34.8046 -43.1851
 -34.8979 -43.4237
 -35.048 -43.5234
 -35.1593 -43.6202
 -35.1662 -43.7
 -35.1497 -43.7545
 -35.1725 -43.8253
 -35.2131 -43.9052
 -35.2075 -43.9839
 -35.215 -44.0331
 -35.2286 -44.049
 -35.2277 -44.0574
173 40 6
 -34.618 -42.5055
 -34.6423 -42.2322
 -34.7486 -42.1962
 -35.0687 -42.1295
 -35.2823 -42.0456
 -35.2718 -41.9857
174 108 3
 -49.4446 -22.6479
 -50.2576 -24.3071
 -50.2335 -24.5092
174 61 3
 -49.4446 -22.6479
 -48.6509 -20.9989
 -48.6944 -20.8069
175 140 5
 -39.9586 -21.0657
 -39.3737 -20.0282
 -39.5075 -19.8549
 -39.6791 -19.723
 -39.7254 -19.7039
175 132 5
 -39.9586 -21.0657
 -40.8081 -22.1142
 -41.1012 -22.1796
 -41.1608 -22.1643
 -41.1835 -22.155
176 19 23
 -27.8237 5.153
 -27.1316 5.13765
 -26.8666 5.0376
 -26.4187 4.6664
 -25.8838 3.63685
 -26.03 2.31245
 -26.2146 1.4634
 -26.197 1.0956
 -26.3018 0.91165
 -26.371 0.77595
 -26.3961 0.67285
 -26.4021 0.5579
 -26.4288 0.5118
 -26.4764 0.48645
 -26.5292 0.4198
 -26.5782 0.34955
 -26.6133 0.3433
 -26.6619 0.38465
 -26.7112 0.42605
 -26.7314 0.41905
 -26.7732 0.35505
 -26.8299 0.3058
 -26.8443 0.3079
176 32 9
 -27.8237 5.153
 -28.4581 5.0324
 -28.9319 5.0972
 -30.1315 5.9244
 -31.2943 6.85305
 -32.1172 7.9051
 -33.6587 8.63045
 -34.6555 8.6466
 -34.683 8.6679
177 1 20
 -13.5998 2.23165
 -14.4749 2.2692
 -15.4142 2.12235
 -16.0159 2.12335
 -16.0748 1.7052
 -16.0177 1.0948
 -16.5387 0.3721
 -17.2339 0.05935
 -17.3521 0.13315
 -17.534 -0.13135
 -17.7705 -0.5115
 -17.8845 -0.7361
 -17.9887 -0.7241
 -18.152 -1.10665
 -18.1135 -1.5427
 -18.0457 -1.6613
 -18.0654 -1.78185
 -17.8801 -1.9555
 -17.6966 -2.11375
 -17.6817 -2.1347
177 90 5
 -13.5998 2.23165
 -12.4674 2.15485
 -11.7776 2.2743
 -11.6639 2.1652
 -11.6372 2.0873
178 19 52
 -22.5904 3.58905
 -23.503 3.29105
 -22.3611 2.5788
 -21.3158 2.394
 -21.1337 2.5897
 -20.7987 2.4573
 -20.4317 1.57175
 -20.9072 0.66175
 -21.397 0.16485
 -21.5078 -0.1024
 -21.7267 -0.20145
 -21.8968 -0.38615
 -22.0419 -0.4054
 -22.1493 -0.3526
 -22.24 -0.3919
 -22.3782 -0.45565
 -22.6576 -0.4556
 -22.444 -0.48855
 -22.5513 -0.8045
 -22.7884 -1.2009
 -22.8839 -1.28275
 -23.0341 -1.29495
 -23.4939 -1.2913
 -24.006 -1.2244
 -23.7121 -0.9605
 -23.6251 -0.38795
 -23.5429 0.16905
 -23.7458 -0.12405
 -24.2146 0.0225
 -24.6835 0.1167
 -24.8097 0.04365
 -24.8927 0.01975
 -24.9883 0.0041
 -25.123 -0.05035
 -25.2763 -0.17505
 -25.3356 -0.277
 -25.395 -0.2621
 -25.5621 -0.2112
 -25.8008 -0.21035
 -25.9387 -0.1595
 -26.146 0.0171
 -26.3526 0.13255
 -26.4521 0.1241
 -26.5375 0.16935
 -26.5709 0.2785
 -26.6133 0.3433
 -26.6619 0.38465
 -26.7112 0.42605
 -26.7314 0.41905
 -26.7732 0.35505
 -26.8299 0.3058
 -26.8443 0.3079
178 96 3
 -22.5904 3.58905
 -21.5349 4.7222
 -21.1224 5.175
179 19 24
 -25.9642 7.79305
 -25.7404 6.9791
 -26.3004 5.9607
 -26.8666 5.0376
 -26.4187 4.6664
 -25.8838 3.63685
 -26.03 2.31245
 -26.2146 1.4634
 -26.197 1.0956
 -26.3018 0.91165
 -26.371 0.77595
 -26.3961 0.67285
 -26.4021 0.5579
 -26.4288 0.5118
 -26.4764 0.48645
 -26.5292 0.4198
 -26.5782 0.34955
 -26.6133 0.3433
 -26.6619 0.38465
 -26.7112 0.42605
 -26.7314 0.41905
 -26.7732 0.35505
 -26.8299 0.3058
 -26.8443 0.3079
179 88 8
 -25.9642 7.79305
 -26.1412 8.96585
 -26.3566 10.0888
 -25.5251 10.1504
 -24.5958 10.9606
 -23.4531 11.5303
 -22.5248 11.859
 -22.4068 11.8173
180 113 3
 -16.4548 19.9352
 -17.4683 19.8707
 -18.162 19.5956
180 53 5
 -16.4548 19.9352
 -14.8223 19.4263
 -13.3857 19.0882
 -13.2196 19.0103
 -13.1774 18.972
181 17 6
 -6.113 8.00585
 -5.95735 8.969
 -5.8236 9.53025
 -5.8373 9.67565
 -5.8376 9.77455
 -5.7865 9.7972
181 58 4
 -6.113 8.00585
 -6.1396 7.3068
 -5.9912 7.0409
 -5.8758 7.003
182 19 45
 -20.7047 -0.46915
 -21.2014 -0.15745
 -21.5078 -0.1024
 -21.7267 -0.20145
 -21.8968 -0.38615
 -22.0419 -0.4054
 -22.1493 -0.3526
 -22.24 -0.3919
 -22.3782 -0.45565
 -22.6576 -0.4556
 -22.444 -0.48855
 -22.5513 -0.8045
 -22.7884 -1.2009
 -22.8839 -1.28275
 -23.0341 -1.29495
 -23.4939 -1.2913
 -24.006 -1.2244
 -23.7121 -0.9605
 -23.6251 -0.38795
 -23.5429 0.16905
 -23.7458 -0.12405
 -24.2146 0.0225
 -24.6835 0.1167
 -24.8097 0.04365
 -24.8927 0.01975
 -24.9883 0.0041
 -25.123 -0.05035
 -25.2763 -0.17505
 -25.3356 -0.277
 -25.395 -0.2621
 -25.5621 -0.2112
 -25.8008 -0.21035
 -25.9387 -0.1595
 -26.146 0.0171
 -26.3526 0.13255
 -26.4521 0.1241
 -26.5375 0.16935
 -26.5709 0.2785
 -26.6133 0.3433
 -26.6619 0.38465
 -26.7112 0.42605
 -26.7314 0.41905
 -26.7732 0.35505
 -26.8299 0.3058
 -26.8443 0.3079
182 22 5
 -20.7047 -0.46915
 -20.2971 -0.816
 -20.1423 -0.8555
 -20.0591 -0.8228
 -20.0512 -0.8186
183 19 29
 -24.3069 -6.61335
 -24.909 -4.8766
 -24.9955 -3.39205
 -25.6558 -2.3478
 -26.3987 -1.65255
 -26.4067 -1.3049
 -26.1945 -1.0922
 -25.9695 -0.97065
 -25.6045 -0.9798
 -25.2799 -1.01125
 -25.1919 -0.91355
 -25.2316 -0.6455
 -25.3372 -0.38735
 -25.395 -0.2621
 -25.5621 -0.2112
 -25.8008 -0.21035
 -25.9387 -0.1595
 -26.146 0.0171
 -26.3526 0.13255
 -26.4521 0.1241
 -26.5375 0.16935
 -26.5709 0.2785
 -26.6133 0.3433
 -26.6619 0.38465
 -26.7112 0.42605
 -26.7314 0.41905
 -26.7732 0.35505
 -26.8299 0.3058
 -26.8443 0.3079
183 62 12
 -24.3069 -6.61335
 -23.0308 -7.93615
 -23.3453 -9.3131
 -24.4473 -10.2284
 -24.6667 -10.6311
 -26.1371 -11.9921
 -27.8476 -13.4377
 -29.0354 -14.6353
 -29.9718 -16.3846
 -30.3408 -17.6021
 -30.5615 -17.8456
 -30.6023 -17.8786
184 24 20
 -8.6778 -6.1894
 -9.30375 -5.7968
 -9.52325 -5.73655
 -10.1933 -5.3392
 -10.8711 -4.7495
 -10.9622 -4.2949
 -10.802 -4.01295
 -10.8036 -3.91
 -10.9166 -3.66835
 -11.0742 -3.2899
 -11.1218 -2.95995
 -11.1262 -2.7768
 -11.1925 -2.74265
 -11.2558 -2.755
 -11.3615 -2.7247
 -11.4212 -2.61285
 -11.4109 -2.57275
 -11.4358 -2.5249
 -11.4747 -2.48165
 -11.4904 -2.4841
184 128 3
 -8.6778 -6.1894
 -8.07055 -6.69515
 -8.0788 -6.7982
185 93 6
 8.70615 -20.2744
 6.832 -20.1115
 6.68985 -19.5501
 7.097 -18.5606
 7.519 -17.7516
 7.5431 -17.691
185 89 3
 8.70615 -20.2744
 10.559 -20.2497
 10.6892 -20.3823
186 51 18
 30.8363 -2.00415
 31.1814 -1.7841
 31.4333 -1.48015
 31.6409 -1.18925
 31.6126 -1.09655
 31.6167 -0.818
 31.7241 -0.35775
 32.1648 -0.2775
 32.5694 -0.392
 32.8958 -0.5584
 33.2892 -0.65055
 33.1489 -0.91195
 33.4141 -1.136
 33.84 -1.32075
 34.0521 -1.57935
 34.1134 -1.73845
 34.162 -1.79255
 34.1953 -1.8149
186 136 5
 30.8363 -2.00415
 30.2659 -2.289
 30.0915 -2.5689
 30.1754 -2.7358
 30.2042 -2.7637
187 36 8
 19.7821 1.02915
 19.2977 1.1539
 18.9788 1.04645
 18.7983 0.9516
 18.6877 1.0773
 18.5382 1.2078
 18.4848 1.22975
 18.4873 1.2318
187 136 24
 19.7821 1.02915
 20.4729 0.4646
 20.8497 -0.0674
 20.8913 -0.05105
 21.4436 0.5634
 22.4356 0.98015
 23.1211 0.91725
 23.5448 1.2495
 23.9215 1.75995
 24.1578 1.92085
 24.7058 1.88515
 25.1242 1.9886
 25.2032 2.15025
 25.9521 2.5044
 27.0294 2.86115
 27.8785 2.37445
 28.7566 1.56415
 29.5859 0.4455
 29.7369 -1.0884
 29.7016 -1.94175
 29.923 -2.26355
 30.0915 -2.5689
 30.1754 -2.7358
 30.2042 -2.7637
188 83 13
 20.9653 13.6978
 23.0477 13.4637
 23.0907 12.5138
 23.1599 12.4254
 23.9825 12.6831
 24.2229 12.5045
 24.549 12.2262
 24.8092 12.1434
 24.9398 12.5274
 25.2237 12.7409
 25.5142 12.6486
 25.654 12.7633
 25.7382 12.8388
188 16 9
 20.9653 13.6978
 19.4662 13.2208
 18.8538 13.8871
 18.4248 14.8944
 18.4558 15.1189
 17.7001 15.5807
 16.8574 16.0148
 16.6054 15.9921
 16.4728 15.9847
189 14 13
 11.8671 17.2996
 11.4289 16.6592
 11.4577 16.5302
 11.6467 16.4031
 11.6901 15.9198
 11.7489 15.4422
 11.976 15.239
 11.8701 14.877
 11.6044 14.2869
 11.3864 13.8208
 11.29 13.6319
 11.3344 13.5356
 11.3906 13.4683
189 35 20
 11.8671 17.2996
 12.5122 18.2582
 12.687 18.7211
 12.7133 18.1912
 13.1726 17.6723
 13.6749 17.8717
 13.7651 18.1972
 13.7843 18.3459
 13.7905 18.4608
 14.3232 18.7142
 15.0822 19.0259
 15.5037 19.0924
 14.9695 19.4524
 14.5531 19.8909
 14.6114 20.071
 14.7357 20.1602
 14.7864 20.2888
 14.8764 20.4042
 14.9149 20.4703
 14.9175 20.4867
190 118 24
 30.3624 9.528
 31.1478 9.92805
 31.4857 9.9541
 31.5746 9.9933
 31.726 10.1203
 31.8755 10.3639
 32.0893 10.6394
 32.2291 10.5975
 32.2557 10.5486
 32.325 10.5579
 32.3841 10.5459
 32.4127 10.4297
 32.3961 10.2915
 32.3847 10.2614
 32.4623 10.1407
 32.4919 10.0001
 32.4417 9.88315
 32.3246 9.71205
 32.3901 9.53245
 32.7575 9.09595
 32.8787 8.6264
 32.7449 8.4218
 32.608 8.18835
 32.5197 8.0239
190 104 4
 30.3624 9.528
 29.7096 9.00105
 29.4988 8.7268
 29.483 8.7018
191 118 59
 36.6895 19.999
 36.2135 19.618
 36.0937 19.4735
 35.8455 18.9086
 35.653 18.458
 35.515 18.2766
 35.4929 17.9556
 35.6384 17.6357
 35.462 17.0334
 35.2501 16.5568
 35.3857 16.1926
 35.593 15.5215
 35.4038 15.1662
 35.1011 15.1345
 35.0123 14.9179
 34.9865 14.4519
 34.8899 14.1309
 34.7551 14.0877
 34.3059 13.9235
 33.7875 13.7329
 33.5731 13.5946
 33.3764 13.2309
 33.251 12.8827
 33.1925 12.7639
 33.2173 12.6819
 33.1184 12.5228
 33.0118 12.3701
 33.0354 12.2834
 33.0705 12.2361
 33.0883 12.2115
 33.0303 12.1347
 32.877 11.9595
 32.6432 11.7572
 32.4375 11.8095
 32.385 11.7633
 32.3699 11.51
 32.3675 11.4289
 32.5236 11.3953
 32.6591 11.3782
 32.6705 11.288
 32.6319 11.0923
 32.541 10.93
 32.4902 10.878
 32.5329 10.7723
 32.4858 10.6061
 32.3841 10.5459
 32.4127 10.4297
 32.3961 10.2915
 32.3847 10.2614
 32.4623 10.1407
 32.4919 10.0001
 32.4417 9.88315
 32.3246 9.71205
 32.3901 9.53245
 32.7575 9.09595
 32.8787 8.6264
 32.7449 8.4218
 32.608 8.18835
 32.5197 8.0239
191 124 11
 36.6895 19.999
 37.7088 20.7548
 38.5287 21.0998
 38.8831 21.156
 39.0304 21.2763
 39.6516 21.7903
 40.7248 22.1874
 41.4272 22.0057
 41.739 22.1019
 41.8504 22.3211
 41.8814 22.3587
192 118 63
 42.3136 7.082
 42.7671 8.10545
 43.3507 8.7547
 43.1381 9.075
 43.2167 9.53605
 43.5542 9.72895
 42.6786 10.025
 41.1795 10.6367
 40.4356 10.9203
 39.6939 11.0077
 38.9455 11.3526
 38.9104 11.7637
 38.9706 11.958
 38.5772 12.1267
 38.0478 12.2803
 37.6246 12.1423
 36.8782 12.2549
 36.2831 12.8836
 35.8712 13.4461
 35.2888 13.8981
 34.8899 14.1309
 34.7551 14.0877
 34.3059 13.9235
 33.7875 13.7329
 33.5731 13.5946
 33.3764 13.2309
 33.251 12.8827
 33.1925 12.7639
 33.2173 12.6819
 33.1184 12.5228
 33.0118 12.3701
 33.0354 12.2834
 33.0705 12.2361
 33.0883 12.2115
 33.0303 12.1347
 32.877 11.9595
 32.6432 11.7572
 32.4375 11.8095
 32.385 11.7633
 32.3699 11.51
 32.3675 11.4289
 32.5236 11.3953
 32.6591 11.3782
 32.6705 11.288
 32.6319 11.0923
 32.541 10.93
 32.4902 10.878
 32.5329 10.7723
 32.4858 10.6061
 32.3841 10.5459
 32.4127 10.4297
 32.3961 10.2915
 32.3847 10.2614
 32.4623 10.1407
 32.4919 10.0001
 32.4417 9.88315
 32.3246 9.71205
 32.3901 9.53245
 32.7575 9.09595
 32.8787 8.6264
 32.7449 8.4218
 32.608 8.18835
 32.5197 8.0239
192 121 4
 42.3136 7.082
 42.6602 6.08505
 42.9414 5.4951
 42.9607 5.4844
193 49 6
 43.1226 22.5596
 43.7851 22.7745
 44.0827 22.7829
 45.0668 22.9127
 45.83 22.9981
 45.7928 22.8727
193 124 5
 43.1226 22.5596
 42.3493 22.3032
 42.0413 22.234
 41.9197 22.3272
 41.8814 22.3587
194 78 13
 48.9191 -6.1151
 48.6891 -5.2593
 48.8016 -5.2525
 48.8506 -5.02415
 48.8623 -4.75765
 48.597 -4.5326
 48.3017 -4.34005
 48.0582 -3.87835
 47.8383 -3.3226
 47.6552 -3.1876
 47.3636 -3.28695
 47.196 -3.4453
 47.1578 -3.4708
194 27 3
 48.9191 -6.1151
 49.2391 -6.98595
 49.239 -7.006
195 12 12
 53.6851 -14.8773
 51.9837 -14.7263
 51.7613 -14.9469
 51.6407 -14.5601
 51.9293 -14.1686
 52.4103 -13.8574
 52.8069 -13.4635
 52.8247 -13.162
 52.812 -12.5719
 52.9782 -11.878
 52.9431 -11.6542
 52.9273 -11.6451
195 68 6
 53.6851 -14.8773
 55.6534 -15.6043
 56.24 -16.1784
 56.5431 -16.4095
 56.797 -16.3279
 56.9538 -16.3374
196 42 7
 52.177 -11.9748
 51.5796 -11.9862
 51.0832 -11.9795
 51.2141 -11.7299
 50.6411 -11.0966
 50.2131 -10.7027
 50.2029 -10.7055
196 12 3
 52.177 -11.9748
 52.7457 -11.7944
 52.9273 -11.6451
197 9 8
 50.8627 -16.6543
 50.3619 -16.3211
 50.3405 -16.6334
 50.2665 -16.8145
 50.0083 -16.8917
 49.6951 -16.9592
 49.6071 -16.993
 49.5855 -17.0023
197 69 4
 50.8627 -16.6543
 51.4656 -16.8193
 51.636 -16.8261
 51.6632 -16.8355
198 78 14
 50.4373 -5.48805
 49.7887 -5.05275
 49.0669 -5.1159
 48.8016 -5.2525
 48.8506 -5.02415
 48.8623 -4.75765
 48.597 -4.5326
 48.3017 -4.34005
 48.0582 -3.87835
 47.8383 -3.3226
 47.6552 -3.1876
 47.3636 -3.28695
 47.196 -3.4453
 47.1578 -3.4708
198 120 14
 50.4373 -5.48805
 51.1141 -6.37725
 51.6017 -6.93245
 51.6398 -7.3164
 51.6893 -8.0706
 52.1017 -8.5965
 52.5278 -8.69435
 52.6545 -8.41535
 52.7975 -8.1615
 53.1206 -7.9538
 52.9514 -7.76345
 53.0388 -6.84065
 52.9853 -6.27125
 52.9761 -6.2296
199 142 16
 44.1044 -15.6084
 42.9417 -14.9342
 42.2426 -14.4902
 41.9363 -14.5813
 41.4588 -14.6472
 40.8828 -14.9804
 40.41 -15.4219
 40.2278 -15.5797
 40.1987 -15.6042
 40.0612 -15.7311
 39.9031 -15.8708
 39.8465 -15.9682
 39.7783 -16.1831
 39.6948 -16.3258
 39.5852 -16.2974
 39.5107 -16.2669
199 9 19
 44.1044 -15.6084
 45.2345 -16.2375
 45.7483 -16.8363
 45.7822 -16.9452
 46.0526 -16.9785
 46.6355 -16.8925
 47.1331 -16.7498
 47.3186 -16.7691
 47.8615 -17.1922
 48.3204 -17.6308
 48.2927 -17.9629
 48.5249 -17.5159
 48.7859 -17.3286
 48.9696 -17.1493
 49.2342 -17.029
 49.4015 -17.0356
 49.4651 -17.0269
 49.5428 -17.0141
 49.5855 -17.0023
200 142 15
 40.8018 -17.0097
 40.7112 -16.5848
 40.7667 -16.3305
 40.7263 -16.0508
 40.6418 -15.7351
 40.4265 -15.6081
 40.2278 -15.5797
 40.1987 -15.6042
 40.0612 -15.7311
 39.9031 -15.8708
 39.8465 -15.9682
 39.7783 -16.1831
 39.6948 -16.3258
 39.5852 -16.2974
 39.5107 -16.2669
200 60 8
 40.8018 -17.0097
 41.3305 -17.0908
 41.9463 -16.9326
 42.2486 -16.9857
 42.3629 -17.1426
 42.4302 -17.1843
 42.496 -17.1334
 42.5249 -17.1243
201 71 15
 45.977 -34.3876
 46.4662 -35.5097
 46.3725 -36.43
 45.3865 -36.2019
 44.5718 -35.9698
 43.7659 -35.9428
 43.2645 -36.1027
 43.1423 -36.1062
 43.0598 -36.0376
 42.5849 -35.9154
 42.0339 -36.0553
 41.8364 -36.2945
 41.8315 -36.4337
 41.8643 -36.6065
 41.8389 -36.6794
201 57 6
 45.977 -34.3876
 46.0432 -33.0763
 45.9329 -31.6747
 45.6778 -31.4858
 45.5423 -31.4317
 45.4761 -31.4474
202 131 6
 45.1831 -39.521
 45.7332 -41.5882
 45.9357 -43.437
 45.7577 -43.6575
 45.5816 -43.8304
 45.5704 -43.8495
202 71 8
 45.1831 -39.521
 43.5486 -38.8545
 42.3641 -38.3857
 42.7766 -37.6768
 42.8405 -36.7239
 42.2484 -36.4629
 41.8643 -36.6065
 41.8389 -36.6794
203 31 16
 14.1264 -36.5425
 13.552 -36.9267
 13.4761 -36.9502
 13.0849 -37.0872
 12.7423 -37.4122
 12.5876 -37.9398
 12.214 -38.3077
 11.7807 -38.7137
 11.6842 -39.7473
 12.1876 -40.4524
 12.6129 -40.5029
 12.7305 -40.5165
 12.8205 -40.6493
 12.8307 -40.933
 12.8848 -41.0616
 12.9293 -41.0441
203 43 13
 14.1264 -36.5425
 15.2041 -36.3733
 15.7563 -36.3384
 15.9114 -36.0004
 16.0296 -35.8915
 16.0667 -35.7739
 16.2426 -35.6101
 16.537 -35.6583
 16.685 -35.8111
 16.8424 -36.1104
 17.2367 -36.4092
 17.5256 -36.3588
 17.5883 -36.2648
204 55 13
 19.1007 -33.0774
 20.0106 -32.6569
 20.5595 -32.781
 20.8255 -32.7229
 21.2219 -32.5386
 21.5688 -32.1613
 21.736 -31.839
 21.7962 -31.7554
 21.9429 -31.8291
 22.1091 -32.0546
 22.235 -32.3029
 22.3176 -32.5979
 22.3468 -32.7166
204 103 10
 19.1007 -33.0774
 18.3894 -33.3266
 17.7764 -32.9835
 17.4396 -32.902
 17.3275 -32.9418
 17.1383 -32.9761
 16.3951 -33.2267
 15.5151 -33.2463
 15.2767 -33.0291
 15.2701 -33.0149
205 7 7
 21.431 -43.318
 21.541 -43.8505
 21.8586 -44.6305
 21.3899 -45.3173
 21.3594 -45.5571
 21.3499 -45.6531
 21.3532 -45.7059
205 105 4
 21.431 -43.318
 22.0979 -42.4569
 22.1222 -41.8129
 22.1381 -41.7872
206 73 32
 29.7621 -42.3118
 30.0912 -42.6607
 30.2398 -43.0368
 30.0561 -43.3791
 30.2484 -43.8455
 30.6773 -44.1039
 31.1452 -44.6387
 31.5953 -45.1211
 31.6179 -45.1688
 31.9968 -45.4748
 32.4926 -45.8928
 32.6665 -46.1356
 32.6149 -46.3137
 32.525 -46.4111
 32.5095 -46.5525
 32.4191 -46.7181
 32.2092 -46.7027
 31.9925 -46.6369
 31.842 -46.6143
 31.7698 -46.7826
 31.9243 -47.1018
 32.1692 -47.2748
 32.2785 -47.4271
 32.3969 -47.5225
 32.5285 -47.502
 32.5843 -47.4932
 32.6256 -47.4835
 32.6455 -47.5229
 32.7352 -47.6003
 32.8383 -47.6666
 32.8725 -47.7013
 32.897 -47.7057
206 65 7
 29.7621 -42.3118
 29.8158 -41.8602
 30.0411 -41.3092
 29.5998 -40.9015
 29.2168 -40.5679
 29.2463 -40.457
 29.2603 -40.4099
207 125 8
 34.55 -50.1405
 34.7412 -50.812
 34.8263 -50.9737
 34.8512 -51.2267
 34.8153 -51.4219
 34.6213 -51.6353
 34.442 -51.7481
 34.4201 -51.7589
207 73 10
 34.55 -50.1405
 34.3494 -49.3557
 34.1721 -49.2407
 33.9875 -49.0333
 33.77 -48.6942
 33.4333 -48.2008
 33.1243 -47.7792
 32.9707 -47.685
 32.9131 -47.6827
 32.897 -47.7057
208 144 11
 28.1302 -56.4018
 28.2859 -55.382
 28.4144 -54.8284
 28.5018 -54.4501
 28.3391 -54.1418
 28.1844 -54.0224
 28.2208 -53.9755
 28.288 -53.9622
 28.3814 -53.9318
 28.4292 -53.9158
 28.4365 -53.9181
208 29 7
 28.1302 -56.4018
 28.1444 -57.0837
 28.2205 -57.7473
 28.1021 -58.334
 27.9436 -58.3016
 27.8599 -58.2615
 27.8546 -58.2487
209 33 20
 29.5212 -74.3176
 29.6879 -74.3571
 29.9122 -74.3585
 30.035 -74.3737
 30.0396 -74.455
 30.1742 -74.6834
 30.4326 -74.8095
 30.6251 -74.7457
 31.1672 -74.7497
 32.0253 -74.5952
 32.4357 -74.4623
 32.7508 -74.4339
 32.94 -74.0936
 32.7297 -73.6167
 32.7462 -73.3291
 33.0257 -73.0986
 33.3377 -72.9242
 33.5125 -72.9399
 33.5501 -73.0034
 33.5754 -73.0142
209 5 4
 29.5212 -74.3176
 28.7231 -74.2582
 27.9753 -74.226
 27.9614 -74.2389
210 26 15
 37.6316 -69.4517
 37.8305 -68.9283
 37.9028 -68.7451
 37.9925 -68.5927
 37.974 -68.3946
 37.7463 -68.188
 37.436 -67.977
 37.1676 -67.8179
 36.9441 -67.7054
 36.7932 -67.6852
 36.6454 -67.5394
 36.4097 -67.2976
 36.3003 -67.1194
 36.264 -67.0129
 36.246 -66.9799
210 76 19
 37.6316 -69.4517
 37.5112 -70.2857
 37.4838 -70.8671
 37.4605 -70.9691
 37.6576 -71.1806
 38.0351 -71.5991
 38.1974 -71.871
 38.4045 -72.1396
 38.7412 -72.641
 38.5025 -73.1106
 38.1187 -73.2316
 37.952 -73.2172
 37.8147 -73.2619
 37.5878 -73.5065
 37.2299 -73.6095
 37.4567 -73.8887
 37.6591 -74.2726
 37.7334 -74.5759
 37.6882 -74.6342
211 26 18
 35.5708 -62.0166
 35.2839 -62.933
 35.2435 -63.2699
 35.6847 -63.5993
 36.1968 -64.0217
 36.7063 -64.5175
 36.9715 -64.8521
 37.0534 -65.1812
 37.1387 -65.5328
 36.8575 -65.798
 36.5947 -66.2747
 36.5686 -66.5753
 36.3667 -66.6018
 36.2744 -66.6768
 36.343 -66.7954
 36.3112 -66.9053
 36.2642 -66.9684
 36.246 -66.9799
211 125 26
 35.5708 -62.0166
 35.8511 -61.156
 35.8167 -60.3371
 35.6394 -59.302
 35.5254 -58.8323
 35.3522 -58.7427
 34.7288 -58.6888
 33.4486 -57.7627
 32.6525 -56.7217
 32.5825 -56.3756
 32.9844 -55.8857
 33.0189 -55.1164
 32.7238 -54.6425
 33.0126 -54.1378
 33.4612 -53.6079
 33.6174 -53.4109
 33.6812 -53.5349
 34.0751 -53.5707
 34.4084 -53.7109
 34.3909 -53.347
 34.625 -52.6591
 34.8701 -52.184
 34.8446 -52.0806
 34.6367 -51.905
 34.4298 -51.7601
 34.4201 -51.7589
212 74 6
 51.264 -60.6507
 52.4269 -60.0256
 52.5999 -59.4139
 52.6497 -59.0592
 52.7202 -58.6728
 52.7663 -58.5661
212 0 7
 51.264 -60.6507
 50.1669 -61.1898
 49.9548 -62.1578
 49.6944 -62.8312
 49.5848 -63.0571
 49.6095 -63.149
 49.6137 -63.1712
213 0 9
 51.2129 -65.1912
 50.3267 -64.9841
 50.1981 -64.6326
 50.1815 -64.5635
 50.115 -64.4084
 50.0713 -64.0056
 49.8335 -63.5091
 49.5976 -63.2174
 49.6137 -63.1712
213 107 8
 51.2129 -65.1912
 52.0985 -65.1958
 52.1091 -65.9072
 52.2211 -66.8548
 52.0947 -66.9967
 51.4913 -67.0633
 51.2056 -67.347
 51.1754 -67.3868
214 97 11
 46.619 -73.5889
 47.2307 -74.128
 47.3224 -74.4726
 47.3679 -74.8199
 47.33 -74.8762
 47.2854 -74.9345
 47.2684 -75.0076
 47.3806 -75.1234
 47.5722 -75.2052
 47.6974 -75.2101
 47.726 -75.2121
214 37 7
 46.619 -73.5889
 45.5456 -73.4751
 44.9741 -73.7574
 44.4139 -73.1775
 43.8693 -72.7206
 43.7862 -72.7355
 43.7788 -72.739
215 15 39
 -30.9795 0.27
 -30.9711 -0.1449
 -30.995 -0.2611
 -30.9281 -0.289
 -30.8241 -0.2782
 -30.764 -0.31975
 -30.6695 -0.3849
 -30.567 -0.4973
 -30.5483 -0.5664
 -30.5108 -0.69685
 -30.5044 -0.878
 -30.5014 -0.9359
 -30.3975 -1.0251
 -30.2752 -1.13435
 -30.1923 -1.1404
 -30.1285 -1.11985
 -30.062 -1.13695
 -29.9947 -1.18225
 -29.9476 -1.19575
 -29.8028 -1.22115
 -29.6574 -1.2255
 -29.686 -1.1423
 -29.6595 -0.95945
 -29.5723 -0.76905
 -29.5893 -0.65765
 -29.6985 -0.54595
 -29.808 -0.48625
 -29.8692 -0.3838
 -29.8293 -0.1902
 -29.6734 -0.0663
 -29.5738 0.10735
 -29.5547 0.3146
 -29.5704 0.49945
 -29.4981 0.6192
 -29.3981 0.68215
 -29.1935 0.89095
 -28.792 1.15385
 -28.5929 1.2816
 -28.5914 1.3025
215 134 8
 -30.9795 0.27
 -31.1964 1.02355
 -31.2779 1.5714
 -31.1545 1.67735
 -31.0643 1.64465
 -30.9888 1.6703
 -30.9378 1.67285
 -30.9031 1.6765
216 135 9
 -7.02345 -46.4685
 -7.38625 -45.3651
 -7.6301 -44.6536
 -7.86725 -44.473
 -8.37425 -44.3509
 -9.4875 -44.3266
 -10.3155 -44.1429
 -10.3608 -43.9475
 -10.3472 -43.9487
216 126 9
 -7.02345 -46.4685
 -6.83505 -47.9057
 -6.50535 -48.5081
 -6.0712 -48.26
 -6.19335 -48.689
 -6.5897 -49.8699
 -5.8681 -50.9454
 -4.9179 -51.0993
 -4.8637 -51.0286
217 127 4
 -42.7148 -54.0513
 -42.9235 -55.6962
 -42.9949 -55.9381
 -42.9737 -55.9813
217 59 4
 -42.7148 -54.0513
 -42.8064 -52.462
 -43.0358 -52.3148
 -43.0573 -52.3108
218 115 3
 44.7943 -1.0546
 43.5573 -0.10505
 43.5786 0.1748
218 109 3
 44.7943 -1.0546
 46.0767 -1.77525
 46.1007 -1.8262
219 145 32
 32.1933 -22.3977
 32.5899 -21.6455
 32.8975 -21.5332
 32.8909 -21.1328
 32.9057 -20.2146
 33.1384 -19.4817
 33.3615 -19.069
 33.3111 -18.7773
 33.3903 -18.7264
 33.1104 -18.7099
 32.6318 -18.8974
 32.3073 -19.0819
 32.1398 -18.859
 31.6549 -18.3862
 31.2863 -18.3105
 30.7872 -18.4438
 30.383 -18.6549
 30.3712 -18.9827
 30.2869 -19.0974
 29.9048 -19.0126
 30.1481 -19.2071
 29.7389 -19.6433
 29.3203 -20.2023
 28.9348 -20.4412
 28.4713 -20.4563
 28.3019 -20.5136
 28.2959 -20.6927
 28.0644 -20.8011
 27.7229 -20.7337
 27.5766 -20.6381
 27.5704 -20.6082
 27.5657 -20.5994
219 101 3
 32.1933 -22.3977
 32.0697 -23.0344
 32.0512 -23.0452
220 8 13
 20.4416 -74.6048
 22.0742 -74.029
 23.8925 -73.3968
 24.1655 -73.2576
 23.997 -72.8841
 23.8064 -72.5669
 23.8941 -72.1255
 24.7533 -71.2724
 25.9802 -70.7464
 26.6847 -70.6846
 27.0443 -70.7599
 27.1381 -70.8013
 27.1397 -70.8
220 6 8
 20.4416 -74.6048
 19.716 -75.4087
 18.9343 -76.316
 18.7766 -76.3754
 17.2159 -76.32
 15.7298 -76.233
 15.7477 -76.1436
 15.7457 -76.1363
221 38 13
 -25.4286 -55.0187
 -25.5681 -55.2542
 -25.6656 -55.3325
 -25.9652 -55.6363
 -26.1621 -56.08
 -26.8161 -55.4062
 -27.7677 -55.0793
 -28.2184 -55.4977
 -27.9079 -56.2087
 -27.3637 -56.9229
 -27.1912 -57.1489
 -27.1366 -57.1733
 -27.1338 -57.1742
221 138 5
 -25.4286 -55.0187
 -25.0589 -54.5759
 -24.6161 -54.2804
 -24.442 -54.261
 -24.4456 -54.2394
222 135 34
 -23.9864 -43.5714
 -23.5135 -42.2679
 -23.7269 -41.7734
 -22.999 -41.9201
 -22.2519 -41.1746
 -21.5928 -40.7795
 -20.8019 -40.5886
 -20.1444 -40.863
 -19.1813 -41.3847
 -18.064 -41.6103
 -17.816 -42.1534
 -17.4813 -42.2766
 -16.9449 -42.7423
 -16.3174 -42.5042
 -15.886 -42.2146
 -15.8076 -42.2594
 -15.3713 -42.8588
 -14.7913 -43.3842
 -14.6798 -43.4395
 -14.3809 -43.9616
 -13.8556 -44.2394
 -13.5463 -44.1928
 -13.3288 -44.5031
 -12.6927 -44.8507
 -12.1205 -44.9441
 -12.0254 -44.9482
 -11.4948 -45.1206
 -10.9254 -45.3568
 -10.7789 -45.4503
 -10.5585 -45.0335
 -10.4594 -44.2593
 -10.4405 -43.9186
 -10.3608 -43.9475
 -10.3472 -43.9487
222 80 12
 -23.9864 -43.5714
 -23.7307 -45.035
 -23.0649 -45.6169
 -23.2094 -46.4185
 -23.3736 -47.0708
 -23.4116 -47.3413
 -23.8113 -47.2548
 -24.629 -46.4031
 -25.3106 -45.3574
 -26.2551 -44.8946
 -27.0055 -44.7047
 -27.0158 -44.5985
223 75 13
 -34.9865 -1.7361
 -35.1077 -2.1768
 -35.3772 -2.33585
 -35.651 -2.19885
 -35.7636 -2.36075
 -35.9006 -2.35645
 -35.9937 -2.24055
 -36.0919 -2.2188
 -36.2164 -2.1619
 -36.4387 -2.10885
 -36.5856 -2.123
 -36.6117 -2.13455
 -36.6334 -2.1363
223 85 7
 -34.9865 -1.7361
 -34.6827 -1.22485
 -34.4129 -0.8689
 -34.4388 -0.86785
 -34.8401 -0.7194
 -35.1298 -0.51515
 -35.1507 -0.5202
224 15 37
 -27.7486 0.41345
 -28.0579 0.6047
 -28.2555 0.4502
 -28.4019 0.3166
 -28.3413 0.25855
 -28.399 0.13935
 -28.4251 -0.11245
 -28.3828 -0.2905
 -28.4143 -0.35635
 -28.5498 -0.60115
 -28.7617 -0.82605
 -28.8756 -0.9598
 -28.9609 -1.0582
 -29.0529 -1.048
 -29.0949 -1.00455
 -29.1298 -0.943
 -29.1636 -0.8976
 -29.22 -0.88695
 -29.3834 -0.8881
 -29.5471 -0.8573
 -29.6595 -0.95945
 -29.5723 -0.76905
 -29.5893 -0.65765
 -29.6985 -0.54595
 -29.808 -0.48625
 -29.8692 -0.3838
 -29.8293 -0.1902
 -29.6734 -0.0663
 -29.5738 0.10735
 -29.5547 0.3146
 -29.5704 0.49945
 -29.4981 0.6192
 -29.3981 0.68215
 -29.1935 0.89095
 -28.792 1.15385
 -28.5929 1.2816
 -28.5914 1.3025
224 19 7
 -27.7486 0.41345
 -27.3865 0.3029
 -27.2323 0.38945
 -27.02 0.42315
 -26.9123 0.3862
 -26.8709 0.3395
 -26.8443 0.3079
225 54 17
 -8.83245 20.1
 -7.2596 19.1656
 -7.22995 18.5899
 -7.2417 17.8298
 -7.09205 17.1762
 -7.7716 17.0237
 -8.4545 16.4881
 -8.5614 16.0966
 -8.43885 16.0188
 -8.44345 15.7664
 -8.1561 15.1455
 -7.3871 15.0069
 -6.9691 15.2295
 -6.896 14.8549
 -6.72185 14.5281
 -6.6035 14.439
 -6.5932 14.3214
225 53 8
 -8.83245 20.1
 -10.3784 20.629
 -10.6786 20.5216
 -11.5645 20.0827
 -12.7086 19.523
 -13.235 19.1712
 -13.1922 19.0131
 -13.1774 18.972
226 1 9
 -19.2465 -1.14735
 -18.54 -1.2384
 -18.4708 -1.45495
 -18.2551 -1.64685
 -18.0457 -1.6613
 -18.0654 -1.78185
 -17.8801 -1.9555
 -17.6966 -2.11375
 -17.6817 -2.1347
226 22 3
 -19.2465 -1.14735
 -19.9891 -0.9991
 -20.0512 -0.8186
227 24 32
 -4.53615 -3.58175
 -5.20975 -4.2257
 -5.68385 -4.0008
 -5.9621 -3.5089
 -5.8545 -3.2267
 -6.03015 -3.07505
 -6.21915 -2.9949
 -6.3797 -3.07595
 -6.66195 -3.0354
 -7.10565 -3.14225
 -7.7758 -3.67885
 -8.18535 -4.0541
 -8.30405 -4.0829
 -8.7335 -4.0661
 -9.32175 -4.3062
 -9.58195 -4.5653
 -9.6021 -4.062
 -9.80315 -3.5636
 -10.0063 -3.56955
 -10.24 -3.2985
 -10.4573 -2.96145
 -10.6374 -2.80295
 -10.826 -2.67065
 -10.9372 -2.6422
 -11.1315 -2.6801
 -11.2558 -2.755
 -11.3615 -2.7247
 -11.4212 -2.61285
 -11.4109 -2.57275
 -11.4358 -2.5249
 -11.4747 -2.48165
 -11.4904 -2.4841
227 21 8
 -4.53615 -3.58175
 -3.92535 -2.91505
 -3.9418 -2.7497
 -3.90765 -2.37935
 -3.62955 -1.9062
 -3.2348 -1.5741
 -2.96555 -1.46215
 -2.8661 -1.449
228 136 11
 27.1523 -2.6352
 27.5704 -3.27775
 27.5126 -3.4445
 27.9662 -3.71135
 28.5361 -3.62015
 28.8159 -3.67515
 28.9914 -4.08655
 29.3605 -3.37675
 29.9446 -2.79945
 30.2001 -2.7785
 30.2042 -2.7637
228 91 4
 27.1523 -2.6352
 26.1926 -2.04215
 25.6099 -2.0422
 25.5589 -2.0192
229 84 8
 17.4175 -1.3473
 16.3842 -0.9225
 15.6707 -0.8262
 15.5553 -0.37775
 15.1014 -0.3477
 14.7056 -0.7165
 14.5753 -0.7151
 14.5395 -0.7068
229 36 18
 17.4175 -1.3473
 17.7851 -1.42845
 17.7169 -1.1541
 17.7981 -0.93325
 17.9981 -0.814
 18.0152 -0.75575
 18.1051 -0.62975
 18.244 -0.5725
 18.4858 -0.5104
 18.7042 -0.4503
 18.4678 -0.4169
 18.2577 0.1266
 18.5509 0.7894
 18.7983 0.9516
 18.6877 1.0773
 18.5382 1.2078
 18.4848 1.22975
 18.4873 1.2318
230 118 53
 27.3379 13.7513
 28.0619 14.4615
 28.9899 15.2753
 29.5035 15.3809
 29.6511 15.2537
 30.2589 15.1781
 30.7719 15.0842
 31.4429 14.7565
 32.3311 14.4054
 32.824 14.3435
 32.6796 14.0686
 32.805 13.6882
 32.8151 13.4812
 32.7551 13.4287
 32.9237 13.3468
 33.1314 13.158
 33.1871 12.918
 33.1925 12.7639
 33.2173 12.6819
 33.1184 12.5228
 33.0118 12.3701
 33.0354 12.2834
 33.0705 12.2361
 33.0883 12.2115
 33.0303 12.1347
 32.877 11.9595
 32.6432 11.7572
 32.4375 11.8095
 32.385 11.7633
 32.3699 11.51
 32.3675 11.4289
 32.5236 11.3953
 32.6591 11.3782
 32.6705 11.288
 32.6319 11.0923
 32.541 10.93
 32.4902 10.878
 32.5329 10.7723
 32.4858 10.6061
 32.3841 10.5459
 32.4127 10.4297
 32.3961 10.2915
 32.3847 10.2614
 32.4623 10.1407
 32.4919 10.0001
 32.4417 9.88315
 32.3246 9.71205
 32.3901 9.53245
 32.7575 9.09595
 32.8787 8.6264
 32.7449 8.4218
 32.608 8.18835
 32.5197 8.0239
230 83 4
 27.3379 13.7513
 26.3922 13.2696
 25.7502 12.8405
 25.7382 12.8388
231 65 14
 31.1729 -36.6945
 29.9874 -36.6129
 29.345 -36.1237
 28.9814 -36.8755
 28.8874 -37.6086
 29.0768 -38.1412
 28.9515 -38.4153
 28.879 -38.6235
 28.8288 -39.4082
 28.902 -40.0794
 29.0677 -40.2863
 29.2156 -40.4231
 29.256 -40.414
 29.2603 -40.4099
231 129 5
 31.1729 -36.6945
 32.5084 -36.9169
 33.4256 -37.2261
 33.6761 -37.1878
 33.7595 -37.1634
232 122 17
 25.2319 -28.57
 26.1889 -28.7452
 26.9957 -28.7493
 27.571 -29.2606
 28.0685 -29.5784
 28.1841 -29.78
 29.169 -30.629
 30.217 -31.3044
 30.2538 -31.1828
 30.3962 -31.0025
 30.5606 -30.82
 30.5948 -30.6207
 30.5615 -30.487
 30.5209 -30.4067
 30.5263 -30.1704
 30.5591 -29.983
 30.5691 -29.9468
232 45 16
 25.2319 -28.57
 24.6483 -28.1038
 24.5297 -28.0182
 24.2982 -27.669
 23.7593 -27.199
 23.0933 -27.0508
 22.6221 -26.5702
 22.5031 -25.7884
 21.6471 -25.6455
 20.7924 -25.6282
 20.5987 -25.6812
 20.433 -26.2761
 20.2499 -26.9399
 20.0793 -27.25
 20.0419 -27.3185
 20.0418 -27.3271
233 5 8
 28.4 -72.1461
 28.4895 -72.8093
 28.0464 -73.3703
 27.8903 -73.5649
 27.945 -73.646
 27.8614 -73.9325
 27.8657 -74.1877
 27.9614 -74.2389
233 8 8
 28.4 -72.1461
 27.7875 -71.6498
 27.4345 -71.4442
 27.3042 -71.2771
 27.2402 -71.0864
 27.2197 -70.9218
 27.1715 -70.7943
 27.1397 -70.8
234 125 12
 36.4616 -53.8881
 35.3014 -53.6347
 34.6327 -54.0264
 34.4632 -53.9205
 34.4084 -53.7109
 34.3909 -53.347
 34.625 -52.6591
 34.8701 -52.184
 34.8446 -52.0806
 34.6367 -51.905
 34.4298 -51.7601
 34.4201 -51.7589
234 34 9
 36.4616 -53.8881
 37.375 -54.5628
 37.8583 -54.5383
 38.4903 -54.4237
 39.0305 -54.6503
 39.2595 -54.978
 39.519 -55.1707
 39.668 -55.2926
 39.7106 -55.2861
235 26 22
 41.7336 -67.1868
 41.2861 -66.1609
 41.209 -65.9715
 40.6148 -65.9899
 40.0255 -66.0907
 39.9466 -66.1077
 39.6463 -66.1725
 39.3164 -66.215
 38.7498 -66.5561
 38.3437 -66.987
 38.1666 -67.1044
 37.8851 -67.2193
 37.7757 -67.245
 37.5154 -67.3387
 37.2001 -67.5951
 36.9441 -67.7054
 36.7932 -67.6852
 36.6454 -67.5394
 36.4097 -67.2976
 36.3003 -67.1194
 36.264 -67.0129
 36.246 -66.9799
235 99 5
 41.7336 -67.1868
 42.4723 -68.1456
 43.0637 -68.2644
 43.2313 -68.4594
 43.1747 -68.5908
236 117 7
 -42.1814 -52.3749
 -41.4424 -52.9273
 -40.9833 -52.7972
 -40.2917 -52.5637
 -39.9157 -52.3646
 -39.9123 -52.2867
 -39.9116 -52.2638
236 59 4
 -42.1814 -52.3749
 -42.8986 -52.0281
 -43.0374 -52.2926
 -43.0573 -52.3108
237 28 24
 -31.7138 -45.6768
 -32.7392 -45.1612
 -33.1408 -45.0934
 -32.9543 -44.6422
 -33.1718 -44.0375
 -33.632 -43.865
 -33.9349 -44.0863
 -34.1531 -44.3232
 -34.2431 -44.3502
 -34.3277 -44.4064
 -34.3845 -44.4627
 -34.4957 -44.4243
 -34.5918 -44.3745
 -34.6406 -44.3107
 -34.7109 -44.233
 -34.7911 -44.2291
 -34.8732 -44.2348
 -34.9819 -44.217
 -35.0754 -44.2065
 -35.1217 -44.1598
 -35.1659 -44.083
 -35.193 -44.0578
 -35.2132 -44.0588
 -35.2277 -44.0574
237 80 8
 -31.7138 -45.6768
 -30.3807 -45.9613
 -29.7506 -45.7952
 -28.7491 -45.347
 -27.671 -44.7887
 -27.5595 -44.6703
 -27.2606 -44.6412
 -27.0158 -44.5985
238 28 36
 -32.5604 -50.6817
 -33.6171 -50.5689
 -34.2763 -50.4774
 -34.2511 -49.9775
 -34.1903 -49.1853
 -34.2026 -48.8834
 -34.2587 -48.6106
 -34.4311 -48.1656
 -34.5642 -47.8122
 -34.7517 -47.6058
 -34.8935 -47.2785
 -35.0476 -46.5805
 -35.3782 -46.1275
 -35.6348 -45.9384
 -35.9045 -45.6183
 -36.0113 -45.4124
 -35.782 -45.3552
 -35.564 -45.3142
 -35.4543 -45.1711
 -35.2739 -45.0589
 -35.3042 -45.0035
 -35.3636 -44.7788
 -35.3312 -44.6218
 -35.3574 -44.6088
 -35.3495 -44.5324
 -35.2808 -44.4955
 -35.1703 -44.4587
 -35.1022 -44.4033
 -35.1235 -44.336
 -35.1292 -44.2697
 -35.1124 -44.2358
 -35.1217 -44.1598
 -35.1659 -44.083
 -35.193 -44.0578
 -35.2132 -44.0588
 -35.2277 -44.0574
238 95 7
 -32.5604 -50.6817
 -31.8637 -50.6043
 -31.3148 -50.6227
 -30.9475 -50.7545
 -30.8077 -50.8122
 -30.6521 -50.795
 -30.5347 -50.7417
239 4 13
 1.99985 -72.5835
 0.9891 -70.3154
 0.2185 -69.3416
 0.54195 -68.9917
 1.1937 -68.013
 1.5007 -67.1998
 2.15175 -67.5212
 3.0312 -67.6972
 3.7417 -67.1688
 4.5081 -66.6758
 5.2312 -66.77
 5.69435 -67.0625
 5.7713 -67.0833
239 98 4
 1.99985 -72.5835
 3.2446 -74.9845
 4.15875 -75.9904
 4.1422 -76.0067
240 4 27
 -5.98055 -53.3691
 -6.3765 -54.4523
 -6.95015 -55.4998
 -7.08835 -56.9027
 -6.60205 -57.4672
 -5.91275 -58.0012
 -4.65865 -59.2109
 -3.89165 -60.4405
 -3.92645 -60.9821
 -3.3548 -61.7258
 -2.9081 -63.3637
 -2.9881 -64.4391
 -2.73345 -64.7657
 -2.18925 -65.7331
 -1.86825 -67.0606
 -1.03245 -67.9126
 -0.0403 -68.7489
 0.54195 -68.9917
 1.1937 -68.013
 1.5007 -67.1998
 2.15175 -67.5212
 3.0312 -67.6972
 3.7417 -67.1688
 4.5081 -66.6758
 5.2312 -66.77
 5.69435 -67.0625
 5.7713 -67.0833
240 126 6
 -5.98055 -53.3691
 -5.5952 -52.0131
 -5.101 -51.4583
 -4.82885 -51.2127
 -4.8485 -51.0335
 -4.8637 -51.0286
241 126 7
 -3.15545 -50.2734
 -2.8835 -50.8525
 -3.61635 -51.0182
 -4.3974 -50.9755
 -4.79325 -50.9556
 -4.8485 -51.0335
 -4.8637 -51.0286
241 112 7
 -3.15545 -50.2734
 -3.15085 -49.5367
 -3.12715 -49.4334
 -3.11435 -49.0466
 -3.17005 -48.6979
 -3.20415 -48.6609
 -3.2245 -48.6369
242 135 45
 -27.5481 -33.3415
 -25.8837 -34.5559
 -25.3958 -35.0659
 -25.657 -36.3912
 -25.205 -37.7094
 -24.098 -38.3655
 -24.514 -38.5328
 -25.1973 -38.5954
 -24.8025 -38.9701
 -24.7454 -39.2662
 -24.5058 -39.9483
 -24.4622 -41.0264
 -24.2997 -41.3761
 -23.7269 -41.7734
 -22.999 -41.9201
 -22.2519 -41.1746
 -21.5928 -40.7795
 -20.8019 -40.5886
 -20.1444 -40.863
 -19.1813 -41.3847
 -18.064 -41.6103
 -17.816 -42.1534
 -17.4813 -42.2766
 -16.9449 -42.7423
 -16.3174 -42.5042
 -15.886 -42.2146
 -15.8076 -42.2594
 -15.3713 -42.8588
 -14.7913 -43.3842
 -14.6798 -43.4395
 -14.3809 -43.9616
 -13.8556 -44.2394
 -13.5463 -44.1928
 -13.3288 -44.5031
 -12.6927 -44.8507
 -12.1205 -44.9441
 -12.0254 -44.9482
 -11.4948 -45.1206
 -10.9254 -45.3568
 -10.7789 -45.4503
 -10.5585 -45.0335
 -10.4594 -44.2593
 -10.4405 -43.9186
 -10.3608 -43.9475
 -10.3472 -43.9487
242 94 5
 -27.5481 -33.3415
 -28.6802 -31.2751
 -28.4461 -29.7929
 -28.3834 -28.7819
 -28.2902 -28.6291
243 63 10
 3.2149 -42.0565
 4.34965 -41.9921
 5.0844 -42.2084
 5.16755 -41.3057
 5.3463 -40.2542
 5.90135 -40.3182
 6.94105 -41.5425
 7.58865 -42.511
 7.6546 -42.5736
 7.6686 -42.5878
243 47 5
 3.2149 -42.0565
 2.2921 -42.7501
 1.54075 -43.0541
 1.28735 -43.0311
 1.2779 -43.0257
244 46 11
 -13.9156 -19.6289
 -14.0967 -18.9242
 -13.7339 -18.8312
 -13.0555 -17.369
 -12.6798 -15.7831
 -12.043 -15.488
 -12.7841 -14.857
 -13.2677 -13.2744
 -13.7919 -11.2049
 -14.0395 -9.8327
 -14.0965 -9.6539
244 56 11
 -13.9156 -19.6289
 -13.4165 -21.6889
 -13.4462 -23.3675
 -13.2287 -24.4199
 -12.718 -25.5048
 -11.5924 -26.1673
 -10.3649 -26.5751
 -10.5258 -27.1154
 -11.4312 -27.8694
 -12.2351 -28.4691
 -12.3558 -28.7512
245 41 7
 -36.5446 -27.7521
 -36.5974 -26.8359
 -36.878 -26.6353
 -37.064 -26.4901
 -37.25 -26.3604
 -37.3837 -26.2075
 -37.3845 -26.1633
245 48 8
 -36.5446 -27.7521
 -36.6903 -28.9602
 -36.8293 -29.5001
 -36.8995 -29.9285
 -36.7699 -30.9935
 -36.5031 -32.0933
 -36.3345 -32.5191
 -36.3211 -32.6535
246 28 29
 -33.7603 -36.2254
 -32.4566 -37.0582
 -31.1765 -37.8853
 -30.271 -38.3853
 -30.0116 -39.2925
 -30.0881 -40.5401
 -30.7486 -41.6502
 -31.3162 -42.128
 -32.2227 -42.7448
 -33.2659 -43.5404
 -33.632 -43.865
 -33.9349 -44.0863
 -34.1531 -44.3232
 -34.2431 -44.3502
 -34.3277 -44.4064
 -34.3845 -44.4627
 -34.4957 -44.4243
 -34.5918 -44.3745
 -34.6406 -44.3107
 -34.7109 -44.233
 -34.7911 -44.2291
 -34.8732 -44.2348
 -34.9819 -44.217
 -35.0754 -44.2065
 -35.1217 -44.1598
 -35.1659 -44.083
 -35.193 -44.0578
 -35.2132 -44.0588
 -35.2277 -44.0574
246 48 7
 -33.7603 -36.2254
 -34.8452 -36.4745
 -35.5471 -35.9301
 -35.8904 -34.4785
 -35.9669 -33.3391
 -36.2188 -32.7216
 -36.3211 -32.6535
247 40 15
 -39.4626 -37.9286
 -38.4436 -38.3241
 -38.2719 -38.465
 -37.5532 -38.9543
 -36.7865 -39.5582
 -36.6749 -39.6544
 -36.604 -39.585
 -36.4175 -40.0076
 -36.2505 -40.8806
 -36.1277 -41.3813
 -35.82 -41.5723
 -35.5869 -41.7156
 -35.4362 -41.8518
 -35.3003 -41.9675
 -35.2718 -41.9857
247 18 6
 -39.4626 -37.9286
 -40.7035 -37.6277
 -41.1114 -37.6037
 -41.2684 -37.4475
 -41.3475 -37.2778
 -41.3008 -37.2718
248 18 5
 -43.7704 -39.9863
 -43.4383 -38.5374
 -42.3328 -37.8288
 -41.3642 -37.2498
 -41.3008 -37.2718
248 52 8
 -43.7704 -39.9863
 -43.6821 -41.3905
 -43.2369 -41.9646
 -42.9152 -42.5747
 -42.8042 -42.7803
 -42.785 -42.9002
 -42.7447 -42.9524
 -42.7096 -42.9911
249 140 28
 -38.7568 -11.9016
 -38.3867 -12.416
 -38.1956 -12.5821
 -38.1435 -13.0688
 -38.0835 -13.5487
 -38.16 -13.8587
 -38.2163 -14.5821
 -38.0178 -15.1453
 -37.6434 -15.455
 -37.2165 -15.7852
 -37.0283 -16.2661
 -36.9733 -16.8729
 -37.0045 -17.4086
 -37.1864 -17.7213
 -37.1354 -18.0402
 -36.968 -18.8547
 -36.8237 -19.6283
 -36.5619 -19.9067
 -36.8809 -19.8988
 -37.3874 -20.0733
 -37.8212 -20.0655
 -37.9416 -19.9254
 -38.3783 -19.8894
 -38.9965 -19.958
 -39.2983 -20.0019
 -39.5075 -19.8549
 -39.6791 -19.723
 -39.7254 -19.7039
249 123 6
 -38.7568 -11.9016
 -38.6464 -10.93
 -38.303 -10.2636
 -38.2328 -9.99645
 -38.2857 -9.7573
 -38.3646 -9.738
250 75 68
 -39.0338 -8.8552
 -39.204 -8.1721
 -39.2321 -7.62405
 -39.7162 -6.9447
 -40.2635 -6.162
 -40.4567 -5.9467
 -40.3647 -5.91705
 -40.4652 -5.7674
 -40.6311 -5.5799
 -40.7701 -5.4485
 -41.023 -5.23655
 -41.2967 -5.0352
 -41.403 -4.9005
 -41.4983 -4.777
 -41.359 -4.7382
 -41.2417 -4.6013
 -41.1606 -4.60165
 -41.0502 -4.6534
 -40.7962 -4.72795
 -40.6176 -4.8163
 -40.5708 -4.71445
 -40.4615 -4.641
 -40.3926 -4.69415
 -40.3686 -4.57985
 -40.2753 -4.4216
 -40.0637 -4.21465
 -39.8253 -4.0357
 -39.6489 -4.0048
 -39.495 -3.9778
 -39.3615 -4.0041
 -39.1826 -4.06565
 -38.9977 -4.02075
 -38.7999 -3.89455
 -38.5236 -3.67405
 -38.3772 -3.46785
 -38.2758 -3.3057
 -38.0984 -3.24175
 -38.0161 -3.24845
 -37.9596 -3.21635
 -37.8779 -3.2541
 -37.8382 -3.32915
 -37.7927 -3.2802
 -37.729 -3.21785
 -37.6941 -3.18665
 -37.6573 -3.14215
 -37.6539 -3.0678
 -37.6553 -3.0273
 -37.6433 -2.9184
 -37.6598 -2.8142
 -37.6428 -2.7812
 -37.6011 -2.7688
 -37.5479 -2.74625
 -37.521 -2.69525
 -37.5097 -2.6084
 -37.4897 -2.50895
 -37.4764 -2.45255
 -37.3917 -2.34295
 -37.2328 -2.27875
 -37.1113 -2.3179
 -37.0275 -2.37895
 -36.952 -2.4297
 -36.8936 -2.4291
 -36.8429 -2.4159
 -36.8224 -2.3789
 -36.7769 -2.2824
 -36.7035 -2.2142
 -36.6519 -2.17015
 -36.6334 -2.1363
250 123 5
 -39.0338 -8.8552
 -38.4572 -9.2588
 -38.3077 -9.50285
 -38.3636 -9.66325
 -38.3646 -9.738
251 10 12
 -34.6613 0.3086
 -34.4155 0.6665
 -34.142 0.76725
 -33.8922 0.9252
 -33.6794 1.1698
 -33.6649 1.3059
 -33.7827 1.35275
 -33.8434 1.49855
 -33.9382 1.6633
 -33.9893 1.71215
 -34.0137 1.73875
 -34.0297 1.7563
251 85 5
 -34.6613 0.3086
 -34.8217 -0.15635
 -34.979 -0.4254
 -35.1298 -0.51515
 -35.1507 -0.5202
252 32 17
 -37.623 13.4062
 -37.1549 12.6095
 -36.9285 12.4766
 -37.2137 12.0956
 -37.7174 11.7813
 -37.9624 11.1554
 -38.2491 11.0878
 -37.7623 10.5222
 -37.3282 10.0811
 -37.1046 9.53355
 -37.0266 9.36935
 -36.8869 9.23305
 -36.4707 8.92
 -35.5209 8.7782
 -34.8435 8.7994
 -34.7264 8.707
 -34.683 8.6679
252 92 6
 -37.623 13.4062
 -37.6659 14.2503
 -37.9413 14.1292
 -38.8228 14.036
 -39.6449 14.0364
 -39.6697 14.1113
253 15 41
 -32.0422 -0.23715
 -31.6456 -0.34375
 -31.1744 -0.2837
 -31.0424 -0.3105
 -31.0013 -0.3403
 -30.9281 -0.289
 -30.8241 -0.2782
 -30.764 -0.31975
 -30.6695 -0.3849
 -30.567 -0.4973
 -30.5483 -0.5664
 -30.5108 -0.69685
 -30.5044 -0.878
 -30.5014 -0.9359
 -30.3975 -1.0251
 -30.2752 -1.13435
 -30.1923 -1.1404
 -30.1285 -1.11985
 -30.062 -1.13695
 -29.9947 -1.18225
 -29.9476 -1.19575
 -29.8028 -1.22115
 -29.6574 -1.2255
 -29.686 -1.1423
 -29.6595 -0.95945
 -29.5723 -0.76905
 -29.5893 -0.65765
 -29.6985 -0.54595
 -29.808 -0.48625
 -29.8692 -0.3838
 -29.8293 -0.1902
 -29.6734 -0.0663
 -29.5738 0.10735
 -29.5547 0.3146
 -29.5704 0.49945
 -29.4981 0.6192
 -29.3981 0.68215
 -29.1935 0.89095
 -28.792 1.15385
 -28.5929 1.2816
 -28.5914 1.3025
253 10 27
 -32.0422 -0.23715
 -32.027 0.18615
 -32.0126 0.44295
 -32.1134 0.21265
 -32.3062 0.03925
 -32.5149 0.3082
 -32.6529 0.7192
 -32.686 0.926
 -32.5357 0.9614
 -32.6812 1.06365
 -32.7011 1.3206
 -32.7085 1.4652
 -32.6512 1.55075
 -32.6421 1.78755
 -32.7656 1.99565
 -32.8504 2.0196
 -32.9693 1.99935
 -33.2493 1.94735
 -33.4879 1.9263
 -33.5685 1.9277
 -33.6137 1.83375
 -33.7049 1.71445
 -33.832 1.6391
 -33.9382 1.6633
 -33.9893 1.71215
 -34.0137 1.73875
 -34.0297 1.7563
254 1 18
 -16.6413 2.33315
 -16.0159 2.12335
 -16.0748 1.7052
 -16.0177 1.0948
 -16.5387 0.3721
 -17.2339 0.05935
 -17.3521 0.13315
 -17.534 -0.13135
 -17.7705 -0.5115
 -17.8845 -0.7361
 -17.9887 -0.7241
 -18.152 -1.10665
 -18.1135 -1.5427
 -18.0457 -1.6613
 -18.0654 -1.78185
 -17.8801 -1.9555
 -17.6966 -2.11375
 -17.6817 -2.1347
254 119 4
 -16.6413 2.33315
 -17.4788 2.5684
 -17.699 2.57855
 -17.715 2.5212
255 90 8
 -10.6191 6.0056
 -11.5334 5.39905
 -11.9122 5.0168
 -12.2782 4.32475
 -12.1824 4.01105
 -11.8883 3.12515
 -11.6639 2.1652
 -11.6372 2.0873
255 58 9
 -10.6191 6.0056
 -9.22275 6.8777
 -8.4141 7.46915
 -8.0728 7.8265
 -7.28155 7.29895
 -6.4048 6.81825
 -6.19905 6.9877
 -5.9912 7.0409
 -5.8758 7.003
256 14 11
 9.0397 15.2015
 9.39835 14.0257
 8.7501 13.5616
 8.25645 13.4733
 8.6987 13.3979
 9.22705 13.2656
 9.6059 13.0035
 10.2719 13.114
 11.0296 13.4494
 11.3158 13.464
 11.3906 13.4683
256 11 10
 9.0397 15.2015
 8.3602 16.343
 7.8681 16.6849
 7.23725 16.6339
 7.6624 16.2802
 7.31005 15.6919
 6.0335 15.3397
 4.6944 15.4986
 3.75305 15.5715
 3.7834 15.4093
257 17 10
 -1.36755 13.8416
 -1.26885 12.3596
 -2.44225 11.1679
 -4.0154 10.6398
 -5.06115 10.2607
 -5.58335 10.089
 -5.7725 10.0546
 -5.77205 9.97425
 -5.7805 9.8585
 -5.7865 9.7972
257 54 21
 -1.36755 13.8416
 -2.544 14.8011
 -3.5884 15.5413
 -4.46825 16.2955
 -5.34325 17.1958
 -5.27115 17.8326
 -6.2233 17.4247
 -6.87885 17.1216
 -7.09205 17.1762
 -7.7716 17.0237
 -8.4545 16.4881
 -8.5614 16.0966
 -8.43885 16.0188
 -8.44345 15.7664
 -8.1561 15.1455
 -7.3871 15.0069
 -6.9691 15.2295
 -6.896 14.8549
 -6.72185 14.5281
 -6.6035 14.439
 -6.5932 14.3214
258 86 6
 3.0208 11.3804
 3.6118 11.2888
 3.7857 11.2554
 3.97545 11.5238
 4.0763 11.7363
 4.1055 11.743
258 72 5
 3.0208 11.3804
 2.3136 11.4457
 2.03315 11.5646
 1.9006 11.5544
 1.8765 11.495
259 14 22
 7.50425 5.374
 6.596 6.1867
 5.74055 6.7513
 5.75045 6.9515
 6.0661 8.4835
 5.94235 10.056
 5.9879 10.3491
 6.4048 10.6565
 6.7601 11.1781
 6.9892 11.9257
 7.3667 12.5051
 7.8135 12.7931
 7.9844 13.2162
 8.0299 13.4906
 8.25645 13.4733
 8.6987 13.3979
 9.22705 13.2656
 9.6059 13.0035
 10.2719 13.114
 11.0296 13.4494
 11.3158 13.464
 11.3906 13.4683
259 141 14
 7.50425 5.374
 8.4805 4.74165
 7.49195 4.70645
 6.94815 3.80935
 5.9941 2.93755
 5.71575 1.5164
 5.78705 0.4976
 5.2562 0.4155
 5.0213 0.43525
 4.2066 0.97925
 2.98605 0.78705
 2.3685 0.10105
 2.15495 0.0259
 2.1361 0.0252
260 79 12
 2.1344 -0.73255
 1.9042 -1.4721
 1.60345 -1.80655
 1.4528 -2.05095
 1.6344 -2.48835
 2.53535 -2.8484
 3.3858 -2.87325
 3.6915 -2.9425
 3.92375 -3.187
 4.0415 -3.35065
 4.05165 -3.3631
 4.0539 -3.3645
260 141 4
 2.1344 -0.73255
 2.13455 -0.13645
 2.12145 -0.0199
 2.1361 0.0252
261 79 14
 -0.941 -1.609
 -0.34875 -1.81765
 0.5144 -1.70655
 1.0209 -1.6125
 1.32465 -1.78455
 1.4528 -2.05095
 1.6344 -2.48835
 2.53535 -2.8484
 3.3858 -2.87325
 3.6915 -2.9425
 3.92375 -3.187
 4.0415 -3.35065
 4.05165 -3.3631
 4.0539 -3.3645
261 21 6
 -0.941 -1.609
 -1.5012 -1.0509
 -2.12655 -0.7766
 -2.57625 -1.14685
 -2.85735 -1.43875
 -2.8661 -1.449
262 106 4
 -17.0212 -2.5883
 -16.7302 -3.4375
 -16.6642 -3.8781
 -16.6298 -3.8909
262 1 4
 -17.0212 -2.5883
 -17.366 -2.11895
 -17.5666 -2.10285
 -17.6817 -2.1347
263 24 24
 -13.3974 -6.7198
 -12.6536 -6.01215
 -11.8435 -5.90505
 -11.0439 -5.62425
 -10.4384 -5.638
 -9.65925 -5.7931
 -9.52325 -5.73655
 -10.1933 -5.3392
 -10.8711 -4.7495
 -10.9622 -4.2949
 -10.802 -4.01295
 -10.8036 -3.91
 -10.9166 -3.66835
 -11.0742 -3.2899
 -11.1218 -2.95995
 -11.1262 -2.7768
 -11.1925 -2.74265
 -11.2558 -2.755
 -11.3615 -2.7247
 -11.4212 -2.61285
 -11.4109 -2.57275
 -11.4358 -2.5249
 -11.4747 -2.48165
 -11.4904 -2.4841
263 46 9
 -13.3974 -6.7198
 -13.9598 -7.5501
 -14.6181 -7.56275
 -15.8224 -7.91805
 -16.4043 -8.36515
 -15.7585 -8.87895
 -14.5924 -9.5081
 -14.1019 -9.65265
 -14.0965 -9.6539
264 24 33
 -3.85685 -5.09345
 -4.89635 -4.5345
 -5.3036 -4.4461
 -5.68385 -4.0008
 -5.9621 -3.5089
 -5.8545 -3.2267
 -6.03015 -3.07505
 -6.21915 -2.9949
 -6.3797 -3.07595
 -6.66195 -3.0354
 -7.10565 -3.14225
 -7.7758 -3.67885
 -8.18535 -4.0541
 -8.30405 -4.0829
 -8.7335 -4.0661
 -9.32175 -4.3062
 -9.58195 -4.5653
 -9.6021 -4.062
 -9.80315 -3.5636
 -10.0063 -3.56955
 -10.24 -3.2985
 -10.4573 -2.96145
 -10.6374 -2.80295
 -10.826 -2.67065
 -10.9372 -2.6422
 -11.1315 -2.6801
 -11.2558 -2.755
 -11.3615 -2.7247
 -11.4212 -2.61285
 -11.4109 -2.57275
 -11.4358 -2.5249
 -11.4747 -2.48165
 -11.4904 -2.4841
264 100 6
 -3.85685 -5.09345
 -2.9013 -5.5853
 -2.1972 -5.4571
 -1.71185 -6.34035
 -1.57025 -7.1909
 -1.5617 -7.217
265 103 23
 13.0625 -26.9642
 13.7023 -28.4333
 14.8038 -29.2137
 15.869 -29.4764
 16.4929 -29.1001
 17.4916 -28.4463
 17.9531 -28.1399
 17.9135 -27.9571
 18.1773 -28.327
 19.0152 -29.4454
 19.6479 -30.4664
 19.6957 -30.7929
 19.1785 -31.3559
 18.4048 -31.9041
 17.8486 -32.3635
 17.4927 -32.7733
 17.4396 -32.902
 17.3275 -32.9418
 17.1383 -32.9761
 16.3951 -33.2267
 15.5151 -33.2463
 15.2767 -33.0291
 15.2701 -33.0149
265 130 5
 13.0625 -26.9642
 12.5295 -26.0434
 12.8735 -24.5538
 13.2093 -23.0462
 13.1775 -23.0106
266 130 5
 11.8419 -21.4296
 12.9331 -22.6099
 13.0307 -22.868
 13.1516 -23
 13.1775 -23.0106
266 89 3
 11.8419 -21.4296
 10.7212 -20.3842
 10.6892 -20.3823
267 136 11
 26.6718 -4.2219
 27.3773 -3.4949
 27.5126 -3.4445
 27.9662 -3.71135
 28.5361 -3.62015
 28.8159 -3.67515
 28.9914 -4.08655
 29.3605 -3.37675
 29.9446 -2.79945
 30.2001 -2.7785
 30.2042 -2.7637
267 39 11
 26.6718 -4.2219
 26.1672 -4.9254
 26.0264 -5.22115
 26.0418 -5.28425
 25.5965 -5.7061
 25.3331 -6.0847
 25.751 -6.59385
 26.2637 -7.5383
 26.3794 -8.02115
 26.3982 -8.04695
 26.4043 -8.0474
268 35 21
 14.9997 16.1065
 14.6486 16.2431
 14.4627 16.5596
 14.3475 17.0056
 14.41 17.2084
 14.469 17.3129
 14.1789 17.5656
 13.8956 17.8903
 13.8612 18.2061
 13.7905 18.4608
 14.3232 18.7142
 15.0822 19.0259
 15.5037 19.0924
 14.9695 19.4524
 14.5531 19.8909
 14.6114 20.071
 14.7357 20.1602
 14.7864 20.2888
 14.8764 20.4042
 14.9149 20.4703
 14.9175 20.4867
268 16 5
 14.9997 16.1065
 15.6504 15.6642
 16.1491 15.5601
 16.3956 15.8939
 16.4728 15.9847
269 114 8
 31.7137 21.3398
 31.1097 20.7842
 31.1534 19.8764
 31.3039 18.8123
 31.5477 18.6376
 32.0939 18.2398
 32.4688 17.833
 32.4387 17.8166
269 116 3
 31.7137 21.3398
 32.3642 21.9263
 32.4149 21.9682
270 143 6
 40.708 3.1555
 41.6632 4.0047
 41.7488 4.09145
 41.8721 4.16545
 41.929 4.18905
 41.9374 4.178
270 137 7
 40.708 3.1555
 39.7453 2.34725
 39.5897 2.14005
 39.6331 1.3201
 39.8685 0.30985
 39.9305 -0.13475
 39.938 -0.1883
271 51 21
 37.5468 -0.4233
 36.9616 -0.14235
 36.4977 -0.46895
 36.2753 -1.1613
 35.9992 -1.57355
 35.7412 -1.5022
 35.5346 -1.4903
 35.3703 -1.64745
 35.1791 -1.7258
 35.0903 -1.67085
 35.021 -1.5184
 34.8701 -1.33965
 34.7026 -1.2269
 34.6349 -1.17975
 34.5854 -1.1873
 34.4563 -1.24395
 34.3731 -1.33845
 34.3567 -1.4342
 34.2529 -1.6104
 34.1785 -1.7691
 34.1953 -1.8149
271 137 6
 37.5468 -0.4233
 38.1283 -0.7234
 38.7732 -0.63565
 39.423 -0.36905
 39.8925 -0.1839
 39.938 -0.1883
272 143 9
 42.5602 5.3872
 42.1287 4.92635
 41.9018 4.55655
 41.8727 4.39265
 41.8178 4.2167
 41.7488 4.09145
 41.8721 4.16545
 41.929 4.18905
 41.9374 4.178
272 121 4
 42.5602 5.3872
 42.8278 5.52895
 42.9414 5.4951
 42.9607 5.4844
273 137 10
 43.224 -0.9195
 42.5938 -1.86585
 42.2345 -2.29295
 41.9603 -2.27455
 41.6602 -2.15195
 41.3908 -1.7527
 40.7094 -0.8234
 40.1162 -0.21435
 39.9699 -0.20625
 39.938 -0.1883
273 115 3
 43.224 -0.9195
 43.5573 -0.10505
 43.5786 0.1748
274 87 9
 54.5714 -7.8406
 55.3341 -7.5016
 55.8815 -7.43335
 56.5016 -7.427
 56.7053 -7.4053
 56.7822 -7.33395
 56.8618 -7.24085
 56.8984 -7.1957
 56.9219 -7.1904
274 120 9
 54.5714 -7.8406
 53.7626 -8.0369
 53.5681 -7.97205
 53.4809 -7.86675
 53.1206 -7.9538
 52.9514 -7.76345
 53.0388 -6.84065
 52.9853 -6.27125
 52.9761 -6.2296
275 120 16
 50.4818 -10.2418
 50.7211 -9.759
 50.814 -9.1446
 50.8323 -8.7591
 50.8675 -8.68675
 51.0732 -8.40225
 51.4764 -8.3055
 52.1017 -8.5965
 52.5278 -8.69435
 52.6545 -8.41535
 52.7975 -8.1615
 53.1206 -7.9538
 52.9514 -7.76345
 53.0388 -6.84065
 52.9853 -6.27125
 52.9761 -6.2296
275 42 4
 50.4818 -10.2418
 50.3008 -10.495
 50.2298 -10.6247
 50.2029 -10.7055
276 9 18
 48.4149 -13.8174
 48.1001 -14.6249
 47.8891 -15.5876
 47.6186 -16.1923
 47.4145 -16.506
 47.1331 -16.7498
 47.3186 -16.7691
 47.8615 -17.1922
 48.3204 -17.6308
 48.2927 -17.9629
 48.5249 -17.5159
 48.7859 -17.3286
 48.9696 -17.1493
 49.2342 -17.029
 49.4015 -17.0356
 49.4651 -17.0269
 49.5428 -17.0141
 49.5855 -17.0023
276 42 10
 48.4149 -13.8174
 48.9224 -12.9627
 49.5301 -12.4959
 50.2101 -12.4808
 50.6178 -12.2284
 51.0832 -11.9795
 51.2141 -11.7299
 50.6411 -11.0966
 50.2131 -10.7027
 50.2029 -10.7055
277 9 18
 45.9412 -15.8313
 45.9239 -16.7646
 45.7822 -16.9452
 46.0526 -16.9785
 46.6355 -16.8925
 47.1331 -16.7498
 47.3186 -16.7691
 47.8615 -17.1922
 48.3204 -17.6308
 48.2927 -17.9629
 48.5249 -17.5159
 48.7859 -17.3286
 48.9696 -17.1493
 49.2342 -17.029
 49.4015 -17.0356
 49.4651 -17.0269
 49.5428 -17.0141
 49.5855 -17.0023
277 30 10
 45.9412 -15.8313
 45.9867 -14.9694
 46.0807 -14.6721
 46.0517 -13.9268
 45.9741 -13.3536
 46.4131 -12.8472
 46.8602 -12.2188
 47.0351 -12.6538
 47.2386 -12.9581
 47.2986 -12.9957
278 23 8
 38.8894 -17.4581
 38.8613 -17.6736
 38.5938 -17.6947
 38.3511 -17.8233
 38.2127 -18.0443
 38.036 -18.2237
 37.9349 -18.2216
 37.9134 -18.2021
278 142 6
 38.8894 -17.4581
 39.0826 -17.228
 39.2366 -16.9065
 39.3953 -16.497
 39.505 -16.3065
 39.5107 -16.2669
279 23 8
 38.1188 -20.5168
 37.3798 -20.1831
 37.7986 -19.7388
 37.7589 -19.1145
 37.7882 -18.6863
 37.9089 -18.3438
 37.9119 -18.2156
 37.9134 -18.2021
279 64 5
 38.1188 -20.5168
 38.7617 -20.9887
 39.2504 -21.1091
 39.4946 -21.1152
 39.5228 -21.1186
280 57 38
 47.7029 -21.8691
 46.6787 -21.2808
 46.5199 -20.9002
 46.0513 -21.5875
 45.1768 -22.1391
 44.3161 -22.2837
 43.5806 -23.375
 43.3163 -24.4478
 43.6303 -24.8753
 43.9848 -25.3864
 44.4116 -25.3868
 44.7814 -25.0653
 45.071 -25.11
 45.394 -25.2713
 45.4638 -25.6903
 45.327 -26.6649
 45.1256 -27.3693
 44.8871 -27.6167
 44.7535 -27.7415
 44.9081 -27.8802
 45.096 -28.0634
 45.1647 -28.1417
 45.1897 -28.2406
 45.1887 -28.3696
 45.2274 -28.5339
 45.3166 -28.6335
 45.3381 -28.6631
 45.3057 -28.9309
 45.1971 -29.6255
 45.2007 -30.2327
 45.335 -30.5484
 45.3954 -30.8023
 45.4758 -30.9886
 45.5301 -31.102
 45.5678 -31.139
 45.5207 -31.283
 45.4658 -31.4258
 45.4761 -31.4474
280 9 21
 47.7029 -21.8691
 49.1637 -21.6171
 49.9653 -21.1585
 50.6517 -20.6532
 51.4663 -20.4775
 51.9629 -19.6508
 51.6266 -18.5821
 50.9885 -18.3703
 50.3055 -18.179
 49.8827 -18.3569
 49.5297 -18.6852
 48.6988 -18.5485
 48.2927 -17.9629
 48.5249 -17.5159
 48.7859 -17.3286
 48.9696 -17.1493
 49.2342 -17.029
 49.4015 -17.0356
 49.4651 -17.0269
 49.5428 -17.0141
 49.5855 -17.0023
281 57 6
 46.6716 -31.077
 45.6993 -31.073
 45.5678 -31.139
 45.5207 -31.283
 45.4658 -31.4258
 45.4761 -31.4474
281 20 13
 46.6716 -31.077
 47.6062 -31.2521
 48.1462 -31.3181
 48.8801 -31.0489
 49.1687 -30.7512
 49.3641 -30.4081
 50.084 -30.6616
 50.6321 -31.2698
 51.0712 -31.2531
 51.844 -31.3041
 52.3108 -31.3267
 52.3826 -31.1335
 52.3621 -31.0873
282 71 17
 37.9721 -35.0927
 38.7666 -34.4184
 38.8914 -34.1186
 39.0406 -33.8694
 39.1604 -33.7706
 39.4027 -33.7811
 39.8567 -33.9383
 40.302 -34.2904
 40.4845 -34.5044
 40.4047 -35.0906
 40.4009 -35.6645
 40.8079 -35.8551
 41.3876 -36.1686
 41.6835 -36.3176
 41.8315 -36.4337
 41.8643 -36.6065
 41.8389 -36.6794
282 67 3
 37.9721 -35.0927
 37.287 -35.6512
 37.3099 -35.6986
283 122 22
 33.7099 -35.5405
 33.3239 -34.5468
 32.6706 -33.931
 32.605 -32.8678
 32.5003 -32.1854
 32.4013 -32.1007
 32.3086 -32.0969
 32.1448 -31.9496
 32.0443 -31.7415
 31.8734 -31.6078
 31.6782 -31.5284
 31.4363 -31.3959
 30.7226 -31.2463
 30.2538 -31.1828
 30.3962 -31.0025
 30.5606 -30.82
 30.5948 -30.6207
 30.5615 -30.487
 30.5209 -30.4067
 30.5263 -30.1704
 30.5591 -29.983
 30.5691 -29.9468
283 129 5
 33.7099 -35.5405
 33.5594 -36.6675
 33.6958 -37.0387
 33.7504 -37.1337
 33.7595 -37.1634
284 45 7
 18.4576 -28.2261
 19.4092 -28.1383
 19.8076 -27.8701
 19.8125 -27.7607
 19.9505 -27.5413
 20.042 -27.3706
 20.0418 -27.3271
284 103 17
 18.4576 -28.2261
 17.9135 -27.9571
 18.1773 -28.327
 19.0152 -29.4454
 19.6479 -30.4664
 19.6957 -30.7929
 19.1785 -31.3559
 18.4048 -31.9041
 17.8486 -32.3635
 17.4927 -32.7733
 17.4396 -32.902
 17.3275 -32.9418
 17.1383 -32.9761
 16.3951 -33.2267
 15.5151 -33.2463
 15.2767 -33.0291
 15.2701 -33.0149
285 31 17
 12.869 -34.8521
 12.7629 -35.7356
 13.2423 -36.5397
 13.4761 -36.9502
 13.0849 -37.0872
 12.7423 -37.4122
 12.5876 -37.9398
 12.214 -38.3077
 11.7807 -38.7137
 11.6842 -39.7473
 12.1876 -40.4524
 12.6129 -40.5029
 12.7305 -40.5165
 12.8205 -40.6493
 12.8307 -40.933
 12.8848 -41.0616
 12.9293 -41.0441
285 103 8
 12.869 -34.8521
 13.5317 -34.0139
 13.919 -33.4407
 13.9445 -33.2186
 14.5336 -33.1626
 15.149 -33.0733
 15.2275 -33.0201
 15.2701 -33.0149
286 25 3
 10.6972 -45.2488
 9.9755 -44.8764
 9.969 -44.8697
286 77 7
 10.6972 -45.2488
 11.6942 -45.5313
 12.2383 -45.5203
 12.6182 -45.7783
 12.9096 -46.0351
 13.0631 -46.1384
 13.0427 -46.1705
287 144 27
 26.5503 -46.3283
 26.2978 -46.9298
 26.7182 -47.2952
 26.9656 -47.639
 26.819 -47.992
 26.691 -48.547
 26.7326 -49.0595
 26.8543 -49.5798
 26.959 -49.868
 27.1173 -50.0375
 26.9863 -50.5997
 27.198 -51.3806
 27.6601 -51.7612
 27.5542 -52.5132
 27.3368 -53.4548
 27.2249 -53.7062
 27.3447 -53.828
 27.4422 -53.9234
 27.5918 -54.031
 27.8289 -54.0255
 28.0397 -53.9166
 28.1846 -53.9367
 28.2208 -53.9755
 28.288 -53.9622
 28.3814 -53.9318
 28.4292 -53.9158
 28.4365 -53.9181
287 2 5
 26.5503 -46.3283
 27.2253 -45.288
 27.5497 -44.6903
 27.6594 -44.5964
 27.7045 -44.58
288 144 27
 25.695 -46.5696
 26.2978 -46.9298
 26.7182 -47.2952
 26.9656 -47.639
 26.819 -47.992
 26.691 -48.547
 26.7326 -49.0595
 26.8543 -49.5798
 26.959 -49.868
 27.1173 -50.0375
 26.9863 -50.5997
 27.198 -51.3806
 27.6601 -51.7612
 27.5542 -52.5132
 27.3368 -53.4548
 27.2249 -53.7062
 27.3447 -53.828
 27.4422 -53.9234
 27.5918 -54.031
 27.8289 -54.0255
 28.0397 -53.9166
 28.1846 -53.9367
 28.2208 -53.9755
 28.288 -53.9622
 28.3814 -53.9318
 28.4292 -53.9158
 28.4365 -53.9181
288 7 10
 25.695 -46.5696
 25.0681 -46.1587
 24.8312 -45.9642
 24.215 -45.6175
 23.0149 -45.1592
 21.8942 -45.0531
 21.3899 -45.3173
 21.3594 -45.5571
 21.3499 -45.6531
 21.3532 -45.7059
289 50 7
 21.5573 -41.1432
 21.1943 -40.6903
 20.6195 -41.0331
 19.9578 -41.2743
 19.7482 -41.1017
 19.645 -41.0594
 19.6283 -41.0655
289 105 3
 21.5573 -41.1432
 22.0111 -41.6804
 22.1381 -41.7872
290 73 31
 28.8331 -44.2835
 29.4997 -44.1877
 30.1781 -44.0413
 30.2484 -43.8455
 30.6773 -44.1039
 31.1452 -44.6387
 31.5953 -45.1211
 31.6179 -45.1688
 31.9968 -45.4748
 32.4926 -45.8928
 32.6665 -46.1356
 32.6149 -46.3137
 32.525 -46.4111
 32.5095 -46.5525
 32.4191 -46.7181
 32.2092 -46.7027
 31.9925 -46.6369
 31.842 -46.6143
 31.7698 -46.7826
 31.9243 -47.1018
 32.1692 -47.2748
 32.2785 -47.4271
 32.3969 -47.5225
 32.5285 -47.502
 32.5843 -47.4932
 32.6256 -47.4835
 32.6455 -47.5229
 32.7352 -47.6003
 32.8383 -47.6666
 32.8725 -47.7013
 32.897 -47.7057
290 2 4
 28.8331 -44.2835
 28.0428 -44.4087
 27.7126 -44.5792
 27.7045 -44.58
291 125 19
 32.0025 -57.9859
 32.6525 -56.7217
 32.5825 -56.3756
 32.9844 -55.8857
 33.0189 -55.1164
 32.7238 -54.6425
 33.0126 -54.1378
 33.4612 -53.6079
 33.6174 -53.4109
 33.6812 -53.5349
 34.0751 -53.5707
 34.4084 -53.7109
 34.3909 -53.347
 34.625 -52.6591
 34.8701 -52.184
 34.8446 -52.0806
 34.6367 -51.905
 34.4298 -51.7601
 34.4201 -51.7589
291 110 3
 32.0025 -57.9859
 31.1887 -59.1301
 31.1592 -59.1852
292 29 12
 21.95 -61.0485
 23.64 -60.6718
 24.0075 -59.8307
 24.8157 -59.1141
 25.5711 -58.4618
 25.4935 -58.8534
 25.7964 -59.5178
 26.6435 -59.5456
 27.5784 -58.6515
 27.916 -58.3175
 27.8599 -58.2615
 27.8546 -58.2487
292 13 3
 21.95 -61.0485
 20.4556 -61.0018
 20.4163 -60.9966
293 76 19
 36.0441 -77.4639
 37.0521 -77.2146
 37.3867 -77.1364
 37.6028 -77.108
 38.0004 -76.9692
 38.0668 -76.7922
 37.7036 -76.5571
 37.5161 -76.189
 37.4765 -75.9545
 37.4696 -75.9047
 37.4937 -75.8497
 37.5444 -75.7209
 37.528 -75.6122
 37.4245 -75.5235
 37.4659 -75.2794
 37.5804 -74.9667
 37.6075 -74.7479
 37.6557 -74.6446
 37.6882 -74.6342
293 33 18
 36.0441 -77.4639
 34.8549 -77.3285
 34.3656 -76.892
 33.8383 -76.7928
 33.1455 -76.3303
 32.9068 -75.7345
 32.9118 -75.6003
 32.8758 -75.446
 32.8975 -74.9308
 33.0008 -74.4628
 32.94 -74.0936
 32.7297 -73.6167
 32.7462 -73.3291
 33.0257 -73.0986
 33.3377 -72.9242
 33.5125 -72.9399
 33.5501 -73.0034
 33.5754 -73.0142
294 0 22
 44.0434 -69.4214
 44.7878 -70.2614
 45.341 -69.6346
 46.1288 -69.0081
 46.6071 -68.7708
 47.2206 -68.4406
 47.6262 -67.7491
 47.5706 -67.1852
 47.1964 -66.8135
 46.8979 -66.2742
 46.9918 -65.9551
 47.306 -65.5934
 47.7201 -65.5715
 48.5088 -65.6767
 49.664 -65.1383
 50.1981 -64.6326
 50.1815 -64.5635
 50.115 -64.4084
 50.0713 -64.0056
 49.8335 -63.5091
 49.5976 -63.2174
 49.6137 -63.1712
294 99 3
 44.0434 -69.4214
 43.2197 -68.6115
 43.1747 -68.5908
295 0 23
 45.502 -72.2086
 44.9535 -70.8264
 44.7878 -70.2614
 45.341 -69.6346
 46.1288 -69.0081
 46.6071 -68.7708
 47.2206 -68.4406
 47.6262 -67.7491
 47.5706 -67.1852
 47.1964 -66.8135
 46.8979 -66.2742
 46.9918 -65.9551
 47.306 -65.5934
 47.7201 -65.5715
 48.5088 -65.6767
 49.664 -65.1383
 50.1981 -64.6326
 50.1815 -64.5635
 50.115 -64.4084
 50.0713 -64.0056
 49.8335 -63.5091
 49.5976 -63.2174
 49.6137 -63.1712
295 37 7
 45.502 -72.2086
 45.458 -73.4728
 44.9741 -73.7574
 44.4139 -73.1775
 43.8693 -72.7206
 43.7862 -72.7355
 43.7788 -72.739
301 68 7
 60.3841 -44.9022
 60.3258 -45.6193
 60.3134 -31.9557
 59.5006 -18.2921
 57.8726 -16.933
 56.9702 -16.3142
 56.9538 -16.3374
