   6.2677811856987766     
   2.2259574123131762     
   4.5539780269239545     
   12.512804028294935     
   4.1703060255497189     
   1.1838119884139851     
   3.2931922803022955     
   3.3516429395492175     
   2.3945303843309249     
   2.7527858474578375     
   1.2567214239805489     
   1.1058572552354877     
   6.5258146545960161     
   1.3555549290669524     
   10.273965756208369     
   1.0277488335601010     
  0.99126693839404356     
   1.0265471112508584     
   5.8858319507778019     
   1.3062861435472710     
   2.4055724250781862     
   1.4239466531336831     
   5.7559485098209819     
   2.1179007810140451     
   1.4396468079687232     
   1.5101868555573013     
   3.2113057277032668     
   2.7738259532194229     
   2.2238329044214544     
   2.1108344300415776     
   3.3751668210924732     
   3.4681563591738147     
   5.6821317824686046     
   1.7339370533471932     
   4.7668393024831666     
   1.3955846553352733     
   5.0287572307132997     
   1.6167917048342799     
   1.7881377535270548     
   1.2042452329987807     
   3.7165671416729888     
   2.1853374011518460     
   1.9222901219221677     
   4.9259555512566324     
   9.6562511075500925     
   1.5709614935558398     
   2.2002211263633287     
   1.1095820605866549     
   6.1389598604129532     
   3.9555125252613337     
   1.1965506334216083     
  0.94429423765729137     
   4.5931374222979713     
   1.6449798885842051     
   1.0834014339219862     
  0.72298019284013992     
   2.0512097696579228     
   2.0269372966159778     
   1.4575340312470459     
   1.4355089727418227     
   3.5565177355075193     
   4.4702858745832321     
   4.2837906459078745     
   1.3749269359546599     
   8.2317406462233311     
   2.1611056823951644     
   4.6178647790095209     
   3.5470032552450368     
   1.7618074706790634     
   1.9504301190198994     
   1.2334795292368499     
  0.94248445293659622     
   5.1211701265564695     
  0.63354582730234610     
   5.3120428671950517     
   8.3380220275818182     
   2.9546485739905206     
  0.89365537663998662     
   3.0816402242951679     
   2.0388500392973814     
   2.8711904589440573     
  0.86446969667278928     
  0.90902098341984594     
   7.7508064137845940     
   3.4294653358558946     
   3.9394655183186553     
   2.5703946726619793     
   4.3302387938867817     
   3.1714456424314763     
  0.89809090238148193     
   8.2594067273206626     
   3.4541818757370297     
   11.605487522392592     
   1.0996165883018485     
   1.9507087467756190     
   1.0174966967991743     
   2.4935792401549963     
  0.94783240187633744     
   3.7381630778114969     
   2.7935962717990934     
   1.4715992465333156     
  0.83172076579132392     
   1.1645777310288592     
  0.68262765233905520     
   2.6964136316136678     
   3.8743773736669262     
   3.1961543340445879     
   3.8688485103494106     
   1.6352224625927672     
  0.98158170176171988     
   4.2183962574152423     
   1.7664683744372034     
   2.4668046063093101     
   3.3868160197512376     
   3.6134034692098171     
   2.6288417265663404     
   2.5989090733018556     
   2.2040303128978378     
   1.5246037311318883     
   1.1495922112875232     
   4.2699862318691926     
   1.2194783238734184     
   1.2896508551918862     
   1.9213572342423382     
   1.7418650159193865     
   1.3872394722633590     
   3.0652521400100290     
  0.83823472105786656     
   1.9962508786507880     
   3.6235345007332804     
   3.5255755765926020     
   7.2725341945476041     
   1.9109048012628209     
   2.0621476551330375     
   1.8103821054334961     
   2.5467937325910803     
   1.5542334657144092     
   1.9783195612204836     
   3.0354592477310014     
   1.0963095869486570     
   2.7873526094348939     
   4.2468429445309246     
   1.7543297846094323     
   1.6356753699344926     
   1.8400869483570397     
   1.5273350034426973     
   6.5634909389116061     
  0.67000775696266379     
   4.4302474638881097     
   2.7552345625029986     
   3.2150173542384106     
  0.77392028944226543     
   9.8415480266582485     
   5.0193207621162923     
   1.2797262080259368     
  0.99658836639669557     
   3.3020123583077816     
  0.69727170092231150     
   5.3736329933320652     
   3.3431169871696769     
   1.3912202037224881     
  0.94813736449592467     
   5.3254008067281937     
   1.9926119466074470     
   2.6497744197906012     
   1.2400472245755825     
   2.1947625177053349     
   2.1326545352728070     
   7.5281622071386289     
   1.0855517399730965     
   3.6976798269270046     
   1.6941984719818663     
   3.9715037068072139     
   4.4825606894258314     
   1.4342027992524362     
   1.2307163165791533     
   2.5780139260064598     
   2.4132659816719180     
   4.0705242713529231     
   1.6105612061210897     
   1.7534800236083652     
  0.85058191865612875     
   3.0713781534549498     
   3.1199663800051751     
   4.9579339610108883     
   1.3766980689257369     
   6.2644927015073479     
   2.7509366879094124     
   13.139723513247835     
   1.8082178194387699     
   1.5334666217647110     
   1.2055093988378747     
   16.282530192744371     
   3.5481190148151174     
   3.8067725222196311     
   1.4197263349157181     
   6.2782264433618966     
   6.3738628621592825     
   1.4010025110779847     
   3.0527993164987328     
   6.9470800685866640     
   3.3945697673228610     
   3.5732335862138500     
   1.5924951350146828     
   2.6820436580182720     
   2.3226135837424269     
   6.4623619801162642     
   1.4165239598094335     
   6.0546019601747281     
  0.94843683656104028     
   1.1427165097341121     
  0.68882857529636243     
   4.7728734447287762     
   1.8894007028436901     
   3.1827455635555131     
   2.5568740092037592     
   3.4658368944494367     
  0.98899328936286857     
   2.9782113130945205     
   3.4763612534760155     
   3.3120300692715272     
   4.3256149361440306     
   3.8979482399540020     
   6.8240446571198854     
  0.98667399304854042     
  0.90725305528009648     
   6.9939638130944308     
   6.1378931996017192     
   2.5522349824702721     
  0.69093951486458460     
   2.9292925466874831     
   1.4002202131570738     
  0.97108413392028237     
  0.82123943680948708     
   4.8843233096335217     
   3.6006150483340287     
   5.9360087213792347     
   2.1374521854647197     
   8.5400749343886382     
   2.6562165887199769     
   1.8144128787095142     
   1.5646455546805966     
   2.8962172998975948     
   2.5045988612653796     
   3.5379529127902503     
   1.3209247907768282     
   2.6396273327127058     
  0.94163409975782608     
   1.4496653052580624     
   2.5810767282446814     
   2.7544211997822456     
   1.4481604501249130     
   1.0162700561485529     
  0.34695998560237107     
   2.8168394032495896     
   1.1606694768913157     
   1.6418910552873358     
   1.8382406926459391     
   3.6683139703125200     
  0.48156173620100273     
   3.6877182605663847     
   3.0771633317179989     
   3.5098192548146319     
   2.8896197506269279     
  0.80184968939613355     
  0.81964608951351980     
   1.8267221491242398     
   1.0701827643407731     
   8.8290935411598923     
   6.3230922863572898     
   1.1716755695446719     
   3.9772827041138146     
   3.7681395948701013     
  0.93654476011439969     
   4.1426020775090251     
   1.2776399713205506     
   1.3023289141208447     
   5.0668375375876042     
   4.1729634137644132     
   1.9997640999021420     
  0.82145103630925409     
   1.7185318181516349     
   4.9018588473062019     
   1.4324894973262465     
   4.9517296509827284     
   2.9298490089795703     
   1.4140218186324689     
  0.86915739524418945     
   3.8934640961602747     
  0.81643451169627590     
   4.9042775658527065     
   1.4665884247988084     
   4.5609925434472895     
   1.5347720371097284     
   2.6645993013525251     
   4.1269958211182489     
   6.8361069838699855     
   1.2047035696250949     
   7.1082183995436186     
   2.1638694484862731     
   15.529815482323599     
