308
149 148 19
 -23.9856 30.6605
 -24.7512 30.3415
 -25.2421 30.2803
 -25.6325 30.1915
 -25.861 30.1148
 -26.0403 29.9962
 -26.1521 29.8456
 -26.2456 29.7173
 -26.3059 29.6337
 -26.3143 29.6147
 -26.4943 29.4638
 -26.667 29.3176
 -26.7435 29.3132
 -26.8805 29.3366
 -26.967 29.3819
 -27.1153 29.3524
 -27.2771 29.3249
 -27.3408 29.3706
 -27.3705 29.3903
149 127 4
 -23.9856 30.6605
 -23.2466 31.0653
 -22.9539 31.2367
 -22.8676 31.2935
150 61 11
 1.1118 42.5757
 1.3794 42.0271
 1.36135 41.5027
 1.2602 41.3218
 0.8096 40.6754
 0.3435 39.9464
 0.15275 39.7117
 0.65275 39.5955
 1.1393 39.521
 1.2428 39.4521
 1.2375 39.3586
150 60 8
 1.1118 42.5757
 -0.0869 42.8239
 -1.3579 42.9531
 -2.2987 42.6327
 -3.47185 42.1362
 -4.01315 41.7459
 -3.9832 41.6009
 -3.9541 41.5867
151 31 6
 5.69705 42.184
 6.45785 40.9943
 7.40975 40.4329
 8.3909 39.1637
 8.7742 38.2369
 8.8252 38.1355
151 24 6
 5.69705 42.184
 5.27025 43.37
 4.95385 43.996
 3.9579 44.3105
 3.29005 44.1229
 3.2708 44.1331
152 124 36
 8.9849 30.7418
 9.80275 32.0508
 10.8166 33.1961
 12.0349 33.5726
 12.7689 33.1126
 13.3784 33.7086
 14.1515 34.0935
 15.0823 33.687
 16.1371 32.9838
 16.3827 33.343
 16.6913 34.2356
 17.0523 34.7266
 17.1559 34.9807
 17.3673 35.7702
 17.5393 36.8968
 17.2776 37.06
 17.6418 36.9207
 18.1082 36.6823
 19.015 36.7923
 19.6017 36.8968
 19.5138 37.1029
 19.3974 37.256
 19.4098 37.3025
 19.5664 37.5157
 20.1215 37.6888
 20.5504 37.6953
 20.6006 37.6747
 20.7103 37.641
 20.9739 37.5826
 21.483 37.4134
 21.9184 37.3081
 21.9301 37.4696
 21.8396 37.8075
 21.7994 38.5108
 21.7409 39.1039
 21.7303 39.1449
152 141 15
 8.9849 30.7418
 8.2743 29.6147
 7.873 29.1194
 7.49335 27.938
 7.1868 26.7883
 7.2888 26.6415
 8.38245 27.1035
 9.38215 26.9357
 9.41075 25.3864
 9.39295 24.1049
 9.6383 23.5069
 9.97605 23.3284
 10.0314 23.2709
 10.0863 23.1769
 10.1121 23.1489
153 55 29
 36.3493 35.6385
 36.9414 36.8049
 37.4778 36.9974
 37.854 36.7593
 38.0288 36.6214
 38.1709 36.5883
 38.3822 36.6395
 38.562 36.6834
 38.5876 36.7668
 38.5644 36.8655
 38.5643 36.9057
 38.5998 36.9738
 38.6726 36.9978
 38.7908 37.1341
 38.8475 37.2925
 38.8957 37.3526
 39.0078 37.4781
 39.0927 37.5864
 39.1039 37.6347
 39.0472 37.7416
 39.1214 37.8875
 39.2097 38.091
 39.3438 38.2733
 39.5148 38.3689
 39.5349 38.4443
 39.5312 38.5168
 39.5005 38.5946
 39.4719 38.6306
 39.4584 38.6485
153 110 3
 36.3493 35.6385
 35.9988 34.761
 35.9877 34.7241
154 55 17
 40.1096 41.4468
 39.6568 41.1989
 39.3071 40.8633
 39.1986 40.3916
 39.3306 39.9586
 39.4831 39.5492
 39.5942 39.3931
 39.689 39.3989
 39.639 39.3265
 39.6409 39.1482
 39.6825 38.9869
 39.6768 38.9383
 39.6465 38.8698
 39.5621 38.7608
 39.4757 38.6866
 39.4663 38.6649
 39.4584 38.6485
154 89 8
 40.1096 41.4468
 40.3572 41.6901
 40.5654 41.9096
 40.7837 42.3167
 40.8466 42.7397
 40.9311 42.9809
 40.9753 43.0033
 40.9824 43.0102
155 147 16
 61.3782 -0.0054
 61.7309 -1.4729
 61.9476 -3.0074
 62.1431 -4.47535
 61.6409 -5.51205
 61.2833 -5.8033
 61.0364 -6.0367
 60.7934 -6.1104
 60.5809 -6.05315
 60.5796 -6.3263
 60.8344 -6.6008
 61.0209 -6.687
 61.0381 -6.832
 60.9985 -7.00285
 60.9479 -7.0884
 60.9323 -7.1146
155 80 6
 61.3782 -0.0054
 60.6405 0.71295
 60.4013 1.0002
 60.3036 1.23855
 60.3026 1.32505
 60.2967 1.3465
156 40 18
 41.6855 -28.5537
 43.3667 -27.3596
 43.6419 -26.7372
 43.1227 -26.339
 42.1202 -26.105
 41.2739 -26.1098
 40.4883 -25.7386
 39.806 -25.4304
 39.4317 -25.1927
 39.2605 -25.0827
 39.1292 -25.229
 39.0117 -25.3503
 38.9228 -25.3851
 38.8607 -25.4416
 38.799 -25.4935
 38.7115 -25.4883
 38.6498 -25.4243
 38.6317 -25.3843
156 111 3
 41.6855 -28.5537
 40.2774 -29.1423
 40.2774 -29.154
157 77 11
 24.9888 -41.6685
 24.3847 -42.3172
 24.0246 -42.7788
 23.3981 -42.9308
 22.8661 -42.8234
 22.5457 -42.6376
 22.2045 -42.392
 21.768 -42.2104
 21.3791 -41.9898
 21.325 -41.8758
 21.3215 -41.8543
157 16 5
 24.9888 -41.6685
 25.9466 -40.9304
 26.5476 -40.4748
 26.6893 -40.2957
 26.7717 -40.2871
158 50 37
 -32.2925 18.5897
 -32.5892 19.1243
 -32.7617 19.3202
 -32.9222 19.3847
 -33.085 19.6005
 -33.1346 19.8745
 -33.0784 19.9934
 -32.9637 20.2294
 -32.8343 20.4886
 -32.7197 20.6119
 -32.5947 20.7095
 -32.3838 20.8124
 -32.1882 20.9391
 -32.241 21.171
 -32.0672 21.0378
 -31.8807 21.0492
 -31.7243 21.0481
 -31.826 21.093
 -31.8713 21.2856
 -31.7192 21.5371
 -31.5389 21.7451
 -31.3532 21.8175
 -31.0333 21.8427
 -30.7904 21.7856
 -30.5924 21.6542
 -30.4227 21.6541
 -30.3531 21.7607
 -30.3554 21.9289
 -30.3911 22.038
 -30.3502 22.082
 -30.3088 22.1273
 -30.2421 22.215
 -30.1142 22.2483
 -30.0626 22.2536
 -30.1289 22.3189
 -30.1787 22.3988
 -30.1744 22.4472
158 117 15
 -32.2925 18.5897
 -32.0201 17.92
 -31.6529 17.4129
 -31.0576 16.8462
 -30.5914 16.381
 -30.456 16.1072
 -30.6156 15.7938
 -30.8328 15.5659
 -30.9093 15.4399
 -30.9052 15.3084
 -30.8993 15.1507
 -30.7857 14.9331
 -30.1484 14.2804
 -29.5259 13.584
 -29.4249 13.4238
159 57 16
 55.2498 -9.3639
 55.9338 -9.5033
 56.0998 -9.59555
 56.0955 -9.7412
 56.0771 -10.0098
 56.0195 -10.1976
 56.1237 -10.3731
 56.3237 -10.4049
 56.4442 -10.2913
 56.5942 -10.2249
 56.7405 -10.1677
 56.878 -10.183
 56.7683 -10.0543
 56.7711 -9.84775
 56.7897 -9.73135
 56.7683 -9.7138
159 29 9
 55.2498 -9.3639
 54.4672 -9.20965
 54.0261 -8.92805
 53.6684 -8.2921
 53.3769 -7.7894
 52.7789 -7.48605
 52.2251 -7.25535
 52.1549 -7.2936
 52.1513 -7.3206
160 2 26
 22.9422 -48.5469
 21.8525 -48.2382
 21.5724 -48.2438
 21.1096 -48.2904
 20.6694 -48.6283
 20.7703 -48.8427
 21.0393 -49.0255
 21.1564 -49.2183
 21.1064 -49.3757
 21.0485 -49.4758
 21.0118 -49.5184
 21.0352 -49.7053
 21.0551 -49.9026
 21.0945 -49.9338
 21.0546 -49.9188
 20.9933 -49.9894
 20.9292 -50.0723
 20.8967 -50.143
 20.8556 -50.2217
 20.8444 -50.2586
 20.9179 -50.3471
 20.9773 -50.4207
 20.992 -50.4764
 21.0051 -50.5917
 21.0023 -50.6534
 21.0003 -50.6555
160 22 13
 22.9422 -48.5469
 23.8454 -49.1884
 23.9921 -49.1278
 24.3307 -48.6567
 24.8781 -48.0285
 25.2001 -47.6536
 25.477 -47.7581
 25.963 -47.5512
 26.272 -47.2846
 26.4164 -47.2738
 26.6481 -47.1835
 26.8132 -47.117
 26.8238 -47.0933
161 100 36
 -27.8883 -32.5364
 -27.2463 -31.2196
 -27.1259 -30.8189
 -26.5974 -29.8167
 -26.0347 -28.8803
 -26.2283 -27.8188
 -26.2239 -26.6167
 -26.2698 -25.9093
 -26.5283 -25.1685
 -26.7184 -25.6553
 -27.8288 -25.5722
 -28.7608 -25.1803
 -29.3446 -25.654
 -30.1185 -26.2749
 -30.7359 -26.0178
 -31.506 -25.5793
 -31.674 -25.2033
 -31.6917 -24.2137
 -32.1258 -23.1422
 -31.8928 -22.2869
 -31.3698 -21.6313
 -31.2557 -21.6916
 -30.7496 -22.2252
 -30.1245 -22.2962
 -29.9542 -22.1063
 -29.5948 -21.6439
 -29.5254 -20.9122
 -29.9114 -20.5687
 -29.9557 -20.4564
 -29.8622 -20.418
 -29.5327 -20.4248
 -28.8778 -20.2966
 -28.0591 -20.3815
 -27.5042 -20.5912
 -27.3145 -20.4564
 -27.2165 -20.3163
161 142 13
 -27.8883 -32.5364
 -27.9682 -33.6346
 -27.5388 -33.8053
 -27.8274 -34.3007
 -28.2986 -34.7112
 -28.4387 -34.8386
 -28.4311 -35.0137
 -28.5369 -35.1991
 -28.5972 -35.3499
 -28.5139 -35.4599
 -28.5056 -35.6922
 -28.5137 -35.8451
 -28.4788 -35.8932
162 120 6
 -11.0072 -51.6329
 -11.7314 -50.3229
 -12.3714 -49.7809
 -12.7527 -49.6684
 -13.0315 -49.5862
 -13.0838 -49.5816
162 81 4
 -11.0072 -51.6329
 -10.7805 -52.7113
 -10.7929 -53.0123
 -10.793 -53.0376
163 102 8
 -19.9435 -7.64595
 -19.6853 -8.47135
 -19.4874 -9.2385
 -19.5838 -10.0793
 -20.0046 -10.4304
 -20.621 -10.3393
 -21.0388 -10.1427
 -21.0402 -10.1326
163 35 4
 -19.9435 -7.64595
 -20.2662 -6.7684
 -20.4298 -6.50775
 -20.4554 -6.4815
164 54 11
 -5.57785 42.1004
 -6.60225 43.4058
 -6.83 44.4157
 -7.34755 44.4968
 -7.7658 44.6533
 -8.3754 44.7155
 -8.6737 44.4479
 -8.84035 44.2644
 -8.90885 43.3126
 -8.91025 42.3386
 -8.9051 42.3066
164 60 4
 -5.57785 42.1004
 -4.1391 41.6697
 -3.9832 41.6009
 -3.9541 41.5867
165 43 7
 53.9785 -20.5068
 53.7832 -22.0612
 53.6522 -22.5686
 53.9771 -23.188
 54.2426 -23.9346
 54.2745 -23.9988
 54.2909 -24.0281
165 86 3
 53.9785 -20.5068
 54.1446 -19.3362
 54.1716 -19.3048
166 40 20
 42.7491 -21.2639
 42.2332 -22.645
 42.6178 -23.8756
 42.8008 -24.7225
 42.7018 -25.3568
 43.1227 -26.339
 42.1202 -26.105
 41.2739 -26.1098
 40.4883 -25.7386
 39.806 -25.4304
 39.4317 -25.1927
 39.2605 -25.0827
 39.1292 -25.229
 39.0117 -25.3503
 38.9228 -25.3851
 38.8607 -25.4416
 38.799 -25.4935
 38.7115 -25.4883
 38.6498 -25.4243
 38.6317 -25.3843
166 107 11
 42.7491 -21.2639
 43.8503 -20.4082
 45.2013 -19.9182
 46.1787 -18.8421
 46.3358 -18.0167
 46.4067 -17.0448
 46.0033 -15.8904
 45.3748 -15.2669
 45.5159 -14.6663
 46.0116 -14.1637
 46.064 -14.1569
167 48 14
 -38.8139 -28.1825
 -39.7169 -27.7515
 -39.825 -27.6088
 -39.9244 -27.4435
 -39.9548 -27.1117
 -39.9722 -26.7498
 -39.9618 -26.2208
 -39.928 -25.8035
 -39.9775 -25.6354
 -40.0889 -25.2663
 -40.1638 -24.9923
 -40.3648 -24.3125
 -40.5566 -23.6535
 -40.5617 -23.62
167 9 4
 -38.8139 -28.1825
 -37.6198 -28.698
 -37.1648 -28.9247
 -37.0447 -28.9893
168 46 7
 -15.1438 -19.0048
 -12.997 -19.2911
 -12.1517 -20.2612
 -12.0056 -21.1913
 -11.6169 -22.4662
 -11.4895 -23.1835
 -11.3234 -23.3579
168 92 9
 -15.1438 -19.0048
 -17.2446 -18.6019
 -18.368 -17.7378
 -18.9319 -17.6845
 -19.8698 -17.4473
 -20.9562 -17.4834
 -21.8604 -17.6058
 -22.0999 -17.4287
 -22.1047 -17.3251
169 11 30
 -5.37485 -52.3571
 -4.39045 -51.5103
 -3.9572 -51.1342
 -3.786 -50.8883
 -3.24555 -50.2978
 -2.69545 -49.9318
 -2.17015 -50.2786
 -1.67385 -50.5688
 -1.4945 -50.1474
 -1.3294 -49.1011
 -1.23365 -48.339
 -1.53115 -47.9229
 -1.8409 -47.6037
 -2.0752 -46.9536
 -2.0555 -45.8458
 -1.7457 -45.1166
 -1.79735 -45.3716
 -1.153 -45.7309
 -0.12355 -46.3816
 0.3249 -46.6586
 0.47075 -46.7439
 0.84615 -47.3596
 1.19145 -48.2269
 1.8208 -47.8624
 2.381 -47.123
 2.8043 -46.9029
 3.2785 -46.7062
 3.425 -46.6959
 3.505 -46.7042
 3.5126 -46.7131
169 81 8
 -5.37485 -52.3571
 -6.43205 -52.9118
 -7.22415 -52.9823
 -7.97325 -53.2539
 -8.92075 -53.2337
 -9.94465 -53.1966
 -10.6294 -53.2288
 -10.793 -53.0376
170 11 26
 -3.7171 -48.9798
 -2.5826 -49.6546
 -2.17015 -50.2786
 -1.67385 -50.5688
 -1.4945 -50.1474
 -1.3294 -49.1011
 -1.23365 -48.339
 -1.53115 -47.9229
 -1.8409 -47.6037
 -2.0752 -46.9536
 -2.0555 -45.8458
 -1.7457 -45.1166
 -1.79735 -45.3716
 -1.153 -45.7309
 -0.12355 -46.3816
 0.3249 -46.6586
 0.47075 -46.7439
 0.84615 -47.3596
 1.19145 -48.2269
 1.8208 -47.8624
 2.381 -47.123
 2.8043 -46.9029
 3.2785 -46.7062
 3.425 -46.6959
 3.505 -46.7042
 3.5126 -46.7131
170 49 4
 -3.7171 -48.9798
 -4.8691 -48.5157
 -4.96885 -48.4078
 -5.0014 -48.3898
171 25 7
 9.40785 -48.7725
 8.95785 -49.7819
 8.63185 -50.2187
 8.259 -51.174
 7.8986 -51.8224
 7.7911 -51.8822
 7.771 -51.8887
171 44 5
 9.40785 -48.7725
 9.54705 -47.7201
 9.4798 -47.4988
 9.54465 -47.3953
 9.5921 -47.3938
172 129 20
 1.96485 -34.654
 1.6209 -32.4161
 2.2122 -31.2833
 2.0142 -31.0827
 1.8016 -30.8746
 1.90715 -30.5319
 2.0348 -29.7831
 1.93165 -29.3379
 1.7395 -28.9254
 2.2235 -28.4914
 2.92225 -27.9373
 2.57605 -25.8784
 2.0527 -24.2486
 1.97025 -24.1236
 1.654 -24.2132
 1.3346 -24.2795
 0.7908 -24.1989
 -0.04855 -24.1684
 -0.41725 -24.1564
 -0.4383 -24.1373
172 44 29
 1.96485 -34.654
 2.8931 -35.8439
 3.1644 -36.6259
 4.0727 -38.2122
 3.9253 -38.6674
 2.7076 -39.3551
 2.53965 -40.6998
 2.58555 -41.2602
 2.98715 -42.5477
 3.7356 -43.5926
 4.24845 -43.9145
 4.744 -44.84
 5.1519 -45.6665
 5.7346 -45.9597
 6.30485 -46.236
 6.68205 -46.5769
 6.9271 -46.615
 7.34355 -47.1572
 7.61665 -47.8695
 7.93365 -47.7675
 8.33665 -47.621
 8.49495 -47.5166
 8.5888 -47.4768
 8.6164 -47.4888
 8.86075 -47.4984
 9.277 -47.4563
 9.47285 -47.3908
 9.54465 -47.3953
 9.5921 -47.3938
173 129 19
 0.08565 -31.5599
 1.4282 -31.1074
 2.0142 -31.0827
 1.8016 -30.8746
 1.90715 -30.5319
 2.0348 -29.7831
 1.93165 -29.3379
 1.7395 -28.9254
 2.2235 -28.4914
 2.92225 -27.9373
 2.57605 -25.8784
 2.0527 -24.2486
 1.97025 -24.1236
 1.654 -24.2132
 1.3346 -24.2795
 0.7908 -24.1989
 -0.04855 -24.1684
 -0.41725 -24.1564
 -0.4383 -24.1373
173 91 4
 0.08565 -31.5599
 -0.9224 -31.8311
 -1.02705 -31.9064
 -1.0886 -31.9708
174 46 12
 -7.19745 -17.2564
 -7.4999 -18.0205
 -8.13225 -18.7495
 -8.0727 -19.8477
 -7.66725 -20.614
 -7.71955 -20.8327
 -8.1424 -21.6955
 -9.0115 -22.8456
 -9.70585 -23.0562
 -10.6024 -23.0844
 -11.278 -23.3249
 -11.3234 -23.3579
174 104 4
 -7.19745 -17.2564
 -7.212 -16.152
 -7.39995 -15.5112
 -7.4868 -15.4918
175 90 8
 15.6222 -15.9083
 15.0528 -16.7661
 14.2735 -16.7636
 13.2838 -16.8936
 12.8067 -16.9954
 12.7476 -16.9964
 12.7191 -17.009
 12.7117 -17.0044
175 109 17
 15.6222 -15.9083
 16.2072 -14.8925
 16.6239 -14.6409
 16.9186 -14.3305
 17.314 -13.9016
 17.9068 -13.171
 18.249 -12.4682
 18.5737 -12.0893
 18.9427 -12.0235
 20.0672 -11.7969
 21.2186 -11.3263
 21.4166 -11.0607
 21.521 -10.9165
 21.5713 -10.8196
 21.9167 -10.8687
 22.24 -11.0569
 22.2681 -11.1073
176 39 11
 15.5268 -5.02055
 17.3008 -4.60605
 17.9777 -4.2103
 18.428 -4.05335
 17.8132 -3.92915
 17.0005 -3.9423
 16.5619 -3.95655
 16.0226 -3.6549
 14.931 -2.73965
 14.2579 -1.94665
 14.2306 -1.9389
176 98 4
 15.5268 -5.02055
 14.0417 -5.1449
 13.9898 -5.1289
 14.0222 -5.1157
177 28 10
 11.434 9.51465
 11.4499 9.04695
 11.4124 8.8482
 10.7182 8.40245
 9.5946 7.77755
 9.05545 7.66245
 8.9348 7.7335
 8.784 7.60195
 8.68925 7.5261
 8.6773 7.5106
177 38 8
 11.434 9.51465
 11.3834 10.382
 11.5465 11.0269
 11.7869 11.1957
 11.8167 11.3096
 12.2903 11.9873
 12.6688 12.7227
 12.5804 12.8504
178 28 30
 0.71525 10.0895
 1.4919 9.43105
 1.8584 9.25855
 2.38965 9.25275
 2.56355 9.21995
 2.9202 9.00925
 3.593 9.4839
 4.02245 10.1398
 4.26235 9.7673
 4.403 9.06935
 4.4547 8.7444
 5.1584 8.69305
 5.8182 8.6653
 5.8749 8.55055
 5.8748 7.63605
 5.43565 6.73365
 4.96525 6.69675
 5.51715 6.61965
 6.23995 6.3925
 6.598 6.19435
 7.02 6.66175
 7.2379 7.24345
 7.1903 7.4016
 7.6437 7.5554
 8.1164 7.76
 8.3098 7.9799
 8.5792 8.02215
 8.67895 7.7657
 8.66495 7.54155
 8.6773 7.5106
178 14 4
 0.71525 10.0895
 -0.55405 10.343
 -1.05895 10.0634
 -1.0949 10.0802
179 14 7
 -5.7083 11.0543
 -4.38795 10.3075
 -3.5802 9.6665
 -3.515 9.61055
 -2.29735 9.814
 -1.1123 10.0547
 -1.0949 10.0802
179 56 4
 -5.7083 11.0543
 -6.9036 12.1003
 -7.6124 12.9804
 -7.6537 12.9646
180 67 4
 -24.8846 7.07295
 -24.161 7.82235
 -24.1827 8.5117
 -24.2 8.535
180 108 3
 -24.8846 7.07295
 -25.6161 7.0034
 -25.6198 7.0172
181 63 21
 -25.7368 6.2754
 -26.4295 6.19985
 -27.264 5.7773
 -28.1132 5.0315
 -28.7425 4.4423
 -29.0926 4.07205
 -29.0557 3.8688
 -28.659 3.24225
 -28.1977 2.7298
 -28.2063 2.6924
 -28.7481 2.42145
 -29.2758 2.166
 -29.4359 2.086
 -29.7058 2.0608
 -30.1174 1.4745
 -30.3642 0.8411
 -30.6557 0.48955
 -30.93 0.1773
 -31.0065 0.15175
 -31.0947 0.156
 -31.123 0.1794
181 108 4
 -25.7368 6.2754
 -25.4803 6.6464
 -25.6395 6.9877
 -25.6198 7.0172
182 63 12
 -30.2514 2.76885
 -29.7133 2.1218
 -29.4228 2.1015
 -29.4359 2.086
 -29.7058 2.0608
 -30.1174 1.4745
 -30.3642 0.8411
 -30.6557 0.48955
 -30.93 0.1773
 -31.0065 0.15175
 -31.0947 0.156
 -31.123 0.1794
182 47 11
 -30.2514 2.76885
 -30.6008 3.9584
 -30.6085 4.5291
 -30.7069 4.87785
 -30.861 5.2948
 -30.9988 5.63055
 -31.1273 5.89545
 -31.1017 5.9402
 -31.198 6.09505
 -31.3349 6.2573
 -31.3391 6.3153
183 63 18
 -24.0084 -2.46135
 -26.1216 -1.3675
 -27.3776 -1.0322
 -27.5624 -1.4989
 -28.0053 -2.04305
 -28.4533 -2.14855
 -29.3242 -2.56505
 -30.107 -2.98335
 -30.358 -2.8565
 -30.6523 -2.6885
 -30.6855 -2.37125
 -30.5693 -1.23835
 -30.6729 -0.37575
 -30.8414 -0.1393
 -30.9114 0.10915
 -31.0065 0.15175
 -31.0947 0.156
 -31.123 0.1794
183 35 10
 -24.0084 -2.46135
 -22.3731 -3.5578
 -21.4613 -4.4077
 -21.2353 -4.95665
 -21.0856 -5.0519
 -20.8413 -5.27905
 -20.5362 -5.4183
 -20.4377 -5.83915
 -20.4694 -6.3785
 -20.4554 -6.4815
184 36 42
 -28.7784 -9.458
 -28.8661 -10.7653
 -29.6028 -11.2726
 -30.3717 -11.7659
 -30.4748 -12.1087
 -30.9309 -12.2919
 -31.3885 -12.3931
 -31.1157 -12.6823
 -30.7574 -13.0729
 -30.3303 -13.0961
 -29.826 -13.3807
 -29.57 -13.7936
 -29.5014 -13.8523
 -29.4137 -14.0046
 -29.4498 -14.2852
 -29.5965 -14.5
 -29.9051 -14.5804
 -30.1717 -14.5979
 -30.1507 -14.7463
 -30.2548 -14.733
 -30.4632 -14.9932
 -30.7053 -15.1724
 -30.848 -15.3531
 -30.7428 -15.5195
 -30.5796 -15.6229
 -30.6131 -15.7846
 -30.6277 -15.9083
 -30.5294 -15.9507
 -30.448 -15.946
 -30.3853 -15.939
 -30.3236 -15.9318
 -30.34 -16.0008
 -30.3266 -16.0999
 -30.3286 -16.1598
 -30.3535 -16.2125
 -30.3477 -16.2551
 -30.3328 -16.2734
 -30.3363 -16.3051
 -30.3361 -16.3506
 -30.3094 -16.4109
 -30.2907 -16.4553
 -30.2899 -16.4668
184 63 17
 -28.7784 -9.458
 -29.1202 -8.06535
 -29.8377 -7.3733
 -30.2634 -6.4882
 -30.4241 -5.9235
 -30.1827 -5.6373
 -30.1098 -4.6129
 -30.444 -3.4767
 -30.7052 -2.8834
 -30.6855 -2.37125
 -30.5693 -1.23835
 -30.6729 -0.37575
 -30.8414 -0.1393
 -30.9114 0.10915
 -31.0065 0.15175
 -31.0947 0.156
 -31.123 0.1794
185 19 16
 -36.9429 1.85945
 -36.3428 0.3112
 -36.1371 -0.41385
 -36.2996 -0.9414
 -36.5853 -1.40645
 -36.6911 -1.8387
 -36.5807 -2.21885
 -36.3535 -2.22515
 -36.2079 -2.64315
 -36.3253 -3.17075
 -37.1227 -3.46
 -37.4968 -4.0098
 -37.1846 -4.60925
 -37.3139 -4.97905
 -37.6847 -5.2985
 -37.8859 -5.4584
185 13 4
 -36.9429 1.85945
 -37.2395 2.96555
 -37.0835 3.15935
 -37.0471 3.1721
186 13 4
 -35.9327 4.3541
 -36.7775 3.3057
 -36.9977 3.17465
 -37.0471 3.1721
186 18 3
 -35.9327 4.3541
 -35.2757 5.4057
 -35.2927 5.5374
187 50 35
 -24.9888 24.3816
 -25.5567 24.4586
 -25.767 24.3891
 -26.2528 24.3583
 -26.8855 24.2042
 -27.5962 23.6603
 -27.958 23.0632
 -28.0882 22.9027
 -28.3353 23.03
 -28.5074 23.1698
 -28.7485 23.2449
 -28.9576 23.3346
 -29.0702 23.3732
 -29.1586 23.2872
 -29.2971 23.2141
 -29.419 23.2316
 -29.5758 23.2121
 -29.6049 23.1242
 -29.5405 23.0616
 -29.4507 23.0262
 -29.3593 22.9324
 -29.3493 22.7973
 -29.411 22.7327
 -29.5667 22.7069
 -29.7143 22.7203
 -29.7765 22.7255
 -29.8559 22.6409
 -29.9176 22.601
 -29.9587 22.5681
 -29.9787 22.5248
 -30.0511 22.5235
 -30.1185 22.5252
 -30.1387 22.4911
 -30.1661 22.4522
 -30.1744 22.4472
187 82 20
 -24.9888 24.3816
 -24.378 24.311
 -24.2049 24.4585
 -24.0083 24.5604
 -23.7938 24.6076
 -23.735 24.7029
 -23.5427 24.8356
 -23.2831 24.9277
 -23.2271 25.0222
 -23.1929 25.0609
 -23.1157 25.0262
 -23.0302 25.0102
 -23.0133 24.9756
 -23.0662 24.874
 -23.1301 24.7879
 -23.0913 24.7421
 -23.057 24.683
 -23.1102 24.5194
 -23.1586 24.4036
 -23.1792 24.4045
188 3 11
 -21.5645 26.3496
 -21.8158 26.1358
 -21.8666 26.0856
 -21.9837 26.1255
 -22.1716 26.1841
 -22.3563 26.1758
 -22.4391 26.2095
 -22.4546 26.2747
 -22.4612 26.3924
 -22.4517 26.4898
 -22.4418 26.4974
188 70 15
 -21.5645 26.3496
 -21.0713 26.5487
 -20.8137 26.6598
 -20.7426 26.7976
 -20.5853 26.8101
 -20.7844 26.9195
 -20.8923 27.2189
 -20.8179 27.472
 -20.6572 27.5219
 -20.5168 27.5424
 -20.4416 27.7257
 -20.403 27.9161
 -20.3466 27.9951
 -20.2878 28.0814
 -20.2672 28.1036
189 144 13
 -9.61045 27.5986
 -9.1951 28.1355
 -8.5681 28.1699
 -8.027 27.9946
 -7.6829 27.8186
 -7.39535 27.8554
 -7.2099 27.9739
 -7.06635 28.0827
 -7.0278 28.1438
 -6.92945 28.1581
 -6.8029 28.1574
 -6.7575 28.1336
 -6.7474 28.1162
189 53 4
 -9.61045 27.5986
 -9.9923 26.7954
 -10.1899 26.4475
 -10.2052 26.4249
190 101 12
 -19.9081 34.1607
 -18.1801 34.72
 -18.0251 34.4605
 -17.8491 34.4931
 -17.4723 34.9757
 -17.2162 35.6056
 -17.216 35.8895
 -17.2224 35.9925
 -16.9939 36.3438
 -16.6394 36.7477
 -16.4659 36.8948
 -16.4256 36.979
190 127 7
 -19.9081 34.1607
 -21.5715 32.7973
 -22.0691 32.0679
 -22.6077 31.822
 -22.7695 31.5839
 -22.8544 31.3557
 -22.8676 31.2935
191 95 9
 8.13975 40.1673
 7.8983 40.7834
 8.18265 41.5721
 8.79455 41.9272
 8.80075 42.0749
 8.8497 42.2583
 8.90745 42.4912
 8.94605 42.6915
 8.9746 42.699
191 31 5
 8.13975 40.1673
 7.40975 40.4329
 8.3909 39.1637
 8.7742 38.2369
 8.8252 38.1355
192 144 29
 5.63995 30.1311
 4.5466 30.0948
 3.53885 30.8335
 3.03845 30.9128
 3.1364 30.1598
 2.789 29.7826
 1.86295 29.6561
 0.86895 29.5322
 -0.21335 29.8652
 -0.7328 30.786
 -1.39195 31.3761
 -2.2143 31.7067
 -1.90175 30.784
 -2.0141 29.9622
 -2.652 29.572
 -3.10975 29.1798
 -3.5346 29.0306
 -4.54905 29.2195
 -5.3535 29.6898
 -5.3348 30.0324
 -5.734 29.6103
 -5.6653 28.9947
 -5.7293 28.4901
 -6.19915 28.2706
 -6.3272 28.2243
 -6.46215 28.1968
 -6.59565 28.1461
 -6.7149 28.104
 -6.7474 28.1162
192 141 17
 5.63995 30.1311
 6.8265 29.6749
 7.62255 29.1622
 7.8685 29.2731
 7.873 29.1194
 7.49335 27.938
 7.1868 26.7883
 7.2888 26.6415
 8.38245 27.1035
 9.38215 26.9357
 9.41075 25.3864
 9.39295 24.1049
 9.6383 23.5069
 9.97605 23.3284
 10.0314 23.2709
 10.0863 23.1769
 10.1121 23.1489
193 144 12
 -5.1406 25.8493
 -6.089 26.8856
 -6.2926 26.992
 -6.20025 27.1735
 -6.2265 27.5024
 -6.345 27.8959
 -6.3683 28.0706
 -6.38955 28.1516
 -6.46215 28.1968
 -6.59565 28.1461
 -6.7149 28.104
 -6.7474 28.1162
193 30 4
 -5.1406 25.8493
 -4.5692 24.543
 -4.7573 24.2335
 -4.8 24.1894
194 70 32
 -15.1768 23.022
 -15.4466 23.7734
 -15.5667 23.8549
 -15.9335 23.8831
 -16.2712 23.8925
 -17.0616 24.0261
 -18.0136 24.1398
 -18.0095 24.1598
 -17.8878 24.6534
 -18.2691 25.0508
 -18.5093 25.2093
 -18.7973 25.7047
 -19.1188 26.1416
 -19.1381 26.3453
 -19.0817 26.5447
 -19.0296 26.7407
 -19.0312 27.1166
 -19.0269 27.4934
 -19.0521 27.7224
 -19.1344 27.9107
 -19.2914 27.9893
 -19.5266 27.9132
 -19.7495 27.7465
 -19.9494 27.7283
 -20.0894 27.7472
 -20.2065 27.7621
 -20.2742 27.8096
 -20.3056 27.8503
 -20.3506 27.8945
 -20.3466 27.9951
 -20.2878 28.0814
 -20.2672 28.1036
194 64 7
 -15.1768 23.022
 -14.7995 22.3667
 -14.8533 21.6199
 -15.0129 20.5614
 -15.3587 19.7589
 -15.5494 19.1371
 -15.4255 19.0198
195 116 8
 2.9358 18.0921
 2.4709 18.3218
 2.0213 17.9181
 1.6204 17.8021
 1.30015 17.7221
 0.75085 17.6376
 0.47265 17.6249
 0.4434 17.61
195 75 3
 2.9358 18.0921
 3.36625 17.5173
 3.4004 17.4532
196 5 15
 37.6088 4.0221
 38.3732 5.02675
 38.9958 5.4627
 39.3265 5.5529
 39.8552 5.66375
 40.3788 5.92305
 40.577 6.3136
 41.3427 7.1649
 42.0042 7.83455
 42.0235 8.0144
 42.054 8.29195
 42.1768 8.4968
 42.3783 8.76775
 42.606 9.01125
 42.66 9.023
196 105 3
 37.6088 4.0221
 37.132 3.3471
 37.1124 3.3385
197 65 17
 36.1254 15.2284
 36.0664 17.0582
 35.9822 17.5526
 36.1385 17.9049
 36.3581 18.3075
 36.4631 18.3947
 35.9201 18.821
 35.8489 19.4622
 36.2216 19.9609
 36.0922 21.0412
 36.082 22.3523
 36.1499 22.8694
 36.7843 22.9076
 37.414 23.4438
 37.6123 24.3074
 37.7976 24.7215
 37.7927 24.7713
197 134 10
 36.1254 15.2284
 36.3262 13.6036
 36.6121 13.1785
 36.9738 12.8279
 37.2732 12.6315
 37.2705 12.2275
 37.2197 11.6503
 37.1302 11.3605
 37.0949 11.2256
 37.0918 11.1904
198 131 17
 28.0488 27.6709
 27.2086 27.9218
 26.8939 28.8189
 26.5257 28.8664
 27.0209 29.655
 27.0774 30.1696
 26.8572 30.0901
 25.8568 30.4408
 24.9265 30.6766
 24.6018 30.8062
 24.2398 30.9848
 23.9314 31.0326
 23.524 31.2016
 23.2083 31.4713
 22.9366 31.6035
 22.7973 31.7582
 22.8805 31.8345
198 68 3
 28.0488 27.6709
 28.4867 27.7586
 28.4897 27.7614
199 131 10
 24.0275 29.6058
 24.6275 30.389
 24.6018 30.8062
 24.2398 30.9848
 23.9314 31.0326
 23.524 31.2016
 23.2083 31.4713
 22.9366 31.6035
 22.7973 31.7582
 22.8805 31.8345
199 6 4
 24.0275 29.6058
 23.6032 28.9748
 23.6264 28.7401
 23.643 28.686
200 146 15
 22.7827 38.1442
 23.2092 38.1696
 23.3881 38.2407
 23.5396 38.4167
 24.0692 38.6278
 24.6763 38.8458
 24.8434 38.9462
 24.9657 38.922
 25.1483 38.9005
 25.2949 38.8987
 25.2904 39.0453
 25.29 39.2589
 25.3093 39.3917
 25.3048 39.4408
 25.2989 39.463
200 124 6
 22.7827 38.1442
 22.3381 38.1786
 22.0611 38.0829
 21.7994 38.5108
 21.7409 39.1039
 21.7303 39.1449
201 110 23
 29.2816 38.5762
 30.0539 37.9302
 30.5359 37.2188
 31.0405 37.0544
 31.5601 36.8905
 31.7311 36.9092
 31.9837 36.881
 32.1474 36.7066
 32.2222 36.6359
 32.4999 36.7209
 32.814 36.8744
 33.1082 37.0194
 33.3007 37.0497
 33.66 36.8365
 34.0466 36.4202
 34.2533 35.9506
 34.4083 35.3314
 34.5136 34.8467
 34.8307 34.7201
 35.2421 34.7577
 35.7105 34.7533
 35.9785 34.7186
 35.9877 34.7241
201 146 19
 29.2816 38.5762
 28.17 38.3174
 27.2006 37.9123
 26.9492 37.7283
 26.5735 37.6371
 26.1815 37.4188
 26.0513 37.8251
 25.7277 38.2179
 25.3842 38.3033
 25.049 38.3828
 24.9636 38.7092
 24.9657 38.922
 25.1483 38.9005
 25.2949 38.8987
 25.2904 39.0453
 25.29 39.2589
 25.3093 39.3917
 25.3048 39.4408
 25.2989 39.463
202 89 8
 42.8757 44.6341
 43.0967 43.535
 42.3131 43.1692
 41.5208 42.8907
 41.5444 43.042
 41.3058 42.9614
 41.0346 42.9899
 40.9824 43.0102
202 93 3
 42.8757 44.6341
 42.76 45.8148
 42.8525 45.9211
203 112 15
 50.6831 30.1362
 51.799 30.2651
 52.2343 30.3985
 52.6494 31.1087
 53.0072 31.7625
 53.0602 32.2039
 53.5265 32.5676
 53.1219 32.4449
 53.0724 32.5146
 52.9501 32.6595
 52.8444 33.064
 52.7773 33.604
 52.4815 34.1619
 52.2044 34.4221
 52.164 34.3796
203 123 3
 50.6831 30.1362
 49.9088 29.8436
 49.8388 29.8482
204 88 38
 50.1451 27.9309
 49.688 27.0597
 49.5639 26.9298
 49.4114 26.1588
 48.9443 26.1554
 47.8006 26.7099
 46.8613 26.5415
 46.5925 26.4806
 45.6476 26.1926
 44.4947 26.0608
 43.9817 26.4621
 43.4268 26.9748
 43.2189 26.1182
 42.6405 25.279
 42.3152 24.8863
 41.8187 24.6783
 41.5818 24.7167
 41.43 24.9508
 41.1278 24.9743
 40.9758 24.9383
 40.8625 25.056
 40.7548 25.2154
 40.6876 25.363
 40.5369 25.4569
 40.4328 25.5054
 40.3507 25.5265
 40.2775 25.6422
 40.2541 25.746
 40.229 25.6287
 40.1371 25.4766
 40.0469 25.3672
 40.0653 25.2493
 39.9933 25.0873
 39.8417 24.9795
 39.8194 24.9679
 39.8483 24.9193
 39.8778 24.8714
 39.8813 24.8647
204 123 5
 50.1451 27.9309
 50.1413 29.2621
 49.7721 29.7785
 49.8433 29.8314
 49.8388 29.8482
205 96 10
 61.2123 14.0204
 61.6211 15.3271
 61.8704 15.9946
 61.9929 16.0742
 62.324 16.5378
 62.7034 17.5499
 62.6116 18.3035
 62.4501 18.5102
 62.3875 18.6334
 62.388 18.6448
205 114 4
 61.2123 14.0204
 60.5667 12.9177
 60.2257 12.3615
 60.2066 12.2999
206 133 10
 42.5096 17.3296
 42.7825 18.6081
 43.6725 19.5525
 44.1691 20.4594
 44.4813 20.6725
 45.4935 20.353
 46.5372 19.6129
 47.7363 19.4577
 48.6516 19.6378
 48.6991 19.6267
206 106 4
 42.5096 17.3296
 43.3462 16.3238
 44.1445 16.5453
 44.2392 16.6706
207 143 7
 46.1764 10.6285
 45.2201 11.6231
 44.6278 11.7649
 44.3654 11.6409
 44.15 11.615
 44.0629 11.6003
 44.0416 11.5749
207 140 6
 46.1764 10.6285
 46.7127 9.7072
 47.0364 9.4865
 47.3649 9.3817
 47.4506 9.23305
 47.4716 9.1247
208 57 13
 58.9739 -7.469
 58.2485 -8.11745
 57.9533 -8.48745
 57.7887 -8.77085
 57.4254 -9.02395
 57.1402 -9.3252
 57.0387 -9.438
 57.0163 -9.48135
 56.9729 -9.5586
 56.8922 -9.5827
 56.8475 -9.61415
 56.806 -9.6827
 56.7683 -9.7138
208 147 11
 58.9739 -7.469
 59.7899 -6.5853
 60.3305 -6.14975
 60.5809 -6.05315
 60.5796 -6.3263
 60.8344 -6.6008
 61.0209 -6.687
 61.0381 -6.832
 60.9985 -7.00285
 60.9479 -7.0884
 60.9323 -7.1146
209 57 25
 54.6522 -17.6903
 55.313 -16.1018
 55.1181 -15.9195
 54.8923 -14.9384
 55.099 -13.7418
 54.7849 -12.9313
 54.6065 -12.3729
 54.7353 -12.0983
 54.7876 -11.8501
 55.0899 -11.6318
 55.3667 -11.1371
 55.4688 -10.7565
 55.7628 -10.6906
 56.1299 -10.6252
 56.3855 -10.6281
 56.2922 -10.5445
 56.3237 -10.4049
 56.4442 -10.2913
 56.5942 -10.2249
 56.7405 -10.1677
 56.878 -10.183
 56.7683 -10.0543
 56.7711 -9.84775
 56.7897 -9.73135
 56.7683 -9.7138
209 86 4
 54.6522 -17.6903
 54.2276 -19.2567
 54.1784 -19.2976
 54.1716 -19.3048
210 57 27
 47.311 -14.1575
 48.4428 -13.5451
 48.6556 -13.3278
 50.0838 -13.1854
 51.8779 -12.9123
 52.4548 -12.8801
 53.5333 -12.6863
 54.7849 -12.9313
 54.6065 -12.3729
 54.7353 -12.0983
 54.7876 -11.8501
 55.0899 -11.6318
 55.3667 -11.1371
 55.4688 -10.7565
 55.7628 -10.6906
 56.1299 -10.6252
 56.3855 -10.6281
 56.2922 -10.5445
 56.3237 -10.4049
 56.4442 -10.2913
 56.5942 -10.2249
 56.7405 -10.1677
 56.878 -10.183
 56.7683 -10.0543
 56.7711 -9.84775
 56.7897 -9.73135
 56.7683 -9.7138
210 107 3
 47.311 -14.1575
 46.1725 -14.3204
 46.064 -14.1569
211 109 15
 23.9272 -6.15175
 23.133 -6.89765
 22.7729 -7.3947
 22.7267 -7.60185
 21.8225 -8.1914
 20.5108 -9.0156
 19.8769 -9.29645
 20.5847 -9.5167
 21.3151 -9.9909
 21.5022 -10.5902
 21.521 -10.9165
 21.5713 -10.8196
 21.9167 -10.8687
 22.24 -11.0569
 22.2681 -11.1073
211 62 4
 23.9272 -6.15175
 24.2743 -5.4918
 24.2327 -5.173
 24.243 -5.1315
212 109 17
 18.0166 -5.71055
 18.645 -6.45605
 18.8222 -6.78635
 19.0681 -7.34265
 19.3554 -7.74925
 19.5335 -8.24135
 19.6704 -8.81545
 19.6745 -9.08895
 19.8769 -9.29645
 20.5847 -9.5167
 21.3151 -9.9909
 21.5022 -10.5902
 21.521 -10.9165
 21.5713 -10.8196
 21.9167 -10.8687
 22.24 -11.0569
 22.2681 -11.1073
212 39 11
 18.0166 -5.71055
 17.6465 -4.7266
 17.9777 -4.2103
 18.428 -4.05335
 17.8132 -3.92915
 17.0005 -3.9423
 16.5619 -3.95655
 16.0226 -3.6549
 14.931 -2.73965
 14.2579 -1.94665
 14.2306 -1.9389
213 118 29
 28.4823 -24.7533
 28.1483 -24.2652
 28.7566 -24.1533
 29.2332 -23.6691
 29.3739 -23.4853
 29.4102 -23.2141
 29.4739 -22.9255
 29.5239 -22.6475
 29.5065 -22.5103
 29.5336 -22.4859
 29.5614 -22.434
 29.6848 -22.3801
 29.89 -22.3826
 29.9846 -22.4101
 30.0647 -22.4374
 30.1409 -22.4614
 30.1568 -22.4203
 30.2098 -22.338
 30.2824 -22.2889
 30.3323 -22.2831
 30.3981 -22.24
 30.4991 -22.17
 30.5746 -22.019
 30.7294 -21.9746
 30.8847 -22.0879
 30.9342 -22.1647
 30.9873 -22.3174
 30.9759 -22.5077
 30.9315 -22.5837
213 7 5
 28.4823 -24.7533
 28.5485 -25.0784
 28.4921 -25.2803
 28.4994 -25.4214
 28.5216 -25.521
214 22 10
 25.0006 -46.73
 25.0654 -47.4711
 25.2001 -47.6536
 25.477 -47.7581
 25.963 -47.5512
 26.272 -47.2846
 26.4164 -47.2738
 26.6481 -47.1835
 26.8132 -47.117
 26.8238 -47.0933
214 83 10
 25.0006 -46.73
 24.5199 -46.2552
 23.7786 -45.9939
 23.4279 -45.6555
 23.2906 -45.574
 23.2465 -45.3699
 23.0809 -45.1276
 22.9245 -44.9988
 22.8358 -44.9851
 22.7717 -44.9654
215 10 20
 37.4737 -52.3961
 36.6476 -51.7514
 36.2938 -51.451
 36.1427 -51.337
 35.979 -51.3006
 35.9528 -51.2794
 36.0246 -51.1642
 36.0527 -51.0458
 35.9545 -50.9331
 35.8275 -50.7337
 35.4821 -50.3336
 34.9921 -50.1206
 34.421 -50.4005
 33.9637 -50.9911
 33.7804 -50.897
 33.4361 -50.2457
 33.0549 -50.0192
 32.875 -49.8724
 32.8329 -49.7455
 32.83 -49.7341
215 74 17
 37.4737 -52.3961
 38.5797 -53.1185
 39.2634 -52.875
 39.3778 -52.313
 39.501 -52.5503
 40.0654 -53.2608
 40.6577 -54.0772
 41.1048 -54.6058
 41.8765 -54.5907
 42.7665 -54.4748
 43.1665 -54.8345
 43.1249 -55.1162
 43.2832 -55.4058
 42.9902 -56.1366
 42.4799 -56.625
 42.4193 -56.7038
 42.4171 -56.7487
216 66 19
 41.0986 -48.0204
 41.5674 -47.0664
 41.6772 -46.4394
 41.6298 -46.1097
 41.3558 -45.6812
 40.7932 -45.6271
 40.2551 -45.669
 40.0688 -45.1003
 40.2826 -44.4692
 40.6768 -44.4472
 40.8671 -44.4997
 40.9173 -44.2597
 41.3305 -43.9669
 41.7155 -43.8382
 41.6684 -43.6007
 41.4266 -43.313
 41.1838 -43.1861
 41.1144 -43.0905
 41.0869 -43.0323
216 20 6
 41.0986 -48.0204
 40.6713 -48.4931
 40.5203 -48.7726
 40.3885 -49.038
 40.3587 -49.1735
 40.3443 -49.2238
217 26 14
 54.9538 -41.7584
 53.5045 -43.3049
 52.8685 -43.2822
 52.1651 -43.2079
 51.6812 -43.0598
 51.5462 -43.1834
 50.9963 -43.1481
 50.3106 -42.9761
 50.2927 -42.9784
 50.5277 -43.6109
 50.7113 -44.9128
 49.9231 -46.1604
 48.9282 -46.4782
 48.8236 -46.3253
217 0 6
 54.9538 -41.7584
 55.7174 -39.8619
 54.5158 -38.7226
 53.2428 -37.6755
 52.9804 -37.2898
 52.9593 -37.1578
218 26 13
 45.7344 -42.6236
 46.5624 -43.923
 47.0655 -44.1465
 47.2494 -44.3256
 48.34 -44.4754
 49.6593 -44.493
 50.1867 -43.7288
 50.2927 -42.9784
 50.5277 -43.6109
 50.7113 -44.9128
 49.9231 -46.1604
 48.9282 -46.4782
 48.8236 -46.3253
218 72 4
 45.7344 -42.6236
 44.9347 -41.2259
 44.607 -41.0598
 44.6092 -41.047
219 148 15
 -28.5489 34.1162
 -28.2864 33.1591
 -28.3386 32.3644
 -28.1278 31.4653
 -27.7015 31.0207
 -27.654 30.917
 -27.7189 30.6675
 -27.7085 30.2514
 -27.5508 29.9723
 -27.661 29.889
 -27.5975 29.7022
 -27.4857 29.5746
 -27.4214 29.4861
 -27.3746 29.4213
 -27.3705 29.3903
219 99 11
 -28.5489 34.1162
 -28.8036 34.9768
 -28.9627 35.2748
 -29.0878 35.3506
 -29.2444 35.4995
 -29.9843 35.7514
 -30.65 36.1646
 -30.6132 36.9202
 -30.5974 37.4724
 -30.5821 37.5846
 -30.5362 37.5895
220 8 15
 25.4331 27.4915
 24.6552 26.2072
 24.0697 25.6077
 23.6855 25.632
 22.6948 25.8878
 21.8334 25.1567
 21.705 24.1988
 21.7693 23.9964
 21.7522 23.8326
 22.2617 23.6117
 22.8704 23.2583
 22.9181 23.1247
 22.3941 22.6761
 21.9077 22.1994
 21.8995 22.1895
220 131 16
 25.4331 27.4915
 25.8716 28.2959
 26.5257 28.8664
 27.0209 29.655
 27.0774 30.1696
 26.8572 30.0901
 25.8568 30.4408
 24.9265 30.6766
 24.6018 30.8062
 24.2398 30.9848
 23.9314 31.0326
 23.524 31.2016
 23.2083 31.4713
 22.9366 31.6035
 22.7973 31.7582
 22.8805 31.8345
221 112 12
 51.4987 39.8455
 51.4969 38.9999
 51.7409 38.2372
 51.9016 38.1595
 51.9409 37.7357
 52.1659 36.837
 52.5046 36.3266
 52.5066 36.2996
 52.5536 36.0331
 52.4638 35.109
 52.2044 34.4221
 52.164 34.3796
221 126 4
 51.4987 39.8455
 51.8916 40.2643
 52.1545 40.5732
 52.1783 40.6286
222 109 16
 16.9786 -15.8854
 16.6959 -14.8312
 16.9186 -14.3305
 17.314 -13.9016
 17.9068 -13.171
 18.249 -12.4682
 18.5737 -12.0893
 18.9427 -12.0235
 20.0672 -11.7969
 21.2186 -11.3263
 21.4166 -11.0607
 21.521 -10.9165
 21.5713 -10.8196
 21.9167 -10.8687
 22.24 -11.0569
 22.2681 -11.1073
222 145 9
 16.9786 -15.8854
 17.7181 -16.9083
 18.2764 -16.9358
 18.4939 -16.645
 18.5456 -16.6991
 18.681 -16.9739
 18.8226 -17.258
 18.8375 -17.4289
 18.8104 -17.4848
223 17 12
 53.9565 -55.8833
 32.3405 -57.9097
 22.0004 -58.5003
 22.3772 -58.3513
 24.0739 -57.8201
 25.4025 -57.4052
 25.4783 -57.3914
 25.8393 -57.249
 26.2414 -57.0246
 26.4215 -56.8925
 26.5182 -56.8365
 26.5422 -56.8199
223 37 5
 53.9565 -55.8833
 67.8396 -54.0146
 70.2251 -53.3116
 70.0072 -53.039
 70.01 -53.007
224 100 32
 -35.6682 -28.3673
 -35.3995 -27.9473
 -34.9179 -27.474
 -34.2698 -26.9715
 -34.1685 -26.712
 -34.0653 -26.2613
 -33.9112 -25.8792
 -33.911 -25.6935
 -33.6824 -25.6369
 -32.7685 -25.6298
 -31.9793 -25.5845
 -31.506 -25.5793
 -31.674 -25.2033
 -31.6917 -24.2137
 -32.1258 -23.1422
 -31.8928 -22.2869
 -31.3698 -21.6313
 -31.2557 -21.6916
 -30.7496 -22.2252
 -30.1245 -22.2962
 -29.9542 -22.1063
 -29.5948 -21.6439
 -29.5254 -20.9122
 -29.9114 -20.5687
 -29.9557 -20.4564
 -29.8622 -20.418
 -29.5327 -20.4248
 -28.8778 -20.2966
 -28.0591 -20.3815
 -27.5042 -20.5912
 -27.3145 -20.4564
 -27.2165 -20.3163
224 9 5
 -35.6682 -28.3673
 -36.0273 -29.0452
 -36.5443 -29.1666
 -37.0154 -28.9921
 -37.0447 -28.9893
225 48 4
 -39.8864 -22.8145
 -40.4306 -23.3638
 -40.5494 -23.554
 -40.5617 -23.62
225 103 3
 -39.8864 -22.8145
 -39.4393 -22.3429
 -39.4299 -22.2964
226 52 7
 1.3132 8.43965
 0.7269 7.9628
 0.08735 7.47845
 -0.09705 7.41255
 -0.1665 7.3451
 -0.1665 7.2784
 -0.1538 7.2744
226 28 29
 1.3132 8.43965
 1.82965 8.68785
 2.4201 8.97635
 2.58245 9.09965
 2.9202 9.00925
 3.593 9.4839
 4.02245 10.1398
 4.26235 9.7673
 4.403 9.06935
 4.4547 8.7444
 5.1584 8.69305
 5.8182 8.6653
 5.8749 8.55055
 5.8748 7.63605
 5.43565 6.73365
 4.96525 6.69675
 5.51715 6.61965
 6.23995 6.3925
 6.598 6.19435
 7.02 6.66175
 7.2379 7.24345
 7.1903 7.4016
 7.6437 7.5554
 8.1164 7.76
 8.3098 7.9799
 8.5792 8.02215
 8.67895 7.7657
 8.66495 7.54155
 8.6773 7.5106
227 52 12
 -4.6371 6.5401
 -3.34545 7.1167
 -2.5239 7.4185
 -2.36345 7.24085
 -1.98905 6.90285
 -1.5901 6.8363
 -1.13065 7.0798
 -0.67345 7.28005
 -0.47755 7.27005
 -0.24975 7.26455
 -0.1665 7.2784
 -0.1538 7.2744
227 87 6
 -4.6371 6.5401
 -5.5214 5.7074
 -6.23165 5.07485
 -6.70105 5.09095
 -6.95705 5.43565
 -7.1838 5.6524
228 139 7
 -32.413 6.9574
 -33.0611 7.70785
 -33.3335 7.7525
 -33.3984 7.6526
 -33.4809 7.69045
 -33.5779 7.7222
 -33.6703 7.6965
228 47 4
 -32.413 6.9574
 -31.7456 6.33685
 -31.3899 6.32855
 -31.3391 6.3153
229 54 18
 -15.4514 38.8457
 -15.8649 40.0211
 -16.575 40.7927
 -16.6064 41.1782
 -16.6514 41.8797
 -16.8526 42.4444
 -16.3583 42.933
 -15.4665 43.7071
 -14.7057 43.9272
 -13.8461 44.0142
 -12.3983 43.9722
 -11.4543 43.7529
 -11.0266 43.2372
 -10.5569 42.3564
 -10.1353 42.1637
 -9.35595 42.2936
 -8.91815 42.2809
 -8.9051 42.3066
229 101 5
 -15.4514 38.8457
 -15.277 37.7896
 -15.7106 37.1619
 -16.4102 36.9732
 -16.4256 36.979
230 95 5
 9.01165 44.9886
 9.10785 44.1458
 9.01615 43.4247
 8.9416 42.8066
 8.9746 42.699
230 12 3
 9.01165 44.9886
 8.9896 45.7188
 9.0479 45.8167
231 124 25
 14.7159 38.0898
 15.9517 37.9983
 16.9505 37.8032
 17.3762 37.4835
 17.2776 37.06
 17.6418 36.9207
 18.1082 36.6823
 19.015 36.7923
 19.6017 36.8968
 19.5138 37.1029
 19.3974 37.256
 19.4098 37.3025
 19.5664 37.5157
 20.1215 37.6888
 20.5504 37.6953
 20.6006 37.6747
 20.7103 37.641
 20.9739 37.5826
 21.483 37.4134
 21.9184 37.3081
 21.9301 37.4696
 21.8396 37.8075
 21.7994 38.5108
 21.7409 39.1039
 21.7303 39.1449
231 31 17
 14.7159 38.0898
 13.6949 37.6756
 12.9244 37.5326
 12.5371 38.1311
 12.4084 38.5966
 12.3357 38.7476
 12.0704 38.816
 11.6038 38.5479
 10.8533 38.3966
 10.3264 38.4057
 10.2675 38.2502
 9.93285 38.2733
 9.51655 38.3144
 9.42825 38.2786
 9.19405 38.2186
 8.88985 38.1749
 8.8252 38.1355
232 75 11
 7.5496 16.9331
 6.8322 17.1828
 6.33905 17.2468
 5.83925 17.455
 5.13915 18.3643
 4.7844 19.0634
 4.43725 19.3106
 3.9659 19.2886
 3.65705 18.2238
 3.43785 17.4327
 3.4004 17.4532
232 38 20
 7.5496 16.9331
 8.00365 16.3292
 8.1044 15.5086
 8.14935 15.1368
 8.7191 14.8417
 9.21085 14.1391
 9.1313 13.7003
 9.31405 13.2497
 9.58935 12.8175
 9.78795 12.7673
 10.3013 12.474
 11.0332 12.0697
 11.3849 11.909
 11.4438 11.605
 11.6318 11.2387
 11.7869 11.1957
 11.8167 11.3096
 12.2903 11.9873
 12.6688 12.7227
 12.5804 12.8504
233 55 45
 46.8467 33.8448
 46.4154 34.1386
 45.4638 33.5454
 44.5909 32.7997
 44.3759 32.8579
 44.0909 33.0845
 43.752 33.1414
 43.9013 33.2848
 43.5019 34.3341
 43.0623 35.3661
 42.6964 35.659
 42.2284 36.0629
 41.5131 35.7892
 40.1298 35.4632
 39.295 35.5998
 39.0634 35.7674
 38.9054 35.9767
 38.841 36.0254
 38.6779 35.9858
 38.4942 35.9029
 38.627 36.1417
 38.6496 36.3436
 38.6837 36.5183
 38.6551 36.6566
 38.5876 36.7668
 38.5644 36.8655
 38.5643 36.9057
 38.5998 36.9738
 38.6726 36.9978
 38.7908 37.1341
 38.8475 37.2925
 38.8957 37.3526
 39.0078 37.4781
 39.0927 37.5864
 39.1039 37.6347
 39.0472 37.7416
 39.1214 37.8875
 39.2097 38.091
 39.3438 38.2733
 39.5148 38.3689
 39.5349 38.4443
 39.5312 38.5168
 39.5005 38.5946
 39.4719 38.6306
 39.4584 38.6485
233 58 7
 46.8467 33.8448
 47.7346 33.0616
 48.4239 32.4229
 48.9415 32.3634
 49.9021 32.4584
 50.4164 32.5983
 50.4785 32.5874
234 58 6
 49.1841 31.4039
 48.9396 32.3439
 48.9415 32.3634
 49.9021 32.4584
 50.4164 32.5983
 50.4785 32.5874
234 123 5
 49.1841 31.4039
 49.2089 30.3052
 49.6488 29.9702
 49.8203 29.8587
 49.8388 29.8482
235 78 9
 62.0429 4.90965
 62.5014 5.60165
 62.7922 6.40775
 62.9067 5.97385
 63.4589 5.4585
 63.8728 5.0882
 64.0155 5.0505
 64.1429 4.95945
 64.1317 4.9047
235 80 10
 62.0429 4.90965
 61.291 4.3397
 61.2297 3.7883
 61.3577 2.98075
 60.7814 2.36035
 60.4857 2.32955
 60.2883 2.1288
 60.1971 1.7086
 60.2568 1.38625
 60.2967 1.3465
236 42 8
 70.7417 -11.8275
 70.1656 -11.5898
 69.5176 -11.1646
 68.3314 -10.6553
 67.193 -10.2775
 66.73 -9.73755
 66.5245 -9.4129
 66.5182 -9.4061
236 128 7
 70.7417 -11.8275
 71.0071 -12.026
 71.1462 -12.3187
 71.4587 -12.7395
 71.78 -12.9634
 71.8761 -13.0993
 71.8498 -13.1716
237 40 29
 33.751 -22.55
 33.901 -21.936
 34.3045 -21.2286
 34.5502 -20.8484
 34.5905 -20.7407
 34.9417 -20.546
 35.423 -20.4442
 35.909 -20.5359
 36.334 -20.7425
 36.4049 -20.7743
 36.6144 -20.8253
 36.6803 -21.122
 36.4725 -21.3826
 36.4043 -21.5483
 36.4841 -22.1037
 36.6277 -22.7601
 36.6395 -23.0054
 36.7511 -23.2777
 36.8655 -23.6573
 37.0109 -24.2827
 37.4264 -24.8474
 37.7592 -24.9588
 38.0178 -25.0821
 38.2307 -25.209
 38.3595 -25.2339
 38.485 -25.2369
 38.5721 -25.2454
 38.608 -25.3152
 38.6317 -25.3843
237 138 7
 33.751 -22.55
 33.8654 -23.1407
 34.0218 -23.3896
 34.2338 -23.4216
 34.3582 -23.4893
 34.388 -23.5665
 34.401 -23.6396
238 83 5
 22.7117 -44.0208
 22.9251 -44.8451
 22.9245 -44.9988
 22.8358 -44.9851
 22.7717 -44.9654
238 77 8
 22.7117 -44.0208
 22.4139 -43.3658
 22.1588 -43.1181
 22.0593 -42.5938
 21.768 -42.2104
 21.3791 -41.9898
 21.325 -41.8758
 21.3215 -41.8543
239 17 5
 27.927 -56.0023
 27.1685 -56.5389
 26.7565 -56.7302
 26.6632 -56.7898
 26.5422 -56.8199
239 121 4
 27.927 -56.0023
 28.1488 -55.0714
 28.0753 -54.4389
 28.0985 -54.3623
240 10 21
 38.722 -50.1515
 37.9574 -50.4139
 37.0914 -50.7234
 36.8577 -50.8212
 36.7273 -50.8787
 36.4502 -50.9689
 36.1384 -51.0618
 36.0246 -51.1642
 36.0527 -51.0458
 35.9545 -50.9331
 35.8275 -50.7337
 35.4821 -50.3336
 34.9921 -50.1206
 34.421 -50.4005
 33.9637 -50.9911
 33.7804 -50.897
 33.4361 -50.2457
 33.0549 -50.0192
 32.875 -49.8724
 32.8329 -49.7455
 32.83 -49.7341
240 20 5
 38.722 -50.1515
 39.2225 -49.8545
 39.9822 -49.4366
 40.3092 -49.2579
 40.3443 -49.2238
241 66 7
 42.6996 -41.1996
 40.91 -41.2019
 40.3586 -41.4362
 40.3964 -41.6311
 40.67 -42.3761
 40.9582 -43.0532
 41.0869 -43.0323
241 72 5
 42.6996 -41.1996
 44.1279 -41.573
 44.4233 -41.4674
 44.607 -41.0598
 44.6092 -41.047
242 41 7
 -31.1633 -27.3618
 -31.7103 -28.5562
 -31.4306 -29.158
 -31.9944 -29.5049
 -32.5749 -30.1354
 -32.7449 -30.2059
 -32.745 -30.1877
242 100 24
 -31.1633 -27.3618
 -30.4124 -26.5002
 -30.7359 -26.0178
 -31.506 -25.5793
 -31.674 -25.2033
 -31.6917 -24.2137
 -32.1258 -23.1422
 -31.8928 -22.2869
 -31.3698 -21.6313
 -31.2557 -21.6916
 -30.7496 -22.2252
 -30.1245 -22.2962
 -29.9542 -22.1063
 -29.5948 -21.6439
 -29.5254 -20.9122
 -29.9114 -20.5687
 -29.9557 -20.4564
 -29.8622 -20.418
 -29.5327 -20.4248
 -28.8778 -20.2966
 -28.0591 -20.3815
 -27.5042 -20.5912
 -27.3145 -20.4564
 -27.2165 -20.3163
243 36 22
 -30.0417 -19.3685
 -30.2113 -18.7338
 -30.3047 -18.372
 -30.2043 -18.0499
 -30.1716 -17.8951
 -30.3553 -17.9615
 -30.5347 -17.8834
 -30.5 -17.7188
 -30.4427 -17.5833
 -30.4756 -17.4072
 -30.5565 -17.2258
 -30.6176 -17.0377
 -30.5797 -16.8884
 -30.4431 -16.8173
 -30.3054 -16.7749
 -30.1236 -16.6728
 -30.0315 -16.5542
 -29.9921 -16.4912
 -30.0974 -16.5352
 -30.2146 -16.5057
 -30.2877 -16.4691
 -30.2899 -16.4668
243 100 9
 -30.0417 -19.3685
 -29.9674 -20.1284
 -29.8622 -20.418
 -29.5327 -20.4248
 -28.8778 -20.2966
 -28.0591 -20.3815
 -27.5042 -20.5912
 -27.3145 -20.4564
 -27.2165 -20.3163
244 100 35
 -24.6236 -21.8428
 -26.1484 -22.2582
 -26.2136 -22.2404
 -26.7426 -22.9671
 -27.2117 -23.715
 -26.8387 -24.2567
 -26.5103 -24.8904
 -26.5283 -25.1685
 -26.7184 -25.6553
 -27.8288 -25.5722
 -28.7608 -25.1803
 -29.3446 -25.654
 -30.1185 -26.2749
 -30.7359 -26.0178
 -31.506 -25.5793
 -31.674 -25.2033
 -31.6917 -24.2137
 -32.1258 -23.1422
 -31.8928 -22.2869
 -31.3698 -21.6313
 -31.2557 -21.6916
 -30.7496 -22.2252
 -30.1245 -22.2962
 -29.9542 -22.1063
 -29.5948 -21.6439
 -29.5254 -20.9122
 -29.9114 -20.5687
 -29.9557 -20.4564
 -29.8622 -20.418
 -29.5327 -20.4248
 -28.8778 -20.2966
 -28.0591 -20.3815
 -27.5042 -20.5912
 -27.3145 -20.4564
 -27.2165 -20.3163
244 45 7
 -24.6236 -21.8428
 -22.5226 -21.7574
 -21.9109 -22.096
 -21.7568 -22.4095
 -20.4611 -22.823
 -18.9952 -23.0977
 -18.689 -23.2726
245 76 8
 -11.0261 -28.1445
 -13.5278 -30.2953
 -15.1506 -31.7462
 -15.6992 -32.01
 -16.2425 -32.2732
 -15.8583 -32.6393
 -15.4599 -32.9771
 -15.4499 -32.9806
245 46 5
 -11.0261 -28.1445
 -10.1105 -26.9453
 -10.7332 -24.9476
 -11.3534 -23.3872
 -11.3234 -23.3579
246 49 7
 -9.0815 -45.4393
 -7.71005 -47.8736
 -7.2076 -48.0424
 -6.32245 -47.9662
 -5.4262 -48.0708
 -5.0007 -48.3706
 -5.0014 -48.3898
246 85 3
 -9.0815 -45.4393
 -10.3442 -43.0364
 -10.3229 -42.9987
247 2 21
 22.8478 -57.5657
 22.543 -56.3613
 21.6976 -56.0061
 21.3723 -55.7108
 21.7599 -54.7792
 21.8148 -54.1626
 21.9612 -53.1974
 22.356 -52.368
 22.3673 -52.2523
 22.001 -52.1088
 21.5467 -52.1748
 21.4819 -52.1761
 21.3691 -51.8033
 20.9216 -51.3458
 20.5768 -51.0652
 20.4824 -50.9821
 20.5506 -50.9774
 20.6972 -50.8224
 20.8707 -50.6523
 20.9661 -50.6406
 21.0003 -50.6555
247 17 10
 22.8478 -57.5657
 22.3772 -58.3513
 24.0739 -57.8201
 25.4025 -57.4052
 25.4783 -57.3914
 25.8393 -57.249
 26.2414 -57.0246
 26.4215 -56.8925
 26.5182 -56.8365
 26.5422 -56.8199
248 44 9
 13.0888 -45.4848
 11.9746 -45.6469
 10.8724 -46.5964
 10.4081 -47.3203
 10.2081 -47.2721
 9.9341 -47.2773
 9.7334 -47.3521
 9.62995 -47.3664
 9.5921 -47.3938
248 115 7
 13.0888 -45.4848
 13.8624 -45.6511
 14.3331 -44.8565
 14.6779 -43.6235
 14.945 -43.0827
 15.0447 -42.8967
 15.1098 -42.8815
249 115 6
 11.7961 -42.8635
 13.4914 -43.417
 14.3186 -43.2271
 14.7748 -43.0327
 15.0447 -42.8967
 15.1098 -42.8815
249 4 3
 11.7961 -42.8635
 10.5181 -42.2843
 10.3597 -42.375
250 44 19
 4.77835 -46.4999
 4.8566 -45.8515
 5.1519 -45.6665
 5.7346 -45.9597
 6.30485 -46.236
 6.68205 -46.5769
 6.9271 -46.615
 7.34355 -47.1572
 7.61665 -47.8695
 7.93365 -47.7675
 8.33665 -47.621
 8.49495 -47.5166
 8.5888 -47.4768
 8.6164 -47.4888
 8.86075 -47.4984
 9.277 -47.4563
 9.47285 -47.3908
 9.54465 -47.3953
 9.5921 -47.3938
250 11 8
 4.77835 -46.4999
 4.52355 -46.7545
 4.12005 -47.2605
 3.59575 -47.3642
 3.3792 -46.8307
 3.47915 -46.721
 3.505 -46.7042
 3.5126 -46.7131
251 129 18
 6.85915 -20.9569
 6.16845 -20.8776
 5.58465 -20.894
 4.9893 -20.847
 4.5647 -21.3093
 4.3374 -21.4694
 4.11595 -21.5551
 3.59085 -22.302
 3.0393 -22.9508
 2.37165 -23.1898
 1.8862 -23.7739
 1.646 -24.1856
 1.654 -24.2132
 1.3346 -24.2795
 0.7908 -24.1989
 -0.04855 -24.1684
 -0.41725 -24.1564
 -0.4383 -24.1373
251 69 7
 6.85915 -20.9569
 7.6497 -21.3274
 8.17715 -20.9841
 8.4574 -20.5768
 7.63245 -19.5521
 6.7164 -18.6496
 6.7485 -18.5752
252 145 27
 10.8981 -20.1486
 13.3947 -21.4765
 14.9986 -22.7407
 16.177 -22.8633
 16.9137 -22.966
 17.4258 -22.9039
 18.4792 -23.12
 19.4837 -23.3867
 19.7621 -23.1537
 20.9614 -23.164
 21.9456 -23.4618
 21.9495 -23.4452
 20.9475 -23.0968
 19.4407 -21.9921
 18.9466 -21.0634
 20.0145 -20.465
 21.1192 -19.8925
 21.0914 -19.6929
 20.9371 -19.4681
 20.333 -19.039
 19.715 -18.7789
 19.5289 -18.7654
 19.1434 -18.7263
 19.0123 -18.2855
 18.9919 -17.7313
 18.8363 -17.5479
 18.8104 -17.4848
252 69 7
 10.8981 -20.1486
 8.923 -20.1744
 8.6595 -20.3017
 8.4574 -20.5768
 7.63245 -19.5521
 6.7164 -18.6496
 6.7485 -18.5752
253 129 14
 3.1431 -21.0515
 4.00415 -21.4124
 4.11595 -21.5551
 3.59085 -22.302
 3.0393 -22.9508
 2.37165 -23.1898
 1.8862 -23.7739
 1.646 -24.1856
 1.654 -24.2132
 1.3346 -24.2795
 0.7908 -24.1989
 -0.04855 -24.1684
 -0.41725 -24.1564
 -0.4383 -24.1373
253 119 8
 3.1431 -21.0515
 2.24365 -20.8609
 1.08445 -20.5658
 0.2306 -20.0928
 -0.05605 -19.653
 -0.1676 -19.2108
 0.04605 -19.0855
 0.0661 -19.0855
254 46 10
 -5.8881 -20.3958
 -6.88935 -20.6867
 -7.52525 -20.6706
 -7.71955 -20.8327
 -8.1424 -21.6955
 -9.0115 -22.8456
 -9.70585 -23.0562
 -10.6024 -23.0844
 -11.278 -23.3249
 -11.3234 -23.3579
254 119 8
 -5.8881 -20.3958
 -4.4877 -20.1903
 -3.0343 -19.9296
 -2.3384 -19.5421
 -1.48105 -19.1912
 -0.33135 -18.9456
 0.04605 -19.0855
 0.0661 -19.0855
255 98 9
 11.7426 -9.05615
 12.6775 -7.6189
 13.3015 -6.3064
 13.6584 -6.23225
 14.0655 -6.2401
 13.7626 -5.70485
 13.7608 -5.17715
 13.9898 -5.1289
 14.0222 -5.1157
255 97 5
 11.7426 -9.05615
 10.9497 -9.3089
 10.2075 -9.79605
 9.8734 -10.3022
 9.8539 -10.4098
256 28 13
 9.5982 2.7391
 9.6967 3.8225
 10.0028 4.70205
 9.7563 5.2467
 9.8003 6.00315
 10.1821 6.6692
 9.7595 6.18255
 9.34735 6.32445
 9.0944 6.9448
 8.8556 7.2323
 8.6536 7.42875
 8.66445 7.50345
 8.6773 7.5106
256 39 15
 9.5982 2.7391
 10.6538 2.1913
 11.3674 2.5649
 11.5939 3.0133
 11.8564 3.00845
 12.3074 2.3754
 12.8577 1.6632
 13.4008 1.00985
 13.8583 0.40285
 14.1576 0.1913
 14.2325 -0.0925
 14.6749 -0.7309
 14.7419 -1.57035
 14.2106 -1.91925
 14.2306 -1.9389
257 117 11
 -29.3857 11.5285
 -30.1702 11.7136
 -30.8665 11.9209
 -30.9596 11.9416
 -30.9116 12.208
 -31.0204 12.6458
 -30.9208 12.6678
 -30.6175 13.1495
 -29.8419 13.4326
 -29.436 13.4269
 -29.4249 13.4238
257 122 9
 -29.3857 11.5285
 -29.1492 10.7466
 -28.9678 9.89675
 -29.0696 9.11315
 -29.2645 8.34275
 -29.4464 8.245
 -29.959 8.14195
 -30.3559 8.024
 -30.435 7.9618
258 47 4
 -31.0559 7.33085
 -31.4764 6.46825
 -31.3899 6.32855
 -31.3391 6.3153
258 122 3
 -31.0559 7.33085
 -30.5173 8.0144
 -30.435 7.9618
259 36 33
 -25.9259 -15.2016
 -27.0182 -13.8462
 -28.0326 -13.7436
 -29.1179 -14.0107
 -29.4137 -14.0046
 -29.4498 -14.2852
 -29.5965 -14.5
 -29.9051 -14.5804
 -30.1717 -14.5979
 -30.1507 -14.7463
 -30.2548 -14.733
 -30.4632 -14.9932
 -30.7053 -15.1724
 -30.848 -15.3531
 -30.7428 -15.5195
 -30.5796 -15.6229
 -30.6131 -15.7846
 -30.6277 -15.9083
 -30.5294 -15.9507
 -30.448 -15.946
 -30.3853 -15.939
 -30.3236 -15.9318
 -30.34 -16.0008
 -30.3266 -16.0999
 -30.3286 -16.1598
 -30.3535 -16.2125
 -30.3477 -16.2551
 -30.3328 -16.2734
 -30.3363 -16.3051
 -30.3361 -16.3506
 -30.3094 -16.4109
 -30.2907 -16.4553
 -30.2899 -16.4668
259 92 7
 -25.9259 -15.2016
 -24.9741 -16.3918
 -24.6507 -16.4359
 -23.5435 -16.8629
 -22.6721 -17.3282
 -22.3636 -17.3302
 -22.1047 -17.3251
260 18 4
 -34.5833 6.6876
 -35.0834 5.72115
 -35.2632 5.5441
 -35.2927 5.5374
260 139 4
 -34.5833 6.6876
 -33.9625 7.56105
 -33.681 7.66745
 -33.6703 7.6965
261 50 23
 -32.1133 24.3783
 -31.86 23.932
 -31.6589 23.5954
 -31.6059 23.4443
 -31.3041 23.3415
 -30.9334 23.3302
 -30.8674 23.2981
 -30.7314 23.2558
 -30.5514 23.1828
 -30.3783 23.1066
 -30.2574 23.0849
 -30.2114 22.9879
 -30.212 22.8417
 -30.1586 22.8117
 -30.092 22.772
 -30.0266 22.6604
 -29.9587 22.5681
 -29.9787 22.5248
 -30.0511 22.5235
 -30.1185 22.5252
 -30.1387 22.4911
 -30.1661 22.4522
 -30.1744 22.4472
261 130 10
 -32.1133 24.3783
 -32.4871 24.6475
 -32.6947 24.8511
 -32.7476 24.951
 -32.8639 24.6847
 -32.9394 24.3797
 -32.9562 24.2449
 -32.9082 24.1172
 -32.8828 24.0883
 -32.8768 24.0872
262 99 15
 -28.7733 38.2949
 -28.2701 37.4523
 -28.1912 37.1336
 -28.0768 37.0341
 -28.2247 36.8483
 -28.6857 36.3203
 -28.9837 35.6388
 -29.0878 35.3506
 -29.2444 35.4995
 -29.9843 35.7514
 -30.65 36.1646
 -30.6132 36.9202
 -30.5974 37.4724
 -30.5821 37.5846
 -30.5362 37.5895
262 73 6
 -28.7733 38.2949
 -29.2611 38.9585
 -28.8591 39.2204
 -27.9408 39.6653
 -27.4005 39.9632
 -27.381 39.9865
263 137 10
 -26.5771 43.3602
 -26.4102 44.6742
 -25.9763 45.2448
 -25.4948 45.7901
 -25.6211 46.2441
 -25.9501 46.7126
 -26.0226 46.852
 -26.0175 46.9981
 -26.0532 47.1447
 -26.0883 47.1877
263 73 7
 -26.5771 43.3602
 -25.9454 41.5744
 -25.4295 40.8448
 -25.7053 39.8842
 -26.3574 39.6245
 -27.1602 40.0808
 -27.381 39.9865
264 71 10
 -24.989 31.3209
 -25.2821 31.602
 -25.6189 31.8011
 -25.7246 31.9914
 -25.7282 32.1548
 -25.7154 32.3741
 -25.6801 32.4356
 -25.5861 32.4275
 -25.504 32.4166
 -25.5038 32.413
264 148 20
 -24.989 31.3209
 -24.9725 30.7465
 -25.0043 30.3751
 -25.2421 30.2803
 -25.6325 30.1915
 -25.861 30.1148
 -26.0403 29.9962
 -26.1521 29.8456
 -26.2456 29.7173
 -26.3059 29.6337
 -26.3143 29.6147
 -26.4943 29.4638
 -26.667 29.3176
 -26.7435 29.3132
 -26.8805 29.3366
 -26.967 29.3819
 -27.1153 29.3524
 -27.2771 29.3249
 -27.3408 29.3706
 -27.3705 29.3903
265 82 25
 -24.9147 27.6719
 -24.7211 27.1489
 -24.7181 26.8472
 -24.6109 26.7608
 -24.3824 26.7145
 -24.2043 26.6997
 -24.236 26.667
 -24.2085 26.3064
 -24.0625 25.9224
 -23.9356 25.7519
 -23.5523 25.4741
 -23.2407 25.3741
 -23.1715 25.3374
 -23.1763 25.152
 -23.1929 25.0609
 -23.1157 25.0262
 -23.0302 25.0102
 -23.0133 24.9756
 -23.0662 24.874
 -23.1301 24.7879
 -23.0913 24.7421
 -23.057 24.683
 -23.1102 24.5194
 -23.1586 24.4036
 -23.1792 24.4045
265 148 23
 -24.9147 27.6719
 -25.2604 27.9771
 -25.6305 28.2022
 -25.9095 28.437
 -26.0737 28.4687
 -26.1309 28.5174
 -26.1075 28.6562
 -26.098 28.8699
 -26.1088 29.0215
 -26.0606 29.1388
 -26.0099 29.3395
 -26.1413 29.5153
 -26.3059 29.6337
 -26.3143 29.6147
 -26.4943 29.4638
 -26.667 29.3176
 -26.7435 29.3132
 -26.8805 29.3366
 -26.967 29.3819
 -27.1153 29.3524
 -27.2771 29.3249
 -27.3408 29.3706
 -27.3705 29.3903
266 3 11
 -22.9198 25.7118
 -22.9381 25.93
 -22.8827 25.9741
 -22.6758 25.9445
 -22.4685 26.0437
 -22.4213 26.1454
 -22.4391 26.2095
 -22.4546 26.2747
 -22.4612 26.3924
 -22.4517 26.4898
 -22.4418 26.4974
266 82 16
 -22.9198 25.7118
 -22.9827 25.4917
 -23.1329 25.4139
 -23.1715 25.3374
 -23.1763 25.152
 -23.1929 25.0609
 -23.1157 25.0262
 -23.0302 25.0102
 -23.0133 24.9756
 -23.0662 24.874
 -23.1301 24.7879
 -23.0913 24.7421
 -23.057 24.683
 -23.1102 24.5194
 -23.1586 24.4036
 -23.1792 24.4045
267 61 12
 2.27445 43.7639
 1.59725 43.1674
 1.3794 42.0271
 1.36135 41.5027
 1.2602 41.3218
 0.8096 40.6754
 0.3435 39.9464
 0.15275 39.7117
 0.65275 39.5955
 1.1393 39.521
 1.2428 39.4521
 1.2375 39.3586
267 24 4
 2.27445 43.7639
 2.98015 43.9313
 3.2637 44.1314
 3.2708 44.1331
268 144 21
 -0.7671 32.0631
 -2.02315 31.9121
 -2.4318 32.2315
 -2.2143 31.7067
 -1.90175 30.784
 -2.0141 29.9622
 -2.652 29.572
 -3.10975 29.1798
 -3.5346 29.0306
 -4.54905 29.2195
 -5.3535 29.6898
 -5.3348 30.0324
 -5.734 29.6103
 -5.6653 28.9947
 -5.7293 28.4901
 -6.19915 28.2706
 -6.3272 28.2243
 -6.46215 28.1968
 -6.59565 28.1461
 -6.7149 28.104
 -6.7474 28.1162
268 23 8
 -0.7671 32.0631
 -0.23945 32.8032
 -0.3451 33.6073
 0.71505 34.4901
 1.505 35.1827
 1.61305 35.2204
 1.69225 35.2022
 1.7117 35.1683
269 53 7
 -11.5748 27.225
 -10.8948 26.7267
 -10.6344 26.7008
 -10.5196 26.7619
 -10.3347 26.6213
 -10.1899 26.4475
 -10.2052 26.4249
269 135 5
 -11.5748 27.225
 -12.0683 27.6565
 -12.1791 27.8133
 -12.384 27.8645
 -12.4621 27.7682
270 70 30
 -16.1665 24.5097
 -15.9335 23.8831
 -16.2712 23.8925
 -17.0616 24.0261
 -18.0136 24.1398
 -18.0095 24.1598
 -17.8878 24.6534
 -18.2691 25.0508
 -18.5093 25.2093
 -18.7973 25.7047
 -19.1188 26.1416
 -19.1381 26.3453
 -19.0817 26.5447
 -19.0296 26.7407
 -19.0312 27.1166
 -19.0269 27.4934
 -19.0521 27.7224
 -19.1344 27.9107
 -19.2914 27.9893
 -19.5266 27.9132
 -19.7495 27.7465
 -19.9494 27.7283
 -20.0894 27.7472
 -20.2065 27.7621
 -20.2742 27.8096
 -20.3056 27.8503
 -20.3506 27.8945
 -20.3466 27.9951
 -20.2878 28.0814
 -20.2672 28.1036
270 135 22
 -16.1665 24.5097
 -15.8623 25.5145
 -15.5371 25.9711
 -15.475 26.0664
 -15.3843 26.2171
 -15.3143 26.3018
 -15.2305 26.2573
 -15.0802 26.2607
 -14.8366 26.2912
 -14.6881 26.312
 -14.6423 26.4863
 -14.5226 26.7224
 -14.2076 26.7674
 -13.8254 26.6898
 -13.6649 26.6494
 -13.6336 26.6866
 -13.2885 26.8656
 -12.8755 27.1921
 -12.7491 27.4699
 -12.5877 27.6439
 -12.4623 27.7452
 -12.4621 27.7682
271 64 8
 -13.423 18.0486
 -14.6067 18.3378
 -15.0791 18.8377
 -15.1578 18.8892
 -15.2074 18.9516
 -15.3216 18.999
 -15.4163 19.0203
 -15.4255 19.0198
271 113 13
 -13.423 18.0486
 -12.4425 19.1205
 -11.8635 19.8788
 -11.3927 19.8486
 -10.9914 20.1059
 -10.3596 19.5719
 -9.9498 18.0378
 -9.9973 17.1725
 -9.80275 16.8647
 -8.9995 17.1122
 -8.18405 17.6983
 -7.82465 17.7598
 -7.7954 17.7557
272 141 9
 11.2571 19.5401
 10.8228 20.6873
 10.847 21.0182
 11.0939 20.9883
 10.8983 21.0849
 10.6389 22.0751
 10.3588 23.0219
 10.1271 23.1023
 10.1121 23.1489
272 38 15
 11.2571 19.5401
 11.2171 18.7339
 10.9224 18.4485
 10.6452 17.7673
 10.7891 17.0986
 11.2565 16.765
 11.7467 16.3564
 12.1201 15.866
 11.9993 14.9317
 11.9396 14.1634
 11.8688 13.9091
 12.0058 13.4746
 12.4215 13.0827
 12.5883 12.8685
 12.5804 12.8504
273 38 16
 11.7789 18.3724
 11.6236 18.6864
 11.2171 18.7339
 10.9224 18.4485
 10.6452 17.7673
 10.7891 17.0986
 11.2565 16.765
 11.7467 16.3564
 12.1201 15.866
 11.9993 14.9317
 11.9396 14.1634
 11.8688 13.9091
 12.0058 13.4746
 12.4215 13.0827
 12.5883 12.8685
 12.5804 12.8504
273 32 4
 11.7789 18.3724
 12.2487 17.994
 12.723 17.8367
 12.7283 17.8301
274 105 23
 34.2922 -2.724
 32.9439 -2.6139
 32.2068 -3.14855
 32.911 -2.2409
 33.0337 -0.4449
 32.7344 0.8432
 33.0611 1.18765
 34.3401 1.2882
 35.6855 1.11715
 35.926 0.9181
 36.0648 1.0263
 36.2598 1.41345
 36.4367 1.79755
 36.5474 1.9027
 36.6499 1.9984
 36.6176 2.0901
 36.592 2.2399
 36.6307 2.4874
 36.7374 2.69165
 36.9251 2.74985
 37.1014 3.0435
 37.1339 3.3183
 37.1124 3.3385
274 125 5
 34.2922 -2.724
 35.3826 -4.1672
 35.8954 -4.987
 35.996 -5.00635
 36.0547 -5.0408
275 5 11
 40.0373 8.21135
 41.034 7.93635
 41.2365 8.0798
 41.4928 7.9782
 41.83 8.05485
 42.0235 8.0144
 42.054 8.29195
 42.1768 8.4968
 42.3783 8.76775
 42.606 9.01125
 42.66 9.023
275 134 9
 40.0373 8.21135
 39.1201 9.36125
 38.8307 10.2016
 38.216 10.8766
 37.5797 11.4493
 37.2533 11.5115
 37.1302 11.3605
 37.0949 11.2256
 37.0918 11.1904
276 65 8
 35.4263 23.9249
 35.9435 23.3267
 36.1499 22.8694
 36.7843 22.9076
 37.414 23.4438
 37.6123 24.3074
 37.7976 24.7215
 37.7927 24.7713
276 132 6
 35.4263 23.9249
 34.4492 24.3492
 34.2242 25.1404
 34.871 25.7174
 35.0847 25.8223
 35.0804 25.8569
277 88 9
 38.3174 24.835
 38.8787 24.9272
 39.195 24.8949
 39.3964 24.8513
 39.4386 24.8507
 39.5474 24.846
 39.7536 24.8569
 39.8778 24.8714
 39.8813 24.8647
277 65 3
 38.3174 24.835
 37.8414 24.7596
 37.7927 24.7713
278 131 21
 26.6161 34.0432
 26.535 32.7779
 26.8977 31.8526
 27.1888 31.3776
 27.3885 31.0721
 27.393 30.967
 27.3305 30.8438
 27.3377 30.7267
 27.2212 30.5162
 27.0774 30.1696
 26.8572 30.0901
 25.8568 30.4408
 24.9265 30.6766
 24.6018 30.8062
 24.2398 30.9848
 23.9314 31.0326
 23.524 31.2016
 23.2083 31.4713
 22.9366 31.6035
 22.7973 31.7582
 22.8805 31.8345
278 146 27
 26.6161 34.0432
 26.9016 34.7602
 26.3806 35.151
 25.6766 35.1041
 25.3246 34.979
 25.2167 35.1861
 25.1826 35.6064
 25.059 36.0227
 25.1111 36.3153
 25.411 36.6232
 25.6553 36.9316
 25.8542 37.1668
 26.081 37.2579
 26.1815 37.4188
 26.0513 37.8251
 25.7277 38.2179
 25.3842 38.3033
 25.049 38.3828
 24.9636 38.7092
 24.9657 38.922
 25.1483 38.9005
 25.2949 38.8987
 25.2904 39.0453
 25.29 39.2589
 25.3093 39.3917
 25.3048 39.4408
 25.2989 39.463
279 55 23
 43.1957 38.697
 42.5537 38.8354
 42.154 38.407
 41.7874 38.0421
 41.4826 37.9498
 41.5062 38.4979
 41.2223 38.992
 40.6996 39.0807
 40.2982 39.203
 40.1911 39.3871
 40.0704 39.6073
 39.9507 39.5851
 39.7899 39.467
 39.689 39.3989
 39.639 39.3265
 39.6409 39.1482
 39.6825 38.9869
 39.6768 38.9383
 39.6465 38.8698
 39.5621 38.7608
 39.4757 38.6866
 39.4663 38.6649
 39.4584 38.6485
279 1 4
 43.1957 38.697
 43.8814 38.7796
 44.0804 39.1143
 44.0726 39.1192
280 84 9
 53.572 42.2763
 54.3576 42.7043
 55.098 43.1629
 55.2586 43.2406
 55.3377 43.4321
 55.2581 43.8047
 55.2869 44.1644
 55.3321 44.3664
 55.2888 44.4691
280 126 6
 53.572 42.2763
 53.0553 41.6325
 52.4902 41.0106
 52.2773 40.8499
 52.199 40.632
 52.1783 40.6286
281 112 17
 53.5391 28.5774
 51.9811 28.5249
 51.969 28.5501
 52.4368 29.3764
 52.2343 30.3985
 52.6494 31.1087
 53.0072 31.7625
 53.0602 32.2039
 53.5265 32.5676
 53.1219 32.4449
 53.0724 32.5146
 52.9501 32.6595
 52.8444 33.064
 52.7773 33.604
 52.4815 34.1619
 52.2044 34.4221
 52.164 34.3796
281 27 5
 53.5391 28.5774
 54.619 28.4659
 55.1159 28.3519
 55.3903 28.3403
 55.3957 28.3591
282 15 10
 59.7909 12.7653
 59.2224 13.1096
 58.9095 13.2488
 58.6596 13.4639
 58.5907 13.556
 58.4599 13.4972
 58.2495 13.4062
 58.0152 13.2507
 57.8568 13.1096
 57.8358 13.1054
282 114 3
 59.7909 12.7653
 60.2257 12.3615
 60.2066 12.2999
283 65 20
 41.9098 18.4706
 41.3606 18.503
 40.7961 17.7776
 39.9559 17.5989
 39.4728 18.1943
 38.7231 18.1198
 37.4068 18.4215
 36.6066 18.6244
 36.4631 18.3947
 35.9201 18.821
 35.8489 19.4622
 36.2216 19.9609
 36.0922 21.0412
 36.082 22.3523
 36.1499 22.8694
 36.7843 22.9076
 37.414 23.4438
 37.6123 24.3074
 37.7976 24.7215
 37.7927 24.7713
283 133 10
 41.9098 18.4706
 42.7825 18.6081
 43.6725 19.5525
 44.1691 20.4594
 44.4813 20.6725
 45.4935 20.353
 46.5372 19.6129
 47.7363 19.4577
 48.6516 19.6378
 48.6991 19.6267
284 143 7
 43.5722 10.5212
 43.698 10.9247
 43.7687 11.168
 43.989 11.3169
 44.1807 11.4662
 44.1181 11.534
 44.0416 11.5749
284 5 8
 43.5722 10.5212
 43.3921 10.248
 43.2 9.8923
 43.0724 9.50845
 42.8802 9.243
 42.6808 9.08025
 42.6577 9.0458
 42.66 9.023
285 29 25
 48.7527 2.6435
 49.8759 1.2824
 49.452 0.13475
 48.235 -1.09925
 48.3915 -1.47405
 49.2443 -1.63955
 49.6394 -1.9158
 49.9155 -2.06215
 50.2103 -2.4967
 50.5816 -3.09865
 50.7471 -3.42195
 50.7966 -3.702
 50.9206 -3.9649
 51.2383 -4.31165
 51.3263 -4.88415
 51.4525 -5.5313
 51.5944 -6.1569
 51.6527 -6.57475
 51.8867 -6.69425
 51.9983 -6.736
 52.0677 -6.8256
 52.1221 -6.9993
 52.1424 -7.18665
 52.1549 -7.2936
 52.1513 -7.3206
285 5 22
 48.7527 2.6435
 47.8251 3.70405
 47.3696 3.93445
 46.122 4.2015
 45.241 4.20365
 44.9706 4.89305
 43.875 5.5072
 42.1552 5.6542
 40.866 5.76355
 40.4111 5.69105
 40.3778 5.76325
 39.8552 5.66375
 40.3788 5.92305
 40.577 6.3136
 41.3427 7.1649
 42.0042 7.83455
 42.0235 8.0144
 42.054 8.29195
 42.1768 8.4968
 42.3783 8.76775
 42.606 9.01125
 42.66 9.023
286 114 13
 61.317 7.29105
 60.9545 8.45275
 61.4403 9.28965
 60.8497 8.8859
 59.7087 8.71525
 58.9834 9.0296
 58.667 9.67745
 58.6375 10.2013
 59.1127 10.3225
 59.0832 10.6621
 59.4327 11.6465
 60.1646 12.2914
 60.2066 12.2999
286 78 10
 61.317 7.29105
 62.3015 6.8287
 62.655 6.77935
 62.7922 6.40775
 62.9067 5.97385
 63.4589 5.4585
 63.8728 5.0882
 64.0155 5.0505
 64.1429 4.95945
 64.1317 4.9047
287 94 5
 64.6398 2.35355
 64.9846 2.03745
 65.5621 1.5109
 65.7947 1.06685
 65.7739 0.9875
287 78 6
 64.6398 2.35355
 64.2576 3.6365
 63.8864 4.926
 64.0155 5.0505
 64.1429 4.95945
 64.1317 4.9047
288 147 17
 63.8726 -10.3986
 62.7401 -10.3463
 62.3169 -10.4273
 61.6448 -10.3781
 61.1897 -10.2558
 61.0963 -9.5223
 60.85 -8.7528
 60.6409 -8.4402
 60.6142 -8.05205
 60.6455 -7.77315
 60.6817 -7.59095
 60.8118 -7.4274
 60.9691 -7.3361
 61.0304 -7.28485
 60.9986 -7.1888
 60.9521 -7.12295
 60.9323 -7.1146
288 42 4
 63.8726 -10.3986
 65.6626 -9.9743
 66.5245 -9.4129
 66.5182 -9.4061
289 21 11
 38.1655 -18.0564
 36.8257 -18.1936
 36.2736 -17.9555
 35.8796 -17.5585
 35.5698 -17.084
 35.033 -16.7878
 34.6796 -16.5787
 34.6768 -16.4662
 34.7011 -16.3356
 34.7198 -16.2965
 34.7108 -16.2777
289 34 3
 38.1655 -18.0564
 39.2659 -17.6946
 39.3116 -17.6963
290 57 27
 51.6981 -15.4592
 52.3619 -14.999
 53.4503 -15.2485
 54.4596 -15.8489
 55.1181 -15.9195
 54.8923 -14.9384
 55.099 -13.7418
 54.7849 -12.9313
 54.6065 -12.3729
 54.7353 -12.0983
 54.7876 -11.8501
 55.0899 -11.6318
 55.3667 -11.1371
 55.4688 -10.7565
 55.7628 -10.6906
 56.1299 -10.6252
 56.3855 -10.6281
 56.2922 -10.5445
 56.3237 -10.4049
 56.4442 -10.2913
 56.5942 -10.2249
 56.7405 -10.1677
 56.878 -10.183
 56.7683 -10.0543
 56.7711 -9.84775
 56.7897 -9.73135
 56.7683 -9.7138
290 79 4
 51.6981 -15.4592
 50.7694 -16.1081
 50.2048 -16.7011
 50.1689 -16.6988
291 51 6
 51.9403 -7.7967
 51.8013 -8.49455
 51.9057 -8.92475
 51.9846 -9.26805
 52.0566 -9.40625
 52.1065 -9.3582
291 29 3
 51.9403 -7.7967
 52.1391 -7.3463
 52.1513 -7.3206
292 21 10
 36.6381 -18.8536
 36.0965 -18.2805
 35.8796 -17.5585
 35.5698 -17.084
 35.033 -16.7878
 34.6796 -16.5787
 34.6768 -16.4662
 34.7011 -16.3356
 34.7198 -16.2965
 34.7108 -16.2777
292 40 26
 36.6381 -18.8536
 36.8512 -19.3779
 36.5016 -19.8426
 36.3909 -20.0337
 36.3942 -20.2699
 36.4092 -20.6103
 36.4049 -20.7743
 36.6144 -20.8253
 36.6803 -21.122
 36.4725 -21.3826
 36.4043 -21.5483
 36.4841 -22.1037
 36.6277 -22.7601
 36.6395 -23.0054
 36.7511 -23.2777
 36.8655 -23.6573
 37.0109 -24.2827
 37.4264 -24.8474
 37.7592 -24.9588
 38.0178 -25.0821
 38.2307 -25.209
 38.3595 -25.2339
 38.485 -25.2369
 38.5721 -25.2454
 38.608 -25.3152
 38.6317 -25.3843
293 118 37
 23.7186 -20.8216
 25.5713 -21.5405
 26.4534 -21.6023
 26.6684 -21.5715
 26.9131 -21.3874
 27.0921 -21.1846
 27.1693 -21.2206
 27.2803 -21.3787
 27.3596 -21.5096
 27.4207 -21.5985
 27.5325 -21.6956
 27.6713 -21.8371
 27.844 -21.9553
 28.2645 -22.0867
 28.7563 -22.3605
 29.1782 -22.5003
 29.4708 -22.4758
 29.5336 -22.4859
 29.5614 -22.434
 29.6848 -22.3801
 29.89 -22.3826
 29.9846 -22.4101
 30.0647 -22.4374
 30.1409 -22.4614
 30.1568 -22.4203
 30.2098 -22.338
 30.2824 -22.2889
 30.3323 -22.2831
 30.3981 -22.24
 30.4991 -22.17
 30.5746 -22.019
 30.7294 -21.9746
 30.8847 -22.0879
 30.9342 -22.1647
 30.9873 -22.3174
 30.9759 -22.5077
 30.9315 -22.5837
293 145 13
 23.7186 -20.8216
 22.437 -20.249
 21.7318 -20.0514
 21.0914 -19.6929
 20.9371 -19.4681
 20.333 -19.039
 19.715 -18.7789
 19.5289 -18.7654
 19.1434 -18.7263
 19.0123 -18.2855
 18.9919 -17.7313
 18.8363 -17.5479
 18.8104 -17.4848
294 118 7
 33.205 -22.8116
 32.3158 -22.798
 31.6971 -22.7911
 31.267 -22.5677
 31.0977 -22.4088
 30.9759 -22.5077
 30.9315 -22.5837
294 138 7
 33.205 -22.8116
 33.8654 -23.1407
 34.0218 -23.3896
 34.2338 -23.4216
 34.3582 -23.4893
 34.388 -23.5665
 34.401 -23.6396
295 7 16
 26.5215 -33.129
 27.2759 -31.422
 27.3179 -30.4699
 26.785 -29.9317
 26.3059 -29.4634
 26.0677 -29.6411
 26.3927 -29.0062
 26.7141 -28.347
 27.2305 -27.6473
 27.7318 -27.3528
 27.8043 -27.2892
 28.045 -27.2869
 28.5275 -26.9285
 28.7104 -26.0453
 28.5868 -25.541
 28.5216 -25.521
295 136 12
 26.5215 -33.129
 25.6719 -33.8962
 25.039 -33.9539
 24.7053 -34.8014
 24.7478 -35.2466
 24.3008 -35.3791
 23.762 -35.639
 23.593 -36.3195
 23.598 -36.9416
 23.6373 -37.0981
 23.7081 -37.1721
 23.7409 -37.2217
296 10 23
 27.9179 -40.8739
 29.022 -41.3827
 29.0179 -41.826
 29.2 -42.769
 29.3129 -43.312
 29.4361 -43.5602
 29.4435 -44.1959
 29.2188 -44.6496
 29.4226 -44.8054
 29.9252 -45.1665
 30.4583 -45.8903
 30.5462 -47.0868
 30.454 -47.97
 30.6102 -48.3026
 30.7332 -48.4498
 30.8068 -48.5383
 30.8651 -48.6112
 31.2594 -49.0718
 31.8493 -49.5056
 32.2223 -49.4883
 32.5003 -49.558
 32.7271 -49.6651
 32.83 -49.7341
296 16 3
 27.9179 -40.8739
 26.8018 -40.328
 26.7717 -40.2871
297 16 7
 25.3993 -37.4333
 26.0938 -38.0088
 26.6053 -38.3083
 26.7164 -38.8239
 26.6994 -39.7121
 26.7243 -40.1953
 26.7717 -40.2871
297 136 5
 25.3993 -37.4333
 24.5373 -37.1845
 23.881 -37.2244
 23.7695 -37.2202
 23.7409 -37.2217
298 77 8
 16.8989 -42.6974
 18.9909 -42.5227
 19.4472 -42.377
 20.2523 -42.1996
 21.0375 -41.9142
 21.1418 -41.7684
 21.2779 -41.8081
 21.3215 -41.8543
298 115 3
 16.8989 -42.6974
 15.1706 -42.8198
 15.1098 -42.8815
299 26 3
 48.1875 -46.9478
 48.9282 -46.4782
 48.8236 -46.3253
299 33 4
 48.1875 -46.9478
 47.2401 -47.2836
 47.1307 -47.3066
 47.1234 -47.3105
300 59 6
 48.556 -49.1776
 48.8799 -49.8188
 49.7781 -50.6094
 50.7607 -51.0101
 51.0433 -50.8733
 51.0244 -50.829
300 33 5
 48.556 -49.1776
 47.8736 -48.0683
 47.2178 -47.3028
 47.1307 -47.3066
 47.1234 -47.3105
305 84 8
 58.4705 45.893
 58.4635 45.8902
 58.2751 45.8835
 57.0891 45.5749
 55.4167 45.4615
 54.9866 45.055
 55.2564 44.463
 55.2888 44.4691
306 37 4
 70.4459 -53.5522
 70.2251 -53.3116
 70.0072 -53.039
 70.01 -53.007
307 48 17
 -38.4333 -47.3128
 -38.2015 -47.0125
 -40.0418 -38.7524
 -41.2061 -29.1154
 -40.2612 -27.8563
 -39.825 -27.6088
 -39.9244 -27.4435
 -39.9548 -27.1117
 -39.9722 -26.7498
 -39.9618 -26.2208
 -39.928 -25.8035
 -39.9775 -25.6354
 -40.0889 -25.2663
 -40.1638 -24.9923
 -40.3648 -24.3125
 -40.5566 -23.6535
 -40.5617 -23.62
308 17 11
 22.0013 -58.5299
 22.0004 -58.5003
 22.3772 -58.3513
 24.0739 -57.8201
 25.4025 -57.4052
 25.4783 -57.3914
 25.8393 -57.249
 26.2414 -57.0246
 26.4215 -56.8925
 26.5182 -56.8365
 26.5422 -56.8199
