   2.2547766655948944     
   1.0492349334991262     
   2.4142250692421379     
   2.9500851359335174     
   3.2433893572647854     
   2.3484551661971254     
   10.464941827701596     
   5.5763245591876620     
   3.3372735734531380     
  0.98344420452336823     
   1.9390462799554535     
   1.0844427705664315     
   4.4203042379992219     
   1.3317636068106127     
   4.9432146060084339     
   1.5378702296926106     
   2.5222130177787951     
   1.5204270249612326     
   3.7096255289827273     
   3.6656396472197486     
   1.8070300877505081     
   2.3050256713429240     
   2.8408041307136096     
   3.0591555250341984     
   13.238215531330612     
   2.4277873388879057     
   1.9994056406910261     
   1.1525711072073648     
   2.3546394022915287     
   1.0083350302977723     
   4.0502800735442666     
   1.5665931187944588     
   2.3713271545850256     
   1.2237375679425133     
   5.6361250242337988     
   5.4668521611181484     
   3.1366636083545179     
   1.5733639111695377     
   4.0766786173201153     
   4.1940770013810686     
   9.2484828543366504     
   3.5185538560815202     
   8.3096373673686443     
   1.3163622671151587     
   2.2747855609071594     
   1.2311780497259746     
   7.4722084957478048     
   10.567867973392772     
   6.8082205581712882     
   1.2220595824724958     
   4.5972568507726566     
   1.2824765420713944     
   2.1043173837859031     
   5.0594177305317194     
   4.7979145590372640     
   1.5602683503669941     
   2.0835167607470124     
   2.2999785220505027     
   7.9979290233860247     
   1.3737300707170397     
   2.8429499483426870     
   1.6767889722988869     
   1.0997687205173690     
  0.74908632681586218     
   5.1943066267559743     
  0.52198192924527009     
   2.1889887263334789     
   2.2870925050193298     
   6.1749982575225051     
   3.5362147270624265     
   5.9624819490764667     
   5.7393502093433773     
   4.9960518257092179     
   1.2223131316875540     
   1.4453451485734072     
   1.3727569961264385     
   3.6479105787138320     
   1.7502136626122484     
  0.81590011968509935     
   1.6487927916874836     
   1.8883740193515457     
  0.94393176649845945     
   3.5025248569589742     
   3.0499028864042068     
   1.7925198628142780     
   1.8932535564989310     
   9.3027696641165978     
   5.7849422835881867     
   2.3153428737192088     
   1.5485739147674262     
   4.8804264659235344     
   2.6476253837735930     
   1.5573091553505689     
  0.79073960724251890     
   4.1428119316458831     
  0.84781963812874961     
   5.9381272767754432     
   2.9188812830892257     
   4.2238662873866542     
  0.45069933534429674     
   2.3592674497127324     
  0.87356801189704192     
   1.8616931712710358     
   1.0322077860038246     
   4.6881323867985207     
   3.4002819300615319     
   2.3247832418444405     
   1.3272664413583228     
   3.9858203578498421     
  0.89789203253966399     
   8.3408841807120062     
   1.4372985652275816     
   2.8812523633847520     
   1.4067761077438530     
   4.7093534927506573     
   1.6223779272368624     
   1.7914647374710397     
   1.6315705596027790     
   1.9775746831405909     
   2.1216435749682825     
   5.8021958552079242     
   1.6427347080044334     
   6.7810425337034310     
   1.3463207010661158     
   4.7610125393258267     
  0.83118058367591774     
   4.2901820809444660     
   4.0273858956056205     
   2.9785389200969474     
  0.57510450316117545     
   1.7486029900862332     
   1.7085351590491495     
   3.9026412514723687     
   5.6082436540676524     
   4.1639555048155259     
   1.0381714025573627     
   6.2377383336449830     
   3.9601233025678573     
   6.4192186115348582     
   1.6362813625081221     
   2.8652105634959142     
   2.7412708207297638     
   4.6197741113681392     
   4.4138311402298021     
   3.0233410538025294     
  0.69484255936628669     
   4.7174659569110640     
   2.1653719653835810     
   24.177628081678051     
   14.389409482628569     
   8.7943167785847418     
   1.2989516126254319     
  0.90750238238240399     
  0.69729055403741325     
   1.0315706341648014     
   7.0172819345736679     
   2.8119781900159411     
   2.3116896355981424     
   1.3086706483649198     
   1.0163196000512480     
   7.0922572805216149     
   1.8114608523423110     
   1.5833987915690777     
  0.84447713296812255     
   5.6889330942415937     
   3.8611690187231962     
   3.4204648286268275     
   5.1229024329985888     
   7.5676822135392552     
   2.3010093780638519     
   2.0626624839313248     
   1.3248111885251965     
   2.0467101536957455     
   2.6010588052621713     
   2.6439413658573296     
   1.0989463129823875     
   5.0258589879642113     
  0.97307623162732915     
   1.0082859179323556     
   1.7438547347598552     
   1.1645180471689789     
   1.1170312339988333     
   3.6151813179846770     
   1.0035670712795155     
   2.8544020840715936     
   1.9363732456307787     
   2.1779105611517360     
   7.4693986644420605     
   2.2988567004533098     
   2.3198747902442514     
   11.758851273504867     
   4.2961086677814846     
   4.4597743475251876     
   3.2298455674481241     
   4.2221920040303127     
   2.7577696244415595     
   4.7900426487231318     
   2.9774310406764846     
   2.4111428665301702     
   2.3494626174012150     
   2.4129636569493331     
   1.5856534728339164     
   3.5880257758696632     
   1.0664691239374966     
   4.8922212383832315     
   2.7344395009570492     
   11.774297599481121     
   3.6835994055652685     
   4.2553827793808710     
   2.3916849214462461     
   3.7464873044909623     
   3.4276506959904300     
   2.9631107746060716     
   1.5480363128207939     
   3.3532455542962825     
   5.1253882373643762     
   2.3392286828354800     
   2.3282517913333223     
   1.0646339268238016     
  0.96792059406477560     
   4.9222564461711480     
   3.2781163497029029     
   1.1486779211889480     
   1.1335069565126195     
   1.8460688558267040     
   1.0365169922265487     
   3.8378919951221584     
   1.9047619422721593     
   2.8816971786716503     
   4.0571541334163035     
  0.94502663891299110     
   2.0068607489728336     
   2.4058117413691869     
   2.1124053076236251     
  0.71745201278034576     
  0.88202664548762000     
   3.1970738575014290     
  0.73988424564789579     
   6.0773277505202534     
   2.4811244732824878     
   1.2265865705874188     
  0.99073051541889934     
   4.3826926327049076     
   3.0868835772497505     
   1.4546427273521976     
   4.8529911191210893     
   2.7931807396503658     
   4.2506851726650039     
   3.8995745259169015     
  0.62016934947804714     
   6.8557574314539842     
   1.9793177842987482     
   2.1348048867404734     
   2.8908967574165314     
   2.4124882644999968     
   2.0017447544037763     
   1.0163915063393822     
  0.53202053537906724     
   4.8808245523299734     
   4.5713717482766674     
   3.1161891116766385     
  0.70907992658398911     
   1.7724901142504499     
   1.1342002862149512     
   5.3709152557773887     
   1.3798461879837409     
   1.4618018565831647     
  0.65787794349489559     
   7.2338372602965482     
   4.2855178454987630     
  0.86758379203616742     
   1.0349430506728867     
   7.6583200534822993     
   8.2507253331591972     
   4.6067495202014905     
   2.4984658748943755     
   1.0510796865612231     
   1.6297895028797065     
   3.5947540412614409     
   1.8581403204500015     
   2.6959493752096426     
   1.2040836273590305     
   6.0638350759326629     
   1.2048880221483624     
   1.2023555635243626     
  0.52077138423262581     
   1.9403613381643556     
   4.2319873783282524     
   5.0380044421569146     
   3.8337978455209454     
   1.6188775888368583     
   1.1092587309064346     
   5.5146736724860270     
   3.5032477828030464     
   6.6150875940275542     
   1.2932337002189080     
   2.0165493981886455     
   1.0374059003819440     
   3.2300099144067578     
   1.8192517448245642     
   1.0622734625584889     
   1.0217038792970183     
   1.8758530645278959     
   1.3978479973634312     
   1.8907702703794587     
  0.39080386895040647     
   12.629770310701945     
   2.4859737589029858     
