307
145 34 25
 25.8048 22.0602
 25.0814 22.747
 24.2505 22.8614
 23.681 22.6016
 23.7698 22.4747
 23.9705 22.1835
 23.8022 21.8791
 23.4304 21.6964
 23.235 21.5929
 23.2519 21.3997
 23.251 21.3048
 23.1877 21.282
 23.1063 21.2695
 23.029 21.2238
 22.9685 21.2022
 22.9361 21.2572
 22.8745 21.2815
 22.7456 21.3153
 22.5763 21.3286
 22.4777 21.3669
 22.367 21.3465
 22.2884 21.1698
 22.3293 21.0462
 22.3748 20.9965
 22.3998 20.9727
145 54 14
 25.8048 22.0602
 26.6679 22.0753
 26.8265 21.9873
 26.7449 21.409
 27.0171 21.1441
 27.1719 20.7994
 27.3474 20.4349
 27.4642 20.2057
 27.5879 20.0418
 27.9473 20.0347
 28.3955 19.7677
 28.5886 19.4927
 28.6826 19.4745
 28.7058 19.4548
146 104 7
 50.2332 -31.092
 50.4413 -30.7696
 50.7496 -30.604
 51.0919 -30.5737
 51.1217 -30.2274
 51.0869 -29.8516
 51.0931 -29.831
146 143 4
 50.2332 -31.092
 50.0098 -31.3847
 49.963 -31.5071
 49.9684 -31.5328
147 139 6
 -5.0253 34.3631
 -6.126 34.0451
 -6.763 33.9357
 -7.0526 33.8545
 -7.2507 33.7971
 -7.3185 33.7856
147 116 8
 -5.0253 34.3631
 -4.362 34.6137
 -4.09755 34.6063
 -3.53325 34.4988
 -2.84785 34.3764
 -2.46825 34.4286
 -2.43385 34.531
 -2.4338 34.5523
148 20 8
 37.8974 6.34485
 37.1653 6.66265
 36.6112 6.728
 36.6347 6.81575
 36.6646 6.94085
 36.8877 7.48005
 37.0914 7.9173
 37.0914 7.9176
148 72 4
 37.8974 6.34485
 38.0899 5.5742
 38.1142 5.1128
 38.1111 5.1047
149 143 14
 53.1474 -32.4823
 52.7973 -32.8177
 52.5956 -33.0947
 52.4196 -33.3352
 52.3337 -33.4003
 51.7572 -33.0251
 50.9557 -32.6096
 50.3362 -32.4403
 49.8956 -32.161
 49.7992 -32.0056
 49.8274 -31.8304
 49.9027 -31.6473
 49.9653 -31.5604
 49.9684 -31.5328
149 110 4
 53.1474 -32.4823
 54.1078 -32.3906
 54.7822 -32.6103
 54.797 -32.6413
150 9 9
 53.4152 -11.3962
 53.6093 -12.2073
 53.9114 -12.5583
 54.092 -12.9107
 54.1022 -13.0975
 54.1083 -13.1988
 53.9691 -13.2676
 53.797 -13.2999
 53.7864 -13.3176
150 142 15
 53.4152 -11.3962
 53.8214 -10.5801
 54.4613 -10.3251
 54.7019 -10.192
 54.8732 -9.85875
 54.8589 -9.1082
 54.8498 -8.2147
 55.2278 -7.5875
 55.2177 -7.31155
 54.7334 -6.9697
 54.5068 -6.6648
 54.1225 -6.13885
 53.6255 -5.59345
 53.4776 -5.5002
 53.4492 -5.4931
151 55 11
 36.3564 -19.3465
 36.0059 -18.4935
 35.5786 -17.876
 35.2615 -17.2292
 35.5684 -16.9595
 36.0858 -16.9515
 36.6315 -16.933
 36.8957 -16.7964
 37.1997 -16.5581
 37.3834 -16.451
 37.4356 -16.4581
151 114 3
 36.3564 -19.3465
 36.9059 -19.9577
 36.9713 -19.9545
152 27 8
 39.6305 -46.3242
 38.755 -47.9399
 38.6184 -48.6833
 38.2142 -48.9529
 37.9984 -49.2889
 37.7009 -49.5329
 37.5582 -49.6745
 37.5813 -49.7335
152 21 6
 39.6305 -46.3242
 40.4627 -44.5984
 40.1341 -43.6152
 40.0157 -43.2752
 39.9825 -43.077
 39.9657 -42.9938
153 7 5
 70.6391 -49.407
 70.8861 -50.1584
 71.554 -50.7775
 71.7706 -50.9538
 71.7728 -50.9642
153 101 5
 70.6391 -49.407
 70.568 -48.3689
 70.362 -47.3502
 70.4179 -47.0493
 70.4022 -47.0277
154 25 35
 -31.6424 8.47805
 -31.1125 10.4326
 -29.775 11.0796
 -29.1961 12.446
 -28.0177 14.0706
 -27.0894 14.4038
 -26.9155 14.0293
 -26.1787 13.6532
 -25.2938 13.6976
 -24.6702 14.2738
 -24.3353 14.6716
 -23.4862 15.1959
 -22.8189 16.505
 -22.5635 17.5578
 -21.9174 18.0738
 -22.399 19.0801
 -23.0827 19.7731
 -22.4543 20.5008
 -21.0043 20.906
 -19.9366 20.5067
 -19.5102 21.0835
 -18.7781 21.2257
 -17.5503 20.7453
 -16.9035 21.2945
 -16.1903 22.4022
 -15.3654 23.1731
 -15.507 24.2447
 -14.6023 22.523
 -13.6495 21.7701
 -12.8687 20.9125
 -12.6665 19.4806
 -13.9522 18.4259
 -15.1131 17.7302
 -15.3399 17.5933
 -15.3853 17.6124
154 83 3
 -31.6424 8.47805
 -31.1618 6.4777
 -31.2005 6.077
155 123 14
 -23.7222 26.8615
 -24.7625 27.3252
 -25.5327 27.6264
 -26.3455 28.3615
 -26.7743 29.162
 -27.5849 29.4664
 -28.2639 29.4343
 -28.2285 29.5196
 -28.0257 30.6809
 -28.0826 31.7045
 -28.8151 32.1243
 -29.7933 32.6417
 -30.0227 32.6945
 -30.0041 32.6468
155 25 23
 -23.7222 26.8615
 -22.231 25.6992
 -21.7295 24.2711
 -21.7727 23.3794
 -21.8218 22.1777
 -20.9963 20.9132
 -21.0043 20.906
 -19.9366 20.5067
 -19.5102 21.0835
 -18.7781 21.2257
 -17.5503 20.7453
 -16.9035 21.2945
 -16.1903 22.4022
 -15.3654 23.1731
 -15.507 24.2447
 -14.6023 22.523
 -13.6495 21.7701
 -12.8687 20.9125
 -12.6665 19.4806
 -13.9522 18.4259
 -15.1131 17.7302
 -15.3399 17.5933
 -15.3853 17.6124
156 130 11
 8.5437 39.3665
 8.6664 40.2542
 8.9967 41.3386
 9.9239 41.5161
 9.0462 42.0032
 8.5558 42.4939
 7.7838 42.3702
 7.3341 42.1222
 7.2314 42.0564
 7.0934 42.0584
 6.9669 42.0889
156 79 8
 8.5437 39.3665
 9.0817 38.7506
 9.40225 38.0657
 9.1236 37.4948
 8.96315 37.0531
 8.9734 36.621
 9.00765 36.1712
 9.0136 36.1492
157 87 15
 17.9281 15.6807
 18.4551 16.8927
 18.5804 17.5767
 18.6921 18.2281
 18.9351 18.7592
 18.966 18.9942
 19.2617 19.3116
 19.7807 19.5764
 20.0378 19.6379
 20.2457 19.6102
 20.4331 19.656
 20.5147 19.7584
 20.5562 19.8377
 20.5319 19.8941
 20.5212 19.9016
157 121 6
 17.9281 15.6807
 16.6873 14.7936
 15.609 14.4216
 15.2234 14.1815
 14.9619 14.1697
 14.9341 14.1455
158 29 16
 18.4359 12.859
 18.1605 11.649
 18.0409 11.1748
 17.8778 11.0733
 17.6178 10.6486
 17.3749 10.2841
 17.3008 10.231
 17.1772 10.0056
 17.1816 8.83
 17.4115 7.8221
 17.9265 7.43315
 18.337 6.80585
 18.3093 6.4553
 18.3795 6.1323
 18.4203 5.84595
 18.3836 5.7579
158 87 17
 18.4359 12.859
 19.0626 14.6563
 18.9328 16.0418
 18.4551 16.8927
 18.5804 17.5767
 18.6921 18.2281
 18.9351 18.7592
 18.966 18.9942
 19.2617 19.3116
 19.7807 19.5764
 20.0378 19.6379
 20.2457 19.6102
 20.4331 19.656
 20.5147 19.7584
 20.5562 19.8377
 20.5319 19.8941
 20.5212 19.9016
159 67 12
 44.2072 -1.3895
 43.7784 -1.60725
 43.3973 -1.55665
 43.171 -1.48765
 42.9174 -1.33275
 42.7464 -1.17455
 42.7354 -0.9081
 42.5135 -0.65915
 42.1997 -0.56125
 42.2105 -0.44085
 42.1875 -0.3557
 42.1642 -0.3359
159 35 7
 44.2072 -1.3895
 44.6178 -1.169
 44.9796 -1.2114
 44.8091 -1.5214
 44.6832 -2.0997
 44.6807 -2.36545
 44.6629 -2.3694
160 128 17
 60.3027 15.997
 59.4487 15.095
 58.74 14.4061
 58.0761 13.8612
 57.64 13.9235
 56.9975 14.4261
 56.1471 14.701
 55.9897 15.5485
 55.2435 16.274
 53.9185 15.9251
 53.6162 15.4158
 53.2106 15.2621
 52.5047 15.0237
 51.9472 14.7842
 51.7161 14.9647
 51.6863 15.1148
 51.6892 15.1374
160 107 6
 60.3027 15.997
 61.5285 17.5672
 61.9199 19.597
 62.0267 20.5079
 62.3533 20.4304
 62.396 20.4197
161 128 17
 56.6197 7.7308
 57.1399 8.25345
 57.4871 8.5184
 56.8315 8.76545
 56.1303 9.25125
 55.2263 10.3851
 54.0718 11.2516
 53.5577 11.517
 53.4077 11.6911
 53.4469 11.8795
 53.5156 12.4094
 52.7893 13.0837
 52.074 14.0359
 51.9272 14.7723
 51.7161 14.9647
 51.6863 15.1148
 51.6892 15.1374
161 137 7
 56.6197 7.7308
 57.1606 7.1336
 57.9674 6.77375
 58.2719 6.6183
 58.6003 6.44235
 58.739 6.2161
 58.6838 6.2031
162 78 8
 51.6014 -25.8562
 52.3466 -26.0028
 52.4338 -25.8658
 52.7558 -25.5265
 53.2569 -25.073
 53.5828 -24.8748
 53.7743 -24.8356
 53.8293 -24.874
162 104 11
 51.6014 -25.8562
 50.7556 -25.4897
 50.5009 -25.4151
 50.2546 -25.9953
 50.0792 -26.5727
 49.8503 -27.3715
 50.0591 -28.6352
 50.4332 -29.2662
 50.6671 -29.6572
 51.0256 -29.8625
 51.0931 -29.831
163 55 20
 29.834 -22.1274
 31.2687 -23.5127
 31.3218 -24.5035
 31.5855 -23.8385
 31.5254 -22.8819
 32.1121 -22.0577
 33.4551 -21.209
 33.3613 -19.3573
 32.7985 -18.1828
 33.7422 -17.736
 34.6842 -17.2909
 34.9956 -17.024
 35.3976 -16.8601
 35.5684 -16.9595
 36.0858 -16.9515
 36.6315 -16.933
 36.8957 -16.7964
 37.1997 -16.5581
 37.3834 -16.451
 37.4356 -16.4581
163 2 6
 29.834 -22.1274
 28.1044 -21.3297
 27.6101 -20.4916
 27.3008 -19.5054
 27.0747 -19.306
 27.0671 -19.2934
164 17 9
 46.0155 -56.588
 45.7435 -57.3019
 45.6515 -57.562
 45.6263 -57.693
 45.7037 -57.7048
 45.8546 -57.6937
 46.0552 -57.7456
 46.5209 -57.9534
 46.8564 -58.1073
164 19 23
 46.0155 -56.588
 46.3945 -55.5919
 46.7901 -55.147
 47.2439 -54.9593
 47.5004 -54.6907
 47.634 -54.5679
 47.7562 -54.5018
 47.9328 -54.3981
 48.1431 -54.301
 47.97 -54.2565
 47.8864 -53.9128
 48.0303 -53.5352
 48.1255 -53.4174
 48.0768 -53.3532
 48.0529 -53.2766
 48.0856 -53.1894
 48.1647 -53.0004
 48.2506 -52.8616
 48.3345 -52.8727
 48.4535 -52.969
 48.5174 -53.0467
 48.5341 -53.0798
 48.5394 -53.1048
165 92 9
 63.3845 -46.872
 62.3099 -46.8765
 61.8568 -46.6052
 61.2484 -45.4224
 61 -44.2864
 60.4219 -44.2839
 60.0271 -44.1509
 60.1503 -43.8186
 60.1545 -43.7603
165 1 5
 63.3845 -46.872
 64.7159 -46.727
 65.076 -46.6947
 65.1815 -46.7091
 65.2124 -46.6961
166 129 10
 -22.6709 -62.5811
 -22.1605 -62.7157
 -21.5528 -62.8226
 -21.4185 -62.8362
 -21.3521 -62.9528
 -21.0955 -62.6095
 -20.2931 -62.3745
 -19.6481 -62.4621
 -19.559 -62.4138
 -19.5306 -62.4154
166 47 4
 -22.6709 -62.5811
 -23.0529 -63.3866
 -23.4608 -64.1749
 -23.496 -64.2041
167 11 26
 -22.5991 -36.6639
 -22.7722 -35.9307
 -23.4646 -35.4655
 -23.8798 -34.9964
 -23.3469 -34.8463
 -22.5995 -34.6002
 -22.3244 -34.4055
 -22.7019 -34.208
 -23.2637 -33.7285
 -23.6007 -33.0588
 -23.7892 -32.6245
 -23.8756 -32.4986
 -23.8971 -32.2067
 -23.8313 -31.5992
 -24.3358 -30.6455
 -25.062 -29.8173
 -25.4 -29.5699
 -25.6401 -29.5843
 -25.3808 -29.5503
 -24.9749 -29.5131
 -24.7094 -29.1912
 -24.6651 -28.8098
 -24.4971 -28.5985
 -24.2652 -28.4447
 -24.2439 -28.3927
 -24.2776 -28.3923
167 50 4
 -22.5991 -36.6639
 -22.6534 -37.3672
 -22.7397 -37.3678
 -22.7937 -37.3576
168 68 13
 5.28035 -53.4832
 4.0573 -53.3451
 3.3866 -53.6193
 3.3332 -53.6432
 2.8076 -53.3246
 2.3123 -53.0162
 1.85595 -52.8614
 1.02805 -52.7061
 0.55605 -52.6936
 0.42295 -52.7166
 0.3853 -52.7952
 0.34475 -52.8839
 0.3078 -52.9197
168 65 3
 5.28035 -53.4832
 5.9738 -53.8427
 6.0932 -53.8329
169 65 14
 9.0394 -54.2177
 9.568 -53.5865
 9.41145 -53.2746
 9.19335 -53.1782
 8.7993 -53.2461
 8.3035 -53.122
 7.882 -52.9458
 7.61215 -52.7723
 7.60245 -53.2292
 7.29635 -53.6054
 6.66695 -53.7432
 6.19465 -53.8254
 6.10695 -53.8169
 6.0932 -53.8329
169 58 5
 9.0394 -54.2177
 8.3441 -54.6972
 8.27925 -54.7559
 8.3489 -54.8725
 8.3704 -54.9168
170 84 4
 7.2209 -42.8521
 7.11405 -41.4811
 7.5643 -40.3272
 7.7323 -40.2598
170 99 4
 7.2209 -42.8521
 7.9135 -43.239
 8.22555 -43.4202
 8.2341 -43.4989
171 53 18
 -3.9067 -17.663
 -3.71555 -15.6343
 -2.1819 -15.6256
 -0.5375 -15.9501
 0.40305 -15.2674
 0.83305 -14.3088
 1.093 -14.1877
 2.39575 -15.4753
 3.5091 -16.5337
 3.94415 -16.3342
 4.7119 -16.0088
 5.0881 -15.9451
 5.78355 -16.6477
 6.6525 -17.201
 7.50445 -16.5456
 8.3586 -15.879
 8.56385 -15.7784
 8.5815 -15.7846
171 111 7
 -3.9067 -17.663
 -3.74175 -19.4642
 -3.94105 -19.7311
 -4.1729 -20.4937
 -4.43705 -21.2417
 -4.70035 -21.3069
 -4.8147 -21.3083
172 66 72
 -13.7836 -16.1063
 -13.4762 -14.6012
 -12.1421 -14.9212
 -11.3912 -15.2309
 -12.703 -18.8391
 -13.2236 -21.9655
 -13.6278 -22.4029
 -14.5397 -22.1887
 -14.8598 -22.2483
 -14.9207 -22.2101
 -15.1061 -22.0881
 -15.8618 -22.1946
 -16.4607 -22.4087
 -16.4898 -22.4076
 -16.788 -22.457
 -17.2794 -22.4021
 -17.6348 -22.2804
 -18.4162 -21.9986
 -19.0516 -21.6984
 -19.2955 -22.1057
 -19.6077 -22.8153
 -19.6504 -23.2411
 -20.0203 -22.8628
 -20.3857 -22.5318
 -20.5177 -22.4002
 -20.9372 -22.0602
 -21.1973 -21.7082
 -21.2278 -21.4172
 -21.3253 -21.2356
 -21.3793 -21.1154
 -21.4256 -20.9495
 -21.4052 -20.8531
 -21.3836 -20.7684
 -21.4069 -20.7293
 -21.4377 -20.7235
 -21.4661 -20.6899
 -21.5296 -20.6916
 -21.7257 -20.8336
 -21.9442 -21.0202
 -22.0136 -21.0958
 -22.0936 -21.0377
 -22.1912 -20.9926
 -22.191 -21.0364
 -22.3138 -21.1141
 -22.5214 -21.1635
 -22.6051 -21.1649
 -22.6493 -21.1509
 -22.696 -21.1474
 -22.7593 -21.1758
 -22.8084 -21.1989
 -22.8288 -21.2085
 -22.8243 -21.2229
 -22.8285 -21.2633
 -22.8132 -21.3134
 -22.8078 -21.3523
 -22.7945 -21.3792
 -22.7574 -21.3909
 -22.7094 -21.4099
 -22.6669 -21.4692
 -22.6204 -21.5179
 -22.5831 -21.5358
 -22.4972 -21.5136
 -22.3914 -21.4618
 -22.3084 -21.434
 -22.2253 -21.4792
 -22.1115 -21.5788
 -22.0293 -21.6618
 -22.0551 -21.7703
 -22.1033 -21.8598
 -22.1179 -21.9301
 -22.1033 -21.992
 -22.1023 -21.9938
172 82 5
 -13.7836 -16.1063
 -14.5014 -16.4197
 -15.3654 -16.7241
 -15.8298 -17.0059
 -15.8214 -17.0281
173 11 14
 -28.2736 -27.7844
 -27.7895 -27.465
 -26.9656 -27.0604
 -26.5082 -26.7454
 -26.4184 -26.696
 -26.146 -26.5579
 -25.4914 -26.7935
 -24.9911 -27.2738
 -24.9341 -27.4364
 -24.7174 -27.5137
 -24.604 -27.8362
 -24.5042 -28.2689
 -24.2922 -28.4152
 -24.2776 -28.3923
173 63 4
 -28.2736 -27.7844
 -28.8009 -28.4092
 -29.3036 -28.6889
 -29.3737 -28.5618
174 66 71
 -30.9902 -4.1131
 -29.7108 -3.88775
 -28.6883 -5.0912
 -27.7211 -5.5969
 -26.5992 -5.9758
 -26.3116 -7.31185
 -26.3744 -8.5606
 -25.944 -10.0693
 -25.6054 -11.2962
 -25.2492 -11.7253
 -25.0226 -11.9121
 -24.9335 -12.4561
 -25.0975 -13.2111
 -24.9328 -13.8118
 -24.5479 -14.4777
 -24.5801 -14.8663
 -24.6049 -15.4713
 -24.8022 -16.4515
 -24.8684 -16.9412
 -24.3678 -16.867
 -24.0284 -16.7616
 -23.7517 -17.1554
 -23.1632 -17.5975
 -22.8011 -18.283
 -22.7494 -18.9979
 -22.8673 -19.1998
 -23.0017 -19.413
 -22.9049 -19.6171
 -22.8656 -19.7271
 -22.8202 -19.865
 -22.7875 -20.1342
 -22.7948 -20.3223
 -22.8279 -20.3788
 -22.8668 -20.4859
 -22.8811 -20.5821
 -22.9273 -20.6428
 -22.9652 -20.7463
 -23.0005 -20.8493
 -23.0265 -20.927
 -23.114 -20.9888
 -23.1765 -21.0759
 -23.1185 -21.124
 -23.0884 -21.1617
 -23.0621 -21.2203
 -22.9832 -21.2373
 -22.9263 -21.2396
 -22.9071 -21.2316
 -22.8915 -21.2178
 -22.8651 -21.2156
 -22.8288 -21.2085
 -22.8243 -21.2229
 -22.8285 -21.2633
 -22.8132 -21.3134
 -22.8078 -21.3523
 -22.7945 -21.3792
 -22.7574 -21.3909
 -22.7094 -21.4099
 -22.6669 -21.4692
 -22.6204 -21.5179
 -22.5831 -21.5358
 -22.4972 -21.5136
 -22.3914 -21.4618
 -22.3084 -21.434
 -22.2253 -21.4792
 -22.1115 -21.5788
 -22.0293 -21.6618
 -22.0551 -21.7703
 -22.1033 -21.8598
 -22.1179 -21.9301
 -22.1033 -21.992
 -22.1023 -21.9938
174 112 7
 -30.9902 -4.1131
 -32.2982 -4.1943
 -33.1864 -3.5762
 -33.5845 -3.5082
 -34.3149 -3.34525
 -35.2601 -3.0991
 -35.4957 -3.0093
175 25 3
 -15.4581 16.7854
 -15.3797 17.5392
 -15.3853 17.6124
175 85 5
 -15.4581 16.7854
 -15.9576 15.8788
 -16.3891 15.2574
 -16.4094 14.843
 -16.4136 14.8238
176 139 30
 -24.8701 33.5823
 -23.139 33.4892
 -22.0478 33.7331
 -21.321 33.9748
 -20.6894 33.9886
 -19.7364 34.0835
 -18.3498 34.513
 -16.4264 34.4062
 -14.6823 34.0272
 -13.6142 34.0121
 -12.9407 33.8881
 -12.4142 34.9146
 -12.0239 35.9526
 -11.3598 36.243
 -10.8169 37.2306
 -10.6467 37.9048
 -10.7323 37.1402
 -10.5957 36.2032
 -10.009 35.5378
 -9.47265 35.005
 -9.2297 34.8183
 -9.0708 34.7198
 -8.6244 34.2767
 -8.2539 33.5954
 -8.3859 33.3828
 -7.84975 33.5
 -7.37115 33.5966
 -7.3016 33.6007
 -7.30635 33.7146
 -7.3185 33.7856
176 123 10
 -24.8701 33.5823
 -26.4912 33.7151
 -26.7579 33.2331
 -27.3814 32.2289
 -28.0257 30.6809
 -28.0826 31.7045
 -28.8151 32.1243
 -29.7933 32.6417
 -30.0227 32.6945
 -30.0041 32.6468
177 8 17
 -9.09135 32.9501
 -9.60975 31.8944
 -9.6425 31.31
 -10.1557 31.2393
 -10.7052 31.347
 -10.8804 31.2721
 -10.9373 30.6938
 -10.9995 30.3188
 -11.0716 30.2572
 -11.2262 30.2564
 -11.4289 30.1753
 -11.3923 30.0245
 -11.4032 29.4958
 -11.557 29.0051
 -11.6739 28.9781
 -11.7543 29.02
 -11.7618 29.0434
177 139 8
 -9.09135 32.9501
 -8.51245 33.399
 -8.3859 33.3828
 -7.84975 33.5
 -7.37115 33.5966
 -7.3016 33.6007
 -7.30635 33.7146
 -7.3185 33.7856
178 115 12
 19.7554 32.8256
 20.5361 33.8783
 20.7128 34.652
 21.4153 34.9839
 22.3766 35.3732
 23.1546 35.1199
 23.4464 34.472
 24.2247 34.6824
 25.549 35.2339
 26.4389 35.5324
 27.0068 35.2826
 27.1512 35.3535
178 109 8
 19.7554 32.8256
 18.1801 32.2631
 16.9591 32.0048
 16.0357 31.9712
 15.23 31.7044
 14.674 31.4595
 14.5448 31.541
 14.5321 31.6003
179 59 26
 16.112 25.9342
 16.278 25.4362
 16.2244 25.277
 16.8184 25.3244
 17.7026 25.1807
 18.2453 24.6618
 18.7524 24.3216
 19.1676 24.5844
 19.3763 25.0055
 19.5736 24.8616
 19.7978 24.613
 20.28 24.667
 20.7684 24.5819
 20.7571 24.8934
 20.869 25.2034
 20.9278 25.3496
 21.0046 25.4093
 21.3115 25.4534
 21.6574 25.4333
 21.8482 25.3699
 22.5163 25.3089
 23.1301 25.4023
 23.1869 25.5304
 23.2018 25.5708
 23.2111 25.6142
 23.2134 25.6201
179 14 4
 16.112 25.9342
 15.6887 26.8053
 15.4918 27.3261
 15.4872 27.3348
180 138 16
 16.8981 -0.5357
 17.6133 0.0014
 18.4865 0.12755
 18.9032 0.50935
 19.3416 0.81205
 19.611 1.0967
 20.2236 1.12145
 20.7323 0.834
 21.0076 0.7832
 21.4412 0.66575
 21.851 0.71605
 22.9517 0.8794
 23.8213 0.8368
 23.944 1.03925
 24.0599 1.19
 24.094 1.2146
180 126 5
 16.8981 -0.5357
 16.2678 -1.4235
 15.5826 -1.691
 15.5051 -1.67705
 15.4891 -1.6556
181 77 14
 24.2676 -5.8023
 24.5008 -6.33615
 24.8223 -7.01715
 25.2864 -7.71875
 25.6606 -8.09085
 25.7906 -8.42225
 25.2702 -8.76875
 24.3539 -8.87655
 23.5219 -9.0218
 23.1184 -9.2436
 23.4837 -10.1039
 24.1249 -11.0112
 24.3953 -11.0828
 24.3879 -11.093
181 73 4
 24.2676 -5.8023
 23.8832 -4.8654
 23.6922 -4.1703
 23.7234 -4.0749
182 10 16
 39.1221 1.0336
 37.7985 1.37575
 36.8119 1.66515
 35.6067 1.2915
 34.9669 1.31015
 35.0207 2.4667
 35.3583 3.25405
 35.1423 3.2437
 34.1029 3.48635
 32.7425 3.23815
 31.9929 2.19455
 31.5979 1.11575
 31.1932 0.49435
 30.9334 0.3576
 30.837 0.4223
 30.7478 0.4867
182 67 6
 39.1221 1.0336
 40.6301 0.3751
 41.3169 -0.0022
 41.8991 -0.03325
 42.1551 -0.29985
 42.1642 -0.3359
183 138 12
 29.2613 -0.27745
 27.913 -0.95995
 27.5819 -0.86035
 26.9356 -0.6743
 26.3765 -0.58105
 26.3665 -0.4929
 26.39 -0.17155
 25.541 0.48675
 24.6126 0.96885
 24.2759 1.0455
 24.0674 1.17505
 24.094 1.2146
183 10 3
 29.2613 -0.27745
 30.5847 0.48445
 30.7478 0.4867
184 80 16
 42.1381 -11.5135
 41.69 -12.4073
 41.3598 -12.4973
 41.2708 -12.6697
 41.0481 -13.257
 40.9659 -13.718
 41.0901 -13.8176
 41.0871 -13.9981
 41.0293 -14.1707
 40.9716 -14.1941
 40.8693 -14.235
 40.7593 -14.2463
 40.6387 -14.3302
 40.3868 -14.6588
 40.2351 -14.9304
 40.2618 -15.0076
184 4 14
 42.1381 -11.5135
 42.3319 -10.3742
 42.3296 -9.84625
 42.5598 -9.52195
 43.125 -9.30385
 43.4823 -9.28425
 43.5812 -9.39175
 43.6518 -9.42785
 43.8208 -9.45955
 43.9535 -9.4055
 43.965 -9.24065
 44.0498 -8.97085
 44.1227 -8.76065
 44.1225 -8.7478
185 59 11
 23.1868 23.1306
 22.6816 23.6772
 22.5287 24.1822
 22.8465 24.6097
 23.1096 24.9072
 23.1081 25.174
 23.1301 25.4023
 23.1869 25.5304
 23.2018 25.5708
 23.2111 25.6142
 23.2134 25.6201
185 34 23
 23.1868 23.1306
 23.5172 22.7187
 23.7698 22.4747
 23.9705 22.1835
 23.8022 21.8791
 23.4304 21.6964
 23.235 21.5929
 23.2519 21.3997
 23.251 21.3048
 23.1877 21.282
 23.1063 21.2695
 23.029 21.2238
 22.9685 21.2022
 22.9361 21.2572
 22.8745 21.2815
 22.7456 21.3153
 22.5763 21.3286
 22.4777 21.3669
 22.367 21.3465
 22.2884 21.1698
 22.3293 21.0462
 22.3748 20.9965
 22.3998 20.9727
186 18 43
 31.7531 22.7357
 32.0215 23.8647
 31.8573 24.2409
 32.583 24.7453
 33.898 25.2808
 34.6257 25.337
 35.0892 25.7963
 35.7575 26.0769
 36.7504 26.5226
 37.5977 27.3298
 37.6791 27.7992
 37.5915 28.1915
 38.4365 28.9818
 39.5583 29.5391
 40.5183 29.9886
 41.2086 31.1498
 41.4488 31.9049
 42.2924 32.0642
 43.4906 31.9695
 44.3192 32.0248
 44.6418 32.3294
 44.6508 32.6358
 44.6833 33.3493
 44.7533 33.7786
 44.6882 33.8346
 44.824 33.8734
 45.0175 33.8066
 45.3993 33.5259
 45.773 33.2782
 45.8488 33.2413
 46.0061 33.2805
 46.115 33.417
 46.1719 33.5835
 46.3246 33.7057
 46.5289 33.7286
 46.7252 33.659
 46.8222 33.6012
 46.8873 33.5696
 46.9794 33.4921
 47.0432 33.4651
 47.1553 33.5196
 47.285 33.5406
 47.2973 33.5242
186 54 11
 31.7531 22.7357
 31.3466 21.7473
 31.1133 21.4888
 30.9324 21.2427
 30.7973 20.9068
 30.3499 20.629
 29.8592 20.6499
 29.2544 20.2322
 28.7485 19.6208
 28.6826 19.4745
 28.7058 19.4548
187 75 12
 44.142 35.1268
 43.4566 35.3613
 43.0656 35.7628
 42.8948 36.076
 42.7985 35.8222
 42.5906 35.6877
 42.5024 35.7568
 42.4156 35.6863
 42.2029 35.3848
 42.5078 35.0842
 42.9473 34.9515
 42.9466 34.938
187 18 22
 44.142 35.1268
 44.777 34.923
 44.9563 34.5527
 44.9411 34.0982
 44.824 33.8734
 45.0175 33.8066
 45.3993 33.5259
 45.773 33.2782
 45.8488 33.2413
 46.0061 33.2805
 46.115 33.417
 46.1719 33.5835
 46.3246 33.7057
 46.5289 33.7286
 46.7252 33.659
 46.8222 33.6012
 46.8873 33.5696
 46.9794 33.4921
 47.0432 33.4651
 47.1553 33.5196
 47.285 33.5406
 47.2973 33.5242
188 120 3
 55.5318 46.3955
 52.4829 49.4813
 52.0906 50.3218
188 45 4
 55.5318 46.3955
 58.219 44.0965
 58.3461 44.0601
 58.4425 44.0775
189 124 14
 55.5449 33.6739
 55.8663 32.7048
 55.8941 32.2694
 55.8383 31.3127
 55.8087 30.2757
 55.892 29.9717
 55.7941 29.8072
 55.7549 29.468
 55.9266 28.8583
 55.7643 28.4472
 54.9104 28.3964
 54.1869 28.3682
 53.9235 28.4015
 53.7703 28.4
189 23 12
 55.5449 33.6739
 55.296 34.4591
 55.5875 35.2115
 55.7486 36.2027
 55.6636 36.54
 55.5438 36.7367
 55.4954 37.1405
 55.5102 37.7351
 55.505 38.1882
 55.4657 38.367
 55.3594 38.4622
 55.3218 38.5034
190 140 27
 50.5224 27.0829
 49.437 26.3542
 49.1669 26.0259
 48.9173 25.6418
 48.3675 24.8533
 47.8252 23.8408
 47.6429 23.2243
 47.6647 22.7633
 47.7759 22.3216
 48.2226 21.9328
 48.5146 21.3499
 48.2659 20.7015
 48.1966 20.2834
 48.4909 20.1782
 48.7182 20.1098
 48.7783 20.0001
 48.8718 19.7864
 48.9526 19.6339
 48.9706 19.6012
 48.9271 19.5268
 48.9188 19.4357
 48.9557 19.3097
 49.0071 19.1799
 49.0834 19.0759
 49.1383 19.0505
 49.1924 19.0964
 49.2085 19.1057
190 37 3
 50.5224 27.0829
 51.4308 27.6249
 51.4558 27.6451
191 128 19
 47.9842 7.76655
 48.5007 8.4474
 48.6238 8.9895
 49.1777 9.54895
 48.9412 10.3528
 48.9811 11.1231
 49.2559 11.7611
 50.2806 11.5696
 51.1857 12.077
 52.4037 11.9943
 53.4077 11.6911
 53.4469 11.8795
 53.5156 12.4094
 52.7893 13.0837
 52.074 14.0359
 51.9272 14.7723
 51.7161 14.9647
 51.6863 15.1148
 51.6892 15.1374
191 13 24
 47.9842 7.76655
 46.756 6.6551
 46.18 5.99755
 46.1863 5.9646
 45.4048 6.4602
 44.0366 7.21945
 42.8268 7.45185
 42.1813 7.31825
 42.6538 7.599
 43.0023 8.19965
 42.3029 8.96805
 41.1593 9.45535
 40.0084 9.4545
 39.1926 9.51515
 38.8345 9.7617
 37.9995 9.98055
 37.0934 10.0406
 36.1625 9.7075
 35.3989 9.33935
 35.151 9.24965
 34.897 9.1955
 34.7491 9.1483
 34.6691 9.1247
 34.6404 9.1042
192 3 8
 51.5488 1.75115
 52.0275 2.0886
 52.3896 1.8348
 53.0983 1.50865
 53.6297 1.20615
 54.0005 0.71205
 54.1671 0.2738
 54.2189 0.2388
192 103 3
 51.5488 1.75115
 51.119 1.49
 51.097 1.427
193 4 26
 46.2751 -2.48435
 46.6842 -2.7265
 46.665 -3.09045
 46.7413 -3.41255
 46.5637 -3.8226
 46.2396 -4.1916
 46.0308 -4.37335
 45.8998 -4.6719
 45.4222 -4.89755
 44.8091 -5.0181
 44.5275 -5.2351
 44.3324 -5.5795
 44.4504 -6.0598
 44.6347 -6.4244
 44.4824 -6.6571
 44.2291 -7.13725
 44.1351 -7.64115
 44.2548 -7.8351
 44.4124 -7.9355
 44.1133 -7.99645
 43.8287 -8.0994
 43.7613 -8.1266
 43.8354 -8.25265
 44.0732 -8.5011
 44.1752 -8.6925
 44.1225 -8.7478
193 35 10
 46.2751 -2.48435
 45.9042 -2.10165
 46.0076 -1.7213
 45.875 -1.33015
 45.379 -1.1014
 44.9796 -1.2114
 44.8091 -1.5214
 44.6832 -2.0997
 44.6807 -2.36545
 44.6629 -2.3694
194 71 14
 70.0658 -10.7682
 69.666 -11.1939
 69.3932 -11.2774
 69.0292 -11.8335
 68.5777 -12.4218
 68.3514 -12.4377
 68.1913 -12.4329
 68.0483 -12.4403
 67.9199 -12.3038
 67.5843 -12.0765
 66.9865 -12.1421
 66.6466 -12.2593
 66.5182 -12.2032
 66.4634 -12.2158
194 61 6
 70.0658 -10.7682
 70.2709 -10.067
 70.3446 -9.70055
 70.2775 -9.70425
 70.1256 -9.75925
 70.034 -9.7777
195 62 6
 58.0629 -32.8738
 59.1978 -33.3288
 60.3933 -33.6115
 60.7833 -33.809
 60.8415 -33.882
 60.884 -33.8752
195 0 4
 58.0629 -32.8738
 57.6021 -32.7716
 57.4533 -32.9662
 57.4514 -32.973
196 31 4
 61.1102 -22.1857
 60.8857 -23.4331
 60.6074 -23.8685
 60.6051 -23.9393
196 64 3
 61.1102 -22.1857
 61.0462 -21.2395
 61.0333 -21.1761
197 71 32
 58.5272 -14.2445
 58.9607 -13.4653
 59.2589 -13.0968
 59.5125 -12.9193
 59.7343 -12.8009
 59.8232 -12.7906
 59.9294 -12.7922
 60.0542 -12.7994
 60.4275 -12.5432
 61.3868 -12.7015
 62.1134 -13.1049
 62.4114 -12.9136
 62.8099 -13.6578
 63.566 -14.051
 63.6882 -13.8004
 63.919 -13.6285
 64.3568 -13.407
 64.7502 -13.1202
 64.9493 -12.8904
 65.0494 -12.8926
 65.1714 -12.9711
 65.3156 -12.9543
 65.4268 -12.8827
 65.6848 -12.7441
 65.997 -12.6209
 66.1131 -12.4923
 66.1402 -12.3182
 66.1349 -12.2046
 66.2742 -12.2005
 66.4256 -12.2425
 66.4602 -12.2352
 66.4634 -12.2158
197 125 14
 58.5272 -14.2445
 58.3069 -14.8582
 58.2762 -15.1729
 57.527 -15.5737
 56.568 -16.075
 56.3507 -16.9344
 56.5382 -17.7642
 56.9042 -18.4795
 56.9902 -19.0911
 57.1077 -18.9033
 57.8863 -18.6092
 58.769 -18.2544
 58.9274 -18.1407
 58.948 -18.1311
198 136 14
 47.4201 -13.1896
 47.498 -14.8071
 47.6563 -15.3501
 47.7747 -15.4147
 47.5985 -15.4487
 47.3731 -15.6548
 47.3694 -15.8972
 47.3582 -15.9122
 47.0113 -16.2917
 46.8255 -17.0971
 46.9865 -17.5961
 47.0167 -17.7623
 47.0189 -17.8458
 47.0292 -17.8472
198 127 5
 47.4201 -13.1896
 47.399 -11.9167
 47.4093 -11.6578
 47.4134 -11.5389
 47.406 -11.501
199 27 5
 38.1272 -51.0797
 37.7939 -49.9381
 37.7083 -49.8111
 37.6332 -49.7453
 37.5813 -49.7335
199 44 5
 38.1272 -51.0797
 38.9882 -52.2846
 39.5427 -52.615
 39.4905 -52.806
 39.4741 -52.8031
200 33 22
 27.0201 -39.9777
 27.6915 -40.4587
 27.7812 -40.5555
 27.7668 -40.823
 28.0434 -41.3626
 28.2818 -41.7514
 28.3797 -42.3316
 28.6543 -43.0407
 28.8757 -43.2994
 29.1315 -43.357
 29.4273 -43.3403
 30.3669 -43.8032
 30.9828 -44.551
 30.6884 -44.9695
 30.566 -45.1898
 30.3445 -45.688
 30.0741 -46.3382
 30.4697 -46.9462
 30.9205 -47.4278
 30.8847 -47.5899
 30.841 -47.715
 30.8209 -47.7388
200 135 6
 27.0201 -39.9777
 26.4289 -39.5914
 26.3754 -39.4517
 26.2441 -39.3034
 26.1093 -39.2776
 26.0659 -39.2537
201 143 25
 55.785 -40.2603
 54.4813 -39.9723
 53.6274 -39.7329
 53.7158 -38.7821
 53.748 -38.0684
 54.0019 -37.8258
 53.6444 -37.069
 53.0177 -36.4981
 52.6829 -35.4393
 52.4114 -34.3889
 52.2876 -34.1827
 52.273 -33.9373
 52.3722 -33.7732
 52.4383 -33.618
 52.4352 -33.4511
 52.3337 -33.4003
 51.7572 -33.0251
 50.9557 -32.6096
 50.3362 -32.4403
 49.8956 -32.161
 49.7992 -32.0056
 49.8274 -31.8304
 49.9027 -31.6473
 49.9653 -31.5604
 49.9684 -31.5328
201 88 13
 55.785 -40.2603
 56.9837 -39.4433
 57.805 -38.0982
 57.8386 -37.7991
 58.0643 -37.8741
 58.5124 -37.8471
 59.538 -37.7398
 60.2285 -37.8079
 59.9099 -38.8836
 59.8077 -40.0788
 60.0656 -40.4534
 60.2102 -40.7814
 60.3059 -40.8617
202 24 7
 50.8459 -37.7371
 49.7115 -38.5014
 49.5355 -39.2416
 49.5793 -39.4606
 49.611 -39.5917
 49.6402 -39.7432
 49.6306 -39.7662
202 143 21
 50.8459 -37.7371
 52.4373 -37.021
 53.6444 -37.069
 53.0177 -36.4981
 52.6829 -35.4393
 52.4114 -34.3889
 52.2876 -34.1827
 52.273 -33.9373
 52.3722 -33.7732
 52.4383 -33.618
 52.4352 -33.4511
 52.3337 -33.4003
 51.7572 -33.0251
 50.9557 -32.6096
 50.3362 -32.4403
 49.8956 -32.161
 49.7992 -32.0056
 49.8274 -31.8304
 49.9027 -31.6473
 49.9653 -31.5604
 49.9684 -31.5328
203 84 10
 3.2604 -42.079
 4.4887 -41.0786
 5.0284 -40.7571
 5.4083 -40.5956
 5.64825 -40.3563
 5.7905 -40.1202
 6.40105 -39.8242
 7.12265 -40.0595
 7.5643 -40.3272
 7.7323 -40.2598
203 133 13
 3.2604 -42.079
 2.0491 -43.2757
 1.127 -44.2424
 -0.18785 -45.1426
 -1.50965 -45.8658
 -2.0704 -46.234
 -2.60365 -46.9254
 -3.22925 -47.5996
 -3.33205 -47.7896
 -3.0037 -47.9739
 -2.6181 -48.125
 -2.526 -48.222
 -2.5155 -48.2795
204 56 7
 21.159 -52.9428
 21.1655 -54.7798
 20.9588 -55.0131
 21.1239 -54.9846
 21.5243 -55.1796
 21.9065 -55.4142
 21.9307 -55.4487
204 52 4
 21.159 -52.9428
 21.4867 -51.06
 21.9819 -50.8673
 22.0587 -50.9302
205 4 15
 48.4668 -7.7369
 47.2299 -7.57255
 46.3078 -7.6549
 45.7799 -7.51645
 45.2507 -7.4975
 44.9049 -7.7738
 44.5873 -7.93865
 44.4124 -7.9355
 44.1133 -7.99645
 43.8287 -8.0994
 43.7613 -8.1266
 43.8354 -8.25265
 44.0732 -8.5011
 44.1752 -8.6925
 44.1225 -8.7478
205 70 6
 48.4668 -7.7369
 49.3348 -7.60275
 49.8543 -7.49085
 50.1969 -7.81415
 50.5049 -7.9324
 50.5657 -7.979
206 124 14
 57.2498 32.5523
 56.306 32.7462
 55.8941 32.2694
 55.8383 31.3127
 55.8087 30.2757
 55.892 29.9717
 55.7941 29.8072
 55.7549 29.468
 55.9266 28.8583
 55.7643 28.4472
 54.9104 28.3964
 54.1869 28.3682
 53.9235 28.4015
 53.7703 28.4
206 38 4
 57.2498 32.5523
 58.0078 32.3436
 58.2745 32.6382
 58.2928 32.6829
207 92 9
 61.9691 -41.0138
 62.7125 -41.6608
 63.2266 -41.7793
 63.224 -42.6072
 62.7409 -43.3927
 61.6574 -43.749
 60.4394 -43.9177
 60.1503 -43.8186
 60.1545 -43.7603
207 88 4
 61.9691 -41.0138
 60.873 -40.4956
 60.3169 -40.7784
 60.3059 -40.8617
208 117 34
 -4.37515 -42.3405
 -4.72625 -41.4945
 -6.17045 -41.5653
 -7.17595 -41.2804
 -7.2685 -40.3988
 -7.03515 -39.3404
 -7.20145 -38.664
 -7.56415 -38.1505
 -7.80335 -37.8063
 -8.0482 -37.3955
 -9.27335 -36.9926
 -10.6315 -36.8595
 -11.0182 -36.4034
 -11.3657 -35.9473
 -10.6429 -35.3698
 -10.2239 -33.9004
 -10.4067 -32.5342
 -9.6436 -29.8383
 -8.7338 -27.244
 -8.43895 -26.7438
 -8.94235 -26.9149
 -9.68915 -27.0299
 -10.5402 -26.6868
 -11.0679 -26.5672
 -11.3812 -27.1844
 -11.9103 -27.6807
 -12.3256 -28.1767
 -12.5819 -28.5043
 -12.9002 -28.514
 -13.022 -28.4477
 -13.0499 -28.5219
 -12.893 -28.6757
 -12.7092 -28.7652
 -12.705 -28.7813
208 133 14
 -4.37515 -42.3405
 -5.28485 -43.9018
 -5.86365 -44.3925
 -4.57595 -44.632
 -3.01875 -45.1558
 -2.3846 -45.7729
 -2.0704 -46.234
 -2.60365 -46.9254
 -3.22925 -47.5996
 -3.33205 -47.7896
 -3.0037 -47.9739
 -2.6181 -48.125
 -2.526 -48.222
 -2.5155 -48.2795
209 66 68
 -14.7545 -28.2378
 -15.5511 -27.5831
 -15.6129 -26.5071
 -15.8677 -26.1922
 -16.2863 -26.5494
 -16.5199 -26.8849
 -16.6384 -26.6145
 -16.7855 -26.3494
 -16.7178 -26.339
 -16.9454 -26.0756
 -17.258 -25.7519
 -17.6579 -24.9627
 -18.3781 -24.2256
 -18.7464 -24.0562
 -18.9161 -23.7415
 -19.3608 -23.4466
 -19.6414 -23.4831
 -19.6504 -23.2411
 -20.0203 -22.8628
 -20.3857 -22.5318
 -20.5177 -22.4002
 -20.9372 -22.0602
 -21.1973 -21.7082
 -21.2278 -21.4172
 -21.3253 -21.2356
 -21.3793 -21.1154
 -21.4256 -20.9495
 -21.4052 -20.8531
 -21.3836 -20.7684
 -21.4069 -20.7293
 -21.4377 -20.7235
 -21.4661 -20.6899
 -21.5296 -20.6916
 -21.7257 -20.8336
 -21.9442 -21.0202
 -22.0136 -21.0958
 -22.0936 -21.0377
 -22.1912 -20.9926
 -22.191 -21.0364
 -22.3138 -21.1141
 -22.5214 -21.1635
 -22.6051 -21.1649
 -22.6493 -21.1509
 -22.696 -21.1474
 -22.7593 -21.1758
 -22.8084 -21.1989
 -22.8288 -21.2085
 -22.8243 -21.2229
 -22.8285 -21.2633
 -22.8132 -21.3134
 -22.8078 -21.3523
 -22.7945 -21.3792
 -22.7574 -21.3909
 -22.7094 -21.4099
 -22.6669 -21.4692
 -22.6204 -21.5179
 -22.5831 -21.5358
 -22.4972 -21.5136
 -22.3914 -21.4618
 -22.3084 -21.434
 -22.2253 -21.4792
 -22.1115 -21.5788
 -22.0293 -21.6618
 -22.0551 -21.7703
 -22.1033 -21.8598
 -22.1179 -21.9301
 -22.1033 -21.992
 -22.1023 -21.9938
209 117 7
 -14.7545 -28.2378
 -13.625 -28.3806
 -13.1542 -28.5296
 -13.0499 -28.5219
 -12.893 -28.6757
 -12.7092 -28.7652
 -12.705 -28.7813
210 77 26
 18.9446 -22.5595
 19.9505 -22.3755
 20.8522 -22.2045
 21.902 -22.6054
 22.0424 -22.1391
 22.2077 -21.0735
 22.506 -20.3395
 22.9298 -19.3657
 23.5292 -18.5777
 23.2799 -17.7975
 22.7129 -17.0573
 22.5372 -16.8334
 22.8735 -15.7372
 22.5335 -14.6303
 21.7847 -14.5877
 21.5606 -14.7014
 21.5516 -14.6443
 21.749 -14.0807
 21.981 -13.4896
 22.236 -13.3095
 22.6939 -12.6525
 23.3411 -11.4976
 23.7316 -11.0213
 24.1299 -11.0728
 24.3739 -11.099
 24.3879 -11.093
210 122 5
 18.9446 -22.5595
 17.3702 -22.8096
 16.681 -23.1871
 16.6241 -23.2396
 16.5739 -23.2852
211 123 14
 -26.5947 26.2423
 -25.4729 27.2761
 -25.5327 27.6264
 -26.3455 28.3615
 -26.7743 29.162
 -27.5849 29.4664
 -28.2639 29.4343
 -28.2285 29.5196
 -28.0257 30.6809
 -28.0826 31.7045
 -28.8151 32.1243
 -29.7933 32.6417
 -30.0227 32.6945
 -30.0041 32.6468
211 108 4
 -26.5947 26.2423
 -27.6798 25.1624
 -28.3621 24.9484
 -28.4032 24.9146
212 141 9
 5.65695 32.433
 5.17845 31.8256
 4.84095 31.5234
 4.70845 32.0177
 4.2852 32.3515
 4.26315 32.5007
 4.3717 33.1972
 4.51375 33.8135
 4.5591 33.8577
212 22 6
 5.65695 32.433
 6.3919 32.775
 6.74035 32.5097
 6.75995 32.336
 6.74385 32.2537
 6.7195 32.2282
213 22 8
 8.52835 34.6211
 8.5705 33.673
 8.1373 33.2553
 7.4432 32.9476
 7.18115 32.6245
 6.9156 32.4319
 6.74385 32.2537
 6.7195 32.2282
213 79 5
 8.52835 34.6211
 8.76755 35.469
 8.95455 35.9311
 8.9954 36.1246
 9.0136 36.1492
214 39 20
 9.35825 28.8944
 9.61145 28.3862
 9.89815 28.008
 9.95905 27.8099
 9.95625 27.3853
 9.7943 27.0621
 9.65725 27.0446
 9.5447 27.0656
 9.6113 26.9541
 9.5766 26.817
 9.5724 26.7183
 9.6111 26.6757
 9.68595 26.6673
 9.77175 26.6511
 9.7903 26.6123
 9.76805 26.5583
 9.75545 26.5014
 9.65705 26.4681
 9.5575 26.4879
 9.5466 26.505
214 30 11
 9.35825 28.8944
 9.4751 29.6719
 9.5591 30.247
 9.40685 30.3551
 9.2573 30.4746
 9.42325 30.3868
 9.7712 30.6553
 9.9252 31.2091
 9.9128 31.4482
 9.9294 31.5565
 9.9387 31.5979
215 39 24
 13.6104 26.7525
 13.3284 26.1077
 12.892 25.5098
 12.6165 25.4235
 12.4242 25.5583
 12.5227 25.6415
 12.3179 26.006
 12.0742 26.2092
 11.716 26.2323
 11.2542 26.2584
 10.8885 26.3048
 10.4209 26.2494
 10.1118 26.1996
 9.95695 26.225
 9.80295 26.1857
 9.7032 26.179
 9.66075 26.2109
 9.63755 26.2508
 9.61935 26.2917
 9.59065 26.3334
 9.54285 26.3668
 9.53245 26.424
 9.5454 26.4945
 9.5466 26.505
215 14 8
 13.6104 26.7525
 13.9163 27.1566
 14.4109 27.3997
 14.7667 27.3028
 14.9413 27.2277
 15.0532 27.2778
 15.3094 27.3154
 15.4872 27.3348
216 140 13
 50.0793 15.2167
 49.1676 15.2313
 48.8153 15.1368
 48.793 15.7401
 49.1205 16.2239
 49.4065 16.3566
 49.5608 16.9943
 49.6908 18.0183
 49.4547 18.7292
 49.13 18.9736
 49.1383 19.0505
 49.1924 19.0964
 49.2085 19.1057
216 128 4
 50.0793 15.2167
 51.2346 15.034
 51.6863 15.1148
 51.6892 15.1374
217 138 9
 26.7547 3.62275
 25.4404 2.8478
 25.0581 2.78055
 25.0149 2.65605
 24.8453 2.2722
 24.6046 1.8756
 24.3078 1.4798
 24.1019 1.22115
 24.094 1.2146
217 93 8
 26.7547 3.62275
 27.4576 4.5467
 27.7865 5.10865
 28.5139 5.45505
 28.8343 5.76135
 29.6225 6.6114
 30.3827 7.31
 30.5207 7.4577
218 76 18
 54.038 36.7915
 53.3498 36.1787
 52.5294 36.4473
 51.4038 36.5494
 50.7794 36.6177
 50.3678 36.7652
 50.288 36.9832
 50.2486 36.9961
 50.0767 36.8744
 49.9693 36.8713
 49.9308 36.915
 49.9464 36.8713
 49.9083 36.8289
 49.8734 36.818
 49.8268 36.8309
 49.6991 36.8039
 49.596 36.7712
 49.5772 36.7656
218 23 5
 54.038 36.7915
 55.002 37.7096
 55.2791 38.301
 55.3156 38.449
 55.3218 38.5034
219 124 4
 52.9223 28.0715
 53.6815 28.2986
 53.7511 28.4018
 53.7703 28.4
219 37 3
 52.9223 28.0715
 51.8346 27.7972
 51.4558 27.6451
220 51 6
 65.8947 -10.0367
 66.2321 -9.82325
 66.3322 -9.7632
 66.4689 -9.27435
 66.626 -8.77445
 66.6549 -8.7528
220 71 11
 65.8947 -10.0367
 65.3662 -10.6895
 65.1198 -11.2491
 65.532 -11.2812
 65.8347 -11.5597
 65.9133 -11.9833
 66.1096 -12.1302
 66.2742 -12.2005
 66.4256 -12.2425
 66.4602 -12.2352
 66.4634 -12.2158
221 31 17
 69.2523 -23.2528
 67.6089 -23.8785
 66.4122 -24.5096
 65.1658 -24.2563
 64.4633 -23.5549
 64.2369 -22.9179
 63.9393 -23.6559
 63.5066 -24.2766
 63.0766 -23.9185
 62.6544 -23.9953
 62.4937 -24.3848
 62.1071 -24.4954
 61.2816 -24.3552
 60.7717 -24.1218
 60.6498 -24.0419
 60.5897 -23.955
 60.6051 -23.9393
221 97 3
 69.2523 -23.2528
 70.5313 -23.3775
 70.5847 -23.3539
222 143 20
 56.5896 -33.5088
 54.7705 -34.3498
 53.5538 -34.7711
 52.9839 -34.5885
 52.4114 -34.3889
 52.2876 -34.1827
 52.273 -33.9373
 52.3722 -33.7732
 52.4383 -33.618
 52.4352 -33.4511
 52.3337 -33.4003
 51.7572 -33.0251
 50.9557 -32.6096
 50.3362 -32.4403
 49.8956 -32.161
 49.7992 -32.0056
 49.8274 -31.8304
 49.9027 -31.6473
 49.9653 -31.5604
 49.9684 -31.5328
222 0 3
 56.5896 -33.5088
 57.3405 -33.0421
 57.4514 -32.973
223 32 17
 41.1998 -21.4566
 41.4849 -22.4937
 42.4728 -23.3383
 43.45 -23.8551
 43.5262 -23.8307
 43.4095 -23.191
 43.4906 -22.4592
 43.6371 -21.8979
 43.324 -21.1662
 43.8648 -21.3689
 44.6722 -21.2469
 45.3629 -21.1135
 45.5412 -21.7719
 45.8993 -22.852
 46.1295 -22.0599
 46.4108 -21.7929
 46.4352 -21.8122
223 80 15
 41.1998 -21.4566
 40.9282 -20.7353
 40.9345 -19.7799
 41.1555 -18.6472
 41.1797 -18.3211
 41.1163 -18.1248
 41.2043 -17.9749
 41.2619 -17.7878
 41.3537 -17.5716
 41.3481 -16.9951
 41.047 -16.4062
 40.8158 -15.861
 40.6084 -15.2636
 40.338 -15.0379
 40.2618 -15.0076
224 32 19
 43.746 -26.6923
 44.1082 -26.1564
 44.342 -25.6026
 44.0096 -24.7954
 43.5788 -24.2581
 43.628 -23.968
 43.5262 -23.8307
 43.4095 -23.191
 43.4906 -22.4592
 43.6371 -21.8979
 43.324 -21.1662
 43.8648 -21.3689
 44.6722 -21.2469
 45.3629 -21.1135
 45.5412 -21.7719
 45.8993 -22.852
 46.1295 -22.0599
 46.4108 -21.7929
 46.4352 -21.8122
224 74 12
 43.746 -26.6923
 43.4211 -28.1004
 43.4426 -29.1552
 43.369 -29.2994
 43.1993 -29.4757
 43.2746 -30.2121
 43.2062 -31.0073
 42.583 -31.0476
 42.0919 -31.336
 42.1369 -31.8675
 42.3572 -31.9915
 42.4028 -31.9872
225 104 18
 45.9044 -24.1799
 46.8369 -24.611
 47.3595 -25.0204
 47.3937 -25.013
 47.5337 -24.957
 48.2326 -24.7929
 48.9198 -24.7138
 49.2042 -24.9575
 49.9068 -25.2736
 50.5009 -25.4151
 50.2546 -25.9953
 50.0792 -26.5727
 49.8503 -27.3715
 50.0591 -28.6352
 50.4332 -29.2662
 50.6671 -29.6572
 51.0256 -29.8625
 51.0931 -29.831
225 32 6
 45.9044 -24.1799
 45.7082 -23.7341
 45.8993 -22.852
 46.1295 -22.0599
 46.4108 -21.7929
 46.4352 -21.8122
226 55 34
 27.3838 -38.1675
 27.9944 -36.8946
 28.2194 -36.1178
 28.7361 -35.4438
 29.8573 -35.0763
 30.6339 -35.3091
 31.1343 -34.9206
 31.7229 -34.212
 31.5851 -33.307
 30.8297 -32.3921
 30.7127 -31.4646
 31.3154 -29.9214
 31.4594 -28.4849
 31.4585 -26.7588
 30.7297 -25.243
 30.608 -24.9102
 31.3218 -24.5035
 31.5855 -23.8385
 31.5254 -22.8819
 32.1121 -22.0577
 33.4551 -21.209
 33.3613 -19.3573
 32.7985 -18.1828
 33.7422 -17.736
 34.6842 -17.2909
 34.9956 -17.024
 35.3976 -16.8601
 35.5684 -16.9595
 36.0858 -16.9515
 36.6315 -16.933
 36.8957 -16.7964
 37.1997 -16.5581
 37.3834 -16.451
 37.4356 -16.4581
226 135 5
 27.3838 -38.1675
 26.5641 -38.9948
 26.2243 -39.2717
 26.1093 -39.2776
 26.0659 -39.2537
227 33 9
 32.5432 -49.3079
 32.1101 -48.455
 31.6406 -48.137
 31.3293 -47.998
 31.2347 -47.9597
 31.0486 -47.8443
 30.8778 -47.7559
 30.8288 -47.7428
 30.8209 -47.7388
227 91 6
 32.5432 -49.3079
 32.7748 -50.0093
 32.6374 -50.3244
 32.5819 -50.865
 32.6538 -51.1277
 32.6484 -51.1351
228 60 15
 -18.6537 -55.7252
 -19.2283 -54.5696
 -19.5472 -53.5753
 -20.0032 -53.2635
 -20.3284 -52.9132
 -20.0717 -52.5059
 -20.205 -51.9795
 -20.378 -51.4158
 -20.1985 -51.1794
 -20.0609 -51.0516
 -20.0172 -50.8702
 -20.1203 -50.5896
 -20.1651 -50.2692
 -20.111 -50.0667
 -20.0841 -50.062
228 129 14
 -18.6537 -55.7252
 -17.43 -56.7273
 -16.8621 -57.56
 -17.2029 -58.2911
 -17.518 -59.1188
 -18.1219 -59.5556
 -18.4623 -59.6278
 -18.5653 -59.6233
 -18.9851 -59.6614
 -19.3684 -59.8263
 -19.5639 -60.8851
 -19.6804 -62.116
 -19.559 -62.4138
 -19.5306 -62.4154
229 50 19
 -25.6826 -44.6674
 -26.2169 -42.967
 -25.4585 -42.4986
 -23.8762 -42.4444
 -22.5978 -42.5044
 -20.4429 -43.2061
 -19.1545 -43.9444
 -19.0264 -43.124
 -19.488 -41.8619
 -20.0105 -41.1838
 -19.9862 -40.9408
 -20.3991 -40.6113
 -20.5376 -39.0898
 -20.2985 -37.8582
 -21.3265 -37.7827
 -22.395 -37.713
 -22.5591 -37.5408
 -22.7397 -37.3678
 -22.7937 -37.3576
229 89 4
 -25.6826 -44.6674
 -25.4249 -47.197
 -25.2117 -48.4867
 -25.1292 -48.6116
230 89 8
 -21.4944 -49.2166
 -22.7571 -49.0293
 -23.3569 -48.8387
 -23.9476 -48.7121
 -24.374 -48.5833
 -24.7565 -48.6235
 -25.0929 -48.6648
 -25.1292 -48.6116
230 60 5
 -21.4944 -49.2166
 -20.3846 -49.6252
 -20.1398 -49.9957
 -20.0897 -50.0342
 -20.0841 -50.062
231 57 9
 -18.1209 -48.4123
 -16.6764 -48.2267
 -15.8753 -47.6996
 -15.2323 -46.6363
 -14.9088 -46.3609
 -13.8376 -46.5617
 -12.9637 -46.5328
 -12.7586 -46.6494
 -12.6231 -46.7686
231 60 8
 -18.1209 -48.4123
 -19.5475 -48.7752
 -19.9797 -49.0604
 -20.132 -49.534
 -20.0629 -49.9044
 -20.086 -49.9746
 -20.0897 -50.0342
 -20.0841 -50.062
232 68 11
 -4.4901 -55.6842
 -4.48835 -54.4254
 -4.79855 -54.2029
 -3.0857 -54.3758
 -1.7235 -53.8829
 -1.072 -52.7512
 -0.15925 -52.4913
 0.0219 -52.9866
 0.1092 -53.0012
 0.2721 -52.9244
 0.3078 -52.9197
232 113 16
 -4.4901 -55.6842
 -4.50975 -57.2329
 -5.0585 -58.2798
 -4.86305 -59.6349
 -3.06675 -60.7475
 -2.08195 -61.4895
 -1.9648 -61.23
 -0.2454 -61.6805
 1.85915 -61.7521
 2.3233 -61.3655
 2.36465 -61.3783
 3.35595 -61.7817
 4.40545 -62.208
 4.47235 -62.0761
 4.54335 -61.8439
 4.5997 -61.7753
233 144 10
 9.1378 -57.2633
 9.49825 -57.9318
 9.87735 -57.9098
 10.5539 -58.0204
 11.2469 -58.6347
 11.694 -59.1654
 11.8448 -59.2781
 11.9327 -59.4236
 11.9874 -59.4576
 11.9932 -59.4671
233 58 8
 9.1378 -57.2633
 8.211 -56.3456
 7.3117 -56.113
 6.85215 -55.9911
 7.3984 -55.8983
 7.9635 -55.267
 8.26965 -54.863
 8.3704 -54.9168
234 144 20
 15.537 -56.0372
 16.8186 -57.5827
 17.9501 -58.5674
 17.9237 -58.6983
 17.9964 -59.0499
 17.4321 -59.6038
 16.6909 -59.9477
 16.1971 -59.9248
 15.7008 -59.7662
 15.0885 -60.2615
 14.2484 -60.3246
 13.8447 -59.8964
 13.5136 -59.9777
 13.1762 -59.7896
 12.8044 -59.7427
 12.3513 -59.867
 12.1572 -59.7059
 12.0536 -59.5607
 12 -59.4837
 11.9932 -59.4671
234 105 17
 15.537 -56.0372
 14.8392 -55.0807
 14.4962 -54.4727
 14.8133 -54.1862
 15.3653 -53.9086
 16.1477 -53.8927
 15.1981 -53.1099
 14.5404 -52.1461
 14.4574 -51.6735
 13.9995 -51.5292
 13.5445 -51.474
 13.482 -51.5901
 13.555 -52.042
 13.5314 -52.7997
 12.899 -53.3369
 12.3187 -53.5864
 12.2861 -53.6278
235 144 21
 20.5758 -56.7767
 19.9453 -56.9604
 19.0971 -57.6866
 18.1177 -58.5888
 17.9237 -58.6983
 17.9964 -59.0499
 17.4321 -59.6038
 16.6909 -59.9477
 16.1971 -59.9248
 15.7008 -59.7662
 15.0885 -60.2615
 14.2484 -60.3246
 13.8447 -59.8964
 13.5136 -59.9777
 13.1762 -59.7896
 12.8044 -59.7427
 12.3513 -59.867
 12.1572 -59.7059
 12.0536 -59.5607
 12 -59.4837
 11.9932 -59.4671
235 56 6
 20.5758 -56.7767
 21.2366 -56.88
 21.3948 -56.7747
 21.6747 -55.9396
 21.9004 -55.4941
 21.9307 -55.4487
236 56 6
 22.9358 -55.8064
 22.4249 -56.1678
 22.0851 -56.1241
 21.924 -55.7549
 21.9004 -55.4941
 21.9307 -55.4487
236 41 3
 22.9358 -55.8064
 23.2139 -55.4051
 23.2138 -55.2548
237 84 9
 8.17055 -35.7284
 8.4734 -36.45
 8.5862 -36.7252
 9.1846 -37.8068
 9.591 -38.8657
 9.5765 -39.0741
 8.65025 -39.6373
 7.73765 -40.2152
 7.7323 -40.2598
237 28 5
 8.17055 -35.7284
 8.1061 -34.7406
 8.4301 -34.2388
 8.34435 -34.0539
 8.2567 -34.031
238 65 16
 7.9086 -45.1441
 7.3536 -47.0905
 7.36775 -48.1214
 7.6445 -49.0336
 7.65775 -49.3069
 7.73635 -50.536
 7.68815 -51.7681
 7.54135 -51.8895
 7.53525 -52.3014
 7.61215 -52.7723
 7.60245 -53.2292
 7.29635 -53.6054
 6.66695 -53.7432
 6.19465 -53.8254
 6.10695 -53.8169
 6.0932 -53.8329
238 99 3
 7.9086 -45.1441
 8.22535 -43.5114
 8.2341 -43.4989
239 68 6
 0.119 -51.0207
 0.49785 -52.5402
 0.41465 -52.6802
 0.3853 -52.7952
 0.34475 -52.8839
 0.3078 -52.9197
239 133 8
 0.119 -51.0207
 -0.92225 -49.1128
 -1.78645 -48.6427
 -2.16305 -48.5228
 -2.37265 -48.4064
 -2.47805 -48.3713
 -2.50335 -48.3081
 -2.5155 -48.2795
240 66 67
 -12.9879 -22.7182
 -13.6278 -22.4029
 -14.5397 -22.1887
 -14.8598 -22.2483
 -14.9207 -22.2101
 -15.1061 -22.0881
 -15.8618 -22.1946
 -16.4607 -22.4087
 -16.4898 -22.4076
 -16.788 -22.457
 -17.2794 -22.4021
 -17.6348 -22.2804
 -18.4162 -21.9986
 -19.0516 -21.6984
 -19.2955 -22.1057
 -19.6077 -22.8153
 -19.6504 -23.2411
 -20.0203 -22.8628
 -20.3857 -22.5318
 -20.5177 -22.4002
 -20.9372 -22.0602
 -21.1973 -21.7082
 -21.2278 -21.4172
 -21.3253 -21.2356
 -21.3793 -21.1154
 -21.4256 -20.9495
 -21.4052 -20.8531
 -21.3836 -20.7684
 -21.4069 -20.7293
 -21.4377 -20.7235
 -21.4661 -20.6899
 -21.5296 -20.6916
 -21.7257 -20.8336
 -21.9442 -21.0202
 -22.0136 -21.0958
 -22.0936 -21.0377
 -22.1912 -20.9926
 -22.191 -21.0364
 -22.3138 -21.1141
 -22.5214 -21.1635
 -22.6051 -21.1649
 -22.6493 -21.1509
 -22.696 -21.1474
 -22.7593 -21.1758
 -22.8084 -21.1989
 -22.8288 -21.2085
 -22.8243 -21.2229
 -22.8285 -21.2633
 -22.8132 -21.3134
 -22.8078 -21.3523
 -22.7945 -21.3792
 -22.7574 -21.3909
 -22.7094 -21.4099
 -22.6669 -21.4692
 -22.6204 -21.5179
 -22.5831 -21.5358
 -22.4972 -21.5136
 -22.3914 -21.4618
 -22.3084 -21.434
 -22.2253 -21.4792
 -22.1115 -21.5788
 -22.0293 -21.6618
 -22.0551 -21.7703
 -22.1033 -21.8598
 -22.1179 -21.9301
 -22.1033 -21.992
 -22.1023 -21.9938
240 90 4
 -12.9879 -22.7182
 -12.4813 -22.2387
 -11.9876 -21.7416
 -11.9917 -21.7321
241 117 22
 -7.9759 -20.7398
 -8.85565 -21.4558
 -9.29425 -22.1754
 -8.85235 -22.6185
 -8.8139 -23.8527
 -8.83385 -24.8143
 -8.3666 -25.7669
 -8.43895 -26.7438
 -8.94235 -26.9149
 -9.68915 -27.0299
 -10.5402 -26.6868
 -11.0679 -26.5672
 -11.3812 -27.1844
 -11.9103 -27.6807
 -12.3256 -28.1767
 -12.5819 -28.5043
 -12.9002 -28.514
 -13.022 -28.4477
 -13.0499 -28.5219
 -12.893 -28.6757
 -12.7092 -28.7652
 -12.705 -28.7813
241 111 7
 -7.9759 -20.7398
 -7.0949 -20.9926
 -6.55695 -21.2238
 -6.04855 -21.3689
 -5.2798 -21.3639
 -4.8337 -21.2535
 -4.8147 -21.3083
242 53 7
 8.5704 -14.1177
 8.39365 -14.6227
 8.31785 -15.0251
 8.4275 -15.4109
 8.5091 -15.7448
 8.56385 -15.7784
 8.5815 -15.7846
242 48 5
 8.5704 -14.1177
 9.0715 -13.7365
 10.0553 -13.4127
 10.5962 -13.3179
 10.6186 -13.3472
243 53 16
 4.1456 -14.1075
 3.00895 -13.9639
 1.9914 -13.686
 1.15675 -13.8008
 1.093 -14.1877
 2.39575 -15.4753
 3.5091 -16.5337
 3.94415 -16.3342
 4.7119 -16.0088
 5.0881 -15.9451
 5.78355 -16.6477
 6.6525 -17.201
 7.50445 -16.5456
 8.3586 -15.879
 8.56385 -15.7784
 8.5815 -15.7846
243 106 4
 4.1456 -14.1075
 5.0646 -12.9464
 5.1311 -11.7653
 4.9476 -11.6454
244 11 8
 -25.2342 -26.5106
 -24.9911 -27.2738
 -24.9341 -27.4364
 -24.7174 -27.5137
 -24.604 -27.8362
 -24.5042 -28.2689
 -24.2922 -28.4152
 -24.2776 -28.3923
244 100 6
 -25.2342 -26.5106
 -25.3334 -25.5518
 -25.1252 -25.1539
 -24.8223 -25.0774
 -24.6182 -25.0145
 -24.6014 -24.9702
245 11 19
 -27.4361 -31.5156
 -27.5161 -31.0659
 -27.4315 -30.75
 -27.0764 -30.4248
 -26.8822 -30.2696
 -26.6923 -29.9735
 -26.4477 -29.6918
 -26.3465 -29.5662
 -26.0622 -29.4789
 -25.7728 -29.5337
 -25.6401 -29.5843
 -25.3808 -29.5503
 -24.9749 -29.5131
 -24.7094 -29.1912
 -24.6651 -28.8098
 -24.4971 -28.5985
 -24.2652 -28.4447
 -24.2439 -28.3927
 -24.2776 -28.3923
245 26 4
 -27.4361 -31.5156
 -27.7586 -31.9351
 -28.1096 -31.9474
 -28.1187 -31.939
246 66 46
 -24.0098 -24.5859
 -23.7922 -23.8657
 -23.705 -23.643
 -23.2723 -23.5041
 -22.9175 -23.2882
 -22.7517 -23.1885
 -22.5911 -23.1199
 -22.5317 -23.0795
 -22.4557 -22.9633
 -22.4135 -22.8549
 -22.477 -22.811
 -22.6671 -22.7322
 -22.7787 -22.4957
 -22.8468 -22.2557
 -22.9846 -22.1358
 -23.0589 -22.0315
 -23.0909 -21.9552
 -23.1222 -21.8699
 -23.1274 -21.7748
 -23.0823 -21.6784
 -23.0099 -21.6013
 -22.9846 -21.5562
 -23.0016 -21.516
 -22.967 -21.4611
 -22.8872 -21.4269
 -22.8358 -21.4217
 -22.827 -21.3977
 -22.8217 -21.3731
 -22.8078 -21.3523
 -22.7945 -21.3792
 -22.7574 -21.3909
 -22.7094 -21.4099
 -22.6669 -21.4692
 -22.6204 -21.5179
 -22.5831 -21.5358
 -22.4972 -21.5136
 -22.3914 -21.4618
 -22.3084 -21.434
 -22.2253 -21.4792
 -22.1115 -21.5788
 -22.0293 -21.6618
 -22.0551 -21.7703
 -22.1033 -21.8598
 -22.1179 -21.9301
 -22.1033 -21.992
 -22.1023 -21.9938
246 100 4
 -24.0098 -24.5859
 -24.3691 -25.0118
 -24.5483 -24.9742
 -24.6014 -24.9702
247 6 13
 -19.9526 -2.0179
 -20.9959 -3.94165
 -20.8573 -5.0544
 -19.7714 -5.4948
 -19.7955 -5.7396
 -20.0797 -6.1317
 -20.0665 -6.2257
 -20.538 -6.49165
 -21.5309 -6.17845
 -22.3233 -5.64165
 -22.7782 -4.8676
 -23.1628 -4.2364
 -23.1604 -4.2346
247 85 20
 -19.9526 -2.0179
 -19.8874 -0.72905
 -19.0164 0.1233
 -18.0626 1.15615
 -18.2397 1.8581
 -19.0213 2.9617
 -20.0373 3.941
 -20.5672 4.94855
 -20.2994 6.5924
 -19.6226 8.30765
 -19.2696 9.26735
 -19.3744 9.67005
 -19.5198 10.4911
 -19.5462 11.1321
 -19.5704 11.809
 -18.5032 13.2917
 -17.0035 15.0201
 -16.4673 15.3445
 -16.4094 14.843
 -16.4136 14.8238
248 66 66
 -22.7164 -9.7435
 -23.6173 -10.5566
 -24.46 -11.3939
 -24.9354 -11.6648
 -25.0956 -11.7509
 -25.0226 -11.9121
 -24.9335 -12.4561
 -25.0975 -13.2111
 -24.9328 -13.8118
 -24.5479 -14.4777
 -24.5801 -14.8663
 -24.6049 -15.4713
 -24.8022 -16.4515
 -24.8684 -16.9412
 -24.3678 -16.867
 -24.0284 -16.7616
 -23.7517 -17.1554
 -23.1632 -17.5975
 -22.8011 -18.283
 -22.7494 -18.9979
 -22.8673 -19.1998
 -23.0017 -19.413
 -22.9049 -19.6171
 -22.8656 -19.7271
 -22.8202 -19.865
 -22.7875 -20.1342
 -22.7948 -20.3223
 -22.8279 -20.3788
 -22.8668 -20.4859
 -22.8811 -20.5821
 -22.9273 -20.6428
 -22.9652 -20.7463
 -23.0005 -20.8493
 -23.0265 -20.927
 -23.114 -20.9888
 -23.1765 -21.0759
 -23.1185 -21.124
 -23.0884 -21.1617
 -23.0621 -21.2203
 -22.9832 -21.2373
 -22.9263 -21.2396
 -22.9071 -21.2316
 -22.8915 -21.2178
 -22.8651 -21.2156
 -22.8288 -21.2085
 -22.8243 -21.2229
 -22.8285 -21.2633
 -22.8132 -21.3134
 -22.8078 -21.3523
 -22.7945 -21.3792
 -22.7574 -21.3909
 -22.7094 -21.4099
 -22.6669 -21.4692
 -22.6204 -21.5179
 -22.5831 -21.5358
 -22.4972 -21.5136
 -22.3914 -21.4618
 -22.3084 -21.434
 -22.2253 -21.4792
 -22.1115 -21.5788
 -22.0293 -21.6618
 -22.0551 -21.7703
 -22.1033 -21.8598
 -22.1179 -21.9301
 -22.1033 -21.992
 -22.1023 -21.9938
248 6 11
 -22.7164 -9.7435
 -22.3242 -8.73315
 -21.5704 -7.43135
 -20.5275 -6.6418
 -20.0665 -6.2257
 -20.538 -6.49165
 -21.5309 -6.17845
 -22.3233 -5.64165
 -22.7782 -4.8676
 -23.1628 -4.2364
 -23.1604 -4.2346
249 46 12
 6.96745 -7.98695
 6.93825 -7.0258
 6.7264 -6.4004
 6.02865 -6.17215
 5.55065 -6.20825
 5.5292 -6.3183
 5.1931 -6.36815
 4.257 -6.8099
 3.55245 -7.27175
 3.4568 -7.35635
 3.4762 -7.4448
 3.4927 -7.4834
249 106 13
 6.96745 -7.98695
 7.0451 -8.96905
 7.1104 -9.54035
 7.1591 -9.87175
 7.2455 -9.9931
 7.277 -10.1246
 7.2854 -10.3682
 7.21515 -10.7199
 6.7682 -11.1236
 6.01115 -11.4836
 5.3165 -11.6171
 4.98685 -11.6271
 4.9476 -11.6454
250 121 14
 10.2456 5.161
 10.3719 7.91025
 10.6686 9.4392
 10.339 9.5862
 10.1118 10.8326
 9.82805 11.3862
 10.1168 12.2067
 11.1102 13.5078
 12.028 14.1392
 12.3545 14.6718
 13.2927 15.0865
 14.4848 14.548
 14.9209 14.1446
 14.9341 14.1455
250 43 3
 10.2456 5.161
 9.9874 2.9948
 10.0009 2.762
251 116 9
 -0.1927 36.1114
 -0.918 36.4155
 -1.01855 36.313
 -1.4301 35.8269
 -1.8872 35.4529
 -1.95675 35.3121
 -2.01285 34.8352
 -2.2415 34.5066
 -2.4338 34.5523
251 141 11
 -0.1927 36.1114
 0.82095 35.9651
 1.1555 35.7742
 1.6815 34.9715
 2.38975 34.4906
 3.07165 34.3177
 3.74865 33.9524
 4.05505 33.8377
 4.37695 33.8872
 4.5394 33.8688
 4.5591 33.8577
252 69 13
 0.24355 19.8317
 1.023 21.8458
 1.59975 22.5743
 2.71245 21.9253
 3.31275 21.7435
 3.33515 22.3758
 3.5023 22.9404
 4.1379 23.6459
 4.7806 24.3778
 5.2163 24.1828
 5.5226 23.8391
 5.59235 23.7792
 5.6439 23.8019
252 16 6
 0.24355 19.8317
 -0.77345 18.8329
 -1.15255 18.6236
 -1.3305 18.4895
 -1.45195 18.4794
 -1.4684 18.4673
253 39 25
 6.45255 24.286
 6.8017 24.6311
 7.12315 24.8526
 7.3839 25.2137
 7.46155 25.4608
 7.41835 25.6834
 7.45835 26.0991
 7.9035 26.4207
 8.34225 26.7127
 8.5996 26.8776
 8.8632 26.8241
 8.98415 26.6994
 9.0784 26.6203
 9.1409 26.6082
 9.184 26.5292
 9.2156 26.4338
 9.21815 26.4176
 9.26455 26.4319
 9.311 26.4365
 9.3422 26.4223
 9.3772 26.3867
 9.42445 26.3944
 9.50205 26.4571
 9.5454 26.4945
 9.5466 26.505
253 69 4
 6.45255 24.286
 5.98605 23.9357
 5.68715 23.8125
 5.6439 23.8019
254 30 11
 8.0617 31.0668
 8.22625 30.8588
 8.5705 30.6129
 8.86695 30.5358
 9.1173 30.5037
 9.42325 30.3868
 9.7712 30.6553
 9.9252 31.2091
 9.9128 31.4482
 9.9294 31.5565
 9.9387 31.5979
254 22 7
 8.0617 31.0668
 7.91895 31.5501
 7.4714 32.0556
 7.11575 32.3367
 6.9156 32.4319
 6.74385 32.2537
 6.7195 32.2282
255 14 9
 14.246 30.7079
 13.9944 29.7723
 13.9133 28.8276
 14.3276 27.955
 14.7667 27.3028
 14.9413 27.2277
 15.0532 27.2778
 15.3094 27.3154
 15.4872 27.3348
255 109 4
 14.246 30.7079
 14.3722 31.3265
 14.4882 31.6136
 14.5321 31.6003
256 94 5
 16.7237 43.3523
 16.5356 42.0617
 16.5494 41.4355
 16.3028 41.0706
 16.2956 41.0433
256 81 5
 16.7237 43.3523
 16.1902 45.0012
 15.0609 45.653
 14.8601 45.6003
 14.8138 45.5424
257 94 9
 17.8042 38.0459
 16.8779 38.0077
 15.8815 38.6918
 15.0372 39.4321
 15.0867 39.6397
 15.4898 40.4536
 15.9275 40.988
 16.2062 41.0015
 16.2956 41.0433
257 115 17
 17.8042 38.0459
 18.5515 37.8843
 19.298 37.1192
 20.3477 36.5169
 20.896 36.4494
 20.6597 36.0183
 20.331 35.1552
 20.7128 34.652
 21.4153 34.9839
 22.3766 35.3732
 23.1546 35.1199
 23.4464 34.472
 24.2247 34.6824
 25.549 35.2339
 26.4389 35.5324
 27.0068 35.2826
 27.1512 35.3535
258 119 13
 21.1066 41.1696
 22.0379 41.9725
 22.7572 42.7098
 23.3527 43.4364
 23.1719 44.7353
 23.4299 46.1572
 23.0886 46.99
 22.3479 47.5516
 22.2402 47.8103
 22.1323 47.9753
 22.339 48.3652
 22.444 48.7685
 22.4432 48.7717
258 94 8
 21.1066 41.1696
 19.1872 41.2279
 18.167 41.8675
 17.4575 41.8419
 16.7924 41.7744
 16.5494 41.4355
 16.3028 41.0706
 16.2956 41.0433
259 87 8
 21.8861 21.0438
 21.4347 21.0009
 20.9888 20.9178
 20.5908 20.5615
 20.5292 20.2294
 20.5334 20.0459
 20.5262 19.9117
 20.5212 19.9016
259 34 4
 21.8861 21.0438
 22.2856 21.0537
 22.3748 20.9965
 22.3998 20.9727
260 77 23
 11.9732 -13.7299
 13.507 -14.2476
 14.5828 -14.4576
 15.2434 -14.4464
 16.2197 -14.3906
 17.8134 -14.5254
 18.8291 -14.7148
 19.2278 -14.6234
 19.5119 -14.6878
 20.0767 -14.6927
 20.6397 -14.651
 21.0251 -14.7241
 21.358 -14.7964
 21.5516 -14.6443
 21.749 -14.0807
 21.981 -13.4896
 22.236 -13.3095
 22.6939 -12.6525
 23.3411 -11.4976
 23.7316 -11.0213
 24.1299 -11.0728
 24.3739 -11.099
 24.3879 -11.093
260 48 4
 11.9732 -13.7299
 10.874 -13.455
 10.6442 -13.3598
 10.6186 -13.3472
261 138 18
 17.254 2.9566
 16.6579 1.52725
 16.682 0.6748
 17.6133 0.0014
 18.4865 0.12755
 18.9032 0.50935
 19.3416 0.81205
 19.611 1.0967
 20.2236 1.12145
 20.7323 0.834
 21.0076 0.7832
 21.4412 0.66575
 21.851 0.71605
 22.9517 0.8794
 23.8213 0.8368
 23.944 1.03925
 24.0599 1.19
 24.094 1.2146
261 29 9
 17.254 2.9566
 18.1292 4.3808
 18.5505 4.81305
 18.4776 5.0847
 18.4786 5.3626
 18.5042 5.5997
 18.5028 5.68395
 18.4384 5.73145
 18.3836 5.7579
262 29 19
 19.6085 10.0684
 18.7659 10.36
 18.6483 10.4007
 18.5613 10.5615
 18.3079 10.8824
 18.0409 11.1748
 17.8778 11.0733
 17.6178 10.6486
 17.3749 10.2841
 17.3008 10.231
 17.1772 10.0056
 17.1816 8.83
 17.4115 7.8221
 17.9265 7.43315
 18.337 6.80585
 18.3093 6.4553
 18.3795 6.1323
 18.4203 5.84595
 18.3836 5.7579
262 96 3
 19.6085 10.0684
 20.347 9.7449
 20.3499 9.7222
263 138 13
 25.5444 -3.52195
 27.2625 -2.3436
 27.5142 -1.28305
 27.5819 -0.86035
 26.9356 -0.6743
 26.3765 -0.58105
 26.3665 -0.4929
 26.39 -0.17155
 25.541 0.48675
 24.6126 0.96885
 24.2759 1.0455
 24.0674 1.17505
 24.094 1.2146
263 73 3
 25.5444 -3.52195
 23.7954 -4.05745
 23.7234 -4.0749
264 10 12
 36.5144 3.77205
 35.6593 3.51785
 35.3583 3.25405
 35.1423 3.2437
 34.1029 3.48635
 32.7425 3.23815
 31.9929 2.19455
 31.5979 1.11575
 31.1932 0.49435
 30.9334 0.3576
 30.837 0.4223
 30.7478 0.4867
264 72 4
 36.5144 3.77205
 37.6079 4.3741
 38.1143 5.0192
 38.1111 5.1047
265 20 8
 35.6818 7.5029
 36.0601 6.9562
 36.3734 6.7148
 36.6347 6.81575
 36.6646 6.94085
 36.8877 7.48005
 37.0914 7.9173
 37.0914 7.9176
265 13 8
 35.6818 7.5029
 35.0363 7.8527
 34.7034 8.06645
 34.7258 8.4963
 34.7164 8.88915
 34.6732 9.01915
 34.6526 9.0996
 34.6404 9.1042
266 36 12
 30.5744 18.4226
 31.5784 17.7712
 32.3187 17.8577
 33.1495 17.9007
 33.4967 17.7315
 33.6394 17.9118
 33.7326 18.0266
 33.8632 18.0741
 33.9746 18.086
 34.0679 18.0875
 34.1205 18.1077
 34.1419 18.1033
266 54 5
 30.5744 18.4226
 29.4007 19.067
 28.9332 19.3352
 28.7337 19.431
 28.7058 19.4548
267 49 5
 40.8387 35.1839
 38.927 35.3193
 38.1688 35.5915
 38.0129 35.6554
 37.8667 35.6241
267 75 5
 40.8387 35.1839
 42.0347 35.2146
 42.5078 35.0842
 42.9473 34.9515
 42.9466 34.938
268 18 34
 35.9826 30.1081
 37.3694 28.0896
 37.5915 28.1915
 38.4365 28.9818
 39.5583 29.5391
 40.5183 29.9886
 41.2086 31.1498
 41.4488 31.9049
 42.2924 32.0642
 43.4906 31.9695
 44.3192 32.0248
 44.6418 32.3294
 44.6508 32.6358
 44.6833 33.3493
 44.7533 33.7786
 44.6882 33.8346
 44.824 33.8734
 45.0175 33.8066
 45.3993 33.5259
 45.773 33.2782
 45.8488 33.2413
 46.0061 33.2805
 46.115 33.417
 46.1719 33.5835
 46.3246 33.7057
 46.5289 33.7286
 46.7252 33.659
 46.8222 33.6012
 46.8873 33.5696
 46.9794 33.4921
 47.0432 33.4651
 47.1553 33.5196
 47.285 33.5406
 47.2973 33.5242
268 102 7
 35.9826 30.1081
 34.5664 31.8456
 33.6461 32.623
 32.9066 33.896
 32.3228 34.458
 31.8146 34.7199
 31.7788 34.7826
269 76 8
 48.5474 34.7362
 48.6482 35.4562
 48.796 35.9707
 48.9743 36.5342
 49.156 36.7526
 49.4134 36.8357
 49.5452 36.7837
 49.5772 36.7656
269 18 6
 48.5474 34.7362
 48.2239 33.9552
 47.8257 33.7194
 47.4985 33.5514
 47.3251 33.515
 47.2973 33.5242
270 23 11
 58.1943 40.5997
 58.0546 39.585
 57.6894 39.7177
 56.5588 39.4305
 55.2957 39.2098
 55.1713 39.3196
 55.071 39.2463
 55.1667 38.9613
 55.3164 38.6522
 55.3034 38.5433
 55.3218 38.5034
270 45 7
 58.1943 40.5997
 58.0897 42.0231
 58.1107 42.7772
 58.1829 43.4814
 58.3495 43.8456
 58.3968 44.023
 58.4425 44.0775
271 137 13
 63.0423 4.58975
 62.1186 4.14
 61.9087 4.8039
 61.8414 5.28705
 61.3517 5.05215
 60.8051 4.739
 60.6399 5.1161
 59.9811 5.58905
 59.1315 5.8539
 58.8468 6.0987
 58.755 6.11655
 58.6881 6.16545
 58.6838 6.2031
271 131 5
 63.0423 4.58975
 63.7605 5.27105
 63.8949 5.47035
 64.056 5.6499
 64.0637 5.6719
272 98 4
 56.8856 6.014
 56.1992 5.3876
 56.1355 4.9606
 56.0254 5.0796
272 137 7
 56.8856 6.014
 57.7215 6.09535
 57.981 6.33865
 58.2719 6.6183
 58.6003 6.44235
 58.739 6.2161
 58.6838 6.2031
273 3 8
 53.8211 -1.94175
 54.4615 -0.80615
 54.5825 -0.08855
 54.4326 -0.0119
 54.3484 0.0229
 54.2893 0.129
 54.2449 0.22185
 54.2189 0.2388
273 142 7
 53.8211 -1.94175
 53.4549 -2.72125
 53.313 -3.4234
 53.2861 -4.49975
 53.4336 -5.3151
 53.4342 -5.47995
 53.4492 -5.4931
274 142 7
 52.335 -3.35275
 53.2327 -3.3314
 53.313 -3.4234
 53.2861 -4.49975
 53.4336 -5.3151
 53.4342 -5.47995
 53.4492 -5.4931
274 5 6
 52.335 -3.35275
 51.4637 -3.17785
 51.1333 -3.4231
 50.9761 -3.58915
 50.887 -3.6459
 50.8674 -3.6574
275 4 26
 47.8258 -3.2577
 47.1075 -3.0468
 46.665 -3.09045
 46.7413 -3.41255
 46.5637 -3.8226
 46.2396 -4.1916
 46.0308 -4.37335
 45.8998 -4.6719
 45.4222 -4.89755
 44.8091 -5.0181
 44.5275 -5.2351
 44.3324 -5.5795
 44.4504 -6.0598
 44.6347 -6.4244
 44.4824 -6.6571
 44.2291 -7.13725
 44.1351 -7.64115
 44.2548 -7.8351
 44.4124 -7.9355
 44.1133 -7.99645
 43.8287 -8.0994
 43.7613 -8.1266
 43.8354 -8.25265
 44.0732 -8.5011
 44.1752 -8.6925
 44.1225 -8.7478
275 86 6
 47.8258 -3.2577
 48.0317 -3.065
 47.9917 -2.30545
 47.9997 -1.70675
 48.0424 -1.5531
 48.0542 -1.5158
276 70 6
 50.9154 -5.8387
 51.2313 -6.7062
 50.9882 -7.072
 50.8382 -7.4573
 50.6009 -7.86025
 50.5657 -7.979
276 5 5
 50.9154 -5.8387
 50.8033 -4.64065
 51.0996 -3.88325
 50.8821 -3.68925
 50.8674 -3.6574
277 71 17
 70.7056 -3.68545
 71.8706 -10.8775
 71.0668 -10.9763
 70.1232 -11.1828
 69.666 -11.1939
 69.3932 -11.2774
 69.0292 -11.8335
 68.5777 -12.4218
 68.3514 -12.4377
 68.1913 -12.4329
 68.0483 -12.4403
 67.9199 -12.3038
 67.5843 -12.0765
 66.9865 -12.1421
 66.6466 -12.2593
 66.5182 -12.2032
 66.4634 -12.2158
277 40 5
 70.7056 -3.68545
 69.4465 3.6562
 69.41 3.72725
 69.3584 3.9598
 69.2915 4.1162
278 71 12
 70.0386 -15.9097
 69.4006 -13.7817
 68.8154 -12.6014
 68.3514 -12.4377
 68.1913 -12.4329
 68.0483 -12.4403
 67.9199 -12.3038
 67.5843 -12.0765
 66.9865 -12.1421
 66.6466 -12.2593
 66.5182 -12.2032
 66.4634 -12.2158
278 12 3
 70.0386 -15.9097
 70.618 -17.3695
 70.8217 -17.7593
279 31 14
 59.3993 -27.1878
 60.1706 -27.9447
 61.0909 -28.7023
 61.1903 -28.4618
 61.5676 -27.999
 61.6148 -27.0462
 61.6586 -26.2764
 61.32 -25.7936
 61.0473 -25.2637
 60.9157 -24.5405
 60.7717 -24.1218
 60.6498 -24.0419
 60.5897 -23.955
 60.6051 -23.9393
279 15 8
 59.3993 -27.1878
 58.6152 -27.3098
 57.2294 -27.3839
 56.207 -27.4617
 55.5337 -28.2267
 54.987 -29.0205
 54.9276 -29.4191
 54.9369 -29.4372
280 125 11
 55.2325 -22.9273
 56.0044 -22.5593
 56.5698 -22.3237
 56.798 -20.9281
 56.9817 -19.3962
 56.9902 -19.0911
 57.1077 -18.9033
 57.8863 -18.6092
 58.769 -18.2544
 58.9274 -18.1407
 58.948 -18.1311
280 78 5
 55.2325 -22.9273
 54.514 -23.7309
 53.9621 -24.5516
 53.8911 -24.7997
 53.8293 -24.874
281 15 10
 51.8582 -29.4699
 52.9177 -29.1101
 53.3769 -28.7073
 53.8079 -28.336
 54.3418 -28.152
 54.6225 -28.4111
 54.6964 -28.997
 54.7938 -29.3567
 54.9228 -29.4509
 54.9369 -29.4372
281 104 3
 51.8582 -29.4699
 51.1321 -29.76
 51.0931 -29.831
282 125 10
 56.1405 -15.8552
 56.3507 -16.9344
 56.5382 -17.7642
 56.9042 -18.4795
 56.9902 -19.0911
 57.1077 -18.9033
 57.8863 -18.6092
 58.769 -18.2544
 58.9274 -18.1407
 58.948 -18.1311
282 42 4
 56.1405 -15.8552
 55.8419 -15.0362
 55.7475 -14.6691
 55.7327 -14.6237
283 42 6
 54.0462 -14.8985
 54.428 -15.4674
 54.6426 -15.8178
 55.0212 -15.1714
 55.6632 -14.728
 55.7327 -14.6237
283 9 5
 54.0462 -14.8985
 53.8123 -14.1413
 54.0191 -13.7264
 53.9426 -13.4305
 53.7864 -13.3176
284 32 9
 44.888 -19.7789
 45.0559 -20.6502
 45.4863 -20.9215
 45.3629 -21.1135
 45.5412 -21.7719
 45.8993 -22.852
 46.1295 -22.0599
 46.4108 -21.7929
 46.4352 -21.8122
284 136 8
 44.888 -19.7789
 45.1516 -19.0742
 45.4184 -18.8131
 45.9261 -18.3205
 46.5601 -18.001
 46.9655 -17.8772
 47.0189 -17.8458
 47.0292 -17.8472
285 80 12
 39.3752 -17.7355
 40.1892 -17.6477
 41.021 -17.8817
 41.2263 -17.8563
 41.2619 -17.7878
 41.3537 -17.5716
 41.3481 -16.9951
 41.047 -16.4062
 40.8158 -15.861
 40.6084 -15.2636
 40.338 -15.0379
 40.2618 -15.0076
285 55 6
 39.3752 -17.7355
 38.6227 -17.9175
 37.8912 -17.2187
 37.5872 -16.5997
 37.432 -16.4779
 37.4356 -16.4581
286 77 23
 25.759 -19.8095
 24.5861 -20.2635
 24.0669 -19.568
 23.4519 -18.8288
 22.9298 -19.3657
 23.5292 -18.5777
 23.2799 -17.7975
 22.7129 -17.0573
 22.5372 -16.8334
 22.8735 -15.7372
 22.5335 -14.6303
 21.7847 -14.5877
 21.5606 -14.7014
 21.5516 -14.6443
 21.749 -14.0807
 21.981 -13.4896
 22.236 -13.3095
 22.6939 -12.6525
 23.3411 -11.4976
 23.7316 -11.0213
 24.1299 -11.0728
 24.3739 -11.099
 24.3879 -11.093
286 2 3
 25.759 -19.8095
 26.9926 -19.329
 27.0671 -19.2934
287 74 18
 43.0273 -37.393
 44.3755 -36.7745
 43.0181 -37.1698
 41.9837 -36.4128
 42.2446 -35.07
 42.1797 -34.8395
 42.1903 -34.7541
 42.3286 -34.6992
 42.4426 -34.6523
 42.455 -34.5749
 42.5764 -34.3243
 42.4446 -33.941
 42.1487 -33.3225
 42.1524 -32.4963
 42.2331 -32.0978
 42.2792 -32.0471
 42.3572 -31.9915
 42.4028 -31.9872
287 21 7
 43.0273 -37.393
 41.2875 -38.5918
 40.9271 -39.4436
 40.4456 -40.4755
 39.9731 -42.0568
 39.9878 -42.9263
 39.9657 -42.9938
288 91 6
 34.1527 -49.8074
 33.231 -50.1242
 32.6374 -50.3244
 32.5819 -50.865
 32.6538 -51.1277
 32.6484 -51.1351
288 118 5
 34.1527 -49.8074
 34.981 -48.2611
 35.4648 -46.6377
 35.6259 -46.1433
 35.6711 -46.1277
289 91 11
 30.8403 -52.0368
 31.1129 -51.3661
 30.9935 -50.6432
 30.598 -49.8886
 31.2222 -50.4074
 31.9596 -50.6374
 32.5448 -50.2665
 32.6374 -50.3244
 32.5819 -50.865
 32.6538 -51.1277
 32.6484 -51.1351
289 134 11
 30.8403 -52.0368
 30.4452 -52.9329
 30.2117 -53.6952
 30.1402 -54.1451
 31.1346 -54.6835
 32.3223 -54.8429
 32.8798 -54.6805
 33.6381 -54.8152
 34.1537 -54.8078
 34.2929 -54.8514
 34.3202 -54.8478
290 134 18
 24.5633 -57.129
 25.7564 -56.4005
 26.9326 -56.5151
 27.6646 -56.9443
 28.2414 -57.0694
 28.8888 -57.2144
 29.1176 -57.1625
 29.2435 -56.9275
 29.3839 -56.7807
 30.2523 -56.7166
 31.577 -55.9246
 32.1017 -55.2253
 32.3223 -54.8429
 32.8798 -54.6805
 33.6381 -54.8152
 34.1537 -54.8078
 34.2929 -54.8514
 34.3202 -54.8478
290 56 8
 24.5633 -57.129
 23.5046 -56.959
 22.8652 -56.2376
 22.4249 -56.1678
 22.0851 -56.1241
 21.924 -55.7549
 21.9004 -55.4941
 21.9307 -55.4487
291 134 19
 31.3492 -60.5767
 29.5937 -59.5102
 29.0311 -59.0078
 28.1976 -58.0229
 27.6742 -57.0322
 28.2414 -57.0694
 28.8888 -57.2144
 29.1176 -57.1625
 29.2435 -56.9275
 29.3839 -56.7807
 30.2523 -56.7166
 31.577 -55.9246
 32.1017 -55.2253
 32.3223 -54.8429
 32.8798 -54.6805
 33.6381 -54.8152
 34.1537 -54.8078
 34.2929 -54.8514
 34.3202 -54.8478
291 132 3
 31.3492 -60.5767
 32.8239 -61.2817
 32.9079 -61.2977
292 95 9
 42.5069 -58.8254
 42.1865 -59.4601
 42.2945 -60.2474
 42.0364 -60.8449
 42.1931 -61.4099
 42.866 -62.0143
 43.2856 -62.4616
 43.472 -62.4785
 43.4985 -62.463
292 17 10
 42.5069 -58.8254
 43.4996 -58.7083
 44.2368 -58.7991
 44.8951 -59.1778
 45.292 -59.1872
 45.7209 -58.9608
 46.5522 -58.576
 46.9173 -58.167
 46.9115 -58.1273
 46.8564 -58.1073
293 134 13
 39.5674 -55.332
 38.2664 -55.7587
 37.687 -56.2062
 37.278 -55.8099
 36.4901 -55.3765
 35.6988 -54.839
 35.216 -54.593
 35.0681 -54.4614
 35.0103 -54.6294
 34.9965 -54.8714
 34.6731 -54.9059
 34.3387 -54.8803
 34.3202 -54.8478
293 44 6
 39.5674 -55.332
 40.2868 -54.4588
 40.1265 -53.8309
 39.6876 -53.3792
 39.4534 -52.9022
 39.4741 -52.8031
294 17 16
 40.6996 -54.6118
 41.2408 -55.3246
 41.9556 -55.899
 42.7047 -56.6321
 43.5519 -56.5844
 44.322 -56.425
 44.6894 -56.5884
 45.0055 -56.9805
 45.3685 -57.3571
 45.6515 -57.562
 45.6263 -57.693
 45.7037 -57.7048
 45.8546 -57.6937
 46.0552 -57.7456
 46.5209 -57.9534
 46.8564 -58.1073
294 44 5
 40.6996 -54.6118
 40.1265 -53.8309
 39.6876 -53.3792
 39.4534 -52.9022
 39.4741 -52.8031
295 1 10
 67.8824 -47.5161
 65.8094 -47.392
 65.6141 -47.3759
 65.5264 -47.2441
 65.402 -47.0308
 65.1973 -46.9038
 65.0983 -46.8364
 65.122 -46.7468
 65.1815 -46.7091
 65.2124 -46.6961
295 101 5
 67.8824 -47.5161
 70.0623 -47.6481
 70.362 -47.3502
 70.4179 -47.0493
 70.4022 -47.0277
296 19 38
 59.916 -47.0931
 58.6313 -47.6292
 57.6033 -47.5011
 56.8523 -47.8041
 56.2852 -48.3205
 55.578 -48.2229
 54.9253 -48.1317
 54.2239 -48.6533
 53.7846 -49.3005
 53.2676 -49.3323
 52.6515 -49.0443
 52.4373 -49.078
 51.3504 -49.4969
 50.253 -49.9594
 50.0891 -49.8615
 49.9452 -49.9281
 49.8836 -50.1204
 49.8065 -50.2427
 49.7279 -50.3896
 49.6251 -50.4664
 49.3252 -50.5585
 49.0583 -50.5767
 48.8115 -50.4315
 48.5134 -50.1841
 48.3778 -50.0958
 48.37 -50.2088
 48.1535 -50.7455
 48.2559 -51.4726
 48.6913 -51.9418
 48.7288 -52.3927
 48.6685 -52.6352
 48.6553 -52.7095
 48.5225 -52.8365
 48.3345 -52.8727
 48.4535 -52.969
 48.5174 -53.0467
 48.5341 -53.0798
 48.5394 -53.1048
296 92 7
 59.916 -47.0931
 60.341 -45.5326
 60.4437 -44.4099
 60.4219 -44.2839
 60.0271 -44.1509
 60.1503 -43.8186
 60.1545 -43.7603
305 47 8
 -21.3531 -71.7659
 -21.828 -69.8156
 -22.6045 -67.2585
 -23.0099 -66.0616
 -23.1693 -65.0229
 -23.3591 -64.4623
 -23.4946 -64.2772
 -23.496 -64.2041
306 40 5
 69.4984 3.6613
 69.4465 3.6562
 69.41 3.72725
 69.3584 3.9598
 69.2915 4.1162
307 123 14
 -30.0231 37.8301
 -36.1766 36.2326
 -28.6027 37.8002
 -27.6908 37.0289
 -27.8188 35.5833
 -27.1358 34.2945
 -26.7579 33.2331
 -27.3814 32.2289
 -28.0257 30.6809
 -28.0826 31.7045
 -28.8151 32.1243
 -29.7933 32.6417
 -30.0227 32.6945
 -30.0041 32.6468
