   3.3405640868487736     
   2.8387355859432937     
   1.1262873238656224     
  0.42073542592545732     
   1.5840208189329339     
   1.7092814296797227     
   1.4730770812538523     
  0.81167433408612455     
   2.5493112331392869     
   1.0334712942203481     
   1.5272032942530700     
   4.1178542280737709     
   2.7227599918904937     
  0.88737585593874613     
   2.8350043535895417     
   2.4457545689895337     
   1.0808657490438243     
   1.3732833798889257     
   19.275108292273540     
   2.4598385458109919     
   5.4272814230385382     
   13.238621598851978     
   3.3156093469366232     
   1.9308637832854094     
   3.2173495478218741     
   2.0532536966614798     
   4.4329220045255076     
   4.7749822675283538     
   1.4659882654929688     
   1.1038495796094172     
   6.3652408231097644     
   2.9971925173331897     
   5.5768853254945192     
   1.4697172437249615     
   1.7428471537458374     
   3.6042268841489720     
   8.2650062374870821     
   2.9676837239653797     
   1.9277436143799900     
   3.0785844667020679     
   3.3956691264534595     
   1.4792740380418570     
   1.7992486756499186     
  0.98295968102707831     
   6.5854466963566445     
  0.81530284891330040     
   2.9991829527916041     
  0.90089890519175397     
   2.9002598881239670     
   1.0296680161490157     
   1.7371892391584114     
  0.95166489929522857     
   9.6073214990910341     
   2.9914135596643328     
   12.705737141093087     
   1.3501820007745924     
   2.8627377847288829     
   1.1078690645560656     
   12.393611976251893     
   2.9432431128133754     
  0.83127997829971911     
   1.4696469611552443     
   12.453573810999298     
   5.0427328591981757     
   3.2040757439264853     
   1.4950998765756953     
   4.9723535963168723     
   3.3255616607579404     
   4.7494627882418676     
  0.98818549964811586     
   4.3186073548637971     
   1.1942970832719908     
   4.2990254662029876     
   1.2134365561757654     
   7.0482747979337841     
   2.3028938724762176     
   3.7874183132761878     
   1.6901646896681470     
   2.5929092385528456     
   2.4422947578319225     
   1.7346455116017314     
   2.2451455766025057     
   11.676505682145725     
   2.8267054363099229     
   1.8957880295961567     
   2.7172754540899158     
   5.2655113409616972     
   3.7323607184808152     
   4.1084373491710462     
   2.9476307100622798     
   5.7083716803446176     
   1.0899474247633443     
   6.7866330922895228     
   9.0108123979915167     
   2.1086233512881858     
  0.56964964533919082     
   4.6981540095018453     
   1.9885385180869177     
   2.4960192097185780     
  0.98466138820228211     
   1.7459494684519707     
  0.48611823698740486     
   1.4091158246494169     
   1.0130610499424546     
   5.3905566618046157     
   4.4099796131069233     
   3.0946576363319651     
   1.4306612072316989     
   1.3423327021591078     
   1.6955726480156545     
   5.6305088670874035     
   1.0033823262873276     
   6.8386917296756282     
   4.5773362522924472     
   1.7704000156467008     
   5.9425836164196912     
   3.3936176068644359     
   5.4555437773506101     
   2.4951519810989438     
   2.1096463912587562     
   3.1532176926040392     
   1.5025738018331973     
   4.0509437283817027     
  0.88280774604109691     
   3.3180698042796442     
   1.3804680325753762     
   13.829987040627332     
   5.6218484877851012     
   7.7213488215263810     
   1.4641464032600624     
   9.4649242019620328     
   1.7393798501589801     
   5.8138251901572806     
   1.6373170974647775     
   2.1315944720586146     
   1.0559462307833480     
   2.1068415361533428     
   1.1093599491230786     
   1.7401665379960836     
   1.8875102263498968     
   2.8050590955024233     
   1.3558981112903381     
   3.3589755310422418     
   1.2152275542682944     
   2.4623245299655339     
   3.5301135359993481     
   2.8905636360879217     
   1.5384279603469728     
  0.83100705353793813     
   1.5299497332655734     
  0.97907228475865549     
   1.9182030046374638     
   5.9827014393901523     
   1.3434471564681341     
   4.9681854403451080     
   1.0147812703486929     
   6.2492446854316075     
   3.9297917543014065     
   5.8822542127075064     
   3.5967416721623091     
   5.2543596373063526     
   1.3741577189988528     
   15.187243656829812     
   1.3293141514975959     
   1.5760385166813411     
   1.3004107868725681     
   3.6377193377227335     
   4.9472560220113984     
   10.476928046178484     
   2.8420669734842883     
   2.3940455858324534     
   1.2741711823113788     
   4.2052286710290359     
   2.1001397037272591     
   5.0296792077967982     
   7.9281798499165879     
   2.3311978102094186     
   2.8554231642766705     
   5.8727646884741613     
   5.6151054817237096     
   5.6076373527727323     
   1.6587492733174041     
   1.1377849038933436     
  0.63854310797445935     
   3.3526868783594779     
   1.2843087125297126     
   5.8830723547198884     
   1.6783997556923791     
   1.7875995918784990     
   2.7420062425327396     
   7.2779632467095690     
  0.71823522089996428     
   6.5311964952940889     
   1.9628116689001396     
   1.0190627031433497     
   1.2156409040411085     
   6.8310914711918027     
   1.9191798877267299     
   1.5294326283865172     
   1.3710862944625759     
   2.7845001064434394     
  0.55390603417632533     
   3.2263656635023867     
  0.66371476477845937     
   6.0850966399533553     
   10.581563057278490     
   8.3970416026506047     
   4.6324469257518022     
   3.0545985286143229     
   3.0253865892610090     
   7.3313652858066991     
   2.4147248925963711     
   2.1784107497447147     
   3.2005868313507677     
   5.6556996751354163     
   1.6891062963723062     
   2.5542967294258370     
  0.67244013500860511     
   1.6258626337120732     
   1.2400192547106172     
   2.5626635433475653     
  0.72308268541521858     
   1.7728818413913234     
   2.0147950850407810     
   3.3359482012234944     
   7.0615981380650172     
   5.1609128609356230     
   3.1037297168521638     
   1.1937068480538275     
  0.46865713114244989     
   7.8036092636909604     
   1.1901192599490786     
   6.1221115746280690     
   2.3322337802857227     
   4.6168069595143804     
  0.82913166310359931     
   4.7397185466095131     
   1.9032266451851918     
   4.1536573702456430     
   1.4194011237349686     
   1.5290796445354782     
   1.3276868082924485     
   2.5346302207119478     
   1.5969451094277880     
   2.2344894139445270     
   1.6690085273128628     
   9.4997236355141386     
   4.3576679529176729     
   1.6620676454808325     
   1.2717230400455866     
   2.8109550363449700     
   2.3898520593564978     
   3.4523585450447758     
   1.2544774067335966     
   1.2534995144623822     
   1.5654578982545668     
   1.6556095616272717     
   2.1227184128369498     
   2.1594390226186868     
   1.1627881046733843     
   4.9713812326870155     
  0.95900469356803664     
   1.5844102616111038     
   1.5298102964911091     
   10.423915846478305     
   7.8571494344601032     
   3.7341322839340187     
   2.0103952018400784     
   3.8093605845710736     
   2.8234352268290492     
   3.6244893776789602     
   1.4326696866396702     
   2.4817813095161116     
  0.86291359679210988     
   3.1212991045933114     
  0.96723848165572424     
   1.6849236372941208     
   1.2908619789139817     
   2.6724297571141493     
   1.9044580721384290     
   2.7182640959138347     
   1.5040666529303350     
   8.4085702008842862     
   1.4064454039079208     
   4.6234233135822587     
   4.1921838101585127     
   1.5363876321588736     
   2.3219749533449572     
   2.7391157687492784     
   3.5768064625173235     
   6.0729368780728006     
   2.0300426597830605     
   7.2789314441875153     
   1.7200637166766424     
   2.4841978829522016     
   2.9095108274481900     
   3.7084202005864024     
   1.9636692930392372     
   4.6063001955100926     
   1.6012641809073735     
   2.6356472181640229     
   2.5166442477565925     
   8.5205695284297942     
   2.1580650603588309     
   4.0090645039850914     
  0.46046342541901969     
   12.426624325307227     
